1 36.75 0.12 1 8 4 1.5 0 0 0 1 2 232 114 1
1 27.83 1 1 2 8 3 0 0 0 0 2 176 538 0
0 23.25 5.87 2 11 4 3.17 1 1 10 0 2 120 246 1
1 34.25 3 2 13 8 7.415 1 0 0 1 2 0 1 1
1 42.75 3 2 3 5 1 1 0 0 0 2 0 201 0
0 19.67 0.21 2 11 8 0.29 1 1 11 0 2 80 100 1
1 41.5 1.54 2 3 5 3.5 0 0 0 0 2 216 1 1
0 57.58 2 2 1 1 6.5 0 1 1 0 2 0 11 0
0 18.82 9.5 2 9 4 1.625 1 1 6 1 2 40 601 1
1 19.67 10 1 4 8 0.835 1 0 0 1 2 140 1 0
1 31.58 0.75 1 6 4 3.5 0 0 0 1 2 320 1 0
0 47.42 8 2 10 5 6.5 1 1 6 0 2 375 51101 1
1 16.32 4.08 2 3 8 0.415 0 0 0 1 2 120 1 0
1 18.82 3.54 1 1 1 0 0 0 0 1 2 180 2 0
1 21 4.79 1 9 4 2.25 1 1 1 1 2 80 301 1
1 13.75 4 1 9 4 1.75 1 1 2 1 2 120 1001 1
1 34.08 0.08 1 7 5 0.04 1 1 1 1 2 280 2001 1
0 42.25 1.75 1 8 4 0 0 0 0 1 2 150 2 0
1 41.5 1.54 2 3 5 3.5 0 0 0 0 2 216 1 1
1 27.75 1.29 2 4 8 0.25 0 0 0 1 1 140 1 0
0 36.75 5.12 2 10 4 5 1 0 0 1 2 0 4001 1
1 29.67 0.75 1 8 4 0.04 0 0 0 0 2 240 1 0
1 31.67 16.16 2 2 4 3 1 1 9 0 2 250 731 1
1 56.75 12.25 2 7 4 1.25 1 1 4 1 2 200 1 1
1 37.5 1.12 1 2 4 1.5 0 0 0 1 2 431 1 1
1 33.17 3.04 1 8 8 2.04 1 1 1 1 2 180 18028 1
1 27.83 1.54 2 9 4 3.75 1 1 5 1 2 100 4 1
0 30 5.29 2 10 2 2.25 1 1 5 1 2 99 501 1
1 32.33 2.5 2 8 4 1.25 0 0 0 1 2 280 1 0
1 23.75 12 2 8 4 2.085 0 0 0 0 1 80 1 0
1 34 5.08 1 3 5 1.085 0 0 0 1 2 480 1 0
1 37.5 0.83 2 10 4 0.04 0 0 0 0 2 120 6 0
1 28.25 5.04 1 8 5 1.5 1 1 8 1 2 144 8 1
0 33.17 2.25 1 13 4 3.5 0 0 0 1 2 200 142 0
1 20 11.04 2 8 4 2 0 0 0 1 2 136 1 0
1 32.33 7.5 2 10 5 1.585 1 0 0 1 1 420 1 0
0 47.75 8 2 8 4 7.875 1 1 6 1 2 0 1261 1
1 29.25 14.79 2 6 4 5.04 1 1 5 1 2 168 1 1
1 28.67 14.5 2 2 4 0.125 0 0 0 0 2 0 287 0
1 23.58 0.46 1 9 4 2.625 1 1 6 1 2 208 348 0
1 32.75 1.5 2 13 8 5.5 1 1 3 1 2 0 1 1
1 33.17 1 2 14 4 0.75 1 1 7 1 2 340 4072 1
1 47.33 6.5 2 8 4 1 0 0 0 1 2 0 229 0
1 31 2.08 2 8 4 0.085 0 0 0 0 2 300 1 0
0 46 4 2 5 3 0 1 0 0 0 2 100 961 1
0 19.67 0.21 2 11 8 0.29 1 1 11 0 2 80 100 1
0 40.83 10 2 11 8 1.75 1 0 0 0 2 29 838 1
0 50.25 0.83 2 6 4 0.5 0 0 0 1 2 240 118 0
1 39.42 1.71 1 7 4 0.165 0 0 0 0 1 400 1 0
1 36.33 2.12 1 9 4 0.085 1 1 1 0 2 50 1188 1
0 22.25 1.25 1 1 1 3.25 0 0 0 0 2 280 1 0
1 33.17 3.04 1 8 8 2.04 1 1 1 1 2 180 18028 1
0 38.75 1.5 2 1 1 0 0 0 0 0 2 76 1 0
0 24.75 3 2 11 8 1.835 1 1 19 0 2 0 501 1
1 57.83 7.04 2 7 4 14 1 1 6 1 2 360 1333 1
1 54.42 0.5 1 4 8 3.96 1 0 0 0 2 180 315 1
1 25.5 0.37 2 7 4 0.25 1 1 3 0 2 260 15109 1
1 27.83 1.54 2 9 4 3.75 1 1 5 1 2 100 4 1
0 28.42 3.5 2 9 4 0.835 1 0 0 0 1 280 1 1
1 16.32 4.08 2 3 8 0.415 0 0 0 1 2 120 1 0
0 44.17 6.66 2 11 4 7.375 1 1 3 1 2 0 1 1
0 37.33 2.5 2 3 8 0.21 0 0 0 0 2 260 247 0
1 44.33 0.5 2 3 8 5 1 0 0 1 2 320 1 1
1 36.67 4.41 1 4 4 0.25 1 1 10 1 2 320 1 1
1 25.92 0.87 2 4 4 0.375 0 1 2 1 2 174 4 0
1 23.33 1.5 2 8 8 1.415 1 0 0 0 2 422 201 1
1 21.5 9.75 2 8 4 0.25 1 0 0 0 2 140 1 0
1 42 9.78 2 14 8 7.96 1 1 8 0 2 0 1 1
1 48.75 26.33 1 1 1 0 1 0 0 1 2 0 1 0
1 22.75 11.5 2 3 4 0.415 0 0 0 0 2 0 1 0
0 52.17 0 1 1 1 0 0 0 0 0 2 0 1 0
0 25 11 1 6 4 4.5 1 0 0 0 2 120 1 0
1 29.58 4.5 2 9 4 7.5 1 1 2 1 2 330 1 1
0 16.32 0.21 2 6 4 0.125 0 0 0 0 2 200 2 0
0 31.57 3.5 2 2 4 3 1 0 0 1 2 300 1 0
1 19.67 0.37 2 11 4 2 1 1 2 1 2 80 1 1
1 29.67 1.41 2 9 8 0.75 1 1 1 0 2 240 101 1
1 54.42 0.5 1 4 8 3.96 1 0 0 0 2 180 315 1
0 31.75 3 1 5 3 0 0 0 0 0 2 160 21 0
0 47.42 8 2 10 5 6.5 1 1 6 0 2 375 51101 1
1 33.5 1.75 2 14 8 4.5 1 1 4 1 2 253 858 1
1 29.58 4.5 2 9 4 7.5 1 1 2 1 2 330 1 1
0 44.33 0 2 8 4 2.5 1 0 0 0 2 0 1 1
1 31.57 0.04 1 2 4 4.25 0 0 0 1 2 460 1 0
1 27.67 0.75 2 11 8 0.165 0 0 0 1 2 220 252 0
1 41.92 0.42 2 8 8 0.21 1 1 6 0 2 220 949 1
1 20.67 0.41 2 8 4 0.125 0 0 0 0 2 0 45 0
0 23.58 0.83 2 11 4 0.415 0 1 1 1 2 200 12 0
1 18.42 10.41 1 6 4 0.125 1 0 0 0 2 120 376 0
0 22.92 11.58 2 13 4 0.04 1 0 0 0 2 80 1350 1
0 27.25 0.28 2 7 8 0.125 0 1 1 1 2 272 109 0
1 25 11.25 2 8 4 2.5 1 1 17 0 2 200 1209 1
1 30.17 1.08 1 8 4 0.04 0 0 0 0 2 170 180 0
0 26.17 2 2 5 3 0 0 0 0 1 2 276 2 0
1 31.67 0.83 2 14 4 1.335 1 1 8 1 2 303 3291 1
1 22.92 0.17 2 7 4 0.085 0 0 0 0 1 0 1 0
0 38.58 5 2 13 4 13.5 1 0 0 1 2 980 1 0
0 25.42 1.12 2 11 4 1.29 1 1 2 0 2 200 1 0
1 27 1.5 1 9 4 0.375 1 0 0 1 2 260 1066 1
1 20.17 9.25 2 8 4 1.665 1 1 3 1 2 40 29 1
1 74.83 19 1 1 1 0.04 0 1 2 0 2 0 352 0
1 23.42 1 2 8 4 0.5 0 0 0 1 1 280 1 0
0 42.25 1.75 1 8 4 0 0 0 0 1 2 150 2 0
1 41.92 0.42 2 8 8 0.21 1 1 6 0 2 220 949 1
1 36.75 0.12 1 8 4 1.5 0 0 0 1 2 232 114 1
1 23 0.75 2 7 4 0.5 0 0 0 1 1 320 1 0
1 21.33 7.5 2 6 4 1.415 1 1 1 0 2 80 9801 1
1 19.67 0.37 2 11 4 2 1 1 2 1 2 80 1 1
0 22.67 0.75 2 8 4 2 0 1 2 1 2 200 395 0
1 21.17 0.87 1 8 8 0.25 0 0 0 0 2 280 205 0
0 33.08 1.62 2 2 4 0.54 0 0 0 1 2 0 1 0
0 20.75 9.53 2 3 4 0.04 0 0 0 0 2 200 1001 0
0 22.25 1.25 1 1 1 3.25 0 0 0 0 2 280 1 0
0 17.82 11 2 14 8 1 1 1 11 0 2 0 3001 1
1 26.67 4.25 2 13 4 4.29 1 1 1 1 2 120 1 1
1 16.07 0.75 2 8 4 1.75 1 1 5 1 2 352 691 1
1 24.5 13.33 1 6 4 0.04 0 0 0 1 2 120 476 0
1 22.67 1.58 1 9 4 3.085 1 1 6 0 2 80 1 1
1 18.82 0.41 1 8 4 0.165 0 1 1 0 2 200 2 0
1 41.5 1.54 2 3 5 3.5 0 0 0 0 2 216 1 1
0 38.75 1.5 2 1 1 0 0 0 0 0 2 76 1 0
0 18.25 10 2 9 4 1 0 1 1 0 2 120 2 0
1 51.42 0.04 2 14 8 0.04 1 0 0 0 2 0 3001 1
0 28.5 1 2 11 4 1 1 1 2 1 2 167 501 0
1 20.67 0.83 1 8 4 2 0 0 0 1 1 240 1 0
1 20.42 7 2 8 4 1.625 1 1 3 0 2 200 1392 1
1 42.75 3 2 3 5 1 1 0 0 0 2 0 201 0
1 21.33 7.5 2 6 4 1.415 1 1 1 0 2 80 9801 1
1 48.75 8.5 2 8 8 12.5 1 1 9 0 2 181 1656 1
0 25.42 1.12 2 11 4 1.29 1 1 2 0 2 200 1 0
0 39.08 4 2 8 4 3 0 0 0 0 2 480 1 0
1 31.57 4 2 14 4 5 1 1 3 1 2 290 2280 1
0 16.32 0.21 2 6 4 0.125 0 0 0 0 2 200 2 0
1 30.17 0.5 2 8 4 1.75 1 1 11 0 2 32 541 1
1 21.17 0.25 1 8 8 0.25 0 0 0 0 2 280 205 0
0 23.58 0.58 1 1 1 0.125 0 0 0 0 2 120 88 0
1 16.25 0 1 6 4 0.25 0 0 0 0 2 60 1 0
1 39.17 2.5 1 3 8 10 0 0 0 1 1 200 1 0
0 52.5 7 2 6 8 3 0 0 0 0 2 0 1 0
1 28.67 9.33 2 11 8 5.665 1 1 6 0 2 381 169 1
1 43.17 2.25 2 3 5 0.75 1 0 0 0 2 560 1 0
0 26.08 8.66 2 6 4 1.415 1 0 0 0 2 160 151 1
0 28.75 3.75 2 8 4 1.085 1 1 1 1 2 371 1 1
0 22.67 0.75 2 8 4 2 0 1 2 1 2 200 395 0
1 51.33 10 2 3 5 0 1 1 11 0 2 0 1250 1
1 25.92 0.87 2 4 4 0.375 0 1 2 1 2 174 4 0
1 37.33 2.66 2 13 4 0.165 0 0 0 1 2 0 502 0
1 19.5 0.28 2 4 4 0.29 0 0 0 0 2 280 365 0
1 21.92 0.54 1 14 4 0.04 1 1 1 1 2 840 60 1
1 21.92 0.5 2 8 4 0.125 0 0 0 0 2 360 1 0
1 22.67 0.16 2 8 3 2.25 0 0 0 1 1 0 1 1
1 30.17 6.5 2 13 4 3.125 1 1 8 0 2 330 1201 1
1 37.5 1.75 1 8 5 0.25 1 0 0 1 2 164 401 0
1 18.42 10.41 1 6 4 0.125 1 0 0 0 2 120 376 0
1 36.5 4.25 2 11 4 3.5 0 0 0 0 2 454 51 0
1 18.07 5.5 2 4 4 0.5 1 0 0 0 2 80 1 1
0 18.07 0.37 3 13 1 10 0 0 0 1 1 300 1 1
0 32.33 0.54 2 13 4 0.04 1 0 0 0 2 440 11178 1
0 24.33 2.5 1 3 5 4.5 0 0 0 0 2 200 457 0
1 21.5 9.75 2 8 4 0.25 1 0 0 0 2 140 1 0
1 33.67 1.25 2 9 4 1.165 0 0 0 0 2 120 1 0
1 23.58 0.46 1 9 4 2.625 1 1 6 1 2 208 348 0
1 23.08 2.5 2 1 1 0.085 0 0 0 1 2 100 4209 0
0 15.83 0.58 2 8 8 1.5 1 1 2 0 2 100 1 1
0 18.82 9.53 2 6 4 0.085 1 0 0 0 2 100 1 1
1 25.58 0.33 2 4 8 3.5 0 0 0 1 2 340 1 0
1 32.25 0.16 1 8 8 3.25 1 1 1 1 2 432 8001 1
0 57.58 2 2 1 1 6.5 0 1 1 0 2 0 11 0
0 24.33 2.5 1 3 5 4.5 0 0 0 0 2 200 457 0
0 18.82 9.5 2 9 4 1.625 1 1 6 1 2 40 601 1
1 27 0.75 2 8 8 4.25 1 1 3 1 2 312 151 1
1 37.42 2.04 2 9 4 0.04 1 0 0 1 2 400 5801 1
1 31.57 4 2 14 4 5 1 1 3 1 2 290 2280 1
1 34.08 0.08 1 7 5 0.04 1 1 1 1 2 280 2001 1
1 42.83 1.25 2 7 4 13.875 0 1 1 1 2 352 113 0
0 47.75 8 2 8 4 7.875 1 1 6 1 2 0 1261 1
0 25.08 2.54 1 6 4 0.25 1 0 0 1 2 370 1 1
0 22.92 1.25 2 11 4 0.25 0 0 0 1 2 120 810 0
0 31.57 3.5 2 2 4 3 1 0 0 1 2 300 1 0
0 15.83 0.58 2 8 8 1.5 1 1 2 0 2 100 1 1
1 36.33 2.12 1 9 4 0.085 1 1 1 0 2 50 1188 1
0 58.67 4.46 2 11 8 3.04 1 1 6 0 2 43 561 1
1 26.17 0.83 2 13 4 1.165 0 0 0 0 2 100 1 0
1 22.67 0.16 2 8 3 2.25 0 0 0 1 1 0 1 1
0 18.82 9.53 2 6 4 0.085 1 0 0 0 2 100 1 1
1 25.17 3 2 8 4 1.25 0 1 1 0 2 0 23 0
1 21.33 10.5 2 8 4 3 1 0 0 1 2 0 1 1
1 38.92 1.75 2 4 4 0.5 0 0 0 1 2 300 3 0
0 20.67 3 2 11 4 0.165 1 1 3 0 2 100 7 1
1 25.67 0.28 1 8 4 1.5 0 0 0 1 2 160 1 0
1 25.67 12.5 2 13 4 1.21 1 1 67 1 2 140 259 1
1 15.17 7 2 10 4 1 0 0 0 0 2 600 1 0
0 21.5 6 2 6 4 2.5 1 1 3 0 2 80 919 1
1 22.08 11 2 13 4 0.665 1 0 0 0 2 100 1 1
1 33.17 1 2 14 4 0.75 1 1 7 1 2 340 4072 1
1 31.67 16.16 2 2 4 3 1 1 9 0 2 250 731 1
1 22.75 11.5 2 3 4 0.415 0 0 0 0 2 0 1 0
0 33.67 0.37 2 13 4 0.375 0 0 0 0 2 300 45 1
1 26.67 4.25 2 13 4 4.29 1 1 1 1 2 120 1 1
0 36 1 2 8 4 2 1 1 11 0 2 0 457 1
1 34.5 4.04 1 3 5 8.5 1 1 7 1 2 195 1 1
1 21.83 0.25 2 2 8 0.665 1 0 0 1 2 0 1 1
1 20.5 2.41 2 8 4 2 1 1 11 1 2 200 3001 1
1 32.08 4 1 13 4 1.5 0 0 0 1 2 120 1 0
0 49 1.5 2 5 3 0 1 0 0 1 2 100 28 0
0 20.42 10.5 1 14 8 0 0 0 0 1 2 154 33 0
1 23.17 0 2 13 4 0.085 1 0 0 0 2 0 1 1
1 23.08 11.5 2 3 4 3.5 1 1 9 0 2 56 743 1
1 19.17 0 1 7 5 0 0 0 0 1 1 500 2 1
0 23.58 0.58 1 1 1 0.125 0 0 0 0 2 120 88 0
1 60.08 14.5 2 1 1 18 1 1 15 1 2 0 1001 1
1 22.67 1.58 1 9 4 3.085 1 1 6 0 2 80 1 1
0 29.5 2 1 10 8 2 0 0 0 0 2 256 18 0
1 39.92 6.21 2 11 4 0.04 1 1 1 0 2 200 301 1
1 19 1.75 1 8 4 2.335 0 0 0 1 2 112 7 0
1 37.5 0.83 2 10 4 0.04 0 0 0 0 2 120 6 0
1 44.25 0.5 2 7 4 10.75 1 0 0 0 1 400 1 0
1 39.83 0.5 2 7 4 0.25 1 0 0 0 1 288 1 0
1 37.33 6.5 2 7 8 4.25 1 1 12 1 2 93 1 1
1 18.42 10.41 1 6 4 0.125 1 0 0 0 2 120 376 0
1 54.33 6.75 2 8 8 2.625 1 1 11 1 2 0 285 1
0 15.83 7.62 2 11 4 0.125 0 1 1 1 2 0 161 0
1 19.32 10.91 2 8 5 0.585 0 1 2 1 2 200 8 0
1 27.67 0.75 2 11 8 0.165 0 0 0 1 2 220 252 0
1 22.25 0.46 2 4 4 0.125 0 0 0 1 2 280 56 0
1 36.08 2.54 2 1 1 0 0 0 0 0 2 0 1001 0
0 18.82 9.53 2 6 4 0.085 1 0 0 0 2 100 1 1
1 25.17 3 2 8 4 1.25 0 1 1 0 2 0 23 0
0 39.08 4 2 8 4 3 0 0 0 0 2 480 1 0
1 16.25 0 1 6 4 0.25 0 0 0 0 2 60 1 0
1 19 1.75 1 8 4 2.335 0 0 0 1 2 112 7 0
1 22.58 10.03 2 14 4 0.04 1 1 9 0 2 60 397 1
0 58.42 21 2 3 5 10 1 1 13 0 2 0 6701 1
0 51.92 6.5 2 3 5 3.085 0 0 0 1 2 73 1 0
1 22.17 12.12 2 8 4 3.335 0 1 2 1 2 180 174 0
1 28.75 1.5 1 8 4 1.5 1 0 0 1 2 0 226 0
1 25.67 3.25 2 8 8 2.29 0 1 1 1 2 416 22 0
1 40.25 21.5 2 10 9 20 1 1 11 0 2 0 1201 1
0 47.42 8 2 10 5 6.5 1 1 6 0 2 375 51101 1
1 36.17 5.5 2 3 5 5 0 0 0 0 2 210 688 0
1 47.17 5.83 2 9 4 5.5 0 0 0 0 2 465 151 0
1 20.67 5.29 2 11 4 0.375 1 1 1 0 2 160 1 0
1 34.5 4.04 1 3 5 8.5 1 1 7 1 2 195 1 1
1 27.25 1.58 2 13 8 1.835 1 1 12 1 2 583 714 1
1 40.58 5 2 8 4 5 1 1 7 0 2 0 3066 1
1 16.07 0.75 2 8 4 1.75 1 1 5 1 2 352 691 1
1 36.67 2 2 3 4 0.25 0 0 0 1 2 221 1 0
0 18.82 9.5 2 9 4 1.625 1 1 6 1 2 40 601 1
1 16.25 0 1 6 4 0.25 0 0 0 0 2 60 1 0
1 19.42 7.25 2 7 4 0.04 0 1 1 0 2 100 2 0
1 22.75 11.5 2 3 4 0.415 0 0 0 0 2 0 1 0
1 43 0.28 1 13 8 1.75 1 1 8 0 2 100 376 1
0 40.33 7.54 1 11 8 8 1 1 14 0 2 0 2301 1
0 51.92 6.5 2 3 5 3.085 0 0 0 1 2 73 1 0
1 20.07 0.25 2 11 4 0.125 0 0 0 0 2 200 1 0
1 23.42 0.58 2 8 8 0.085 1 0 0 0 2 180 1 0
0 28.75 3.75 2 8 4 1.085 1 1 1 1 2 371 1 1
0 28.58 1.66 2 11 4 2.415 1 0 0 1 2 440 1 0
1 39.5 1.62 2 8 4 1.5 0 0 0 0 2 0 317 0
0 52.5 7 2 6 8 3 0 0 0 0 2 0 1 0
1 32.33 2.5 2 8 4 1.25 0 0 0 1 2 280 1 0
1 59.67 1.54 2 11 4 0.125 1 0 0 1 2 260 1 1
1 31.57 10.5 2 14 4 6.5 1 0 0 0 2 0 1 1
0 19.17 8.58 2 13 8 0.75 1 1 7 0 2 96 1 1
1 23.92 0.58 1 13 8 0.125 0 0 0 0 2 240 2 0
1 43 0.28 1 13 8 1.75 1 1 8 0 2 100 376 1
0 26.08 8.66 2 6 4 1.415 1 0 0 0 2 160 151 1
0 20.5 11.83 2 8 8 6 1 0 0 0 2 340 1 1
0 16.32 0.21 2 6 4 0.125 0 0 0 0 2 200 2 0
0 22.92 11.58 2 13 4 0.04 1 0 0 0 2 80 1350 1
1 48.33 12 2 7 4 16 1 0 0 0 1 110 1 1
1 18.07 6.75 1 7 4 0.04 0 0 0 0 2 140 1 0
0 16.5 1.25 2 11 4 0.25 0 1 1 0 2 108 99 0
1 23.17 0 2 8 4 0 0 0 0 0 3 184 1 1
1 26.75 4.5 1 8 5 2.5 0 0 0 0 2 200 1211 0
1 24.17 0.87 2 11 4 4.625 1 1 2 1 2 520 2001 1
1 69.17 9 2 1 1 4 0 1 1 0 2 70 7 0
1 56.75 12.25 2 7 4 1.25 1 1 4 1 2 200 1 1
1 32.42 3 2 2 4 0.165 0 0 0 1 2 120 1 0
1 36.67 3.25 2 11 8 9 1 0 0 1 2 102 640 1
0 24.5 1.04 1 1 1 0.5 1 1 3 0 2 180 148 0
0 25.33 2.08 2 8 8 2.75 1 0 0 1 2 360 2 0
1 34.08 0.08 1 7 5 0.04 1 1 1 1 2 280 2001 1
1 25.17 3 2 8 4 1.25 0 1 1 0 2 0 23 0
1 25 12 2 4 4 2.25 1 1 2 1 2 120 6 0
1 41.5 1.54 2 3 5 3.5 0 0 0 0 2 216 1 1
1 29.58 4.5 2 9 4 7.5 1 1 2 1 2 330 1 1
0 25.33 2.08 2 8 8 2.75 1 0 0 1 2 360 2 0
1 40.25 21.5 2 10 9 20 1 1 11 0 2 0 1201 1
1 32.75 1.5 2 13 8 5.5 1 1 3 1 2 0 1 1
1 20.17 9.25 2 8 4 1.665 1 1 3 1 2 40 29 1
0 20.42 0.83 2 11 4 1.585 1 1 1 0 2 0 1 1
0 64.08 0.16 2 1 1 0 1 1 1 0 2 232 101 1
1 25.67 3.25 2 8 8 2.29 0 1 1 1 2 416 22 0
1 31.25 1.12 2 1 1 0 0 1 1 0 2 96 20 0
1 21.17 0.25 1 8 8 0.25 0 0 0 0 2 280 205 0
1 25.42 0.54 2 9 4 0.165 0 1 1 0 2 272 445 0
0 52.83 15 2 8 4 5.5 1 1 14 0 2 0 2201 1
1 27 1.5 1 9 4 0.375 1 0 0 1 2 260 1066 1
1 23.58 0.46 1 9 4 2.625 1 1 6 1 2 208 348 0
1 20.17 5.62 2 9 4 1.71 1 0 0 0 1 120 1 1
1 36.67 3.25 2 11 8 9 1 0 0 1 2 102 640 1
1 40.58 1.5 2 3 5 0 0 0 0 0 1 300 1 0
1 20.5 10 1 8 4 2.5 1 0 0 0 1 40 1 1
1 25.67 2.21 1 6 4 4 1 0 0 0 2 188 1 0
1 27.75 1.29 2 4 8 0.25 0 0 0 1 1 140 1 0
0 50.25 0.83 2 6 4 0.5 0 0 0 1 2 240 118 0
1 13.75 4 1 9 4 1.75 1 1 2 1 2 120 1001 1
0 41 2.04 1 11 8 0.125 1 1 23 1 2 455 1237 1
0 25 12.33 2 13 8 3.5 1 1 6 0 2 400 459 1
1 22.92 0.17 2 7 4 0.085 0 0 0 0 1 0 1 0
0 24.33 2.5 1 3 5 4.5 0 0 0 0 2 200 457 0
0 27.17 1.25 2 1 1 0 0 1 1 0 2 92 301 0
0 60.58 16.5 2 11 4 11 1 0 0 1 2 21 10562 1
1 54.33 6.75 2 8 8 2.625 1 1 11 1 2 0 285 1
1 22 0.79 2 9 4 0.29 0 1 1 0 2 420 284 0
1 17.07 0.08 1 8 4 0.04 0 0 0 0 2 140 723 0
1 32.83 2.5 2 13 8 2.75 1 1 6 0 2 160 2073 1
0 49 1.5 2 5 3 0 1 0 0 1 2 100 28 0
1 23.08 11.5 2 3 4 3.5 1 1 9 0 2 56 743 1
1 22.75 11.5 2 3 4 0.415 0 0 0 0 2 0 1 0
1 27 0.75 2 8 8 4.25 1 1 3 1 2 312 151 1
1 36.33 3.79 2 9 4 1.165 1 0 0 1 2 200 1 0
0 22.67 0.79 2 3 4 0.085 0 0 0 0 2 144 1 0
1 35 3.37 2 8 8 8.29 0 0 0 1 2 0 1 0
0 19.5 0.16 2 11 4 0.04 0 0 0 1 2 380 1 0
1 28.75 1.5 1 8 4 1.5 1 0 0 1 2 0 226 0
1 37.5 1.75 1 8 5 0.25 1 0 0 1 2 164 401 0
0 27.67 2.04 2 9 4 0.25 0 0 0 1 2 180 51 0
0 19.67 0.21 2 11 8 0.29 1 1 11 0 2 80 100 1
1 21.5 9.75 2 8 4 0.25 1 0 0 0 2 140 1 0

