1 41.17 1.25 1 9 4 0.25 0 0 0 0 2 0 196 0
1 34.17 2.75 2 3 5 2.5 0 0 0 1 2 232 201 0
1 32 1.75 1 10 8 0.04 1 0 0 1 2 393 1 1
1 19 0 1 1 1 0 0 1 4 0 2 45 2 0
1 39.17 2.5 1 3 8 10 0 0 0 1 1 200 1 0
1 25.75 0.75 2 8 5 0.25 1 0 0 0 2 349 24 1
0 27.67 1.5 2 7 4 2 1 0 0 0 1 368 1 0
1 39.92 0.54 1 6 4 0.5 1 1 3 0 2 200 1001 1
0 32 6 2 2 4 1.25 0 0 0 0 2 272 1 0
1 31.57 0.04 1 2 4 4.25 0 0 0 1 2 460 1 0
1 26.83 0.54 2 4 1 0 0 0 0 0 2 100 1 0
1 43.17 5 2 3 5 2.25 0 0 0 1 2 141 1 0
0 47 13 2 3 5 5.165 1 1 9 1 2 0 1 1
1 80.25 5.5 2 8 4 0.54 1 0 0 0 2 0 341 0
1 54.42 0.5 1 4 8 3.96 1 0 0 0 2 180 315 1
1 57.42 8.5 2 10 8 7 1 1 3 0 2 0 1 1
0 25.75 0.5 2 8 8 0.875 1 0 0 1 2 491 1 1
0 44.17 6.66 2 11 4 7.375 1 1 3 1 2 0 1 1
1 31.92 4.46 2 13 8 6.04 1 1 3 0 2 311 301 1
0 40.33 7.54 1 11 8 8 1 1 14 0 2 0 2301 1
1 36.17 18.12 2 9 4 0.085 0 0 0 0 2 320 3553 0
1 33.67 2.16 2 8 4 1.5 0 0 0 0 3 120 1 0
0 47 13 2 3 5 5.165 1 1 9 1 2 0 1 1
1 23.58 0.46 1 9 4 2.625 1 1 6 1 2 208 348 0
1 20.67 5.29 2 11 4 0.375 1 1 1 0 2 160 1 0
0 36 1 2 8 4 2 1 1 11 0 2 0 457 1
0 28.5 1 2 11 4 1 1 1 2 1 2 167 501 0
1 47.67 2.5 2 7 5 2.5 1 1 12 1 2 410 2511 1
1 22.67 0.75 2 3 4 1.585 0 1 1 1 2 400 10 0
1 28.25 5.12 2 14 4 4.75 1 1 2 0 2 420 8 1
1 18.32 1.21 1 10 2 0 0 0 0 0 2 100 1 0
1 53.92 9.62 2 10 4 8.665 1 1 5 0 2 0 1 1
1 32.75 1.5 2 13 8 5.5 1 1 3 1 2 0 1 1
1 57.42 8.5 2 10 8 7 1 1 3 0 2 0 1 1
1 36.17 18.12 2 9 4 0.085 0 0 0 0 2 320 3553 0
0 20.07 0.12 2 11 4 1 0 1 1 0 2 240 769 1
1 17.07 3.29 2 3 4 0.335 0 0 0 1 2 140 3 0
1 32.33 3.5 2 4 4 0.5 0 0 0 1 2 232 1 0
1 33.17 3.16 1 14 4 3.165 1 1 3 1 2 380 1 1
1 26.67 4.25 2 13 4 4.29 1 1 1 1 2 120 1 1
1 56 12.5 2 4 8 8 1 0 0 1 2 24 2029 1
0 33.08 4.62 2 11 8 1.625 1 1 2 0 2 0 1 1
0 25.17 2.87 2 14 8 0.875 1 0 0 0 2 360 1 1
1 31.08 1.5 1 9 4 0.04 0 0 0 0 1 160 1 0
1 29.42 1.25 2 8 8 0.25 0 1 2 1 2 400 109 0
1 26.92 2.25 2 3 5 0.5 0 0 0 1 2 640 4001 0
1 64.08 20 2 14 8 17.5 1 1 9 1 2 0 1001 1
0 28.5 1 2 11 4 1 1 1 2 1 2 167 501 0
0 36.75 4.71 2 1 1 0 0 0 0 0 2 160 1 0
1 35 3.37 2 8 8 8.29 0 0 0 1 2 0 1 0
1 19.17 9.5 2 9 4 1.5 1 0 0 0 2 120 2207 1
1 29.58 4.5 2 9 4 7.5 1 1 2 1 2 330 1 1
0 20.83 0.5 1 10 2 1 0 0 0 0 2 260 1 0
1 41.5 1.54 2 3 5 3.5 0 0 0 0 2 216 1 1
0 45 4.58 2 4 8 1 0 0 0 1 1 240 1 0
1 29.58 4.75 2 7 4 2 0 1 1 1 2 460 69 0
0 26.17 2 2 5 3 0 0 0 0 1 2 276 2 0
0 23.58 11.5 1 4 8 3 0 0 0 1 2 20 17 0
1 33.58 2.75 2 7 4 4.25 1 1 6 0 2 204 1 1
1 36.17 5.5 2 3 5 5 0 0 0 0 2 210 688 0
0 22.92 1.25 2 11 4 0.25 0 0 0 1 2 120 810 0
0 20.83 0.5 1 10 2 1 0 0 0 0 2 260 1 0
0 32 6 2 2 4 1.25 0 0 0 0 2 272 1 0
1 25.67 3.25 2 8 8 2.29 0 1 1 1 2 416 22 0
1 37.5 0.83 2 10 4 0.04 0 0 0 0 2 120 6 0
1 44.83 7 1 8 4 1.625 0 0 0 0 2 160 3 0
1 32 1.75 1 10 8 0.04 1 0 0 1 2 393 1 1
1 18.82 0 2 11 4 0.665 0 0 0 0 2 160 2 0
0 18.75 7.5 2 11 4 2.71 1 1 5 0 2 184 26727 1
1 16.32 2.75 2 6 4 0.665 0 1 1 0 2 80 22 0
1 21.5 9.75 2 8 4 0.25 1 0 0 0 2 140 1 0
1 16.32 2.75 2 6 4 0.665 0 1 1 0 2 80 22 0
1 23.92 0.66 2 8 4 0.165 0 0 0 0 2 100 1 1
0 19.67 0.21 2 11 8 0.29 1 1 11 0 2 80 100 1
1 19.42 7.25 2 7 4 0.04 0 1 1 0 2 100 2 0
1 20.17 5.62 2 9 4 1.71 1 0 0 0 1 120 1 1
1 40.58 3.29 2 7 4 3.5 0 0 0 1 1 400 1 0
1 48.75 8.5 2 8 8 12.5 1 1 9 0 2 181 1656 1
1 44.33 0.5 2 3 8 5 1 0 0 1 2 320 1 1
1 21.17 0.87 1 8 8 0.25 0 0 0 0 2 280 205 0
1 31.08 3.08 2 8 4 2.5 0 1 2 1 2 160 42 0
1 18.82 3.54 1 1 1 0 0 0 0 1 2 180 2 0
0 30.42 1.37 2 9 8 0.04 0 1 3 0 2 0 34 0
1 24.58 13.5 1 1 1 0 0 0 0 0 2 184 1 0
1 22.17 2.25 2 3 4 0.125 0 0 0 0 2 160 11 0
0 18.92 9.25 1 8 4 1 1 1 4 1 2 80 501 1
1 34.25 3 2 13 8 7.415 1 0 0 1 2 0 1 1
1 25 11.25 2 8 4 2.5 1 1 17 0 2 200 1209 1
1 16.07 0.75 2 8 4 1.75 1 1 5 1 2 352 691 1
1 24.58 13.5 1 1 1 0 0 0 0 0 2 184 1 0
1 23.92 0.66 2 8 4 0.165 0 0 0 0 2 100 1 1
1 25.58 0.33 2 4 8 3.5 0 0 0 1 2 340 1 0
1 21.83 11 2 14 4 0.29 1 1 6 0 2 121 1 1
1 21 3 1 2 4 1.085 1 1 8 1 2 160 2 1
1 19.67 10 1 4 8 0.835 1 0 0 1 2 140 1 0
0 36.75 5.12 2 10 4 5 1 0 0 1 2 0 4001 1
1 17.07 0.08 1 8 4 0.04 0 0 0 0 2 140 723 0
1 20 7 2 8 4 0.5 0 0 0 0 2 0 1 0
0 33.25 2.5 1 8 4 2.5 0 0 0 1 2 0 3 0
0 27.17 1.25 2 1 1 0 0 1 1 0 2 92 301 0
1 31.57 0.5 2 8 5 0.835 1 0 0 1 1 320 1 0
1 20.07 0.25 2 11 4 0.125 0 0 0 0 2 200 1 0
1 23.42 0.58 2 8 8 0.085 1 0 0 0 2 180 1 0
1 27.58 3.25 1 11 8 5.085 0 1 2 1 2 369 2 0
0 19.17 0.58 1 6 4 0.585 1 0 0 1 2 160 1 0
1 24.08 9 2 6 4 0.25 0 0 0 1 2 0 1 0
1 57.42 8.5 2 10 8 7 1 1 3 0 2 0 1 1
0 65.17 14 2 1 1 0 1 1 11 1 2 0 1401 1
1 23 0.75 2 7 4 0.5 0 0 0 1 1 320 1 0
0 69.5 6 2 1 1 0 0 0 0 0 1 0 1 0
1 32.75 1.5 2 13 8 5.5 1 1 3 1 2 0 1 1
1 19 1.75 1 8 4 2.335 0 0 0 1 2 112 7 0
1 23.08 11.5 2 3 4 3.5 1 1 9 0 2 56 743 1
1 28.25 5.04 1 8 5 1.5 1 1 8 1 2 144 8 1
1 36.25 5 2 8 5 2.5 1 1 6 0 2 0 368 1
1.234 22.08 11.46 2 4 4 1.585 0 0 0 1 2 100 1213 0
1 22.75 11.5 2 3 4 0.415 0 0 0 0 2 0 1 0
1.234 22.08 11.46 2 4 4 1.585 0 0 0 1 2 100 1213 0
0 24.33 2.5 1 3 5 4.5 0 0 0 0 2 200 457 0
1 27.42 12.5 2 6 5 0.25 0 0 0 1 2 720 1 0
1 23.42 0.58 2 8 8 0.085 1 0 0 0 2 180 1 0
0 21.75 1.75 1 5 3 0 0 0 0 0 2 160 1 0
0 22.67 0.75 2 8 4 2 0 1 2 1 2 200 395 0
1 25.92 0.87 2 4 4 0.375 0 1 2 1 2 174 4 0
0 20.75 9.53 2 3 4 0.04 0 0 0 0 2 200 1001 0
1 31.83 2.5 2 6 4 7.5 1 0 0 1 2 523 1 0
1 23.25 1 2 8 4 0.835 1 0 0 0 1 300 1 1
1 33.58 2.75 2 7 4 4.25 1 1 6 0 2 204 1 1
1 64.08 20 2 14 8 17.5 1 1 9 1 2 0 1001 1
1 39.92 0.54 1 6 4 0.5 1 1 3 0 2 200 1001 1
1 39.17 2.5 1 3 8 10 0 0 0 1 1 200 1 0
0 33.17 2.25 1 13 4 3.5 0 0 0 1 2 200 142 0
0 39.08 4 2 8 4 3 0 0 0 0 2 480 1 0
1 19.67 10 1 4 8 0.835 1 0 0 1 2 140 1 0
0 20.5 11.83 2 8 8 6 1 0 0 0 2 340 1 1
1 37.33 2.66 2 13 4 0.165 0 0 0 1 2 0 502 0
1 36.17 18.12 2 9 4 0.085 0 0 0 0 2 320 3553 0
1 19.17 0 1 7 5 0 0 0 0 1 1 500 2 1
1 39 5 2 13 4 3.5 1 1 10 1 2 0 1 1
1 23.5 3.16 1 4 4 0.415 0 1 1 1 2 280 81 0
1 65.42 11 2 10 9 20 1 1 7 1 2 22 1 1
1 19 0 1 1 1 0 0 1 4 0 2 45 2 0
0 24.75 13.66 2 11 8 1.5 0 0 0 0 2 280 2 0
1 40.58 1.5 2 3 5 0 0 0 0 0 1 300 1 0
0 20.75 10.25 2 11 4 0.71 1 1 2 1 2 49 1 1
0 23.75 0.71 2 9 4 0.25 0 1 1 1 2 240 5 0
0 41.58 1.04 2 6 4 0.665 0 0 0 0 2 240 238 0
1 31.57 0.5 2 8 5 0.835 1 0 0 1 1 320 1 0
1 20 1.25 1 4 4 0.125 0 0 0 0 2 140 5 0
1 36.25 5 2 8 5 2.5 1 1 6 0 2 0 368 1
1 41 0.04 2 10 4 0.04 0 1 1 0 1 560 1 1
1 44 2 2 7 4 1.75 1 1 2 1 2 0 16 1
1 35.75 2.41 2 9 4 0.125 0 1 2 0 2 220 2 0
1 31.57 5 1 6 4 8.5 1 0 0 0 2 0 1 0
0 22.67 0.79 2 3 4 0.085 0 0 0 0 2 144 1 0
0 18.42 9.25 2 11 4 1.21 1 1 4 0 2 60 541 1
1 23 0.75 2 7 4 0.5 1 0 0 1 1 320 1 0
1 23.33 1.5 2 8 8 1.415 1 0 0 0 2 422 201 1
0 35.17 3.75 2 1 1 0 0 1 6 0 2 0 201 0
1 44 2 2 7 4 1.75 1 1 2 1 2 0 16 1
0 22.92 11.58 2 13 4 0.04 1 0 0 0 2 80 1350 1
1 59.5 2.75 2 9 4 1.75 1 1 5 1 2 60 59 1
0 39.08 4 2 8 4 3 0 0 0 0 2 480 1 0
1 36.33 3.79 2 9 4 1.165 1 0 0 1 2 200 1 0
1 19.67 0.37 2 11 4 2 1 1 2 1 2 80 1 1
1 31.83 2.5 2 6 4 7.5 1 0 0 1 2 523 1 0
0 28.58 1.66 2 11 4 2.415 1 0 0 1 2 440 1 0
0 28.17 0.37 2 11 4 0.585 1 1 4 0 2 80 1 1
1 31.83 0.04 1 7 4 0.04 0 0 0 0 2 0 1 0
1 20 7 2 8 4 0.5 0 0 0 0 2 0 1 0
1 27.67 0.75 2 11 8 0.165 0 0 0 1 2 220 252 0
0 46 4 2 5 3 0 1 0 0 0 2 100 961 1
0 22.42 11.25 1 14 8 0.75 1 1 4 0 2 0 322 1
1 32.75 1.5 2 13 8 5.5 1 1 3 1 2 0 1 1
1 28.75 1.16 2 4 4 0.5 1 0 0 0 1 280 1 0
0 22.67 0.75 2 8 4 2 0 1 2 1 2 200 395 0
1 18.32 1.21 1 10 2 0 0 0 0 0 2 100 1 0
1 39.33 5.87 2 13 8 10 1 1 14 1 2 399 1 1
0 38.25 6 2 4 4 1 1 0 0 1 2 0 1 1
0 25.25 13.5 1 1 1 2 0 1 1 1 2 200 2 0
1 31.25 1.12 2 1 1 0 0 1 1 0 2 96 20 0
1 41.42 5 2 11 8 5 1 1 6 1 2 470 1 1
1 47.33 6.5 2 8 4 1 0 0 0 1 2 0 229 0
1 48.08 6.04 2 4 4 0.04 0 0 0 0 2 0 2691 1
0 36.58 0.28 2 1 1 0 0 1 10 0 2 200 19 0
1 20 0 2 2 4 0.5 0 0 0 0 2 144 1 0
0 32.33 0.54 2 13 4 0.04 1 0 0 0 2 440 11178 1
1 25.33 0.57 2 8 4 0.29 1 1 7 1 2 96 5125 1
0 15.83 0.58 2 8 8 1.5 1 1 2 0 2 100 1 1
1 25 12.5 2 6 4 3 1 0 0 1 1 20 1 1
1 31.58 0.75 1 6 4 3.5 0 0 0 1 2 320 1 0
1 28.67 9.33 2 11 8 5.665 1 1 6 0 2 381 169 1
1 21.67 1.16 1 4 4 2.5 1 1 1 0 2 180 21 0
1 22.08 11 2 13 4 0.665 1 0 0 0 2 100 1 1
0 18.57 10 2 2 4 0.415 0 0 0 0 2 80 43 0
0 19.17 8.58 2 13 8 0.75 1 1 7 0 2 96 1 1
1 42.75 4.08 2 6 4 0.04 0 0 0 0 2 108 101 0
1 19.67 0.37 2 11 4 2 1 1 2 1 2 80 1 1
0 33.75 0.75 2 4 5 1 1 1 3 1 2 212 1 0
1 47.17 5.83 2 9 4 5.5 0 0 0 0 2 465 151 0
1 20.5 10 1 8 4 2.5 1 0 0 0 1 40 1 1
1 41.5 1.54 2 3 5 3.5 0 0 0 0 2 216 1 1
1 59.67 1.54 2 11 4 0.125 1 0 0 1 2 260 1 1
1 18.67 5 2 11 4 0.375 1 1 2 0 2 0 39 0
0 25.58 0 2 8 4 0 0 0 0 0 3 184 1 1
1 56 12.5 2 4 8 8 1 0 0 1 2 24 2029 1
1 22.17 0.58 1 1 1 0 0 0 0 0 2 100 1 0
0 15.75 0.37 2 8 4 1 0 0 0 0 2 120 19 0
1 21.33 7.5 2 6 4 1.415 1 1 1 0 2 80 9801 1
1 26.67 4.25 2 13 4 4.29 1 1 1 1 2 120 1 1
0 20.5 11.83 2 8 8 6 1 0 0 0 2 340 1 1
1 42.17 5.04 2 11 8 12.75 1 0 0 1 2 92 1 1
0 44.17 6.66 2 11 4 7.375 1 1 3 1 2 0 1 1
0 33.08 4.62 2 11 8 1.625 1 1 2 0 2 0 1 1
1 31.83 2.5 2 6 4 7.5 1 0 0 1 2 523 1 0
1 31.83 2.5 2 6 4 7.5 1 0 0 1 2 523 1 0
0 39.08 4 2 8 4 3 0 0 0 0 2 480 1 0
1 42 9.78 2 14 8 7.96 1 1 8 0 2 0 1 1
1 34.17 2.75 2 3 5 2.5 0 0 0 1 2 232 201 0
0 23.5 9 2 11 4 8.5 1 1 5 1 2 120 1 1
1 42.83 4.62 2 11 4 4.58 1 0 0 0 1 0 1 1
1 22.17 0.58 1 1 1 0 0 0 0 0 2 100 1 0
0 55.75 7.08 2 4 8 6.75 1 1 3 1 2 100 51 0
1 34.67 1.08 2 7 4 1.165 0 0 0 0 1 28 1 0
1 33.17 1.04 2 12 8 6.5 1 0 0 1 2 164 31286 1
0 49.83 13.58 2 4 8 8.5 1 0 0 1 2 0 1 1
1 47.33 6.5 2 8 4 1 0 0 0 1 2 0 229 0
0 17.57 9 2 6 4 1.375 1 0 0 1 2 0 1 1
1 25 12 2 4 4 2.25 1 1 2 1 2 120 6 0
1 18.42 10.41 1 6 4 0.125 1 0 0 0 2 120 376 0
0 18.42 9.25 2 11 4 1.21 1 1 4 0 2 60 541 1
0 20.67 3 2 11 4 0.165 1 1 3 0 2 100 7 1
0 18.57 10 2 2 4 0.415 0 0 0 0 2 80 43 0
1 23.92 0.58 1 13 8 0.125 0 0 0 0 2 240 2 0
1 29.25 13 2 2 8 0.5 0 0 0 0 2 228 1 0
1 17.07 0.08 1 8 4 0.04 0 0 0 0 2 140 723 0
0 29.58 1.75 1 4 4 1.25 0 0 0 1 2 280 1 0
0 33.75 0.75 2 4 5 1 1 1 3 1 2 212 1 0
1 22.75 11.5 2 3 4 0.415 0 0 0 0 2 0 1 0
0 32.25 1.5 2 8 4 0.25 0 0 0 1 2 372 123 0
1 22.58 10.03 2 14 4 0.04 1 1 9 0 2 60 397 1
1 27.67 0.75 2 11 8 0.165 0 0 0 1 2 220 252 0
1 33.17 3.16 1 14 4 3.165 1 1 3 1 2 380 1 1
1 34.25 1.75 2 9 5 0.25 1 0 0 1 2 163 1 0
1 29.67 0.75 1 8 4 0.04 0 0 0 0 2 240 1 0
0 18.92 9.25 1 8 4 1 1 1 4 1 2 80 501 1
0 21.75 11.75 2 8 4 0.25 0 0 0 1 2 180 1 0
1 22.67 2.54 1 8 8 2.585 1 0 0 0 2 0 1 1
0 15.83 7.62 2 11 4 0.125 0 1 1 1 2 0 161 0
1 19.42 7.25 2 7 4 0.04 0 1 1 0 2 100 2 0
0 32.33 0.54 2 13 4 0.04 1 0 0 0 2 440 11178 1
1 16.32 2.75 2 6 4 0.665 0 1 1 0 2 80 22 0
0 33.25 3 1 6 4 2 0 0 0 0 2 180 1 0
1 57.83 7.04 2 7 4 14 1 1 6 1 2 360 1333 1
0 21.75 1.75 1 5 3 0 0 0 0 0 2 160 1 0
0 55.75 7.08 2 4 8 6.75 1 1 3 1 2 100 51 0
1 25.42 0.54 2 9 4 0.165 0 1 1 0 2 272 445 0
1 26.17 12.5 1 4 8 1.25 0 0 0 1 2 0 18 0
1 18.67 5 2 11 4 0.375 1 1 2 0 2 0 39 0
1 17.07 0.08 1 8 4 0.04 0 0 0 0 2 140 723 0
0 36.58 0.28 2 1 1 0 0 1 10 0 2 200 19 0
1 21.17 0.25 1 8 8 0.25 0 0 0 0 2 280 205 0
1 24.42 12.33 2 11 8 1.585 1 0 0 1 2 120 1 1
1 27.58 2.04 1 6 4 2 1 1 3 1 2 370 561 1
1 38.25 10.12 1 4 4 0.125 0 0 0 0 2 160 1 0
1 31.83 0.04 1 7 4 0.04 0 0 0 0 2 0 1 0
1 26.33 13 2 10 2 0 0 0 0 1 2 140 1111 0
1 49.58 19 2 1 1 0 1 1 1 0 2 94 1 0
1 39.25 9.5 2 7 4 6.5 1 1 14 0 2 240 4608 1
0 20.67 3 2 11 4 0.165 1 1 3 0 2 100 7 1
0 18.42 9.25 2 11 4 1.21 1 1 4 0 2 60 541 1
1 26.75 1.12 2 14 8 1.25 1 0 0 0 2 0 5299 1
1 34.92 2.5 2 9 4 0 1 0 0 1 2 239 201 1
1 13.75 4 1 9 4 1.75 1 1 2 1 2 120 1001 1
1 28 2 2 4 8 4.165 1 1 2 1 2 181 1 1
0 28.42 3.5 2 9 4 0.835 1 0 0 0 1 280 1 1
1 34 5.08 1 3 5 1.085 0 0 0 1 2 480 1 0
0 27.25 0.28 2 7 8 0.125 0 1 1 1 2 272 109 0
1 25.08 1.71 2 14 4 1.665 1 1 1 1 2 395 21 1
0 33.17 2.25 1 13 4 3.5 0 0 0 1 2 200 142 0
1 30.75 1.58 2 2 4 0.585 0 0 0 1 1 0 1 0
1 34 5.08 1 3 5 1.085 0 0 0 1 2 480 1 0
1 20.5 2.41 2 8 4 2 1 1 11 1 2 200 3001 1
0 28.58 1.66 2 11 4 2.415 1 0 0 1 2 440 1 0
0 37.75 5.5 2 11 4 0.125 1 0 0 1 2 228 1 1
1 39.42 1.71 1 7 4 0.165 0 0 0 0 1 400 1 0
1 26.75 2 2 2 4 0.75 0 0 0 1 2 80 1 0
1 43.08 0.37 1 8 4 0.375 1 1 8 1 2 300 163 1
1 24.58 12.5 2 9 4 0.875 1 0 0 1 2 260 1 0
1 32.83 2.5 2 13 8 2.75 1 1 6 0 2 160 2073 1
0 38.75 1.5 2 1 1 0 0 0 0 0 2 76 1 0
1 41.17 1.25 1 9 4 0.25 0 0 0 0 2 0 196 0
1 34.83 4 2 2 5 12.5 1 0 0 1 2 184 1 0
1 23.42 0.58 2 8 8 0.085 1 0 0 0 2 180 1 0
1 33.58 0.33 1 13 4 0.085 0 0 0 0 2 180 1 0
1 44.33 0.5 2 3 8 5 1 0 0 1 2 320 1 1
0 22.92 1.25 2 11 4 0.25 0 0 0 1 2 120 810 0
1 17.67 4.46 2 8 4 0.25 0 0 0 0 1 80 1 0
0 39.08 4 2 8 4 3 0 0 0 0 2 480 1 0
0 33.92 1.58 1 1 1 0 1 0 0 0 2 320 1 0
0 46 4 2 5 3 0 1 0 0 0 2 100 961 1
1 34.83 2.5 1 9 4 3 0 0 0 0 1 200 1 0
0 36.58 0.28 2 1 1 0 0 1 10 0 2 200 19 0
1 24.33 6.62 1 2 4 5.5 1 0 0 1 1 100 1 1
0 29.5 1.08 1 14 4 1 0 0 0 0 2 280 14 0
1 31.83 0.04 1 7 4 0.04 0 0 0 0 2 0 1 0
0 15.75 0.37 2 8 4 1 0 0 0 0 2 120 19 0
0 33.08 4.62 2 11 8 1.625 1 1 2 0 2 0 1 1
1 23.5 3.16 1 4 4 0.415 0 1 1 1 2 280 81 0
1 36.17 0.42 1 9 4 0.29 0 0 0 1 2 309 3 0
1 23.42 0.58 2 8 8 0.085 1 0 0 0 2 180 1 0
1 21.83 11 2 14 4 0.29 1 1 6 0 2 121 1 1
1 27.25 1.66 2 13 8 5.085 1 1 9 0 2 399 828 1
1 34.42 1.33 2 3 5 0.125 0 0 0 1 2 440 4501 0
1 51.83 3 1 1 1 1.5 0 0 0 0 2 180 5 0
0 24.5 12.75 2 8 5 4.75 1 1 2 0 2 73 445 1
1 44.83 7 1 8 4 1.625 0 0 0 0 2 160 3 0
0 25.25 13.5 1 1 1 2 0 1 1 1 2 200 2 0
0 35.17 3.75 2 1 1 0 0 1 6 0 2 0 201 0
0 25.42 1.12 2 11 4 1.29 1 1 2 0 2 200 1 0
1 33.17 1.04 2 12 8 6.5 1 0 0 1 2 164 31286 1
0 25.42 1.12 2 11 4 1.29 1 1 2 0 2 200 1 0
1 34.92 2.5 2 9 4 0 1 0 0 1 2 239 201 1
1 35.25 3.16 2 14 8 3.75 1 0 0 1 2 680 1 0
1 34.5 4.04 1 3 5 8.5 1 1 7 1 2 195 1 1
1 21.33 10.5 2 8 4 3 1 0 0 1 2 0 1 1
1 30.17 6.5 2 13 4 3.125 1 1 8 0 2 330 1201 1
0 28.67 1.04 2 8 4 2.5 1 1 5 1 2 300 1431 1
1 29.25 13 2 2 8 0.5 0 0 0 0 2 228 1 0
1 42.83 4.62 2 11 4 4.58 1 0 0 0 1 0 1 1
1 42 0.2 2 3 8 5.125 1 0 0 0 2 400 1 1

