1 18.82 0.41 1 8 4 0.165 0 1 1 0 2 200 2 0
1 28.58 3.62 2 6 4 0.25 0 0 0 1 2 100 1 0
1 21.83 11 2 14 4 0.29 1 1 6 0 2 121 1 1
0 28.5 1 2 11 4 1 1 1 2 1 2 167 501 0
0 45.83 10.5 2 11 4 5 1 1 7 1 2 0 1 1
1 25.92 0.87 2 4 4 0.375 0 1 2 1 2 174 4 0
1 37.75 7 2 11 8 11.5 1 1 7 1 2 300 6 0
1 21.17 0.87 1 8 8 0.25 0 0 0 0 2 280 205 0
1 25.25 1 2 6 4 0.5 0 0 0 0 2 200 1 0
1 36.25 5 2 8 5 2.5 1 1 6 0 2 0 368 1
1 20.5 10 1 8 4 2.5 1 0 0 0 1 40 1 1
0 30.58 10.66 2 11 8 0.085 0 1 12 1 2 129 4 0
0 41 2.04 1 11 8 0.125 1 1 23 1 2 455 1237 1
0 71.58 0 2 8 4 0 0 0 0 0 3 184 1 1
0 25.75 0.5 2 8 8 0.875 1 0 0 1 2 491 1 1
1 31.08 3.08 2 8 4 2.5 0 1 2 1 2 160 42 0
1 29.58 4.75 2 7 4 2 0 1 1 1 2 460 69 0
1 25.67 12.5 2 13 4 1.21 1 1 67 1 2 140 259 1
0 27.67 2.04 2 9 4 0.25 0 0 0 1 2 180 51 0
1 28.67 9.33 2 11 8 5.665 1 1 6 0 2 381 169 1
1 19 1.75 1 8 4 2.335 0 0 0 1 2 112 7 0
1 31.08 1.5 1 9 4 0.04 0 0 0 0 1 160 1 0
0 21.5 6 2 6 4 2.5 1 1 3 0 2 80 919 1
0 18.82 9.5 2 9 4 1.625 1 1 6 1 2 40 601 1
1 43.08 0.37 1 8 4 0.375 1 1 8 1 2 300 163 1
1 22.25 0.46 2 4 4 0.125 0 0 0 1 2 280 56 0
1 25.67 2.21 1 6 4 4 1 0 0 0 2 188 1 0
1 21.5 9.75 2 8 4 0.25 1 0 0 0 2 140 1 0
1 28.75 1.16 2 4 4 0.5 1 0 0 0 1 280 1 0
0 58.67 4.46 2 11 8 3.04 1 1 6 0 2 43 561 1
0 33.92 1.58 1 1 1 0 1 0 0 0 2 320 1 0
1 30.17 0.5 2 8 4 1.75 1 1 11 0 2 32 541 1
0 23.58 0.83 2 11 4 0.415 0 1 1 1 2 200 12 0
1 32.08 4 2 7 4 2.5 1 0 0 1 2 360 1 1
0 16.5 1.25 2 11 4 0.25 0 1 1 0 2 108 99 0
0 25.33 2.08 2 8 8 2.75 1 0 0 1 2 360 2 0
1 19.17 4 1 3 4 1 0 0 0 1 2 360 1001 0
0 27.67 2.04 2 9 4 0.25 0 0 0 1 2 180 51 0
0 33.67 0.37 2 13 4 0.375 0 0 0 0 2 300 45 1
0 22.67 0.33 2 11 4 0.75 0 0 0 0 1 160 1 0
1 25.67 2.21 1 6 4 4 1 0 0 0 2 188 1 0
0 19.17 0.58 1 6 4 0.585 1 0 0 1 2 160 1 0
1 37.33 2.66 2 13 4 0.165 0 0 0 1 2 0 502 0
1 25.58 0.33 2 4 8 3.5 0 0 0 1 2 340 1 0
1 34.08 6.5 2 6 4 0.125 1 0 0 1 2 443 1 0
1 31.67 0.83 2 14 4 1.335 1 1 8 1 2 303 3291 1
0 20.67 1.83 2 11 4 2.085 1 1 5 0 2 220 2504 1
1 31.33 19.5 2 8 4 7 1 1 16 0 2 0 5001 1
1 23.42 0.58 2 8 8 0.085 1 0 0 0 2 180 1 0
0 33.08 4.62 2 11 8 1.625 1 1 2 0 2 0 1 1
1 37.5 0.83 2 10 4 0.04 0 0 0 0 2 120 6 0
0 36.75 4.71 2 1 1 0 0 0 0 0 2 160 1 0
0 17.32 9.5 2 6 4 1.75 0 1 10 1 2 0 11 0
1 17.07 3.29 2 3 4 0.335 0 0 0 1 2 140 3 0
0 32.33 0.54 2 13 4 0.04 1 0 0 0 2 440 11178 1
1 34.83 2.5 1 9 4 3 0 0 0 0 1 200 1 0
1 32.25 14 1 1 1 0 0 1 2 0 2 160 2 0
1 20 11.04 2 8 4 2 0 0 0 1 2 136 1 0
0 25 12.33 2 13 8 3.5 1 1 6 0 2 400 459 1
0 38.25 6 2 4 4 1 1 0 0 1 2 0 1 1
0 24.33 2.5 1 3 5 4.5 0 0 0 0 2 200 457 0
1 18.42 10.41 1 6 4 0.125 1 0 0 0 2 120 376 0
0 22.67 0.79 2 3 4 0.085 0 0 0 0 2 144 1 0
1 31.25 1.12 2 1 1 0 0 1 1 0 2 96 20 0
0 17.32 9.5 2 6 4 1.75 0 1 10 1 2 0 11 0
1 31.57 10.5 2 14 4 6.5 1 0 0 0 2 0 1 1
1 19.67 0.37 2 11 4 2 1 1 2 1 2 80 1 1
1 40.58 3.29 2 7 4 3.5 0 0 0 1 1 400 1 0
1 37.5 1.75 1 8 5 0.25 1 0 0 1 2 164 401 0
0 22.92 11.58 2 13 4 0.04 1 0 0 0 2 80 1350 1
1 31.42 15.5 2 8 4 0.5 1 0 0 0 2 120 1 0
0 22.25 1.25 1 1 1 3.25 0 0 0 0 2 280 1 0
1 36.33 2.12 1 9 4 0.085 1 1 1 0 2 50 1188 1
0 27.25 0.28 2 7 8 0.125 0 1 1 1 2 272 109 0
1 20.5 10 1 8 4 2.5 1 0 0 0 1 40 1 1
1 47.67 2.5 2 7 5 2.5 1 1 12 1 2 410 2511 1
0 18.82 4.41 1 8 8 3 1 0 0 0 2 240 1 1
1 34.17 2.75 2 3 5 2.5 0 0 0 1 2 232 201 0
1 34.17 9.17 2 8 4 4.5 1 1 12 1 2 0 222 1
1 16.25 0 1 6 4 0.25 0 0 0 0 2 60 1 0
1 42.83 4.62 2 11 4 4.58 1 0 0 0 1 0 1 1
0 46 4 2 5 3 0 1 0 0 0 2 100 961 1
0 30.25 5.5 2 4 4 5.5 0 0 0 1 1 100 1 0
0 35.17 3.75 2 1 1 0 0 1 6 0 2 0 201 0
1 35.25 16.5 1 8 4 4 1 0 0 0 2 80 1 0
1 22.08 2.33 2 4 4 0.75 0 0 0 0 2 180 1 0
1 20.5 10 1 8 4 2.5 1 0 0 0 1 40 1 1
1 47.67 2.5 2 7 5 2.5 1 1 12 1 2 410 2511 1
1 25.08 1.71 2 14 4 1.665 1 1 1 1 2 395 21 1
1 24.58 12.5 2 9 4 0.875 1 0 0 1 2 260 1 0
1 20.5 10 1 8 4 2.5 1 0 0 0 1 40 1 1
1 30.17 0.5 2 8 4 1.75 1 1 11 0 2 32 541 1
0 29.5 1.08 1 14 4 1 0 0 0 0 2 280 14 0
0 41.58 1.04 2 6 4 0.665 0 0 0 0 2 240 238 0
0 18.82 9.53 2 6 4 0.085 1 0 0 0 2 100 1 1
0 27.25 0.28 2 7 8 0.125 0 1 1 1 2 272 109 0
1 48.33 12 2 7 4 16 1 0 0 0 1 110 1 1
1 52.5 6.5 2 4 4 6.29 1 1 15 0 2 0 11203 1
0 68.67 15 2 10 9 0 1 1 14 0 2 0 3377 1
0 21.75 1.75 1 5 3 0 0 0 0 0 2 160 1 0
0 25.58 0 2 8 4 0 0 0 0 0 3 184 1 1
1 35.25 16.5 1 8 4 4 1 0 0 0 2 80 1 0
0 24.83 4.5 2 9 4 1 0 0 0 1 2 360 7 0
1 24.58 13.5 1 1 1 0 0 0 0 0 2 184 1 0
1 28 2 2 4 8 4.165 1 1 2 1 2 181 1 1
0 19.75 0.75 2 8 4 0.795 1 1 5 1 2 140 6 0
1 37.5 0.83 2 10 4 0.04 0 0 0 0 2 120 6 0
1 29.67 0.75 1 8 4 0.04 0 0 0 0 2 240 1 0
1 26.67 2.71 1 13 4 5.25 1 1 1 0 2 211 1 1
0 19.17 5.41 2 3 8 0.29 0 0 0 0 2 80 485 0
1 43.17 5 2 3 5 2.25 0 0 0 1 2 141 1 0
0 22.25 1.25 1 1 1 3.25 0 0 0 0 2 280 1 0
1 32.75 2.33 2 2 8 5.75 0 0 0 1 2 292 1 0
1 32 1.75 1 10 8 0.04 1 0 0 1 2 393 1 1
1 54.83 15.5 2 10 9 0 1 1 20 0 2 152 131 0
0 20.75 9.53 2 3 4 0.04 0 0 0 0 2 200 1001 0
1 44.33 0.5 2 3 8 5 1 0 0 1 2 320 1 1
1 23.08 11.5 2 3 4 3.5 1 1 9 0 2 56 743 1
1 21.08 10.08 1 10 8 1.25 0 0 0 0 2 260 1 0
0 28.42 3.5 2 9 4 0.835 1 0 0 0 1 280 1 1
0 68.67 15 2 10 9 0 1 1 14 0 2 0 3377 1
0 40.83 3.5 2 3 5 0.5 0 0 0 0 1 1160 1 0
1 21.08 10.08 1 10 8 1.25 0 0 0 0 2 260 1 0
1 19.42 7.25 2 7 4 0.04 0 1 1 0 2 100 2 0
1 52.33 1.37 1 8 8 9.46 1 0 0 1 2 200 101 0
1 20.67 0.83 1 8 4 2 0 0 0 1 1 240 1 0
0 25.42 1.12 2 11 4 1.29 1 1 2 0 2 200 1 0
1 16.32 2.75 2 6 4 0.665 0 1 1 0 2 80 22 0
1 48.33 12 2 7 4 16 1 0 0 0 1 110 1 1
1 27.67 0.75 2 11 8 0.165 0 0 0 1 2 220 252 0
1 36.67 3.25 2 11 8 9 1 0 0 1 2 102 640 1
0 26.5 2.71 1 8 4 0.085 0 0 0 0 1 80 1 0
1 20.67 5.29 2 11 4 0.375 1 1 1 0 2 160 1 0
0 34.83 1.25 1 3 8 0.5 0 0 0 1 2 160 1 0
0 44.17 6.66 2 11 4 7.375 1 1 3 1 2 0 1 1
1 23.25 12.62 2 8 4 0.125 0 1 2 0 2 0 5553 0
0 23.42 0.79 1 11 4 1.5 1 1 2 1 2 80 401 1
1 21.5 9.75 2 8 4 0.25 1 0 0 0 2 140 1 0
0 65.17 14 2 1 1 0 1 1 11 1 2 0 1401 1
1 31.57 0.62 2 4 4 0.25 0 0 0 0 2 380 2011 0
1 36.42 0.75 1 2 4 0.585 0 0 0 0 2 240 4 0
1 24.08 9 2 6 4 0.25 0 0 0 1 2 0 1 0
1 40 6.5 2 6 5 3.5 1 1 1 0 2 0 501 1
1 21.58 0.79 1 13 4 0.665 0 0 0 0 2 160 1 0
1 20 7 2 8 4 0.5 0 0 0 0 2 0 1 0
1 80.25 5.5 2 8 4 0.54 1 0 0 0 2 0 341 0
0 31.75 3 1 5 3 0 0 0 0 0 2 160 21 0
1 32.08 4 1 13 4 1.5 0 0 0 1 2 120 1 0
1 39.92 5 2 3 5 0.21 0 0 0 0 2 550 1 0
0 29.5 2 1 10 8 2 0 0 0 0 2 256 18 0
1 38.92 1.75 2 4 4 0.5 0 0 0 1 2 300 3 0
1 22.92 3.16 1 8 4 0.165 0 0 0 0 2 160 1059 0
1 40.25 21.5 2 10 9 20 1 1 11 0 2 0 1201 1
1 35.17 2.5 2 4 4 4.5 1 1 7 0 2 150 1271 1
0 17.57 9 2 6 4 1.375 1 0 0 1 2 0 1 1
0 18.57 10 2 2 4 0.415 0 0 0 0 2 80 43 0
0 55.75 7.08 2 4 8 6.75 1 1 3 1 2 100 51 0
1 28.75 1.16 2 4 4 0.5 1 0 0 0 1 280 1 0
0 20.67 3 2 11 4 0.165 1 1 3 0 2 100 7 1
1 18.42 10.41 1 6 4 0.125 1 0 0 0 2 120 376 0
0 15.75 0.37 2 8 4 1 0 0 0 0 2 120 19 0
0 17.82 11 2 14 8 1 1 1 11 0 2 0 3001 1
1 18.82 3.54 1 1 1 0 0 0 0 1 2 180 2 0
1 33.17 1.04 2 12 8 6.5 1 0 0 1 2 164 31286 1
1 40.92 0.83 2 1 1 0 1 0 0 0 2 130 2 0
0 35.75 0.91 2 6 4 0.75 1 1 4 0 2 0 1584 1
1 23.08 2.5 2 1 1 0.085 0 0 0 1 2 100 4209 0
1 28.25 0.87 2 7 4 0.96 1 1 3 1 2 396 1 1
0 28.17 0.37 2 11 4 0.585 1 1 4 0 2 80 1 1
1 21.83 0.25 2 2 8 0.665 1 0 0 1 2 0 1 1
1 23.25 1.5 2 11 4 2.375 1 1 3 1 2 0 583 1
1 22.17 2.25 2 3 4 0.125 0 0 0 0 2 160 11 0
1 31.57 0.5 2 8 5 0.835 1 0 0 1 1 320 1 0
1 29.58 4.5 2 9 4 7.5 1 1 2 1 2 330 1 1
1 59.5 2.75 2 9 4 1.75 1 1 5 1 2 60 59 1
1 23.42 1 2 8 4 0.5 0 0 0 1 1 280 1 0
0 25 12.33 2 13 8 3.5 1 1 6 0 2 400 459 1
1 22.92 3.16 1 8 4 0.165 0 0 0 0 2 160 1059 0
1 18.07 5.5 2 4 4 0.5 1 0 0 0 2 80 1 1
0 49.83 13.58 2 4 8 8.5 1 0 0 1 2 0 1 1
1 16.25 0 1 6 4 0.25 0 0 0 0 2 60 1 0
0 38.58 5 2 13 4 13.5 1 0 0 1 2 980 1 0
0 24.5 2.41 1 8 4 0 0 0 0 0 2 120 1 0
0 26.17 2 2 5 3 0 0 0 0 1 2 276 2 0
0 35.17 3.75 2 1 1 0 0 1 6 0 2 0 201 0
0 24.83 4.5 2 9 4 1 0 0 0 1 2 360 7 0
1 26.75 1.12 2 14 8 1.25 1 0 0 0 2 0 5299 1
1 29.25 13 2 2 8 0.5 0 0 0 0 2 228 1 0
0 15.75 0.37 2 8 4 1 0 0 0 0 2 120 19 0
0 40.83 10 2 11 8 1.75 1 0 0 0 2 29 838 1
0 57.58 2 2 1 1 6.5 0 1 1 0 2 0 11 0
1 44.83 7 1 8 4 1.625 0 0 0 0 2 160 3 0
1 29.5 0.57 2 9 4 0.29 0 1 1 0 2 340 2804 0
1 34.42 1.33 2 3 5 0.125 0 0 0 1 2 440 4501 0
0 26.5 2.71 1 8 4 0.085 0 0 0 0 1 80 1 0
1 42.17 5.04 2 11 8 12.75 1 0 0 1 2 92 1 1
0 22.92 11.58 2 13 4 0.04 1 0 0 0 2 80 1350 1
1 26 1 2 11 4 1.75 1 0 0 1 2 280 1 1
0 47 13 2 3 5 5.165 1 1 9 1 2 0 1 1
1 19.32 10.91 2 8 5 0.585 0 1 2 1 2 200 8 0
1 37.58 0 2 8 4 0 0 0 0 0 3 184 1 1
1 32.33 7.5 2 10 5 1.585 1 0 0 1 1 420 1 0
1 21.25 1.5 2 9 4 1.5 0 0 0 0 2 150 9 1
0 24.75 3 2 11 8 1.835 1 1 19 0 2 0 501 1
0 45 4.58 2 4 8 1 0 0 0 1 1 240 1 0
1 19 1.75 1 8 4 2.335 0 0 0 1 2 112 7 0
0 22.83 2.29 2 11 8 2.29 1 1 7 1 2 140 2385 1
1 23.25 1.5 2 11 4 2.375 1 1 3 1 2 0 583 1
0 28.58 3.54 2 3 5 0.5 1 0 0 1 2 171 1 0
0 21.67 11.5 1 5 3 0 1 1 11 1 2 0 1 1
1 37.33 2.66 2 13 4 0.165 0 0 0 1 2 0 502 0
1 31.57 4 1 3 4 0.085 0 0 0 1 2 411 1 0
0 25.08 2.54 1 6 4 0.25 1 0 0 1 2 370 1 1
0 21.75 1.75 1 5 3 0 0 0 0 0 2 160 1 0
1 33.67 1.25 2 9 4 1.165 0 0 0 0 2 120 1 0
1 31.83 0.04 1 7 4 0.04 0 0 0 0 2 0 1 0
0 28.17 0.37 2 11 4 0.585 1 1 4 0 2 80 1 1
1 34.75 2.5 2 13 5 0.5 0 0 0 0 2 348 1 0
1 20.67 5.29 2 11 4 0.375 1 1 1 0 2 160 1 0
1 28.25 5.12 2 14 4 4.75 1 1 2 0 2 420 8 1
1 39.5 1.62 2 8 4 1.5 0 0 0 0 2 0 317 0
1 18.07 5.5 2 4 4 0.5 1 0 0 0 2 80 1 1
1 22 7.83 1 3 5 0.165 0 0 0 1 2 184 1 0
1 39.17 1.71 2 14 4 0.125 1 1 5 1 2 480 1 1
1 21.83 0.25 2 2 8 0.665 1 0 0 1 2 0 1 1
1 20.67 0.41 2 8 4 0.125 0 0 0 0 2 0 45 0
1 39.25 9.5 2 7 4 6.5 1 1 14 0 2 240 4608 1
1 24.58 1.25 2 8 4 0.25 0 0 0 0 2 110 1 0
1 43.08 0.37 1 8 4 0.375 1 1 8 1 2 300 163 1
1 29.25 14.79 2 6 4 5.04 1 1 5 1 2 168 1 1
1 29.67 1.41 2 9 8 0.75 1 1 1 0 2 240 101 1
0 20.42 0.83 2 11 4 1.585 1 1 1 0 2 0 1 1
1 23 0.62 1 6 4 0.125 1 0 0 0 2 180 2 0
0 22.42 11.25 1 14 8 0.75 1 1 4 0 2 0 322 1
1 43.08 0.37 1 8 4 0.375 1 1 8 1 2 300 163 1
1 56.42 28 1 8 4 28.5 1 1 40 0 2 0 16 1
1 33.17 3.04 1 8 8 2.04 1 1 1 1 2 180 18028 1
1 22.67 0.16 2 8 3 2.25 0 0 0 1 1 0 1 1
1 22.17 12.12 2 8 4 3.335 0 1 2 1 2 180 174 0
0 15.83 0.58 2 8 8 1.5 1 1 2 0 2 100 1 1
1 32.08 4 1 13 4 1.5 0 0 0 1 2 120 1 0
1 31.57 5 1 6 4 8.5 1 0 0 0 2 0 1 0
1 21.5 9.75 2 8 4 0.25 1 0 0 0 2 140 1 0
1 47.67 0.28 2 8 5 15 1 1 20 0 2 0 15001 1
0 26.92 13.5 2 11 8 5 1 1 2 0 2 0 5001 1
0 25.58 0 2 8 4 0 0 0 0 0 3 184 1 1
0 26.08 8.66 2 6 4 1.415 1 0 0 0 2 160 151 1
1 31.57 0.04 1 2 4 4.25 0 0 0 1 2 460 1 0
0 71.58 0 2 8 4 0 0 0 0 0 3 184 1 1
0 24.75 3 2 11 8 1.835 1 1 19 0 2 0 501 1
1 27 1.5 1 9 4 0.375 1 0 0 1 2 260 1066 1
1 47.67 2.5 2 7 5 2.5 1 1 12 1 2 410 2511 1
1 34.08 0.08 1 7 5 0.04 1 1 1 1 2 280 2001 1
1 36.75 0.12 1 8 4 1.5 0 0 0 1 2 232 114 1
0 32.33 0.54 2 13 4 0.04 1 0 0 0 2 440 11178 1
0 37.75 5.5 2 11 4 0.125 1 0 0 1 2 228 1 1
1 43.17 2.25 2 3 5 0.75 1 0 0 0 2 560 1 0
1 18.82 0.41 1 8 4 0.165 0 1 1 0 2 200 2 0
0 32 6 2 2 4 1.25 0 0 0 0 2 272 1 0
1 29.25 13 2 2 8 0.5 0 0 0 0 2 228 1 0
1 31.33 19.5 2 8 4 7 1 1 16 0 2 0 5001 1
1 26.67 4.25 2 13 4 4.29 1 1 1 1 2 120 1 1
1 39.33 5.87 2 13 8 10 1 1 14 1 2 399 1 1
1 24.5 13.33 1 6 4 0.04 0 0 0 1 2 120 476 0
0 20.42 10.5 1 14 8 0 0 0 0 1 2 154 33 0
0 23.5 9 2 11 4 8.5 1 1 5 1 2 120 1 1
0 39.08 4 2 8 4 3 0 0 0 0 2 480 1 0
1 26.75 2 2 2 4 0.75 0 0 0 1 2 80 1 0
1 56.75 12.25 2 7 4 1.25 1 1 4 1 2 200 1 1
1 37.5 0.83 2 10 4 0.04 0 0 0 0 2 120 6 0
0 16.32 0.21 2 6 4 0.125 0 0 0 0 2 200 2 0
1 39.17 1.71 2 14 4 0.125 1 1 5 1 2 480 1 1
1 31.58 0.75 1 6 4 3.5 0 0 0 1 2 320 1 0
1 19.32 10.91 2 8 5 0.585 0 1 2 1 2 200 8 0
1 28.67 9.33 2 11 8 5.665 1 1 6 0 2 381 169 1
0 22.67 0.33 2 11 4 0.75 0 0 0 0 1 160 1 0
0 23 1.83 2 5 3 0 0 1 1 0 2 200 54 0
0 27.25 0.28 2 7 8 0.125 0 1 1 1 2 272 109 0
1 20.17 9.25 2 8 4 1.665 1 1 3 1 2 40 29 1
0 45.83 10.5 2 11 4 5 1 1 7 1 2 0 1 1
1 37.5 1.75 1 8 5 0.25 1 0 0 1 2 164 401 0
1 30.83 0 2 9 4 1.25 1 1 1 0 2 202 1 1
1 45 8.5 2 13 8 14 1 1 1 1 2 88 2001 1
0 20.67 1.83 2 11 4 2.085 1 1 5 0 2 220 2504 1
1 40 6.5 2 6 5 3.5 1 1 1 0 2 0 501 1
1 31.67 16.16 2 2 4 3 1 1 9 0 2 250 731 1
1 27.42 12.5 2 6 5 0.25 0 0 0 1 2 720 1 0
1 34.25 3 2 13 8 7.415 1 0 0 1 2 0 1 1
1 37.17 4 2 8 5 5 1 0 0 1 1 280 1 0
1 40.58 1.5 2 3 5 0 0 0 0 0 1 300 1 0
1 33.67 1.25 2 9 4 1.165 0 0 0 0 2 120 1 0
1 27.42 12.5 2 6 5 0.25 0 0 0 1 2 720 1 0
0 27.25 0.28 2 7 8 0.125 0 1 1 1 2 272 109 0
1 51.33 10 2 3 5 0 1 1 11 0 2 0 1250 1
1 44.25 0.5 2 7 4 10.75 1 0 0 0 1 400 1 0
1 31.57 4 2 14 4 5 1 1 3 1 2 290 2280 1
1 37.5 1.12 1 2 4 1.5 0 0 0 1 2 431 1 1
0 22.58 10.75 2 11 4 0.415 1 1 5 1 2 0 561 1
0 23.42 0.79 1 11 4 1.5 1 1 2 1 2 80 401 1
1 31.08 3.08 2 8 4 2.5 0 1 2 1 2 160 42 0
0 38.75 1.5 2 1 1 0 0 0 0 0 2 76 1 0
1 31.08 1.5 1 9 4 0.04 0 0 0 0 1 160 1 0
1 34.17 1.54 2 13 4 1.54 1 1 1 1 2 520 50001 1
1 20.67 5.29 2 11 4 0.375 1 1 1 0 2 160 1 0
1 54.42 0.5 1 4 8 3.96 1 0 0 0 2 180 315 1
1 23.08 0 2 4 4 1 0 1 11 0 1 0 1 0
1 27.75 1.29 2 4 8 0.25 0 0 0 1 1 140 1 0
0 20.42 0.83 2 11 4 1.585 1 1 1 0 2 0 1 1
1 37.17 4 2 8 5 5 1 0 0 1 1 280 1 0
1 63.33 0.54 2 8 4 0.585 1 1 3 1 2 180 1 0
0 23.5 9 2 11 4 8.5 1 1 5 1 2 120 1 1
0 22.92 1.25 2 11 4 0.25 0 0 0 1 2 120 810 0
0 41.58 1.04 2 6 4 0.665 0 0 0 0 2 240 238 0
0 25.08 2.54 1 6 4 0.25 1 0 0 1 2 370 1 1
1 34.5 4.04 1 3 5 8.5 1 1 7 1 2 195 1 1
1 39.17 1.71 2 14 4 0.125 1 1 5 1 2 480 1 1
0 47.42 8 2 10 5 6.5 1 1 6 0 2 375 51101 1
1 38.42 0.7 2 8 4 0.375 0 1 2 0 2 225 501 0
1 18.42 10.41 1 6 4 0.125 1 0 0 0 2 120 376 0
1 73.42 17.75 2 1 1 0 1 0 0 1 2 0 1 1
1 33.17 1 2 14 4 0.75 1 1 7 1 2 340 4072 1
1 37.5 1.12 1 2 4 1.5 0 0 0 1 2 431 1 1
1 23.42 1 2 8 4 0.5 0 0 0 1 1 280 1 0
1 59.5 2.75 2 9 4 1.75 1 1 5 1 2 60 59 1
1 34.75 2.5 2 13 5 0.5 0 0 0 0 2 348 1 0
1 63.33 0.54 2 8 4 0.585 1 1 3 1 2 180 1 0
1 31.57 0.37 2 2 4 0.875 1 0 0 1 1 928 1 0
0 60.58 16.5 2 11 4 11 1 0 0 1 2 21 10562 1
0 47.42 3 2 14 4 13.875 1 1 2 1 2 519 1705 1
1 39.92 5 2 3 5 0.21 0 0 0 0 2 550 1 0
0 15.83 7.62 2 11 4 0.125 0 1 1 1 2 0 161 0

