1 27.67 0.75 2 11 8 0.165 0 0 0 1 2 220 252 0
1 36.25 5 2 8 5 2.5 1 1 6 0 2 0 368 1
1 17.07 0.08 1 8 4 0.04 0 0 0 0 2 140 723 0
0 45.83 10.5 2 11 4 5 1 1 7 1 2 0 1 1
1 38.42 0.7 2 8 4 0.375 0 1 2 0 2 225 501 0
1 30.83 0 2 9 4 1.25 1 1 1 0 2 202 1 1
1 18.32 1.21 1 10 2 0 0 0 0 0 2 100 1 0
0 23 1.83 2 5 3 0 0 1 1 0 2 200 54 0
0 23.25 5.87 2 11 4 3.17 1 1 10 0 2 120 246 1
1 25 12 2 4 4 2.25 1 1 2 1 2 120 6 0
0 16.5 1.25 2 11 4 0.25 0 1 1 0 2 108 99 0
1 28.33 5 2 9 4 11 1 0 0 1 2 70 1 1
1 17.07 0.08 1 8 4 0.04 0 0 0 0 2 140 723 0
1 39.92 5 2 3 5 0.21 0 0 0 0 2 550 1 0
0 30.25 5.5 2 4 4 5.5 0 0 0 1 1 100 1 0
0 24.83 4.5 2 9 4 1 0 0 0 1 2 360 7 0
0 20.75 9.53 2 3 4 0.04 0 0 0 0 2 200 1001 0
0 37.75 5.5 2 11 4 0.125 1 0 0 1 2 228 1 1
1 41.92 0.42 2 8 8 0.21 1 1 6 0 2 220 949 1
0 24.92 1.25 2 1 1 0 1 0 0 0 2 80 1 0
1 23 0.75 2 7 4 0.5 1 0 0 1 1 320 1 0
0 41.58 1.04 2 6 4 0.665 0 0 0 0 2 240 238 0
1 22 7.83 1 3 5 0.165 0 0 0 1 2 184 1 0
1 21.67 1.16 1 4 4 2.5 1 1 1 0 2 180 21 0
1 36.5 4.25 2 11 4 3.5 0 0 0 0 2 454 51 0
1 56.42 28 1 8 4 28.5 1 1 40 0 2 0 16 1
1 34.25 3 2 13 8 7.415 1 0 0 1 2 0 1 1
1 31.92 4.46 2 13 8 6.04 1 1 3 0 2 311 301 1
1 24.08 9 2 6 4 0.25 0 0 0 1 2 0 1 0
1 31.67 0.83 2 14 4 1.335 1 1 8 1 2 303 3291 1
1 29.67 0.75 1 8 4 0.04 0 0 0 0 2 240 1 0
0 18.82 4.41 1 8 8 3 1 0 0 0 2 240 1 1
1 31.83 2.5 2 6 4 7.5 1 0 0 1 2 523 1 0
1 28.67 14.5 2 2 4 0.125 0 0 0 0 2 0 287 0
1 27 1.5 1 9 4 0.375 1 0 0 1 2 260 1066 1
1 24.5 13.33 1 6 4 0.04 0 0 0 1 2 120 476 0
0 33.25 2.5 1 8 4 2.5 0 0 0 1 2 0 3 0
1 34.17 2.75 2 3 5 2.5 0 0 0 1 2 232 201 0
1 26.92 2.25 2 3 5 0.5 0 0 0 1 2 640 4001 0
1 57.42 8.5 2 10 8 7 1 1 3 0 2 0 1 1
1 41.17 1.25 1 9 4 0.25 0 0 0 0 2 0 196 0
1 32.42 3 2 2 4 0.165 0 0 0 1 2 120 1 0
1 20.67 0.41 2 8 4 0.125 0 0 0 0 2 0 45 0
0 22.92 1.25 2 11 4 0.25 0 0 0 1 2 120 810 0
1 26.67 2.71 1 13 4 5.25 1 1 1 0 2 211 1 1
0 35.75 0.91 2 6 4 0.75 1 1 4 0 2 0 1584 1
0 18.42 9.25 2 11 4 1.21 1 1 4 0 2 60 541 1
1 22.25 0.46 2 4 4 0.125 0 0 0 1 2 280 56 0
1 25.67 3.25 2 8 8 2.29 0 1 1 1 2 416 22 0
0 22.58 10.75 2 11 4 0.415 1 1 5 1 2 0 561 1
0 58.42 21 2 3 5 10 1 1 13 0 2 0 6701 1
0 35.75 0.91 2 6 4 0.75 1 1 4 0 2 0 1584 1
1 20.17 5.62 2 9 4 1.71 1 0 0 0 1 120 1 1
0 22.67 0.79 2 3 4 0.085 0 0 0 0 2 144 1 0
1 44 2 2 7 4 1.75 1 1 2 1 2 0 16 1
1 35.17 4.5 2 14 8 5.75 0 0 0 1 1 711 1 1
1 33.5 1.75 2 14 8 4.5 1 1 4 1 2 253 858 1
1 34.25 1.75 2 9 5 0.25 1 0 0 1 2 163 1 0
1 29.83 3.5 2 8 4 0.165 0 0 0 0 2 216 1 0
1 23.58 1.79 2 8 4 0.54 0 0 0 1 2 136 2 0
0 21.75 11.75 2 8 4 0.25 0 0 0 1 2 180 1 0
0 18.25 10 2 9 4 1 0 1 1 0 2 120 2 0
1 23.42 1 2 8 4 0.5 0 0 0 1 1 280 1 0
1 33.17 1 2 14 4 0.75 1 1 7 1 2 340 4072 1
1 31.57 4 1 3 4 0.085 0 0 0 1 2 411 1 0
1 24.58 13.5 1 1 1 0 0 0 0 0 2 184 1 0
1 34.17 9.17 2 8 4 4.5 1 1 12 1 2 0 222 1
1 32.08 4 2 7 4 2.5 1 0 0 1 2 360 1 1
0 33.17 2.25 1 13 4 3.5 0 0 0 1 2 200 142 0
1 43.25 25.21 2 11 8 0.21 1 1 1 0 2 760 91 0
1 30.58 2.71 1 7 4 0.125 0 0 0 1 1 80 1 0
1 19.57 0.58 2 1 1 0 0 1 3 0 2 350 770 0
1 23.92 0.58 1 13 8 0.125 0 0 0 0 2 240 2 0
1 18.07 5.5 2 4 4 0.5 1 0 0 0 2 80 1 1
0 22.5 8.5 2 11 4 1.75 1 1 10 0 2 80 991 0
1 33.17 3.04 1 8 8 2.04 1 1 1 1 2 180 18028 1
1 15.17 7 2 10 4 1 0 0 0 0 2 600 1 0
0 68.67 15 2 10 9 0 1 1 14 0 2 0 3377 1
1 23.92 1.5 2 2 8 1.875 1 1 6 0 2 200 328 1
0 25.58 0 2 8 4 0 0 0 0 0 3 184 1 1
1 48.75 26.33 1 1 1 0 1 0 0 1 2 0 1 0
0 32 6 2 2 4 1.25 0 0 0 0 2 272 1 0
1 20 1.25 1 4 4 0.125 0 0 0 0 2 140 5 0
1 22 7.83 1 3 5 0.165 0 0 0 1 2 184 1 0
1 43.25 25.21 2 11 8 0.21 1 1 1 0 2 760 91 0
1 51.83 2.04 1 1 1 1.5 0 0 0 0 2 120 2 0
1 32.75 2.33 2 2 8 5.75 0 0 0 1 2 292 1 0
0 25.08 2.54 1 6 4 0.25 1 0 0 1 2 370 1 1
1 18.5 2 2 3 4 1.5 1 1 2 0 2 120 301 1
1 23.25 12.62 2 8 4 0.125 0 1 2 0 2 0 5553 0
0 24.92 1.25 2 1 1 0 1 0 0 0 2 80 1 0
0 20.42 0.83 2 11 4 1.585 1 1 1 0 2 0 1 1
1 28.67 14.5 2 2 4 0.125 0 0 0 0 2 0 287 0
0 28.58 3.54 2 3 5 0.5 1 0 0 1 2 171 1 0
1 48.75 26.33 1 1 1 0 1 0 0 1 2 0 1 0
0 32 6 2 2 4 1.25 0 0 0 0 2 272 1 0
1 19.5 0.28 2 4 4 0.29 0 0 0 0 2 280 365 0
0 33.67 0.37 2 13 4 0.375 0 0 0 0 2 300 45 1
1 19.67 0.37 2 11 4 2 1 1 2 1 2 80 1 1
1 23.75 12 2 8 4 2.085 0 0 0 0 1 80 1 0
1 39.92 0.54 1 6 4 0.5 1 1 3 0 2 200 1001 1
0 69.5 6 2 1 1 0 0 0 0 0 1 0 1 0
1 18.82 3.54 1 1 1 0 0 0 0 1 2 180 2 0
1 31.57 0.62 2 4 4 0.25 0 0 0 0 2 380 2011 0
0 27.67 1.5 2 7 4 2 1 0 0 0 1 368 1 0
0 52.83 15 2 8 4 5.5 1 1 14 0 2 0 2201 1
1 25.75 0.75 2 8 5 0.25 1 0 0 0 2 349 24 1
0 28.75 3.75 2 8 4 1.085 1 1 1 1 2 371 1 1
1 23.42 0.58 2 8 8 0.085 1 0 0 0 2 180 1 0
1 35.17 4.5 2 14 8 5.75 0 0 0 1 1 711 1 1
0 20.42 0.83 2 11 4 1.585 1 1 1 0 2 0 1 1
1 31.08 1.5 1 9 4 0.04 0 0 0 0 1 160 1 0
1 23.08 0 2 4 4 1 0 1 11 0 1 0 1 0
1 52.42 1.5 2 2 4 3.75 0 0 0 1 2 0 351 0
1 44.25 0.5 2 7 4 10.75 1 0 0 0 1 400 1 0
1 21 4.79 1 9 4 2.25 1 1 1 1 2 80 301 1
0 45.83 10.5 2 11 4 5 1 1 7 1 2 0 1 1
1 62.75 7 2 10 9 0 0 0 0 0 2 0 13 0
0 18.92 9.25 1 8 4 1 1 1 4 1 2 80 501 1
0 25 12.33 2 13 8 3.5 1 1 6 0 2 400 459 1
0 47.42 8 2 10 5 6.5 1 1 6 0 2 375 51101 1
1 21.92 0.5 2 8 4 0.125 0 0 0 0 2 360 1 0
0 35.17 3.75 2 1 1 0 0 1 6 0 2 0 201 0
1 54.83 15.5 2 10 9 0 1 1 20 0 2 152 131 0
1 48.08 6.04 2 4 4 0.04 0 0 0 0 2 0 2691 1
1 33.17 1.04 2 12 8 6.5 1 0 0 1 2 164 31286 1
1 29.83 2.04 1 14 8 0.04 0 0 0 0 2 128 2 0
1 26.83 0.54 2 4 1 0 0 0 0 0 2 100 1 0
1 62.75 7 2 10 9 0 0 0 0 0 2 0 13 0
0 20.75 10.25 2 11 4 0.71 1 1 2 1 2 49 1 1
1 27.25 1.66 2 13 8 5.085 1 1 9 0 2 399 828 1
1 20.07 0.25 2 11 4 0.125 0 0 0 0 2 200 1 0
1 34.08 0.08 1 7 5 0.04 1 1 1 1 2 280 2001 1
1 24.58 13.5 1 1 1 0 0 0 0 0 2 184 1 0
1 18.32 1.21 1 10 2 0 0 0 0 0 2 100 1 0
1 33.17 3.04 1 8 8 2.04 1 1 1 1 2 180 18028 1
1 31.33 19.5 2 8 4 7 1 1 16 0 2 0 5001 1
0 21.75 11.75 2 8 4 0.25 0 0 0 1 2 180 1 0
1 39.92 0.54 1 6 4 0.5 1 1 3 0 2 200 1001 1
1 17.67 4.46 2 8 4 0.25 0 0 0 0 1 80 1 0
1 53.92 9.62 2 10 4 8.665 1 1 5 0 2 0 1 1
1 36.25 5 2 8 5 2.5 1 1 6 0 2 0 368 1
0 25.58 0 2 8 4 0 0 0 0 0 3 184 1 1
1 38.25 10.12 1 4 4 0.125 0 0 0 0 2 160 1 0
1 25.67 2.21 1 6 4 4 1 0 0 0 2 188 1 0
1 35.25 3.16 2 14 8 3.75 1 0 0 1 2 680 1 0
0 23.25 5.87 2 11 4 3.17 1 1 10 0 2 120 246 1
0 18.75 7.5 2 11 4 2.71 1 1 5 0 2 184 26727 1
1 30.17 6.5 2 13 4 3.125 1 1 8 0 2 330 1201 1
1 23.08 0 2 4 4 1 0 1 11 0 1 0 1 0
1 31.57 4 2 14 4 5 1 1 3 1 2 290 2280 1
0 24.5 2.41 1 8 4 0 0 0 0 0 2 120 1 0
1 25 12 2 4 4 2.25 1 1 2 1 2 120 6 0
0 28.17 0.37 2 11 4 0.585 1 1 4 0 2 80 1 1
1 51.58 15 2 8 4 8.5 1 1 9 0 2 0 1 1
1 21.5 9.75 2 8 4 0.25 1 0 0 0 2 140 1 0
1 33.17 1.04 2 12 8 6.5 1 0 0 1 2 164 31286 1
1 30.58 2.71 1 7 4 0.125 0 0 0 1 1 80 1 0
0 27.58 3 2 7 4 2.79 0 1 1 1 2 280 11 0
1 19 1.75 1 8 4 2.335 0 0 0 1 2 112 7 0
1 27.83 1 1 2 8 3 0 0 0 0 2 176 538 0
1 36.67 4.41 1 4 4 0.25 1 1 10 1 2 320 1 1
1 25 12 2 4 4 2.25 1 1 2 1 2 120 6 0
1 23.17 0 2 8 4 0 0 0 0 0 3 184 1 1
1 27.83 1.5 2 9 4 2.25 0 1 1 1 2 100 4 0
1 23.92 1.5 2 2 8 1.875 1 1 6 0 2 200 328 1
1 28.58 3.62 2 6 4 0.25 0 0 0 1 2 100 1 0
1 43.25 25.21 2 11 8 0.21 1 1 1 0 2 760 91 0
0 27.67 1.5 2 7 4 2 1 0 0 0 1 368 1 0
1 34.17 9.17 2 8 4 4.5 1 1 12 1 2 0 222 1
0 30.58 10.66 2 11 8 0.085 0 1 12 1 2 129 4 0
1 31.57 0.62 2 4 4 0.25 0 0 0 0 2 380 2011 0
1 47.17 5.83 2 9 4 5.5 0 0 0 0 2 465 151 0
1 34.17 1.54 2 13 4 1.54 1 1 1 1 2 520 50001 1
1 32.25 0.16 1 8 8 3.25 1 1 1 1 2 432 8001 1
1 16.25 0 1 6 4 0.25 0 0 0 0 2 60 1 0
1 24.08 9 2 6 4 0.25 0 0 0 1 2 0 1 0
1 80.25 5.5 2 8 4 0.54 1 0 0 0 2 0 341 0
1 42.75 4.08 2 6 4 0.04 0 0 0 0 2 108 101 0
0 25.42 1.12 2 11 4 1.29 1 1 2 0 2 200 1 0
1.234 22.08 11.46 2 4 4 1.585 0 0 0 1 2 100 1213 0
0 28.5 3.04 1 14 8 2.54 1 1 1 0 2 70 1 1
1 31 2.08 2 8 4 0.085 0 0 0 0 2 300 1 0
1 38.25 10.12 1 4 4 0.125 0 0 0 0 2 160 1 0
1 56.75 12.25 2 7 4 1.25 1 1 4 1 2 200 1 1
1 54.83 15.5 2 10 9 0 1 1 20 0 2 152 131 0
0 20.42 0.83 2 11 4 1.585 1 1 1 0 2 0 1 1
1 21.5 9.75 2 8 4 0.25 1 0 0 0 2 140 1 0
0 47.42 3 2 14 4 13.875 1 1 2 1 2 519 1705 1
0 26.17 2 2 5 3 0 0 0 0 1 2 276 2 0
1 43.25 25.21 2 11 8 0.21 1 1 1 0 2 760 91 0
1 23.58 0.46 1 9 4 2.625 1 1 6 1 2 208 348 0
1 27.25 1.58 2 13 8 1.835 1 1 12 1 2 583 714 1
1 73.42 17.75 2 1 1 0 1 0 0 1 2 0 1 1
1 59.67 1.54 2 11 4 0.125 1 0 0 1 2 260 1 1
1 20 7 2 8 4 0.5 0 0 0 0 2 0 1 0
1 25.67 12.5 2 13 4 1.21 1 1 67 1 2 140 259 1
1 31.83 2.5 2 6 4 7.5 1 0 0 1 2 523 1 0
0 37.33 2.5 2 3 8 0.21 0 0 0 0 2 260 247 0
0 22.5 0.41 2 3 4 0.335 0 0 0 1 1 144 1 0
1 20.67 1.25 1 8 8 1.375 1 1 3 1 2 140 211 0
0 33.17 2.25 1 13 4 3.5 0 0 0 1 2 200 142 0
1 25.67 2.21 1 6 4 4 1 0 0 0 2 188 1 0
1 13.75 4 1 9 4 1.75 1 1 2 1 2 120 1001 1
1 31.08 1.5 1 9 4 0.04 0 0 0 0 1 160 1 0
0 31.57 11.25 2 1 1 0 0 0 0 0 2 184 5201 0
1 31.67 0.83 2 14 4 1.335 1 1 8 1 2 303 3291 1
1 27.25 0.62 2 6 4 0.455 1 0 0 1 2 200 1 0
1 48.75 26.33 1 1 1 0 1 0 0 1 2 0 1 0
0 45.33 1 2 11 4 0.125 0 0 0 1 2 263 1 0
1 48.75 26.33 1 1 1 0 1 0 0 1 2 0 1 0
1 27.75 0.58 1 13 4 0.25 1 1 2 0 2 260 501 1
0 27.17 1.25 2 1 1 0 0 1 1 0 2 92 301 0
1 35.25 16.5 1 8 4 4 1 0 0 0 2 80 1 0
1 33.58 0.25 2 3 5 4 0 0 0 1 1 420 1 0
0 58.67 4.46 2 11 8 3.04 1 1 6 0 2 43 561 1
1 20.42 0 2 8 4 0 0 0 0 0 3 184 1 0
1 22.67 0.16 2 8 3 2.25 0 0 0 1 1 0 1 1
0 22.92 11.58 2 13 4 0.04 1 0 0 0 2 80 1350 1
1 23.58 0.46 1 9 4 2.625 1 1 6 1 2 208 348 0
1 60.08 14.5 2 1 1 18 1 1 15 1 2 0 1001 1
1 34.25 3 2 13 8 7.415 1 0 0 1 2 0 1 1
1 19.5 0.28 2 4 4 0.29 0 0 0 0 2 280 365 0
1 30.58 2.71 1 7 4 0.125 0 0 0 1 1 80 1 0
1 36.25 5 2 8 5 2.5 1 1 6 0 2 0 368 1
1 29.58 4.75 2 7 4 2 0 1 1 1 2 460 69 0
1 26.92 2.25 2 3 5 0.5 0 0 0 1 2 640 4001 0
0 26.92 13.5 2 11 8 5 1 1 2 0 2 0 5001 1
1 34.08 0.08 1 7 5 0.04 1 1 1 1 2 280 2001 1
0 22.83 2.29 2 11 8 2.29 1 1 7 1 2 140 2385 1
1 39.5 1.62 2 8 4 1.5 0 0 0 0 2 0 317 0
1 16.32 2.75 2 6 4 0.665 0 1 1 0 2 80 22 0
1 37.33 2.66 2 13 4 0.165 0 0 0 1 2 0 502 0
1 54.33 6.75 2 8 8 2.625 1 1 11 1 2 0 285 1
0 25.58 0 2 8 4 0 0 0 0 0 3 184 1 1
0 23.75 0.71 2 9 4 0.25 0 1 1 1 2 240 5 0
0 23.42 0.79 1 11 4 1.5 1 1 2 1 2 80 401 1
0 17.57 9 2 6 4 1.375 1 0 0 1 2 0 1 1
1 23 0.75 2 7 4 0.5 1 0 0 1 1 320 1 0
1 69.17 9 2 1 1 4 0 1 1 0 2 70 7 0
0 19.17 0.58 1 6 4 0.585 1 0 0 1 2 160 1 0
0 22.25 1.25 1 1 1 3.25 0 0 0 0 2 280 1 0
1 30.58 2.71 1 7 4 0.125 0 0 0 1 1 80 1 0
1 64.08 20 2 14 8 17.5 1 1 9 1 2 0 1001 1
1 23.92 0.58 1 13 8 0.125 0 0 0 0 2 240 2 0
1 22.08 11 2 13 4 0.665 1 0 0 0 2 100 1 1
1 26.17 12.5 1 4 8 1.25 0 0 0 1 2 0 18 0
0 33.67 0.37 2 13 4 0.375 0 0 0 0 2 300 45 1
1 34.17 2.75 2 3 5 2.5 0 0 0 1 2 232 201 0
0 52.5 7 2 6 8 3 0 0 0 0 2 0 1 0
1 23.08 11.5 2 3 4 3.5 1 1 9 0 2 56 743 1
0 24.92 1.25 2 1 1 0 1 0 0 0 2 80 1 0
0 28.58 1.66 2 11 4 2.415 1 0 0 1 2 440 1 0
1 35.75 2.41 2 9 4 0.125 0 1 2 0 2 220 2 0
1 18.82 3.54 1 1 1 0 0 0 0 1 2 180 2 0
1 23 0.75 2 7 4 0.5 1 0 0 1 1 320 1 0
1 34.5 4.04 1 3 5 8.5 1 1 7 1 2 195 1 1
0 36.75 5.12 2 10 4 5 1 0 0 1 2 0 4001 1
1 24.58 12.5 2 9 4 0.875 1 0 0 1 2 260 1 0
1 56 12.5 2 4 8 8 1 0 0 1 2 24 2029 1
1 26 1 2 11 4 1.75 1 0 0 1 2 280 1 1
1 36.67 2 2 3 4 0.25 0 0 0 1 2 221 1 0
1 23.58 0.46 1 9 4 2.625 1 1 6 1 2 208 348 0
1 29.67 1.41 2 9 8 0.75 1 1 1 0 2 240 101 1
0 34.83 1.25 1 3 8 0.5 0 0 0 1 2 160 1 0
1 39.92 6.21 2 11 4 0.04 1 1 1 0 2 200 301 1
0 37.75 5.5 2 11 4 0.125 1 0 0 1 2 228 1 1
0 17.57 9 2 6 4 1.375 1 0 0 1 2 0 1 1
1 43.17 2.25 2 3 5 0.75 1 0 0 0 2 560 1 0
1 36.67 2 2 3 4 0.25 0 0 0 1 2 221 1 0
1 20.17 9.25 2 8 4 1.665 1 1 3 1 2 40 29 1
1 21.08 10.08 1 10 8 1.25 0 0 0 0 2 260 1 0
1 25.58 0.33 2 4 8 3.5 0 0 0 1 2 340 1 0
1 18.32 1.21 1 10 2 0 0 0 0 0 2 100 1 0
1 23.17 11.12 2 14 8 0.46 1 1 1 0 2 100 1 1
1 22 0.79 2 9 4 0.29 0 1 1 0 2 420 284 0
0 28.42 3.5 2 9 4 0.835 1 0 0 0 1 280 1 1
0 24.5 12.75 2 8 5 4.75 1 1 2 0 2 73 445 1
1 27.67 0.75 2 11 8 0.165 0 0 0 1 2 220 252 0
1 39.17 2.5 1 3 8 10 0 0 0 1 1 200 1 0
0 18.82 9.53 2 6 4 0.085 1 0 0 0 2 100 1 1
0 25.25 13.5 1 1 1 2 0 1 1 1 2 200 2 0
1 24.58 13.5 1 1 1 0 0 0 0 0 2 184 1 0
1 34.75 15 2 12 7 5.375 1 1 9 1 2 0 135 1
1 48.58 6.5 2 11 8 6 1 0 0 1 2 350 1 1
1 34.75 15 2 12 7 5.375 1 1 9 1 2 0 135 1
1 27.67 0.75 2 11 8 0.165 0 0 0 1 2 220 252 0
1 32.92 2.5 2 6 4 1.75 0 1 2 1 2 720 1 0
1 23.5 3.16 1 4 4 0.415 0 1 1 1 2 280 81 0
1 30.17 1.08 1 8 4 0.04 0 0 0 0 2 170 180 0
1 30.17 0.5 2 8 4 1.75 1 1 11 0 2 32 541 1
1 36.67 3.25 2 11 8 9 1 0 0 1 2 102 640 1
1 19.5 9.58 2 6 4 0.79 0 0 0 0 2 80 351 0
1 44.25 0.5 2 7 4 10.75 1 0 0 0 1 400 1 0
1 24.58 12.5 2 9 4 0.875 1 0 0 1 2 260 1 0
1 42 0.2 2 3 8 5.125 1 0 0 0 2 400 1 1
0 21.08 5 1 1 1 0 0 0 0 0 2 0 1 0
0 31.75 3 1 5 3 0 0 0 0 0 2 160 21 0
1 34.25 1.75 2 9 5 0.25 1 0 0 1 2 163 1 0
1 22.67 2.54 1 8 8 2.585 1 0 0 0 2 0 1 1
1 23.25 1 2 8 4 0.835 1 0 0 0 1 300 1 1
0 15.83 7.62 2 11 4 0.125 0 1 1 1 2 0 161 0
1 31 2.08 2 8 4 0.085 0 0 0 0 2 300 1 0
1 31.57 4 2 14 4 5 1 1 3 1 2 290 2280 1
1 21.92 0.5 2 8 4 0.125 0 0 0 0 2 360 1 0
1 20.42 7 2 8 4 1.625 1 1 3 0 2 200 1392 1
1 19.17 0 1 7 5 0 0 0 0 1 1 500 2 1
1 20.67 1.25 1 8 8 1.375 1 1 3 1 2 140 211 0
1 49.17 2.29 2 1 1 0.29 0 0 0 0 2 200 4 0
1 29.58 4.75 2 7 4 2 0 1 1 1 2 460 69 0
1 25.5 0.37 2 7 4 0.25 1 1 3 0 2 260 15109 1
1 54.42 0.5 1 4 8 3.96 1 0 0 0 2 180 315 1
0 31.57 11.25 2 1 1 0 0 0 0 0 2 184 5201 0
0 22.92 11.58 2 13 4 0.04 1 0 0 0 2 80 1350 1
1 22.67 1.58 1 9 4 3.085 1 1 6 0 2 80 1 1
1 32.25 0.16 1 8 8 3.25 1 1 1 1 2 432 8001 1
1 41.92 0.42 2 8 8 0.21 1 1 6 0 2 220 949 1
0 19.17 5.41 2 3 8 0.29 0 0 0 0 2 80 485 0
0 25 11 1 6 4 4.5 1 0 0 0 2 120 1 0
1 44.33 0.5 2 3 8 5 1 0 0 1 2 320 1 1
1 22.17 2.25 2 3 4 0.125 0 0 0 0 2 160 11 0
0 27.17 1.25 2 1 1 0 0 1 1 0 2 92 301 0
1 34.67 1.08 2 7 4 1.165 0 0 0 0 1 28 1 0
1 40.92 0.5 1 7 4 0.5 0 0 0 1 2 130 1 0
1 48.17 3.5 2 6 4 3.5 1 0 0 0 1 230 1 1
1 23.42 1 2 8 4 0.5 0 0 0 1 1 280 1 0
1 23.42 0.58 2 8 8 0.085 1 0 0 0 2 180 1 0
1 25.67 3.25 2 8 8 2.29 0 1 1 1 2 416 22 0
0 52.17 0 1 1 1 0 0 0 0 0 2 0 1 0
1 22.67 2.54 1 8 8 2.585 1 0 0 0 2 0 1 1
1 34.5 4.04 1 3 5 8.5 1 1 7 1 2 195 1 1

