1 33.17 3.04 1 8 8 2.04 1 1 1 1 2 180 18028 1
1 26 1 2 11 4 1.75 1 0 0 1 2 280 1 1
1 21.17 0.87 1 8 8 0.25 0 0 0 0 2 280 205 0
0 38.75 1.5 2 1 1 0 0 0 0 0 2 76 1 0
1 23.17 0 2 8 4 0 0 0 0 0 3 184 1 1
1 13.75 4 1 9 4 1.75 1 1 2 1 2 120 1001 1
0 32.25 1.5 2 8 4 0.25 0 0 0 1 2 372 123 0
1 56.75 12.25 2 7 4 1.25 1 1 4 1 2 200 1 1
0 46 4 2 5 3 0 1 0 0 0 2 100 961 1
1 16.32 2.75 2 6 4 0.665 0 1 1 0 2 80 22 0
1 56.75 12.25 2 7 4 1.25 1 1 4 1 2 200 1 1
1 34.42 4.25 2 3 5 3.25 1 1 2 0 2 274 611 1
1 20.17 5.62 2 9 4 1.71 1 0 0 0 1 120 1 1
1 57.83 7.04 2 7 4 14 1 1 6 1 2 360 1333 1
1 20.5 2.41 2 8 4 2 1 1 11 1 2 200 3001 1
1 34.83 2.5 1 9 4 3 0 0 0 0 1 200 1 0
0 25.42 1.12 2 11 4 1.29 1 1 2 0 2 200 1 0
1 21.58 0.79 1 13 4 0.665 0 0 0 0 2 160 1 0
1 29.42 1.25 2 8 8 0.25 0 1 2 1 2 400 109 0
0 33.92 1.58 1 1 1 0 1 0 0 0 2 320 1 0
0 16.07 0.33 2 1 1 0 0 1 1 0 2 160 127 0
0 46.67 0.46 2 13 8 0.415 1 1 11 1 2 440 7 1
1 35 3.37 2 8 8 8.29 0 0 0 1 2 0 1 0
0 21.67 11.5 1 5 3 0 1 1 11 1 2 0 1 1
1 32.75 2.33 2 2 8 5.75 0 0 0 1 2 292 1 0
1 23.17 11.12 2 14 8 0.46 1 1 1 0 2 100 1 1
1 51.58 15 2 8 4 8.5 1 1 9 0 2 0 1 1
1 31.58 0.75 1 6 4 3.5 0 0 0 1 2 320 1 0
1 31.57 4 2 14 4 5 1 1 3 1 2 290 2280 1
0 21.75 1.75 1 5 3 0 0 0 0 0 2 160 1 0
1 26.75 4.5 1 8 5 2.5 0 0 0 0 2 200 1211 0
1 21.25 1.5 2 9 4 1.5 0 0 0 0 2 150 9 1
1 30.83 0 2 9 4 1.25 1 1 1 0 2 202 1 1
1 51.83 3 1 1 1 1.5 0 0 0 0 2 180 5 0
0 64.08 0.16 2 1 1 0 1 1 1 0 2 232 101 1
0 18.42 9.25 2 11 4 1.21 1 1 4 0 2 60 541 1
1 24.58 13.5 1 1 1 0 0 0 0 0 2 184 1 0
1 16.17 0.04 2 8 4 0.04 0 0 0 0 2 0 1 1
1 23.92 1.5 2 2 8 1.875 1 1 6 0 2 200 328 1
1 44.33 0.5 2 3 8 5 1 0 0 1 2 320 1 1
1 28.25 5.12 2 14 4 4.75 1 1 2 0 2 420 8 1
1 20.17 5.62 2 9 4 1.71 1 0 0 0 1 120 1 1
0 23.58 11.5 1 4 8 3 0 0 0 1 2 20 17 0
1 19 0 1 1 1 0 0 1 4 0 2 45 2 0
0 20.42 10.5 1 14 8 0 0 0 0 1 2 154 33 0
1 28.25 0.87 2 7 4 0.96 1 1 3 1 2 396 1 1
1 44.25 11 1 2 4 1.5 1 0 0 0 1 0 1 0
0 24.33 2.5 1 3 5 4.5 0 0 0 0 2 200 457 0
1 31.57 4 1 3 4 0.085 0 0 0 1 2 411 1 0
1 62.75 7 2 10 9 0 0 0 0 0 2 0 13 0
0 32 6 2 2 4 1.25 0 0 0 0 2 272 1 0
1 49.17 2.29 2 1 1 0.29 0 0 0 0 2 200 4 0
0 28.5 3.04 1 14 8 2.54 1 1 1 0 2 70 1 1
0 57.58 2 2 1 1 6.5 0 1 1 0 2 0 11 0
1 28.25 5.04 1 8 5 1.5 1 1 8 1 2 144 8 1
1 30.83 0 2 9 4 1.25 1 1 1 0 2 202 1 1
1 31.08 3.08 2 8 4 2.5 0 1 2 1 2 160 42 0
0 47 13 2 3 5 5.165 1 1 9 1 2 0 1 1
1 22.58 10.03 2 14 4 0.04 1 1 9 0 2 60 397 1
1 33.17 1 2 14 4 0.75 1 1 7 1 2 340 4072 1
1 22.67 0.16 2 8 3 2.25 0 0 0 1 1 0 1 1
0 28.17 0.58 2 6 4 0.04 0 0 0 0 2 260 1005 0
1 16.25 0.83 2 7 4 0.085 1 0 0 0 1 200 1 0
1 36.75 0.12 1 8 4 1.5 0 0 0 1 2 232 114 1
0 20.07 0.12 2 11 4 1 0 1 1 0 2 240 769 1
0 23.58 0.58 1 1 1 0.125 0 0 0 0 2 120 88 0
0 69.5 6 2 1 1 0 0 0 0 0 1 0 1 0
0 24.75 13.66 2 11 8 1.5 0 0 0 0 2 280 2 0
0 25.58 0 2 8 4 0 0 0 0 0 3 184 1 1
0 25 11 1 6 4 4.5 1 0 0 0 2 120 1 0
1 41.17 1.25 1 9 4 0.25 0 0 0 0 2 0 196 0
1 25 12 2 4 4 2.25 1 1 2 1 2 120 6 0
1 18.42 10.41 1 6 4 0.125 1 0 0 0 2 120 376 0
0 36.75 4.71 2 1 1 0 0 0 0 0 2 160 1 0
0 45.33 1 2 11 4 0.125 0 0 0 1 2 263 1 0
0 23.42 0.79 1 11 4 1.5 1 1 2 1 2 80 401 1
0 19.17 5.41 2 3 8 0.29 0 0 0 0 2 80 485 0
1 32.33 3.5 2 4 4 0.5 0 0 0 1 2 232 1 0
1 36.5 4.25 2 11 4 3.5 0 0 0 0 2 454 51 0
1 48.33 12 2 7 4 16 1 0 0 0 1 110 1 1
0 20.07 0.12 2 11 4 1 0 1 1 0 2 240 769 1
1 37.5 1.12 1 2 4 1.5 0 0 0 1 2 431 1 1
0 33.08 4.62 2 11 8 1.625 1 1 2 0 2 0 1 1
0 22.67 0.75 2 8 4 2 0 1 2 1 2 200 395 0
1 17.07 3.29 2 3 4 0.335 0 0 0 1 2 140 3 0
1 26.33 13 2 10 2 0 0 0 0 1 2 140 1111 0
1 23 0.75 2 7 4 0.5 1 0 0 1 1 320 1 0
1 26.67 1.75 1 8 4 1 1 1 5 1 2 160 5778 1
1 41.42 5 2 11 8 5 1 1 6 1 2 470 1 1
0 17.32 9.5 2 6 4 1.75 0 1 10 1 2 0 11 0
1 21.92 0.5 2 8 4 0.125 0 0 0 0 2 360 1 0
1 23.25 12.62 2 8 4 0.125 0 1 2 0 2 0 5553 0
1 26.33 13 2 10 2 0 0 0 0 1 2 140 1111 0
1 34.42 4.25 2 3 5 3.25 1 1 2 0 2 274 611 1
1 37.5 1.75 1 8 5 0.25 1 0 0 1 2 164 401 0
1 40.25 21.5 2 10 9 20 1 1 11 0 2 0 1201 1
0 19.67 0.21 2 11 8 0.29 1 1 11 0 2 80 100 1
1 22.17 0.58 1 1 1 0 0 0 0 0 2 100 1 0
1 38.92 1.75 2 4 4 0.5 0 0 0 1 2 300 3 0
1 59.5 2.75 2 9 4 1.75 1 1 5 1 2 60 59 1
1 25 12.5 2 6 4 3 1 0 0 1 1 20 1 1
1 42 9.78 2 14 8 7.96 1 1 8 0 2 0 1 1
0 33.92 1.58 1 1 1 0 1 0 0 0 2 320 1 0
1 51.58 15 2 8 4 8.5 1 1 9 0 2 0 1 1
1 25.5 0.37 2 7 4 0.25 1 1 3 0 2 260 15109 1
1 73.42 17.75 2 1 1 0 1 0 0 1 2 0 1 1
0 24.5 2.41 1 8 4 0 0 0 0 0 2 120 1 0
1 28 3 2 9 4 0.75 0 0 0 1 2 300 68 0
0 21.75 1.75 1 5 3 0 0 0 0 0 2 160 1 0
1 25.67 12.5 2 13 4 1.21 1 1 67 1 2 140 259 1
0 45 4.58 2 4 8 1 0 0 0 1 1 240 1 0
1 29.58 4.5 2 9 4 7.5 1 1 2 1 2 330 1 1
0 19.67 0.21 2 11 8 0.29 1 1 11 0 2 80 100 1
0 16.5 1.25 2 11 4 0.25 0 1 1 0 2 108 99 0
1 48.58 6.5 2 11 8 6 1 0 0 1 2 350 1 1
1 20.67 1.25 1 8 8 1.375 1 1 3 1 2 140 211 0
0 31.57 11.25 2 1 1 0 0 0 0 0 2 184 5201 0
1 37.5 0.83 2 10 4 0.04 0 0 0 0 2 120 6 0
1 29.25 14.79 2 6 4 5.04 1 1 5 1 2 168 1 1
0 22.67 3.8 2 8 4 0.165 0 0 0 0 2 160 1 0
1 24.58 1.25 2 8 4 0.25 0 0 0 0 2 110 1 0
1 21.33 10.5 2 8 4 3 1 0 0 1 2 0 1 1
1 36.17 0.42 1 9 4 0.29 0 0 0 1 2 309 3 0
1 25.67 0.28 1 8 4 1.5 0 0 0 1 2 160 1 0
1 19.32 10.91 2 8 5 0.585 0 1 2 1 2 200 8 0
1 31.67 0.83 2 14 4 1.335 1 1 8 1 2 303 3291 1
1 39.42 1.71 1 7 4 0.165 0 0 0 0 1 400 1 0
0 47.42 8 2 10 5 6.5 1 1 6 0 2 375 51101 1
0 22.5 8.5 2 11 4 1.75 1 1 10 0 2 80 991 0
1 41.17 4.04 2 13 8 7 1 1 8 0 2 320 1 1
1 25 12.5 2 6 4 3 1 0 0 1 1 20 1 1
1 32 1.75 1 10 8 0.04 1 0 0 1 2 393 1 1
0 44.17 6.66 2 11 4 7.375 1 1 3 1 2 0 1 1
0 39.08 4 2 8 4 3 0 0 0 0 2 480 1 0
1 65.42 11 2 10 9 20 1 1 7 1 2 22 1 1
1 21.58 0.79 1 13 4 0.665 0 0 0 0 2 160 1 0
0 23 1.83 2 5 3 0 0 1 1 0 2 200 54 0
0 38.25 6 2 4 4 1 1 0 0 1 2 0 1 1
1 39.92 6.21 2 11 4 0.04 1 1 1 0 2 200 301 1
1 24.58 1.25 2 8 4 0.25 0 0 0 0 2 110 1 0
1 28.67 14.5 2 2 4 0.125 0 0 0 0 2 0 287 0
1 24.83 2.75 2 8 4 2.25 1 1 6 0 2 184 601 1
1 26.92 2.25 2 3 5 0.5 0 0 0 1 2 640 4001 0
0 20.67 1.83 2 11 4 2.085 1 1 5 0 2 220 2504 1
1 41.5 1.54 2 3 5 3.5 0 0 0 0 2 216 1 1
1 22.17 0.58 1 1 1 0 0 0 0 0 2 100 1 0
1 24.58 13.5 1 1 1 0 0 0 0 0 2 184 1 0
1 30.58 2.71 1 7 4 0.125 0 0 0 1 1 80 1 0
0 41.58 1.04 2 6 4 0.665 0 0 0 0 2 240 238 0
1 36.75 0.12 1 8 4 1.5 0 0 0 1 2 232 114 1
0 16.07 0.33 2 1 1 0 0 1 1 0 2 160 127 0
1 36.17 5.5 2 3 5 5 0 0 0 0 2 210 688 0
1 19.32 10.91 2 8 5 0.585 0 1 2 1 2 200 8 0
1 52.5 6.5 2 4 4 6.29 1 1 15 0 2 0 11203 1
1 22.92 3.16 1 8 4 0.165 0 0 0 0 2 160 1059 0
1 32.83 2.5 2 13 8 2.75 1 1 6 0 2 160 2073 1
1 52.33 1.37 1 8 8 9.46 1 0 0 1 2 200 101 0
0 25.42 1.12 2 11 4 1.29 1 1 2 0 2 200 1 0
1 21.08 10.08 1 10 8 1.25 0 0 0 0 2 260 1 0
0 20.42 0.83 2 11 4 1.585 1 1 1 0 2 0 1 1
0 45.33 1 2 11 4 0.125 0 0 0 1 2 263 1 0
1 39.25 9.5 2 7 4 6.5 1 1 14 0 2 240 4608 1
1 36.33 3.79 2 9 4 1.165 1 0 0 1 2 200 1 0
1 34.92 2.5 2 9 4 0 1 0 0 1 2 239 201 1
1 27.58 2.04 1 6 4 2 1 1 3 1 2 370 561 1
1 39.5 1.62 2 8 4 1.5 0 0 0 0 2 0 317 0
1 21.92 0.54 1 14 4 0.04 1 1 1 1 2 840 60 1
0 36.75 5.12 2 10 4 5 1 0 0 1 2 0 4001 1
1 34.08 0.08 1 7 5 0.04 1 1 1 1 2 280 2001 1
0 18.82 9.5 2 9 4 1.625 1 1 6 1 2 40 601 1
1 35.17 2.5 2 4 4 4.5 1 1 7 0 2 150 1271 1
0 26.17 2 2 5 3 0 0 0 0 1 2 276 2 0
0 47.42 3 2 14 4 13.875 1 1 2 1 2 519 1705 1
1 33.58 0.33 1 13 4 0.085 0 0 0 0 2 180 1 0
1 37.33 2.66 2 13 4 0.165 0 0 0 1 2 0 502 0
1 37.33 2.66 2 13 4 0.165 0 0 0 1 2 0 502 0
0 25.08 2.54 1 6 4 0.25 1 0 0 1 2 370 1 1
1 18.17 2.46 2 8 7 0.96 0 1 2 1 2 160 588 0
1 43.08 0.37 1 8 4 0.375 1 1 8 1 2 300 163 1
1 18.07 6.75 1 7 4 0.04 0 0 0 0 2 140 1 0
1 40.92 0.5 1 7 4 0.5 0 0 0 1 2 130 1 0
1 31.08 1.5 1 9 4 0.04 0 0 0 0 1 160 1 0
1 31.67 16.16 2 2 4 3 1 1 9 0 2 250 731 1
1 24.5 13.33 1 6 4 0.04 0 0 0 1 2 120 476 0
0 22.67 0.75 2 8 4 2 0 1 2 1 2 200 395 0
1 21.08 10.08 1 10 8 1.25 0 0 0 0 2 260 1 0
0 28.42 3.5 2 9 4 0.835 1 0 0 0 1 280 1 1
1 26.17 0.83 2 13 4 1.165 0 0 0 0 2 100 1 0
0 28.58 3.54 2 3 5 0.5 1 0 0 1 2 171 1 0
0 47.42 8 2 10 5 6.5 1 1 6 0 2 375 51101 1
0 58.67 4.46 2 11 8 3.04 1 1 6 0 2 43 561 1
0 22.67 3.8 2 8 4 0.165 0 0 0 0 2 160 1 0
0 33.75 0.75 2 4 5 1 1 1 3 1 2 212 1 0
1 23.25 4 2 8 5 0.25 1 0 0 1 2 160 1 1
1 36.67 3.25 2 11 8 9 1 0 0 1 2 102 640 1
0 19.17 5.41 2 3 8 0.29 0 0 0 0 2 80 485 0
0 24.75 3 2 11 8 1.835 1 1 19 0 2 0 501 1
1 39.33 5.87 2 13 8 10 1 1 14 1 2 399 1 1
0 45.33 1 2 11 4 0.125 0 0 0 1 2 263 1 0
1 26.75 4.5 1 8 5 2.5 0 0 0 0 2 200 1211 0
1 29.58 4.5 2 9 4 7.5 1 1 2 1 2 330 1 1
1 37.42 2.04 2 9 4 0.04 1 0 0 1 2 400 5801 1
0 25 11 1 6 4 4.5 1 0 0 0 2 120 1 0
0 20.83 0.5 1 10 2 1 0 0 0 0 2 260 1 0
1 25.67 0.28 1 8 4 1.5 0 0 0 1 2 160 1 0
0 24.5 1.75 1 8 4 0.165 0 0 0 0 2 132 1 0
1 21.92 0.5 2 8 4 0.125 0 0 0 0 2 360 1 0
1 22.92 3.16 1 8 4 0.165 0 0 0 0 2 160 1059 0
1 23.92 0.66 2 8 4 0.165 0 0 0 0 2 100 1 1
0 15.75 0.37 2 8 4 1 0 0 0 0 2 120 19 0
0 17.57 9 2 6 4 1.375 1 0 0 1 2 0 1 1
1 22.92 0.17 2 7 4 0.085 0 0 0 0 1 0 1 0
1 19.5 9.58 2 6 4 0.79 0 0 0 0 2 80 351 0
1 34.42 4.25 2 3 5 3.25 1 1 2 0 2 274 611 1
0 25.75 0.5 2 8 8 0.875 1 0 0 1 2 491 1 1
1 74.83 19 1 1 1 0.04 0 1 2 0 2 0 352 0
1 31.58 0.75 1 6 4 3.5 0 0 0 1 2 320 1 0
1 52.33 1.37 1 8 8 9.46 1 0 0 1 2 200 101 0
1 32.25 14 1 1 1 0 0 1 2 0 2 160 2 0
0 35.17 3.75 2 1 1 0 0 1 6 0 2 0 201 0
1 53.92 9.62 2 10 4 8.665 1 1 5 0 2 0 1 1
0 18.42 9.25 2 11 4 1.21 1 1 4 0 2 60 541 1
0 28.5 3.04 1 14 8 2.54 1 1 1 0 2 70 1 1
1 38.42 0.7 2 8 4 0.375 0 1 2 0 2 225 501 0
1 47.17 5.83 2 9 4 5.5 0 0 0 0 2 465 151 0
0 23.58 0.58 1 1 1 0.125 0 0 0 0 2 120 88 0
1 20.5 10 1 8 4 2.5 1 0 0 0 1 40 1 1
1 23.33 1.5 2 8 8 1.415 1 0 0 0 2 422 201 1
1 27.75 1.29 2 4 8 0.25 0 0 0 1 1 140 1 0
1 31.57 4 2 14 4 5 1 1 3 1 2 290 2280 1
1 41.17 4.04 2 13 8 7 1 1 8 0 2 320 1 1
1 23.75 12 2 8 4 2.085 0 0 0 0 1 80 1 0
1 20.67 0.83 1 8 4 2 0 0 0 1 1 240 1 0
0 40.83 10 2 11 8 1.75 1 0 0 0 2 29 838 1
1 42.17 5.04 2 11 8 12.75 1 0 0 1 2 92 1 1
0 31.75 3 1 5 3 0 0 0 0 0 2 160 21 0
0 20.67 3 2 11 4 0.165 1 1 3 0 2 100 7 1
1 26.33 13 2 10 2 0 0 0 0 1 2 140 1111 0
1 37.5 0.83 2 10 4 0.04 0 0 0 0 2 120 6 0
1 39.33 5.87 2 13 8 10 1 1 14 1 2 399 1 1
1 25 11.25 2 8 4 2.5 1 1 17 0 2 200 1209 1
1 25.08 1.71 2 14 4 1.665 1 1 1 1 2 395 21 1
1 23.08 2.5 2 1 1 0.085 0 0 0 1 2 100 4209 0
1 24.58 13.5 1 1 1 0 0 0 0 0 2 184 1 0
1 51.83 2.04 1 1 1 1.5 0 0 0 0 2 120 2 0
1 44.83 7 1 8 4 1.625 0 0 0 0 2 160 3 0
1 28 3 2 9 4 0.75 0 0 0 1 2 300 68 0
1 32.33 3.5 2 4 4 0.5 0 0 0 1 2 232 1 0
0 24.5 2.41 1 8 4 0 0 0 0 0 2 120 1 0
0 28.17 0.58 2 6 4 0.04 0 0 0 0 2 260 1005 0
1 32.33 3.5 2 4 4 0.5 0 0 0 1 2 232 1 0
0 19.17 5.41 2 3 8 0.29 0 0 0 0 2 80 485 0
1 34.08 0.08 1 7 5 0.04 1 1 1 1 2 280 2001 1
1 39.25 9.5 2 7 4 6.5 1 1 14 0 2 240 4608 1
0 20.75 10.25 2 11 4 0.71 1 1 2 1 2 49 1 1
0 27.25 0.28 2 7 8 0.125 0 1 1 1 2 272 109 0
0 20.5 11.83 2 8 8 6 1 0 0 0 2 340 1 1
0 23.25 5.87 2 11 4 3.17 1 1 10 0 2 120 246 1
1 37.5 0.83 2 10 4 0.04 0 0 0 0 2 120 6 0
0 28.58 1.66 2 11 4 2.415 1 0 0 1 2 440 1 0
1 19 1.75 1 8 4 2.335 0 0 0 1 2 112 7 0
1 18.42 10.41 1 6 4 0.125 1 0 0 0 2 120 376 0
0 34.83 1.25 1 3 8 0.5 0 0 0 1 2 160 1 0
1 24.17 0.87 2 11 4 4.625 1 1 2 1 2 520 2001 1
1 19.67 0.37 2 11 4 2 1 1 2 1 2 80 1 1
1 43.08 0.37 1 8 4 0.375 1 1 8 1 2 300 163 1
1 64.08 20 2 14 8 17.5 1 1 9 1 2 0 1001 1
1 39.92 6.21 2 11 4 0.04 1 1 1 0 2 200 301 1
1 48.75 8.5 2 8 8 12.5 1 1 9 0 2 181 1656 1
1 24.08 9 2 6 4 0.25 0 0 0 1 2 0 1 0
1 26.83 0.54 2 4 1 0 0 0 0 0 2 100 1 0
0 28.58 3.54 2 3 5 0.5 1 0 0 1 2 171 1 0
0 24.75 12.5 2 6 4 1.5 1 1 12 1 2 120 568 1
0 17.57 9 2 6 4 1.375 1 0 0 1 2 0 1 1
1 25 12.5 2 6 4 3 1 0 0 1 1 20 1 1
1 25 12 2 4 4 2.25 1 1 2 1 2 120 6 0
1 23.17 0 2 13 4 0.085 1 0 0 0 2 0 1 1
1 57.83 7.04 2 7 4 14 1 1 6 1 2 360 1333 1
1 26.67 1.75 1 8 4 1 1 1 5 1 2 160 5778 1
0 46 4 2 5 3 0 1 0 0 0 2 100 961 1
0 23.58 0.83 2 11 4 0.415 0 1 1 1 2 200 12 0
1 34.5 4.04 1 3 5 8.5 1 1 7 1 2 195 1 1
1 24.42 12.33 2 11 8 1.585 1 0 0 1 2 120 1 1
1 40.92 0.5 1 7 4 0.5 0 0 0 1 2 130 1 0
1 31.57 0.37 2 2 4 0.875 1 0 0 1 1 928 1 0
1 39.17 1.71 2 14 4 0.125 1 1 5 1 2 480 1 1
1 41.42 5 2 11 8 5 1 1 6 1 2 470 1 1
1.234 22.08 11.46 2 4 4 1.585 0 0 0 1 2 100 1213 0
1 33.58 2.75 2 7 4 4.25 1 1 6 0 2 204 1 1
1 18.82 3.54 1 1 1 0 0 0 0 1 2 180 2 0
1 34.08 0.08 1 7 5 0.04 1 1 1 1 2 280 2001 1
1 21.33 10.5 2 8 4 3 1 0 0 1 2 0 1 1
1 22.58 10.03 2 14 4 0.04 1 1 9 0 2 60 397 1
0 24.5 1.75 1 8 4 0.165 0 0 0 0 2 132 1 0
1 24.17 0.87 2 11 4 4.625 1 1 2 1 2 520 2001 1
1 20.5 10 1 8 4 2.5 1 0 0 0 1 40 1 1
1 25 12 2 4 4 2.25 1 1 2 1 2 120 6 0
0 18.42 9.25 2 11 4 1.21 1 1 4 0 2 60 541 1
0 28.17 0.58 2 6 4 0.04 0 0 0 0 2 260 1005 0
1 27.58 2.04 1 6 4 2 1 1 3 1 2 370 561 1
1 21.67 1.16 1 4 4 2.5 1 1 1 0 2 180 21 0
1 30.17 0.5 2 8 4 1.75 1 1 11 0 2 32 541 1
1 43.25 25.21 2 11 8 0.21 1 1 1 0 2 760 91 0
1 43.25 25.21 2 11 8 0.21 1 1 1 0 2 760 91 0
0 23.58 0.83 2 11 4 0.415 0 1 1 1 2 200 12 0
1 23.92 1.5 2 2 8 1.875 1 1 6 0 2 200 328 1
0 20.67 1.83 2 11 4 2.085 1 1 5 0 2 220 2504 1
1 44.25 0.5 2 7 4 10.75 1 0 0 0 1 400 1 0
1 41.17 4.04 2 13 8 7 1 1 8 0 2 320 1 1
0 32.33 0.54 2 13 4 0.04 1 0 0 0 2 440 11178 1
0 51.92 6.5 2 3 5 3.085 0 0 0 1 2 73 1 0
0 31.75 3 1 5 3 0 0 0 0 0 2 160 21 0
1 41.5 1.54 2 3 5 3.5 0 0 0 0 2 216 1 1
1 24.58 1.25 2 8 4 0.25 0 0 0 0 2 110 1 0
1 32.33 3.5 2 4 4 0.5 0 0 0 1 2 232 1 0
0 33.75 0.75 2 4 5 1 1 1 3 1 2 212 1 0
1 28 3 2 9 4 0.75 0 0 0 1 2 300 68 0
0 34.83 1.25 1 3 8 0.5 0 0 0 1 2 160 1 0
1 43 0.28 1 13 8 1.75 1 1 8 0 2 100 376 1
0 26.5 2.71 1 8 4 0.085 0 0 0 0 1 80 1 0
1 20 1.25 1 4 4 0.125 0 0 0 0 2 140 5 0
0 18.75 7.5 2 11 4 2.71 1 1 5 0 2 184 26727 1
1 34.08 6.5 2 6 4 0.125 1 0 0 1 2 443 1 0
0 47.75 8 2 8 4 7.875 1 1 6 1 2 0 1261 1
1 25.92 0.87 2 4 4 0.375 0 1 2 1 2 174 4 0
1 41.42 5 2 11 8 5 1 1 6 1 2 470 1 1
1 27 1.5 1 9 4 0.375 1 0 0 1 2 260 1066 1
0 52.5 7 2 6 8 3 0 0 0 0 2 0 1 0
1 32.25 14 1 1 1 0 0 1 2 0 2 160 2 0
0 17.82 11 2 14 8 1 1 1 11 0 2 0 3001 1
1 32.08 4 1 13 4 1.5 0 0 0 1 2 120 1 0

