0 28.75 3.75 2 8 4 1.085 1 1 1 1 2 371 1 1
1 30.17 0.5 2 8 4 1.75 1 1 11 0 2 32 541 1
1 31.57 4 1 3 4 0.085 0 0 0 1 2 411 1 0
0 20.42 10.5 1 14 8 0 0 0 0 1 2 154 33 0
1 35.25 3.16 2 14 8 3.75 1 0 0 1 2 680 1 0
1 31.57 4 1 3 4 0.085 0 0 0 1 2 411 1 0
1 35.25 16.5 1 8 4 4 1 0 0 0 2 80 1 0
0 45 4.58 2 4 8 1 0 0 0 1 1 240 1 0
1 36.42 0.75 1 2 4 0.585 0 0 0 0 2 240 4 0
1 20.17 5.62 2 9 4 1.71 1 0 0 0 1 120 1 1
1 34.5 4.04 1 3 5 8.5 1 1 7 1 2 195 1 1
1 25.67 12.5 2 13 4 1.21 1 1 67 1 2 140 259 1
0 19.5 0.16 2 11 4 0.04 0 0 0 1 2 380 1 0
0 71.58 0 2 8 4 0 0 0 0 0 3 184 1 1
1 32.08 4 1 13 4 1.5 0 0 0 1 2 120 1 0
1 41.17 4.04 2 13 8 7 1 1 8 0 2 320 1 1
1 35.25 16.5 1 8 4 4 1 0 0 0 2 80 1 0
1 48.33 12 2 7 4 16 1 0 0 0 1 110 1 1
1 44.25 11 1 2 4 1.5 1 0 0 0 1 0 1 0
1 32.25 14 1 1 1 0 0 1 2 0 2 160 2 0
0 37.33 2.5 2 3 8 0.21 0 0 0 0 2 260 247 0
0 22.67 0.75 2 8 4 2 0 1 2 1 2 200 395 0
1 31.92 4.46 2 13 8 6.04 1 1 3 0 2 311 301 1
0 25.08 2.54 1 6 4 0.25 1 0 0 1 2 370 1 1
0 41.58 1.04 2 6 4 0.665 0 0 0 0 2 240 238 0
1 22.08 11 2 13 4 0.665 1 0 0 0 2 100 1 1
0 18.57 10 2 2 4 0.415 0 0 0 0 2 80 43 0
1 29.42 1.25 2 8 8 0.25 0 1 2 1 2 400 109 0
0 22.42 11.25 1 14 8 0.75 1 1 4 0 2 0 322 1
0 19.67 0.21 2 11 8 0.29 1 1 11 0 2 80 100 1
0 47.42 3 2 14 4 13.875 1 1 2 1 2 519 1705 1
0 25 12.33 2 13 8 3.5 1 1 6 0 2 400 459 1
1 23.58 0.46 1 9 4 2.625 1 1 6 1 2 208 348 0
1 37.5 1.75 1 8 5 0.25 1 0 0 1 2 164 401 0
1 42.75 4.08 2 6 4 0.04 0 0 0 0 2 108 101 0
0 15.83 0.58 2 8 8 1.5 1 1 2 0 2 100 1 1
0 30 5.29 2 10 2 2.25 1 1 5 1 2 99 501 1
0 58.67 4.46 2 11 8 3.04 1 1 6 0 2 43 561 1
1 24.42 12.33 2 11 8 1.585 1 0 0 1 2 120 1 1
1 55.92 11.5 2 1 1 5 1 1 5 0 2 0 8852 1
0 42.25 1.75 1 8 4 0 0 0 0 1 2 150 2 0
1 21.5 9.75 2 8 4 0.25 1 0 0 0 2 140 1 0
0 15.75 0.37 2 8 4 1 0 0 0 0 2 120 19 0
0 27.17 1.25 2 1 1 0 0 1 1 0 2 92 301 0
0 26.5 2.71 1 8 4 0.085 0 0 0 0 1 80 1 0
1 27.75 0.58 1 13 4 0.25 1 1 2 0 2 260 501 1
1 29.5 0.57 2 9 4 0.29 0 1 1 0 2 340 2804 0
1 18.82 3.54 1 1 1 0 0 0 0 1 2 180 2 0
0 33.67 0.37 2 13 4 0.375 0 0 0 0 2 300 45 1
0 40.33 7.54 1 11 8 8 1 1 14 0 2 0 2301 1
1 33.5 1.75 2 14 8 4.5 1 1 4 1 2 253 858 1
0 35.17 3.75 2 1 1 0 0 1 6 0 2 0 201 0
1 33.75 2.75 2 3 5 0 0 0 0 0 2 180 1 0
0 58.33 10 2 11 4 4 1 1 14 0 2 0 1603 1
0 34.83 1.25 1 3 8 0.5 0 0 0 1 2 160 1 0
1 33.67 2.16 2 8 4 1.5 0 0 0 0 3 120 1 0
0 23.25 5.87 2 11 4 3.17 1 1 10 0 2 120 246 1
0 27.17 1.25 2 1 1 0 0 1 1 0 2 92 301 0
0 40.83 10 2 11 8 1.75 1 0 0 0 2 29 838 1
1 34.83 4 2 2 5 12.5 1 0 0 1 2 184 1 0
0 42.25 1.75 1 8 4 0 0 0 0 1 2 150 2 0
1 48.58 6.5 2 11 8 6 1 0 0 1 2 350 1 1
1 69.17 9 2 1 1 4 0 1 1 0 2 70 7 0
1 21.83 11 2 14 4 0.29 1 1 6 0 2 121 1 1
1 23.25 1 2 8 4 0.835 1 0 0 0 1 300 1 1
1 19 0 1 1 1 0 0 1 4 0 2 45 2 0
1 17.07 0.08 1 8 4 0.04 0 0 0 0 2 140 723 0
0 18.82 4.41 1 8 8 3 1 0 0 0 2 240 1 1
1 31.58 0.75 1 6 4 3.5 0 0 0 1 2 320 1 0
1.234 22.08 11.46 2 4 4 1.585 0 0 0 1 2 100 1213 0
0 16.07 0.33 2 1 1 0 0 1 1 0 2 160 127 0
1 40.58 1.5 2 3 5 0 0 0 0 0 1 300 1 0
1 29.67 1.41 2 9 8 0.75 1 1 1 0 2 240 101 1
1 41.17 1.25 1 9 4 0.25 0 0 0 0 2 0 196 0
0 28.58 1.66 2 11 4 2.415 1 0 0 1 2 440 1 0
1 36.17 0.42 1 9 4 0.29 0 0 0 1 2 309 3 0
0 18.42 9.25 2 11 4 1.21 1 1 4 0 2 60 541 1
1 54.83 15.5 2 10 9 0 1 1 20 0 2 152 131 0
1 34.92 2.5 2 9 4 0 1 0 0 1 2 239 201 1
1 43 0.28 1 13 8 1.75 1 1 8 0 2 100 376 1
1 20.07 0.25 2 11 4 0.125 0 0 0 0 2 200 1 0
0 40.83 10 2 11 8 1.75 1 0 0 0 2 29 838 1
1 25.25 1 2 6 4 0.5 0 0 0 0 2 200 1 0
1 21 3 1 2 4 1.085 1 1 8 1 2 160 2 1
1 39.33 5.87 2 13 8 10 1 1 14 1 2 399 1 1
1 22.67 0.75 2 3 4 1.585 0 1 1 1 2 400 10 0
1 36.17 0.42 1 9 4 0.29 0 0 0 1 2 309 3 0
1 24.42 12.33 2 11 8 1.585 1 0 0 1 2 120 1 1
1 41.92 0.42 2 8 8 0.21 1 1 6 0 2 220 949 1
1 36.33 2.12 1 9 4 0.085 1 1 1 0 2 50 1188 1
1 37.58 0 2 8 4 0 0 0 0 0 3 184 1 1
0 20.07 1.25 2 8 4 0 0 0 0 0 2 0 1 0
0 33.25 2.5 1 8 4 2.5 0 0 0 1 2 0 3 0
1 80.25 5.5 2 8 4 0.54 1 0 0 0 2 0 341 0
0 18.82 9.5 2 9 4 1.625 1 1 6 1 2 40 601 1
1 57.83 7.04 2 7 4 14 1 1 6 1 2 360 1333 1
1 33.75 2.75 2 3 5 0 0 0 0 0 2 180 1 0
0 27.58 3 2 7 4 2.79 0 1 1 1 2 280 11 0
0 23.58 0.83 2 11 4 0.415 0 1 1 1 2 200 12 0
1 36.67 2 2 3 4 0.25 0 0 0 1 2 221 1 0
1 56.75 12.25 2 7 4 1.25 1 1 4 1 2 200 1 1
1 35.75 2.41 2 9 4 0.125 0 1 2 0 2 220 2 0
1 32.25 14 1 1 1 0 0 1 2 0 2 160 2 0
0 25.08 2.54 1 6 4 0.25 1 0 0 1 2 370 1 1
0 19.17 5.41 2 3 8 0.29 0 0 0 0 2 80 485 0
1 25.5 0.37 2 7 4 0.25 1 1 3 0 2 260 15109 1
1 34.25 1.75 2 9 5 0.25 1 0 0 1 2 163 1 0
1 48.33 12 2 7 4 16 1 0 0 0 1 110 1 1
1 23.08 2.5 2 1 1 0.085 0 0 0 1 2 100 4209 0
1 19.17 4 1 3 4 1 0 0 0 1 2 360 1001 0
1 22 7.83 1 3 5 0.165 0 0 0 1 2 184 1 0
0 27.67 2.04 2 9 4 0.25 0 0 0 1 2 180 51 0
1 39.17 2.5 1 3 8 10 0 0 0 1 1 200 1 0
0 22.67 0.79 2 3 4 0.085 0 0 0 0 2 144 1 0
1 20.42 1.08 2 11 4 1.5 0 0 0 0 2 108 8 0
1 44 2 2 7 4 1.75 1 1 2 1 2 0 16 1
1 29.25 14.79 2 6 4 5.04 1 1 5 1 2 168 1 1
1 18.07 5.5 2 4 4 0.5 1 0 0 0 2 80 1 1
0 49 1.5 2 5 3 0 1 0 0 1 2 100 28 0
1 19.67 0.37 2 11 4 2 1 1 2 1 2 80 1 1
1 23.58 0.46 1 9 4 2.625 1 1 6 1 2 208 348 0
0 22.67 0.79 2 3 4 0.085 0 0 0 0 2 144 1 0
1 73.42 17.75 2 1 1 0 1 0 0 1 2 0 1 1
1 74.83 19 1 1 1 0.04 0 1 2 0 2 0 352 0
1 62.75 7 2 10 9 0 0 0 0 0 2 0 13 0
1 28.25 5.12 2 14 4 4.75 1 1 2 0 2 420 8 1
1 60.08 14.5 2 1 1 18 1 1 15 1 2 0 1001 1
0 22.25 1.25 1 1 1 3.25 0 0 0 0 2 280 1 0
1 57.42 8.5 2 10 8 7 1 1 3 0 2 0 1 1
1 28 3 2 9 4 0.75 0 0 0 1 2 300 68 0
0 30 5.29 2 10 2 2.25 1 1 5 1 2 99 501 1
1 27.83 1 1 2 8 3 0 0 0 0 2 176 538 0
1 21.5 9.75 2 8 4 0.25 1 0 0 0 2 140 1 0
0 50.25 0.83 2 6 4 0.5 0 0 0 1 2 240 118 0
1 54.42 0.5 1 4 8 3.96 1 0 0 0 2 180 315 1
1 25 11.25 2 8 4 2.5 1 1 17 0 2 200 1209 1
1 51.83 3 1 1 1 1.5 0 0 0 0 2 180 5 0
1 21.33 7.5 2 6 4 1.415 1 1 1 0 2 80 9801 1
1 18.5 2 2 3 4 1.5 1 1 2 0 2 120 301 1
0 40.83 3.5 2 3 5 0.5 0 0 0 0 1 1160 1 0
1 21.92 0.5 2 8 4 0.125 0 0 0 0 2 360 1 0
0 46.67 0.46 2 13 8 0.415 1 1 11 1 2 440 7 1
0 36.58 0.28 2 1 1 0 0 1 10 0 2 200 19 0
1 65.42 11 2 10 9 20 1 1 7 1 2 22 1 1
1 20.17 9.25 2 8 4 1.665 1 1 3 1 2 40 29 1
1 34 5.5 1 8 4 1.5 0 0 0 1 2 60 1 0
1 34.17 2.75 2 3 5 2.5 0 0 0 1 2 232 201 0
0 47.42 8 2 10 5 6.5 1 1 6 0 2 375 51101 1
1 19.67 10 1 4 8 0.835 1 0 0 1 2 140 1 0
1 31.08 3.08 2 8 4 2.5 0 1 2 1 2 160 42 0
1 25.42 0.54 2 9 4 0.165 0 1 1 0 2 272 445 0
1 47.33 6.5 2 8 4 1 0 0 0 1 2 0 229 0
0 22.67 0.33 2 11 4 0.75 0 0 0 0 1 160 1 0
1 42.75 4.08 2 6 4 0.04 0 0 0 0 2 108 101 0
0 28.17 0.37 2 11 4 0.585 1 1 4 0 2 80 1 1
1 59.67 1.54 2 11 4 0.125 1 0 0 1 2 260 1 1
1 19.17 0 1 7 5 0 0 0 0 1 1 500 2 1
1 43.08 0.37 1 8 4 0.375 1 1 8 1 2 300 163 1
1 25.67 2.21 1 6 4 4 1 0 0 0 2 188 1 0
0 36.75 5.12 2 10 4 5 1 0 0 1 2 0 4001 1
1 33.17 3.04 1 8 8 2.04 1 1 1 1 2 180 18028 1
1 51.42 0.04 2 14 8 0.04 1 0 0 0 2 0 3001 1
1 42 0.2 2 3 8 5.125 1 0 0 0 2 400 1 1
1 43.17 5 2 3 5 2.25 0 0 0 1 2 141 1 0
0 31.57 3.5 2 2 4 3 1 0 0 1 2 300 1 0
1 28.33 5 2 9 4 11 1 0 0 1 2 70 1 1
0 46 4 2 5 3 0 1 0 0 0 2 100 961 1
1 48.08 6.04 2 4 4 0.04 0 0 0 0 2 0 2691 1
0 17.92 10.21 2 1 1 0 0 0 0 0 2 0 51 0
1 36.33 2.12 1 9 4 0.085 1 1 1 0 2 50 1188 1
1 31.57 0.62 2 4 4 0.25 0 0 0 0 2 380 2011 0
1 25.67 2.21 1 6 4 4 1 0 0 0 2 188 1 0
1 30.17 0.5 2 8 4 1.75 1 1 11 0 2 32 541 1
0 24.92 1.25 2 1 1 0 1 0 0 0 2 80 1 0
1 34.42 4.25 2 3 5 3.25 1 1 2 0 2 274 611 1
1 33.17 3.16 1 14 4 3.165 1 1 3 1 2 380 1 1
1 35.25 16.5 1 8 4 4 1 0 0 0 2 80 1 0
1 37.5 0.83 2 10 4 0.04 0 0 0 0 2 120 6 0
1 19.32 10.91 2 8 5 0.585 0 1 2 1 2 200 8 0
0 38.25 6 2 4 4 1 1 0 0 1 2 0 1 1
1 28 3 2 9 4 0.75 0 0 0 1 2 300 68 0
0 32.33 0.54 2 13 4 0.04 1 0 0 0 2 440 11178 1
1 19.67 10 1 4 8 0.835 1 0 0 1 2 140 1 0
1 42 0.2 2 3 8 5.125 1 0 0 0 2 400 1 1
0 58.33 10 2 11 4 4 1 1 14 0 2 0 1603 1
1 18.82 0 2 11 4 0.665 0 0 0 0 2 160 2 0
1 23 0.75 2 7 4 0.5 1 0 0 1 1 320 1 0
0 52.5 7 2 6 8 3 0 0 0 0 2 0 1 0
1 26.17 0.25 2 3 5 0 1 0 0 1 2 0 1 1
0 28.5 1 2 11 4 1 1 1 2 1 2 167 501 0
1 25.25 1 2 6 4 0.5 0 0 0 0 2 200 1 0
0 23.42 0.79 1 11 4 1.5 1 1 2 1 2 80 401 1
0 19.17 0.58 1 6 4 0.585 1 0 0 1 2 160 1 0
1 33.58 2.75 2 7 4 4.25 1 1 6 0 2 204 1 1
0 24.08 0.5 2 11 8 1.25 1 1 1 0 2 0 679 1
0 22.67 0.79 2 3 4 0.085 0 0 0 0 2 144 1 0
0 22.25 1.25 1 1 1 3.25 0 0 0 0 2 280 1 0
1 29.92 1.83 2 8 8 4.335 1 0 0 0 2 260 201 1
1 34.42 4.25 2 3 5 3.25 1 1 2 0 2 274 611 1
1 24.17 0.87 2 11 4 4.625 1 1 2 1 2 520 2001 1
1 17.07 3.29 2 3 4 0.335 0 0 0 1 2 140 3 0
1 16.92 0.33 1 4 4 0.29 0 0 0 0 1 200 1 0
1 36.33 3.79 2 9 4 1.165 1 0 0 1 2 200 1 0
0 33.25 2.5 1 8 4 2.5 0 0 0 1 2 0 3 0
1 19.17 4 1 3 4 1 0 0 0 1 2 360 1001 0
1 38.25 10.12 1 4 4 0.125 0 0 0 0 2 160 1 0
0 28.08 15 1 10 9 0 1 0 0 0 2 0 13213 1
1 23.25 12.62 2 8 4 0.125 0 1 2 0 2 0 5553 0
1 24.17 0.87 2 11 4 4.625 1 1 2 1 2 520 2001 1
0 26.08 8.66 2 6 4 1.415 1 0 0 0 2 160 151 1
0 21.67 11.5 1 5 3 0 1 1 11 1 2 0 1 1
1 36.17 5.5 2 3 5 5 0 0 0 0 2 210 688 0
0 29.5 2 1 10 8 2 0 0 0 0 2 256 18 0
0 39.08 4 2 8 4 3 0 0 0 0 2 480 1 0
0 52.17 0 1 1 1 0 0 0 0 0 2 0 1 0
0 22.42 5.66 2 11 4 2.585 1 1 7 0 2 129 3258 1
0 49 1.5 2 5 3 0 1 0 0 1 2 100 28 0
1 23.92 0.66 2 8 4 0.165 0 0 0 0 2 100 1 1
1 33.58 0.33 1 13 4 0.085 0 0 0 0 2 180 1 0
1 52.33 1.37 1 8 8 9.46 1 0 0 1 2 200 101 0
1 42.75 3 2 3 5 1 1 0 0 0 2 0 201 0
0 20.42 0.83 2 11 4 1.585 1 1 1 0 2 0 1 1
0 26.5 2.71 1 8 4 0.085 0 0 0 0 1 80 1 0
1 26.75 4.5 1 8 5 2.5 0 0 0 0 2 200 1211 0
0 24.08 0.5 2 11 8 1.25 1 1 1 0 2 0 679 1
1 34.17 1.54 2 13 4 1.54 1 1 1 1 2 520 50001 1
1 34.92 2.5 2 9 4 0 1 0 0 1 2 239 201 1
0 20.32 10 2 8 8 1 1 1 4 0 2 50 1466 1
1 29.58 4.5 2 9 4 7.5 1 1 2 1 2 330 1 1
1 34.25 1.75 2 9 5 0.25 1 0 0 1 2 163 1 0
1 33.17 3.16 1 14 4 3.165 1 1 3 1 2 380 1 1
1 18.17 2.46 2 8 7 0.96 0 1 2 1 2 160 588 0
1 56.42 28 1 8 4 28.5 1 1 40 0 2 0 16 1
1 20.67 5.29 2 11 4 0.375 1 1 1 0 2 160 1 0
1 41.5 1.54 2 3 5 3.5 0 0 0 0 2 216 1 1
1 18.82 0.41 1 8 4 0.165 0 1 1 0 2 200 2 0
1 27.83 1.5 2 9 4 2.25 0 1 1 1 2 100 4 0
0 16.32 0.21 2 6 4 0.125 0 0 0 0 2 200 2 0
1 22.08 0.83 2 8 8 2.165 0 0 0 1 2 128 1 1
1 39.42 1.71 1 7 4 0.165 0 0 0 0 1 400 1 0
0 28.75 3.75 2 8 4 1.085 1 1 1 1 2 371 1 1
1 39.92 6.21 2 11 4 0.04 1 1 1 0 2 200 301 1
1 27.58 2.04 1 6 4 2 1 1 3 1 2 370 561 1
1 21.58 0.79 1 13 4 0.665 0 0 0 0 2 160 1 0
1 32.92 2.5 2 6 4 1.75 0 1 2 1 2 720 1 0
1 48.75 26.33 1 1 1 0 1 0 0 1 2 0 1 0
0 24.75 13.66 2 11 8 1.5 0 0 0 0 2 280 2 0
1 20.67 1.25 1 8 8 1.375 1 1 3 1 2 140 211 0
1 41.42 5 2 11 8 5 1 1 6 1 2 470 1 1
1 27.58 3.25 1 11 8 5.085 0 1 2 1 2 369 2 0
0 22.25 1.25 1 1 1 3.25 0 0 0 0 2 280 1 0
0 41 2.04 1 11 8 0.125 1 1 23 1 2 455 1237 1
1 27.83 1.5 2 9 4 2.25 0 1 1 1 2 100 4 0
1 51.83 2.04 1 1 1 1.5 0 0 0 0 2 120 2 0
1 43.17 2.25 2 3 5 0.75 1 0 0 0 2 560 1 0
0 20.42 10.5 1 14 8 0 0 0 0 1 2 154 33 0
1 25.33 0.57 2 8 4 0.29 1 1 7 1 2 96 5125 1
1 48.17 3.5 2 6 4 3.5 1 0 0 0 1 230 1 1
1 26.17 0.83 2 13 4 1.165 0 0 0 0 2 100 1 0
1 23 0.62 1 6 4 0.125 1 0 0 0 2 180 2 0
1 29.83 3.5 2 8 4 0.165 0 0 0 0 2 216 1 0
0 40.33 7.54 1 11 8 8 1 1 14 0 2 0 2301 1
1 25.67 0.28 1 8 4 1.5 0 0 0 1 2 160 1 0
1 21 4.79 1 9 4 2.25 1 1 1 1 2 80 301 1
1 30.17 6.5 2 13 4 3.125 1 1 8 0 2 330 1201 1
1 18.82 0 2 11 4 0.665 0 0 0 0 2 160 2 0
1 24.5 13.33 1 6 4 0.04 0 0 0 1 2 120 476 0
1 40.92 0.5 1 7 4 0.5 0 0 0 1 2 130 1 0
0 22.58 10.75 2 11 4 0.415 1 1 5 1 2 0 561 1
0 23.25 5.87 2 11 4 3.17 1 1 10 0 2 120 246 1
1 27.25 0.62 2 6 4 0.455 1 0 0 1 2 200 1 0
0 22.92 1.25 2 11 4 0.25 0 0 0 1 2 120 810 0
1 51.83 2.04 1 1 1 1.5 0 0 0 0 2 120 2 0
1 26.92 2.25 2 3 5 0.5 0 0 0 1 2 640 4001 0
1 19.17 4 1 3 4 1 0 0 0 1 2 360 1001 0
1 31.25 1.12 2 1 1 0 0 1 1 0 2 96 20 0
0 47.75 8 2 8 4 7.875 1 1 6 1 2 0 1261 1
1 42.17 5.04 2 11 8 12.75 1 0 0 1 2 92 1 1
1 40.58 1.5 2 3 5 0 0 0 0 0 1 300 1 0
0 49.83 13.58 2 4 8 8.5 1 0 0 1 2 0 1 1
1 33.17 1.04 2 12 8 6.5 1 0 0 1 2 164 31286 1
1.234 22.08 11.46 2 4 4 1.585 0 0 0 1 2 100 1213 0
1 20.42 7 2 8 4 1.625 1 1 3 0 2 200 1392 1
0 28.17 0.37 2 11 4 0.585 1 1 4 0 2 80 1 1
1 35.17 4.5 2 14 8 5.75 0 0 0 1 1 711 1 1
1 40.58 5 2 8 4 5 1 1 7 0 2 0 3066 1
1 26.67 2.71 1 13 4 5.25 1 1 1 0 2 211 1 1
0 51.92 6.5 2 3 5 3.085 0 0 0 1 2 73 1 0
0 22.92 11.58 2 13 4 0.04 1 0 0 0 2 80 1350 1
1 22.67 1.58 1 9 4 3.085 1 1 6 0 2 80 1 1
1 33.17 1.04 2 12 8 6.5 1 0 0 1 2 164 31286 1
1 54.42 0.5 1 4 8 3.96 1 0 0 0 2 180 315 1
0 16.32 0.21 2 6 4 0.125 0 0 0 0 2 200 2 0
1 37.42 2.04 2 9 4 0.04 1 0 0 1 2 400 5801 1
1 27 1.5 1 9 4 0.375 1 0 0 1 2 260 1066 1
0 39.08 4 2 8 4 3 0 0 0 0 2 480 1 0
1 29.42 1.25 2 8 8 0.25 0 1 2 1 2 400 109 0
1 20 11.04 2 8 4 2 0 0 0 1 2 136 1 0
0 21.5 6 2 6 4 2.5 1 1 3 0 2 80 919 1
0 18.82 9.53 2 6 4 0.085 1 0 0 0 2 100 1 1
0 49.83 13.58 2 4 8 8.5 1 0 0 1 2 0 1 1
1 16 3.12 2 9 4 0.085 0 1 1 0 2 0 7 0
0 23.58 0.83 2 11 4 0.415 0 1 1 1 2 200 12 0
1 25.17 3 2 8 4 1.25 0 1 1 0 2 0 23 0
0 21.5 6 2 6 4 2.5 1 1 3 0 2 80 919 1
1 37.42 2.04 2 9 4 0.04 1 0 0 1 2 400 5801 1
1 34.42 1.33 2 3 5 0.125 0 0 0 1 2 440 4501 0
1 27.67 0.75 2 11 8 0.165 0 0 0 1 2 220 252 0
1 22.75 11 2 11 4 2.5 1 1 7 1 2 100 810 1
1 27.58 2.04 1 6 4 2 1 1 3 1 2 370 561 1
1 22 7.83 1 3 5 0.165 0 0 0 1 2 184 1 0
0 21.75 1.75 1 5 3 0 0 0 0 0 2 160 1 0
0 35.17 3.75 2 1 1 0 0 1 6 0 2 0 201 0
0 36.58 0.28 2 1 1 0 0 1 10 0 2 200 19 0
1 48.75 26.33 1 1 1 0 1 0 0 1 2 0 1 0
1 26 1 2 11 4 1.75 1 0 0 1 2 280 1 1
1 28.75 1.16 2 4 4 0.5 1 0 0 0 1 280 1 0
0 36.75 4.71 2 1 1 0 0 0 0 0 2 160 1 0
1 22.67 0.16 2 8 3 2.25 0 0 0 1 1 0 1 1
0 17.92 0.54 2 8 4 1.75 0 1 1 1 2 80 6 0
1 19.67 10 1 4 8 0.835 1 0 0 1 2 140 1 0
1 31.57 5 1 6 4 8.5 1 0 0 0 2 0 1 0
1 37.33 2.66 2 13 4 0.165 0 0 0 1 2 0 502 0
1 37.33 2.66 2 13 4 0.165 0 0 0 1 2 0 502 0
1 23.08 2.5 2 1 1 0.085 0 0 0 1 2 100 4209 0
1 47.67 2.5 2 7 5 2.5 1 1 12 1 2 410 2511 1
0 28.58 1.66 2 11 4 2.415 1 0 0 1 2 440 1 0
1 39.5 1.62 2 8 4 1.5 0 0 0 0 2 0 317 0
0 20.07 0.12 2 11 4 1 0 1 1 0 2 240 769 1
1 42 0.2 2 3 8 5.125 1 0 0 0 2 400 1 1
1 20 11.04 2 8 4 2 0 0 0 1 2 136 1 0

