1 52.5 6.5 2 4 4 6.29 1 1 15 0 2 0 11203 1
1 20.67 0.83 1 8 4 2 0 0 0 1 1 240 1 0
1 22.25 0.46 2 4 4 0.125 0 0 0 1 2 280 56 0
0 23.58 11.5 1 4 8 3 0 0 0 1 2 20 17 0
1 22.17 0.58 1 1 1 0 0 0 0 0 2 100 1 0
1 23.25 4 2 8 5 0.25 1 0 0 1 2 160 1 1
1 35.25 16.5 1 8 4 4 1 0 0 0 2 80 1 0
0 42.25 1.75 1 8 4 0 0 0 0 1 2 150 2 0
1 31.57 3 1 3 5 7 0 0 0 0 2 0 2 0
1 36.25 5 2 8 5 2.5 1 1 6 0 2 0 368 1
1 25.75 0.75 2 8 5 0.25 1 0 0 0 2 349 24 1
1 43 0.28 1 13 8 1.75 1 1 8 0 2 100 376 1
0 45 4.58 2 4 8 1 0 0 0 1 1 240 1 0
1 22.17 0.58 1 1 1 0 0 0 0 0 2 100 1 0
1 24.58 12.5 2 9 4 0.875 1 0 0 1 2 260 1 0
0 21.75 1.75 1 5 3 0 0 0 0 0 2 160 1 0
1 30.75 1.58 2 2 4 0.585 0 0 0 1 1 0 1 0
1 33.58 2.75 2 7 4 4.25 1 1 6 0 2 204 1 1
0 42.25 1.75 1 8 4 0 0 0 0 1 2 150 2 0
1 23.92 0.58 1 13 8 0.125 0 0 0 0 2 240 2 0
0 19.5 0.16 2 11 4 0.04 0 0 0 1 2 380 1 0
1 39 5 2 13 4 3.5 1 1 10 1 2 0 1 1
0 47.42 8 2 10 5 6.5 1 1 6 0 2 375 51101 1
0 22.92 1.25 2 11 4 0.25 0 0 0 1 2 120 810 0
1 23.75 12 2 8 4 2.085 0 0 0 0 1 80 1 0
0 40.33 7.54 1 11 8 8 1 1 14 0 2 0 2301 1
1 31.83 2.5 2 6 4 7.5 1 0 0 1 2 523 1 0
1 26.17 12.5 1 4 8 1.25 0 0 0 1 2 0 18 0
0 27.25 0.28 2 7 8 0.125 0 1 1 1 2 272 109 0
1 45 8.5 2 13 8 14 1 1 1 1 2 88 2001 1
0 28.58 1.66 2 11 4 2.415 1 0 0 1 2 440 1 0
1 40 6.5 2 6 5 3.5 1 1 1 0 2 0 501 1
1 34.17 1.54 2 13 4 1.54 1 1 1 1 2 520 50001 1
0 28.42 3.5 2 9 4 0.835 1 0 0 0 1 280 1 1
0 25.25 13.5 1 1 1 2 0 1 1 1 2 200 2 0
1 31.33 19.5 2 8 4 7 1 1 16 0 2 0 5001 1
1 23.25 12.62 2 8 4 0.125 0 1 2 0 2 0 5553 0
1 19 1.75 1 8 4 2.335 0 0 0 1 2 112 7 0
1 21.92 0.5 2 8 4 0.125 0 0 0 0 2 360 1 0
1 33.67 1.25 2 9 4 1.165 0 0 0 0 2 120 1 0
1 20.42 0 2 8 4 0 0 0 0 0 3 184 1 0
1 36.17 0.42 1 9 4 0.29 0 0 0 1 2 309 3 0
1 51.42 0.04 2 14 8 0.04 1 0 0 0 2 0 3001 1
0 18.82 4.41 1 8 8 3 1 0 0 0 2 240 1 1
1 28.25 5.12 2 14 4 4.75 1 1 2 0 2 420 8 1
1 54.33 6.75 2 8 8 2.625 1 1 11 1 2 0 285 1
0 40.33 7.54 1 11 8 8 1 1 14 0 2 0 2301 1
1 32.25 14 1 1 1 0 0 1 2 0 2 160 2 0
1 34.17 1.54 2 13 4 1.54 1 1 1 1 2 520 50001 1
0 20.07 1.25 2 8 4 0 0 0 0 0 2 0 1 0
1 32.83 2.5 2 13 8 2.75 1 1 6 0 2 160 2073 1
0 40.33 7.54 1 11 8 8 1 1 14 0 2 0 2301 1
0 22.25 1.25 1 1 1 3.25 0 0 0 0 2 280 1 0
1 21.33 7.5 2 6 4 1.415 1 1 1 0 2 80 9801 1
1 31.57 0.5 2 8 5 0.835 1 0 0 1 1 320 1 0
1 21.92 0.54 1 14 4 0.04 1 1 1 1 2 840 60 1
0 23.75 0.71 2 9 4 0.25 0 1 1 1 2 240 5 0
1 44.25 0.5 2 7 4 10.75 1 0 0 0 1 400 1 0
0 34.83 1.25 1 3 8 0.5 0 0 0 1 2 160 1 0
0 27.67 1.5 2 7 4 2 1 0 0 0 1 368 1 0
0 28.5 3.04 1 14 8 2.54 1 1 1 0 2 70 1 1
0 22.67 0.79 2 3 4 0.085 0 0 0 0 2 144 1 0
1 27.25 1.66 2 13 8 5.085 1 1 9 0 2 399 828 1
0 16 0.16 2 6 4 1 0 1 2 1 2 320 2 0
0 37.75 5.5 2 11 4 0.125 1 0 0 1 2 228 1 1
1 43.25 25.21 2 11 8 0.21 1 1 1 0 2 760 91 0
0 23.42 0.79 1 11 4 1.5 1 1 2 1 2 80 401 1
0 40.83 3.5 2 3 5 0.5 0 0 0 0 1 1160 1 0
0 18.75 7.5 2 11 4 2.71 1 1 5 0 2 184 26727 1
1 29.83 3.5 2 8 4 0.165 0 0 0 0 2 216 1 0
0 52.17 0 1 1 1 0 0 0 0 0 2 0 1 0
1 18.5 2 2 3 4 1.5 1 1 2 0 2 120 301 1
1 40.58 1.5 2 3 5 0 0 0 0 0 1 300 1 0
1 26 1 2 11 4 1.75 1 0 0 1 2 280 1 1
1 23.92 0.58 1 13 8 0.125 0 0 0 0 2 240 2 0
0 36.75 5.12 2 10 4 5 1 0 0 1 2 0 4001 1
0 29.5 1.08 1 14 4 1 0 0 0 0 2 280 14 0
1 22 0.79 2 9 4 0.29 0 1 1 0 2 420 284 0
1 22.67 0.16 2 8 3 2.25 0 0 0 1 1 0 1 1
1 69.17 9 2 1 1 4 0 1 1 0 2 70 7 0
1 45 8.5 2 13 8 14 1 1 1 1 2 88 2001 1
1 21.08 10.08 1 10 8 1.25 0 0 0 0 2 260 1 0
1 29.25 14.79 2 6 4 5.04 1 1 5 1 2 168 1 1
1 33.17 3.04 1 8 8 2.04 1 1 1 1 2 180 18028 1
1 37.42 2.04 2 9 4 0.04 1 0 0 1 2 400 5801 1
1 22.67 0.75 2 3 4 1.585 0 1 1 1 2 400 10 0
0 30.42 1.37 2 9 8 0.04 0 1 3 0 2 0 34 0
1 25 12.5 2 6 4 3 1 0 0 1 1 20 1 1
1 31.57 3 1 3 5 7 0 0 0 0 2 0 2 0
1 25.75 0.75 2 8 5 0.25 1 0 0 0 2 349 24 1
1 42.83 4.62 2 11 4 4.58 1 0 0 0 1 0 1 1
1 37.33 6.5 2 7 8 4.25 1 1 12 1 2 93 1 1
1 33.58 2.75 2 7 4 4.25 1 1 6 0 2 204 1 1
1 38.42 0.7 2 8 4 0.375 0 1 2 0 2 225 501 0
1 26.67 1.75 1 8 4 1 1 1 5 1 2 160 5778 1
1 29.58 4.75 2 7 4 2 0 1 1 1 2 460 69 0
0 31.57 11.25 2 1 1 0 0 0 0 0 2 184 5201 0
1 25.08 1.71 2 14 4 1.665 1 1 1 1 2 395 21 1
0 17.92 10.21 2 1 1 0 0 0 0 0 2 0 51 0
0 19.17 5.41 2 3 8 0.29 0 0 0 0 2 80 485 0
0 44.17 6.66 2 11 4 7.375 1 1 3 1 2 0 1 1
1 22.08 11 2 13 4 0.665 1 0 0 0 2 100 1 1
1 25.92 0.87 2 4 4 0.375 0 1 2 1 2 174 4 0
0 23 11.75 2 14 8 0.5 1 1 2 1 2 300 552 1
0 18.57 10 2 2 4 0.415 0 0 0 0 2 80 43 0
0 17.92 10.21 2 1 1 0 0 0 0 0 2 0 51 0
1 16.17 0.04 2 8 4 0.04 0 0 0 0 2 0 1 1
1 44.25 11 1 2 4 1.5 1 0 0 0 1 0 1 0
1 30.17 0.5 2 8 4 1.75 1 1 11 0 2 32 541 1
0 25.58 0 2 8 4 0 0 0 0 0 3 184 1 1
0 50.08 12.54 2 6 4 2.29 1 1 3 1 2 156 1 1
1 20.67 1.25 1 8 8 1.375 1 1 3 1 2 140 211 0
1 39.17 1.71 2 14 4 0.125 1 1 5 1 2 480 1 1
1 47.17 5.83 2 9 4 5.5 0 0 0 0 2 465 151 0
1 42.83 1.25 2 7 4 13.875 0 1 1 1 2 352 113 0
1 30.58 2.71 1 7 4 0.125 0 0 0 1 1 80 1 0
1 57.83 7.04 2 7 4 14 1 1 6 1 2 360 1333 1
1 37.5 1.12 1 2 4 1.5 0 0 0 1 2 431 1 1
1 21.25 1.5 2 9 4 1.5 0 0 0 0 2 150 9 1
1 32.33 3.5 2 4 4 0.5 0 0 0 1 2 232 1 0
1 26.75 2 2 2 4 0.75 0 0 0 1 2 80 1 0
1 20.67 0.83 1 8 4 2 0 0 0 1 1 240 1 0
1 25.42 0.54 2 9 4 0.165 0 1 1 0 2 272 445 0
0 51.92 6.5 2 3 5 3.085 0 0 0 1 2 73 1 0
1 24.58 1.25 2 8 4 0.25 0 0 0 0 2 110 1 0
1 23.5 3.16 1 4 4 0.415 0 1 1 1 2 280 81 0
1 15.17 7 2 10 4 1 0 0 0 0 2 600 1 0
0 32.33 0.54 2 13 4 0.04 1 0 0 0 2 440 11178 1
1 26.92 2.25 2 3 5 0.5 0 0 0 1 2 640 4001 0
1 31.08 3.08 2 8 4 2.5 0 1 2 1 2 160 42 0
1 39 5 2 13 4 3.5 1 1 10 1 2 0 1 1
1 28.58 3.62 2 6 4 0.25 0 0 0 1 2 100 1 0
0 16.5 1.25 2 11 4 0.25 0 1 1 0 2 108 99 0
0 45.83 10.5 2 11 4 5 1 1 7 1 2 0 1 1
1 52.33 1.37 1 8 8 9.46 1 0 0 1 2 200 101 0
1 25.5 0.37 2 7 4 0.25 1 1 3 0 2 260 15109 1
1 44.25 11 1 2 4 1.5 1 0 0 0 1 0 1 0
1 40 6.5 2 6 5 3.5 1 1 1 0 2 0 501 1
1 54.42 0.5 1 4 8 3.96 1 0 0 0 2 180 315 1
1 40.58 5 2 8 4 5 1 1 7 0 2 0 3066 1
1 26.75 2 2 2 4 0.75 0 0 0 1 2 80 1 0
1 43.25 3 2 11 8 6 1 1 11 0 2 80 1 1
1 33.58 0.33 1 13 4 0.085 0 0 0 0 2 180 1 0
0 30.58 10.66 2 11 8 0.085 0 1 12 1 2 129 4 0
1 20.17 9.25 2 8 4 1.665 1 1 3 1 2 40 29 1
0 19.17 5.41 2 3 8 0.29 0 0 0 0 2 80 485 0
1 62.75 7 2 10 9 0 0 0 0 0 2 0 13 0
1 44.33 0.5 2 3 8 5 1 0 0 1 2 320 1 1
1 28 3 2 9 4 0.75 0 0 0 1 2 300 68 0
1 23.5 3.16 1 4 4 0.415 0 1 1 1 2 280 81 0
1 29.67 1.41 2 9 8 0.75 1 1 1 0 2 240 101 1
1 34.83 2.5 1 9 4 3 0 0 0 0 1 200 1 0
1 22.58 10.03 2 14 4 0.04 1 1 9 0 2 60 397 1
1 16.92 0.33 1 4 4 0.29 0 0 0 0 1 200 1 0
0 21.75 1.75 1 5 3 0 0 0 0 0 2 160 1 0
1 44.25 0.5 2 7 4 10.75 1 0 0 0 1 400 1 0
0 36.58 0.28 2 1 1 0 0 1 10 0 2 200 19 0
1 48.33 12 2 7 4 16 1 0 0 0 1 110 1 1
0 24.08 0.5 2 11 8 1.25 1 1 1 0 2 0 679 1
1 18.17 2.46 2 8 7 0.96 0 1 2 1 2 160 588 0
0 22.58 10.75 2 11 4 0.415 1 1 5 1 2 0 561 1
0 30.58 10.66 2 11 8 0.085 0 1 12 1 2 129 4 0
1 18.5 2 2 3 4 1.5 1 1 2 0 2 120 301 1
0 23 1.83 2 5 3 0 0 1 1 0 2 200 54 0
0 28.17 0.37 2 11 4 0.585 1 1 4 0 2 80 1 1
1 56 12.5 2 4 8 8 1 0 0 1 2 24 2029 1
0 33.08 1.62 2 2 4 0.54 0 0 0 1 2 0 1 0
0 20.75 9.53 2 3 4 0.04 0 0 0 0 2 200 1001 0
0 22.42 5.66 2 11 4 2.585 1 1 7 0 2 129 3258 1
1 34.75 15 2 12 7 5.375 1 1 9 1 2 0 135 1
0 31.75 3 1 5 3 0 0 0 0 0 2 160 21 0
1 36.5 4.25 2 11 4 3.5 0 0 0 0 2 454 51 0
1 29.5 0.57 2 9 4 0.29 0 1 1 0 2 340 2804 0
1 36.17 18.12 2 9 4 0.085 0 0 0 0 2 320 3553 0
0 47.42 8 2 10 5 6.5 1 1 6 0 2 375 51101 1
1 22.67 0.75 2 3 4 1.585 0 1 1 1 2 400 10 0
1 29.83 2.04 1 14 8 0.04 0 0 0 0 2 128 2 0
1 18.82 3.54 1 1 1 0 0 0 0 1 2 180 2 0
1 24.33 6.62 1 2 4 5.5 1 0 0 1 1 100 1 1
0 37.75 5.5 2 11 4 0.125 1 0 0 1 2 228 1 1
1 19.67 10 1 4 8 0.835 1 0 0 1 2 140 1 0
1 28.25 5.04 1 8 5 1.5 1 1 8 1 2 144 8 1
1 17.07 0.08 1 8 4 0.04 0 0 0 0 2 140 723 0
0 21.67 11.5 1 5 3 0 1 1 11 1 2 0 1 1
1 21.58 0.79 1 13 4 0.665 0 0 0 0 2 160 1 0
1 36.67 2 2 3 4 0.25 0 0 0 1 2 221 1 0
0 22.25 1.25 1 1 1 3.25 0 0 0 0 2 280 1 0
1 24.58 13.5 1 1 1 0 0 0 0 0 2 184 1 0
1 41 0.04 2 10 4 0.04 0 1 1 0 1 560 1 1
0 33.25 3 1 6 4 2 0 0 0 0 2 180 1 0
0 37.33 2.5 2 3 8 0.21 0 0 0 0 2 260 247 0
1 22.17 12.12 2 8 4 3.335 0 1 2 1 2 180 174 0
0 18.42 9.25 2 11 4 1.21 1 1 4 0 2 60 541 1
1 32.33 3.5 2 4 4 0.5 0 0 0 1 2 232 1 0
0 45.83 10.5 2 11 4 5 1 1 7 1 2 0 1 1
1 52.33 1.37 1 8 8 9.46 1 0 0 1 2 200 101 0
1 39.17 1.71 2 14 4 0.125 1 1 5 1 2 480 1 1
0 25.25 13.5 1 1 1 2 0 1 1 1 2 200 2 0
0 26.5 2.71 1 8 4 0.085 0 0 0 0 1 80 1 0
1 25 11.25 2 8 4 2.5 1 1 17 0 2 200 1209 1
1 27.25 0.62 2 6 4 0.455 1 0 0 1 2 200 1 0
1 21.67 1.16 1 4 4 2.5 1 1 1 0 2 180 21 0
1 37.5 0.83 2 10 4 0.04 0 0 0 0 2 120 6 0
1 22.67 1.58 1 9 4 3.085 1 1 6 0 2 80 1 1
0 71.58 0 2 8 4 0 0 0 0 0 3 184 1 1
1 22.08 0.83 2 8 8 2.165 0 0 0 1 2 128 1 1
0 29.5 2 1 10 8 2 0 0 0 0 2 256 18 0
1 21.5 9.75 2 8 4 0.25 1 0 0 0 2 140 1 0
1 74.83 19 1 1 1 0.04 0 1 2 0 2 0 352 0
1 22.67 1.58 1 9 4 3.085 1 1 6 0 2 80 1 1
1 22.67 2.54 1 8 8 2.585 1 0 0 0 2 0 1 1
1 34.17 1.54 2 13 4 1.54 1 1 1 1 2 520 50001 1
1 47.33 6.5 2 8 4 1 0 0 0 1 2 0 229 0
1 34.5 4.04 1 3 5 8.5 1 1 7 1 2 195 1 1
1 57.42 8.5 2 10 8 7 1 1 3 0 2 0 1 1
0 20.75 10.25 2 11 4 0.71 1 1 2 1 2 49 1 1
1 31.57 0.37 2 2 4 0.875 1 0 0 1 1 928 1 0
1 33.58 0.25 2 3 5 4 0 0 0 1 1 420 1 0
1 49.17 2.29 2 1 1 0.29 0 0 0 0 2 200 4 0
0 56.83 4.25 1 1 1 5 0 0 0 1 2 0 5 0
1 24.58 13.5 1 1 1 0 0 0 0 0 2 184 1 0
1 28.67 9.33 2 11 8 5.665 1 1 6 0 2 381 169 1
0 49.83 13.58 2 4 8 8.5 1 0 0 1 2 0 1 1
0 30.42 1.37 2 9 8 0.04 0 1 3 0 2 0 34 0
1 59.67 1.54 2 11 4 0.125 1 0 0 1 2 260 1 1
1 40.92 0.5 1 7 4 0.5 0 0 0 1 2 130 1 0
1 26.67 1.75 1 8 4 1 1 1 5 1 2 160 5778 1
1 30.17 6.5 2 13 4 3.125 1 1 8 0 2 330 1201 1
1 28.58 3.62 2 6 4 0.25 0 0 0 1 2 100 1 0
1 19 0 1 1 1 0 0 1 4 0 2 45 2 0
0 26.08 8.66 2 6 4 1.415 1 0 0 0 2 160 151 1
0 24.33 2.5 1 3 5 4.5 0 0 0 0 2 200 457 0
0 33.25 2.5 1 8 4 2.5 0 0 0 1 2 0 3 0
0 20.42 10.5 1 14 8 0 0 0 0 1 2 154 33 0
1 22.17 12.12 2 8 4 3.335 0 1 2 1 2 180 174 0
1 23.17 0 2 8 4 0 0 0 0 0 3 184 1 1
1 34.17 9.17 2 8 4 4.5 1 1 12 1 2 0 222 1
1 25.75 0.75 2 8 5 0.25 1 0 0 0 2 349 24 1
1 27.25 1.58 2 13 8 1.835 1 1 12 1 2 583 714 1
1 64.08 20 2 14 8 17.5 1 1 9 1 2 0 1001 1
1 69.17 9 2 1 1 4 0 1 1 0 2 70 7 0
1 33.67 1.25 2 9 4 1.165 0 0 0 0 2 120 1 0
1 25.67 0.28 1 8 4 1.5 0 0 0 1 2 160 1 0
0 35.17 3.75 2 1 1 0 0 1 6 0 2 0 201 0
1 22.17 0.58 1 1 1 0 0 0 0 0 2 100 1 0
0 37.75 5.5 2 11 4 0.125 1 0 0 1 2 228 1 1
1 51.83 3 1 1 1 1.5 0 0 0 0 2 180 5 0
0 25.42 1.12 2 11 4 1.29 1 1 2 0 2 200 1 0
1 32 1.75 1 10 8 0.04 1 0 0 1 2 393 1 1
1 25.25 1 2 6 4 0.5 0 0 0 0 2 200 1 0
1 19.42 1.5 1 13 4 2 1 0 0 1 2 100 21 0
1 26.92 2.25 2 3 5 0.5 0 0 0 1 2 640 4001 0
1 26.75 2 2 2 4 0.75 0 0 0 1 2 80 1 0
1 37.17 4 2 8 5 5 1 0 0 1 1 280 1 0
1 21.08 10.08 1 10 8 1.25 0 0 0 0 2 260 1 0
1 21.17 0.87 1 8 8 0.25 0 0 0 0 2 280 205 0
0 29.5 1.08 1 14 4 1 0 0 0 0 2 280 14 0
1 36.25 5 2 8 5 2.5 1 1 6 0 2 0 368 1
1 25 12.5 2 6 4 3 1 0 0 1 1 20 1 1
0 35.42 12 2 11 8 14 1 1 8 0 2 0 6591 1
1 22.67 0.75 2 3 4 1.585 0 1 1 1 2 400 10 0
1 26 1 2 11 4 1.75 1 0 0 1 2 280 1 1
1 33.58 2.75 2 7 4 4.25 1 1 6 0 2 204 1 1
1 18.5 2 2 3 4 1.5 1 1 2 0 2 120 301 1
0 20.75 9.53 2 3 4 0.04 0 0 0 0 2 200 1001 0
1 48.33 12 2 7 4 16 1 0 0 0 1 110 1 1
0 29.5 2 1 10 8 2 0 0 0 0 2 256 18 0
1 34 5.5 1 8 4 1.5 0 0 0 1 2 60 1 0
1 23.92 1.5 2 2 8 1.875 1 1 6 0 2 200 328 1
1 42.75 3 2 3 5 1 1 0 0 0 2 0 201 0
1 32.25 14 1 1 1 0 0 1 2 0 2 160 2 0
1 42.17 5.04 2 11 8 12.75 1 0 0 1 2 92 1 1
1 24.58 1.25 2 8 4 0.25 0 0 0 0 2 110 1 0
1 22.67 2.54 1 8 8 2.585 1 0 0 0 2 0 1 1
1 42.75 4.08 2 6 4 0.04 0 0 0 0 2 108 101 0
1 49.17 2.29 2 1 1 0.29 0 0 0 0 2 200 4 0
0 18.07 0.37 3 13 1 10 0 0 0 1 1 300 1 1
0 34.83 1.25 1 3 8 0.5 0 0 0 1 2 160 1 0
1 29.58 4.75 2 7 4 2 0 1 1 1 2 460 69 0
0 21.5 6 2 6 4 2.5 1 1 3 0 2 80 919 1
1 20 0 2 2 4 0.5 0 0 0 0 2 144 1 0
0 19.67 0.21 2 11 8 0.29 1 1 11 0 2 80 100 1
1 41.17 1.25 1 9 4 0.25 0 0 0 0 2 0 196 0
1 31.67 16.16 2 2 4 3 1 1 9 0 2 250 731 1
1 31.42 15.5 2 8 4 0.5 1 0 0 0 2 120 1 0
1 33.17 3.04 1 8 8 2.04 1 1 1 1 2 180 18028 1
0 20.67 1.83 2 11 4 2.085 1 1 5 0 2 220 2504 1
0 46 4 2 5 3 0 1 0 0 0 2 100 961 1
1 39 5 2 13 4 3.5 1 1 10 1 2 0 1 1
1 31.57 0.37 2 2 4 0.875 1 0 0 1 1 928 1 0
1 73.42 17.75 2 1 1 0 1 0 0 1 2 0 1 1
1 67.75 5.5 2 10 9 13 1 1 1 1 2 0 1 1
1 21 3 1 2 4 1.085 1 1 8 1 2 160 2 1
1 57.42 8.5 2 10 8 7 1 1 3 0 2 0 1 1
1 44.33 0.5 2 3 8 5 1 0 0 1 2 320 1 1
1 22.92 0.17 2 7 4 0.085 0 0 0 0 1 0 1 0
1 18.82 0 2 11 4 0.665 0 0 0 0 2 160 2 0
1 34 5.08 1 3 5 1.085 0 0 0 1 2 480 1 0
0 58.33 10 2 11 4 4 1 1 14 0 2 0 1603 1
0 20.07 0.12 2 11 4 1 0 1 1 0 2 240 769 1
1 47.33 6.5 2 8 4 1 0 0 0 1 2 0 229 0
1 21.67 1.16 1 4 4 2.5 1 1 1 0 2 180 21 0
1 35.25 16.5 1 8 4 4 1 0 0 0 2 80 1 0
1 30.75 1.58 2 2 4 0.585 0 0 0 1 1 0 1 0
1 31.57 10.5 2 14 4 6.5 1 0 0 0 2 0 1 1
1 42.17 5.04 2 11 8 12.75 1 0 0 1 2 92 1 1
1 31.57 0.62 2 4 4 0.25 0 0 0 0 2 380 2011 0
0 17.92 10.21 2 1 1 0 0 0 0 0 2 0 51 0
1 21.17 0.25 1 8 8 0.25 0 0 0 0 2 280 205 0
0 20.42 10.5 1 14 8 0 0 0 0 1 2 154 33 0
1 39.92 6.21 2 11 4 0.04 1 1 1 0 2 200 301 1
1 30.33 0.5 2 2 8 0.085 0 0 0 1 1 252 1 0
0 27.17 1.25 2 1 1 0 0 1 1 0 2 92 301 0
0 23.25 5.87 2 11 4 3.17 1 1 10 0 2 120 246 1
0 24.5 1.04 1 1 1 0.5 1 1 3 0 2 180 148 0
0 45.83 10.5 2 11 4 5 1 1 7 1 2 0 1 1
0 17.92 10.21 2 1 1 0 0 0 0 0 2 0 51 0
0 16 0.16 2 6 4 1 0 1 2 1 2 320 2 0
1 37.33 6.5 2 7 8 4.25 1 1 12 1 2 93 1 1
1 73.42 17.75 2 1 1 0 1 0 0 1 2 0 1 1
1 37.17 4 2 8 5 5 1 0 0 1 1 280 1 0
0 36.58 0.28 2 1 1 0 0 1 10 0 2 200 19 0
1 15.17 7 2 10 4 1 0 0 0 0 2 600 1 0
1 32.33 7.5 2 10 5 1.585 1 0 0 1 1 420 1 0
1 31.08 1.5 1 9 4 0.04 0 0 0 0 1 160 1 0
1 20.67 0.41 2 8 4 0.125 0 0 0 0 2 0 45 0
1 16.32 2.75 2 6 4 0.665 0 1 1 0 2 80 22 0
0 47.75 8 2 8 4 7.875 1 1 6 1 2 0 1261 1
1 27.58 3.25 1 11 8 5.085 0 1 2 1 2 369 2 0
0 19.67 0.21 2 11 8 0.29 1 1 11 0 2 80 100 1
0 18.57 10 2 2 4 0.415 0 0 0 0 2 80 43 0

