1 18.5 2 2 3 4 1.5 1 1 2 0 2 120 301 1
1 19.17 4 1 3 4 1 0 0 0 1 2 360 1001 0
1 18.82 0.41 1 8 4 0.165 0 1 1 0 2 200 2 0
1 19.5 9.58 2 6 4 0.79 0 0 0 0 2 80 351 0
1 24.42 12.33 2 11 8 1.585 1 0 0 1 2 120 1 1
1 32.25 14 1 1 1 0 0 1 2 0 2 160 2 0
0 22.83 2.29 2 11 8 2.29 1 1 7 1 2 140 2385 1
0 31.75 3 1 5 3 0 0 0 0 0 2 160 21 0
0 31.75 3 1 5 3 0 0 0 0 0 2 160 21 0
1 21.92 0.5 2 8 4 0.125 0 0 0 0 2 360 1 0
1 29.67 0.75 1 8 4 0.04 0 0 0 0 2 240 1 0
1 24.58 12.5 2 9 4 0.875 1 0 0 1 2 260 1 0
0 35.17 3.75 2 1 1 0 0 1 6 0 2 0 201 0
1 25.67 2.21 1 6 4 4 1 0 0 0 2 188 1 0
1 33.75 2.75 2 3 5 0 0 0 0 0 2 180 1 0
1 22 7.83 1 3 5 0.165 0 0 0 1 2 184 1 0
0 39.08 4 2 8 4 3 0 0 0 0 2 480 1 0
0 23.58 0.58 1 1 1 0.125 0 0 0 0 2 120 88 0
1 41.92 0.42 2 8 8 0.21 1 1 6 0 2 220 949 1
1 17.42 6.5 2 3 4 0.125 0 0 0 0 2 60 101 0
0 24.5 1.75 1 8 4 0.165 0 0 0 0 2 132 1 0
0 24.5 12.75 2 8 5 4.75 1 1 2 0 2 73 445 1
0 28.5 1 2 11 4 1 1 1 2 1 2 167 501 0
1 13.75 4 1 9 4 1.75 1 1 2 1 2 120 1001 1
0 22.42 11.25 1 14 8 0.75 1 1 4 0 2 0 322 1
1 33.58 2.75 2 7 4 4.25 1 1 6 0 2 204 1 1
1 23.42 1 2 8 4 0.5 0 0 0 1 1 280 1 0
1 26.75 4.5 1 8 5 2.5 0 0 0 0 2 200 1211 0
1 27.58 3.25 1 11 8 5.085 0 1 2 1 2 369 2 0
0 19.17 5.41 2 3 8 0.29 0 0 0 0 2 80 485 0
1 39.17 1.71 2 14 4 0.125 1 1 5 1 2 480 1 1
1 22.17 12.12 2 8 4 3.335 0 1 2 1 2 180 174 0
1 25.67 0.28 1 8 4 1.5 0 0 0 1 2 160 1 0
1 63.33 0.54 2 8 4 0.585 1 1 3 1 2 180 1 0
1 22.67 1.58 1 9 4 3.085 1 1 6 0 2 80 1 1
1 48.17 3.5 2 6 4 3.5 1 0 0 0 1 230 1 1
1 27.25 1.58 2 13 8 1.835 1 1 12 1 2 583 714 1
1 16.25 0 1 6 4 0.25 0 0 0 0 2 60 1 0
1 30.83 0 2 9 4 1.25 1 1 1 0 2 202 1 1
1 29.5 0.57 2 9 4 0.29 0 1 1 0 2 340 2804 0
1 33.67 2.16 2 8 4 1.5 0 0 0 0 3 120 1 0
1 28.25 5.04 1 8 5 1.5 1 1 8 1 2 144 8 1
1 23.08 11.5 2 3 4 3.5 1 1 9 0 2 56 743 1
1 37.58 0 2 8 4 0 0 0 0 0 3 184 1 1
1 16.92 0.33 1 4 4 0.29 0 0 0 0 1 200 1 0
1 32.08 4 1 13 4 1.5 0 0 0 1 2 120 1 0
1 55.92 11.5 2 1 1 5 1 1 5 0 2 0 8852 1
0 19.17 8.58 2 13 8 0.75 1 1 7 0 2 96 1 1
1 37.33 6.5 2 7 8 4.25 1 1 12 1 2 93 1 1
1 49.17 2.29 2 1 1 0.29 0 0 0 0 2 200 4 0
1 34.75 2.5 2 13 5 0.5 0 0 0 0 2 348 1 0
1 32.33 7.5 2 10 5 1.585 1 0 0 1 1 420 1 0
1 22 0.79 2 9 4 0.29 0 1 1 0 2 420 284 0
1 31.58 0.75 1 6 4 3.5 0 0 0 1 2 320 1 0
1 20.67 0.41 2 8 4 0.125 0 0 0 0 2 0 45 0
1 29.25 14.79 2 6 4 5.04 1 1 5 1 2 168 1 1
1 27.67 0.75 2 11 8 0.165 0 0 0 1 2 220 252 0
0 33.17 2.25 1 13 4 3.5 0 0 0 1 2 200 142 0
0 47 13 2 3 5 5.165 1 1 9 1 2 0 1 1
1 20.42 7 2 8 4 1.625 1 1 3 0 2 200 1392 1
0 21.75 11.75 2 8 4 0.25 0 0 0 1 2 180 1 0
1 25.67 2.21 1 6 4 4 1 0 0 0 2 188 1 0
1 18.5 2 2 3 4 1.5 1 1 2 0 2 120 301 1
1 16.25 0.83 2 7 4 0.085 1 0 0 0 1 200 1 0
1 31.57 4 2 14 4 5 1 1 3 1 2 290 2280 1
1 22.08 11 2 13 4 0.665 1 0 0 0 2 100 1 1
0 38.58 5 2 13 4 13.5 1 0 0 1 2 980 1 0
1 19 1.75 1 8 4 2.335 0 0 0 1 2 112 7 0
1 20 1.25 1 4 4 0.125 0 0 0 0 2 140 5 0
1 51.83 3 1 1 1 1.5 0 0 0 0 2 180 5 0
1 17.07 3.29 2 3 4 0.335 0 0 0 1 2 140 3 0
0 19.67 0.21 2 11 8 0.29 1 1 11 0 2 80 100 1
1 18.07 6.75 1 7 4 0.04 0 0 0 0 2 140 1 0
0 35.75 0.91 2 6 4 0.75 1 1 4 0 2 0 1584 1
0 33.92 1.58 1 1 1 0 1 0 0 0 2 320 1 0
1 31.57 0.5 2 8 5 0.835 1 0 0 1 1 320 1 0
0 20.83 0.5 1 10 2 1 0 0 0 0 2 260 1 0
1 18.42 10.41 1 6 4 0.125 1 0 0 0 2 120 376 0
1 23.33 1.5 2 8 8 1.415 1 0 0 0 2 422 201 1
1 34.83 2.5 1 9 4 3 0 0 0 0 1 200 1 0
1 31.08 3.08 2 8 4 2.5 0 1 2 1 2 160 42 0
0 28.58 3.54 2 3 5 0.5 1 0 0 1 2 171 1 0
1 33.17 1 2 14 4 0.75 1 1 7 1 2 340 4072 1
1 32 1.75 1 10 8 0.04 1 0 0 1 2 393 1 1
1 34.75 2.5 2 13 5 0.5 0 0 0 0 2 348 1 0
0 46 4 2 5 3 0 1 0 0 0 2 100 961 1
1 36.33 2.12 1 9 4 0.085 1 1 1 0 2 50 1188 1
0 47.42 8 2 10 5 6.5 1 1 6 0 2 375 51101 1
1 80.25 5.5 2 8 4 0.54 1 0 0 0 2 0 341 0
1 59.67 1.54 2 11 4 0.125 1 0 0 1 2 260 1 1
1 37.58 0 2 8 4 0 0 0 0 0 3 184 1 1
1 24.33 6.62 1 2 4 5.5 1 0 0 1 1 100 1 1
1 40.25 21.5 2 10 9 20 1 1 11 0 2 0 1201 1
1 32.83 2.5 2 13 8 2.75 1 1 6 0 2 160 2073 1
0 20.67 3 2 11 4 0.165 1 1 3 0 2 100 7 1
1 23.25 1 2 8 4 0.835 1 0 0 0 1 300 1 1
1 20.5 2.41 2 8 4 2 1 1 11 1 2 200 3001 1
0 22.67 3.8 2 8 4 0.165 0 0 0 0 2 160 1 0
1 18.82 3.54 1 1 1 0 0 0 0 1 2 180 2 0
1 36.5 4.25 2 11 4 3.5 0 0 0 0 2 454 51 0
0 26.08 8.66 2 6 4 1.415 1 0 0 0 2 160 151 1
1 22 7.83 1 3 5 0.165 0 0 0 1 2 184 1 0
0 25 11 1 6 4 4.5 1 0 0 0 2 120 1 0
1 18.5 2 2 3 4 1.5 1 1 2 0 2 120 301 1
1 31.83 0.04 1 7 4 0.04 0 0 0 0 2 0 1 0
1 80.25 5.5 2 8 4 0.54 1 0 0 0 2 0 341 0
1 26.17 0.25 2 3 5 0 1 0 0 1 2 0 1 1
0 25.33 2.08 2 8 8 2.75 1 0 0 1 2 360 2 0
1 28.25 0.87 2 7 4 0.96 1 1 3 1 2 396 1 1
1 41.17 1.25 1 9 4 0.25 0 0 0 0 2 0 196 0
1 23.92 0.58 1 13 8 0.125 0 0 0 0 2 240 2 0
1 27 0.75 2 8 8 4.25 1 1 3 1 2 312 151 1
1 24.33 6.62 1 2 4 5.5 1 0 0 1 1 100 1 1
1 31.92 4.46 2 13 8 6.04 1 1 3 0 2 311 301 1
1 24.58 1.25 2 8 4 0.25 0 0 0 0 2 110 1 0
1 22.08 0.83 2 8 8 2.165 0 0 0 1 2 128 1 1
0 47.75 8 2 8 4 7.875 1 1 6 1 2 0 1261 1
1 26.92 2.25 2 3 5 0.5 0 0 0 1 2 640 4001 0
1 31.57 5 1 6 4 8.5 1 0 0 0 2 0 1 0
1 29.83 3.5 2 8 4 0.165 0 0 0 0 2 216 1 0
1 31.33 19.5 2 8 4 7 1 1 16 0 2 0 5001 1
1 31 2.08 2 8 4 0.085 0 0 0 0 2 300 1 0
1 65.42 11 2 10 9 20 1 1 7 1 2 22 1 1
1 25.67 0.28 1 8 4 1.5 0 0 0 1 2 160 1 0
0 71.58 0 2 8 4 0 0 0 0 0 3 184 1 1
1 40.25 21.5 2 10 9 20 1 1 11 0 2 0 1201 1
1 59.5 2.75 2 9 4 1.75 1 1 5 1 2 60 59 1
1 55.92 11.5 2 1 1 5 1 1 5 0 2 0 8852 1
1 55.92 11.5 2 1 1 5 1 1 5 0 2 0 8852 1
1 19.17 0 1 7 5 0 0 0 0 1 1 500 2 1
0 24.5 12.75 2 8 5 4.75 1 1 2 0 2 73 445 1
1 24.83 2.75 2 8 4 2.25 1 1 6 0 2 184 601 1
0 23.42 0.79 1 11 4 1.5 1 1 2 1 2 80 401 1
0 33.75 0.75 2 4 5 1 1 1 3 1 2 212 1 0
1 51.58 15 2 8 4 8.5 1 1 9 0 2 0 1 1
0 22.67 0.33 2 11 4 0.75 0 0 0 0 1 160 1 0
1 31.25 1.12 2 1 1 0 0 1 1 0 2 96 20 0
0 46.67 0.46 2 13 8 0.415 1 1 11 1 2 440 7 1
1 36.5 4.25 2 11 4 3.5 0 0 0 0 2 454 51 0
1 30.17 1.08 1 8 4 0.04 0 0 0 0 2 170 180 0
1 52.42 1.5 2 2 4 3.75 0 0 0 1 2 0 351 0
1 17.07 3.29 2 3 4 0.335 0 0 0 1 2 140 3 0
1 39.83 0.5 2 7 4 0.25 1 0 0 0 1 288 1 0
1 25.25 1 2 6 4 0.5 0 0 0 0 2 200 1 0
1 34.83 4 2 2 5 12.5 1 0 0 1 2 184 1 0
1 25.25 1 2 6 4 0.5 0 0 0 0 2 200 1 0
1 19 0 1 1 1 0 0 1 4 0 2 45 2 0
1 33.58 0.33 1 13 4 0.085 0 0 0 0 2 180 1 0
1 26.75 1.12 2 14 8 1.25 1 0 0 0 2 0 5299 1
1 52.5 6.5 2 4 4 6.29 1 1 15 0 2 0 11203 1
1 36.08 2.54 2 1 1 0 0 0 0 0 2 0 1001 0
1 19.32 10.91 2 8 5 0.585 0 1 2 1 2 200 8 0
1 18.07 6.75 1 7 4 0.04 0 0 0 0 2 140 1 0
0 40.83 10 2 11 8 1.75 1 0 0 0 2 29 838 1
1 23.92 0.66 2 8 4 0.165 0 0 0 0 2 100 1 1
1 39.92 6.21 2 11 4 0.04 1 1 1 0 2 200 301 1
0 25.42 1.12 2 11 4 1.29 1 1 2 0 2 200 1 0
1 44.83 7 1 8 4 1.625 0 0 0 0 2 160 3 0
1 31.42 15.5 2 8 4 0.5 1 0 0 0 2 120 1 0
0 32 6 2 2 4 1.25 0 0 0 0 2 272 1 0
1 56 12.5 2 4 8 8 1 0 0 1 2 24 2029 1
1 18.42 10.41 1 6 4 0.125 1 0 0 0 2 120 376 0
0 18.75 7.5 2 11 4 2.71 1 1 5 0 2 184 26727 1
0 21.67 11.5 1 5 3 0 1 1 11 1 2 0 1 1
0 17.82 11 2 14 8 1 1 1 11 0 2 0 3001 1
0 44.17 6.66 2 11 4 7.375 1 1 3 1 2 0 1 1
0 29.58 1.75 1 4 4 1.25 0 0 0 1 2 280 1 0
0 29.5 2 1 10 8 2 0 0 0 0 2 256 18 0
0 28.17 0.58 2 6 4 0.04 0 0 0 0 2 260 1005 0
1 22 7.83 1 3 5 0.165 0 0 0 1 2 184 1 0
0 23 1.83 2 5 3 0 0 1 1 0 2 200 54 0
1 26.75 1.12 2 14 8 1.25 1 0 0 0 2 0 5299 1
1 21.33 7.5 2 6 4 1.415 1 1 1 0 2 80 9801 1
1 19.67 10 1 4 8 0.835 1 0 0 1 2 140 1 0
1 16.25 0 1 6 4 0.25 0 0 0 0 2 60 1 0
1 34.92 5 2 14 8 7.5 1 1 6 1 2 0 1001 1
0 57.58 2 2 1 1 6.5 0 1 1 0 2 0 11 0
1 29.92 1.83 2 8 8 4.335 1 0 0 0 2 260 201 1
1 48.58 6.5 2 11 8 6 1 0 0 1 2 350 1 1
0 24.5 2.41 1 8 4 0 0 0 0 0 2 120 1 0
0 46 4 2 5 3 0 1 0 0 0 2 100 961 1
0 37.75 5.5 2 11 4 0.125 1 0 0 1 2 228 1 1
1 31.57 0.37 2 2 4 0.875 1 0 0 1 1 928 1 0
1 24.58 1.25 2 8 4 0.25 0 0 0 0 2 110 1 0
1 30.33 0.5 2 2 8 0.085 0 0 0 1 1 252 1 0
1 30.33 0.5 2 2 8 0.085 0 0 0 1 1 252 1 0
1 32.33 7.5 2 10 5 1.585 1 0 0 1 1 420 1 0
0 28.08 15 1 10 9 0 1 0 0 0 2 0 13213 1
1 34.92 2.5 2 9 4 0 1 0 0 1 2 239 201 1
0 31.57 3.5 2 2 4 3 1 0 0 1 2 300 1 0
1 37.75 7 2 11 8 11.5 1 1 7 1 2 300 6 0
1 44.83 7 1 8 4 1.625 0 0 0 0 2 160 3 0
1 20.5 10 1 8 4 2.5 1 0 0 0 1 40 1 1
1 42 9.78 2 14 8 7.96 1 1 8 0 2 0 1 1
1 33.17 1 2 14 4 0.75 1 1 7 1 2 340 4072 1
1 21.83 11 2 14 4 0.29 1 1 6 0 2 121 1 1
1 33.17 1.04 2 12 8 6.5 1 0 0 1 2 164 31286 1
1 25 11.25 2 8 4 2.5 1 1 17 0 2 200 1209 1
1 33.58 2.75 2 7 4 4.25 1 1 6 0 2 204 1 1
1 20.67 5.29 2 11 4 0.375 1 1 1 0 2 160 1 0
0 22.42 11.25 1 14 8 0.75 1 1 4 0 2 0 322 1
0 44.17 6.66 2 11 4 7.375 1 1 3 1 2 0 1 1
1 22 7.83 1 3 5 0.165 0 0 0 1 2 184 1 0
0 18.42 9.25 2 11 4 1.21 1 1 4 0 2 60 541 1
0 19.17 5.41 2 3 8 0.29 0 0 0 0 2 80 485 0
1 39.92 5 2 3 5 0.21 0 0 0 0 2 550 1 0
1 28.25 5.04 1 8 5 1.5 1 1 8 1 2 144 8 1
1 48.17 3.5 2 6 4 3.5 1 0 0 0 1 230 1 1
1 23.92 0.66 2 8 4 0.165 0 0 0 0 2 100 1 1
0 20.67 1.83 2 11 4 2.085 1 1 5 0 2 220 2504 1
1 37.33 2.66 2 13 4 0.165 0 0 0 1 2 0 502 0
1 16.92 0.33 1 4 4 0.29 0 0 0 0 1 200 1 0
1 30.33 0.5 2 2 8 0.085 0 0 0 1 1 252 1 0
0 17.82 11 2 14 8 1 1 1 11 0 2 0 3001 1
1 48.17 3.5 2 6 4 3.5 1 0 0 0 1 230 1 1
1 29.83 2.04 1 14 8 0.04 0 0 0 0 2 128 2 0
1 37.58 0 2 8 4 0 0 0 0 0 3 184 1 1
1 28.67 9.33 2 11 8 5.665 1 1 6 0 2 381 169 1
1 54.42 0.5 1 4 8 3.96 1 0 0 0 2 180 315 1
1 33.5 1.75 2 14 8 4.5 1 1 4 1 2 253 858 1
0 22.67 0.33 2 11 4 0.75 0 0 0 0 1 160 1 0
1 32.33 2.5 2 8 4 1.25 0 0 0 1 2 280 1 0
1 24.17 0.87 2 11 4 4.625 1 1 2 1 2 520 2001 1
1 23.08 11.5 2 3 4 3.5 1 1 9 0 2 56 743 1
1 34.17 1.54 2 13 4 1.54 1 1 1 1 2 520 50001 1
1 36.17 0.42 1 9 4 0.29 0 0 0 1 2 309 3 0
1 44 2 2 7 4 1.75 1 1 2 1 2 0 16 1
1 27 1.5 1 9 4 0.375 1 0 0 1 2 260 1066 1
0 24.75 3 2 11 8 1.835 1 1 19 0 2 0 501 1
0 28.58 1.66 2 11 4 2.415 1 0 0 1 2 440 1 0
1 23 0.75 2 7 4 0.5 1 0 0 1 1 320 1 0
1 20.5 10 1 8 4 2.5 1 0 0 0 1 40 1 1
1 24.5 13.33 1 6 4 0.04 0 0 0 1 2 120 476 0
0 40.33 7.54 1 11 8 8 1 1 14 0 2 0 2301 1
1 29.25 13 2 2 8 0.5 0 0 0 0 2 228 1 0
1 25.92 0.87 2 4 4 0.375 0 1 2 1 2 174 4 0
0 22.67 0.75 2 8 4 2 0 1 2 1 2 200 395 0
1 26.17 0.83 2 13 4 1.165 0 0 0 0 2 100 1 0
1 31.57 0.37 2 2 4 0.875 1 0 0 1 1 928 1 0
1 36.08 2.54 2 1 1 0 0 0 0 0 2 0 1001 0
1 18.42 10.41 1 6 4 0.125 1 0 0 0 2 120 376 0
1 32.75 2.33 2 2 8 5.75 0 0 0 1 2 292 1 0
1 25.25 1 2 6 4 0.5 0 0 0 0 2 200 1 0
1 39.25 9.5 2 7 4 6.5 1 1 14 0 2 240 4608 1
1 16 3.12 2 9 4 0.085 0 1 1 0 2 0 7 0
1 31 2.08 2 8 4 0.085 0 0 0 0 2 300 1 0
1 23.08 2.5 2 1 1 0.085 0 0 0 1 2 100 4209 0
1 37.33 2.66 2 13 4 0.165 0 0 0 1 2 0 502 0
1 39.92 6.21 2 11 4 0.04 1 1 1 0 2 200 301 1
1 23.25 12.62 2 8 4 0.125 0 1 2 0 2 0 5553 0
0 33.92 1.58 1 1 1 0 1 0 0 0 2 320 1 0
0 40.83 3.5 2 3 5 0.5 0 0 0 0 1 1160 1 0
1 32.33 3.5 2 4 4 0.5 0 0 0 1 2 232 1 0
1 21.83 0.25 2 2 8 0.665 1 0 0 1 2 0 1 1
1 25.75 0.75 2 8 5 0.25 1 0 0 0 2 349 24 1
1 28 2 2 4 8 4.165 1 1 2 1 2 181 1 1
1 57.42 8.5 2 10 8 7 1 1 3 0 2 0 1 1
1 27.83 1.5 2 9 4 2.25 0 1 1 1 2 100 4 0
1 54.33 6.75 2 8 8 2.625 1 1 11 1 2 0 285 1
1 39.83 0.5 2 7 4 0.25 1 0 0 0 1 288 1 0
0 25.58 0 2 8 4 0 0 0 0 0 3 184 1 1
1 45 8.5 2 13 8 14 1 1 1 1 2 88 2001 1
0 25.58 0 2 8 4 0 0 0 0 0 3 184 1 1
0 46 4 2 5 3 0 1 0 0 0 2 100 961 1
0 29.58 1.75 1 4 4 1.25 0 0 0 1 2 280 1 0
1 60.08 14.5 2 1 1 18 1 1 15 1 2 0 1001 1
0 49.83 13.58 2 4 8 8.5 1 0 0 1 2 0 1 1
0 27.25 0.28 2 7 8 0.125 0 1 1 1 2 272 109 0
1 40.58 5 2 8 4 5 1 1 7 0 2 0 3066 1
1 39.17 2.5 1 3 8 10 0 0 0 1 1 200 1 0
1 32.33 3.5 2 4 4 0.5 0 0 0 1 2 232 1 0
0 24.75 12.5 2 6 4 1.5 1 1 12 1 2 120 568 1
1 26.75 4.5 1 8 5 2.5 0 0 0 0 2 200 1211 0
0 28.58 3.54 2 3 5 0.5 1 0 0 1 2 171 1 0
0 64.08 0.16 2 1 1 0 1 1 1 0 2 232 101 1
1 34.08 6.5 2 6 4 0.125 1 0 0 1 2 443 1 0
1 19.32 10.91 2 8 5 0.585 0 1 2 1 2 200 8 0
1 38.92 1.75 2 4 4 0.5 0 0 0 1 2 300 3 0
1 32.83 2.5 2 13 8 2.75 1 1 6 0 2 160 2073 1
1 26.75 1.12 2 14 8 1.25 1 0 0 0 2 0 5299 1
1 21.92 0.5 2 8 4 0.125 0 0 0 0 2 360 1 0
1 23.42 0.58 2 8 8 0.085 1 0 0 0 2 180 1 0
1 18.07 6.75 1 7 4 0.04 0 0 0 0 2 140 1 0
1 19.42 1.5 1 13 4 2 1 0 0 1 2 100 21 0
0 28.75 3.75 2 8 4 1.085 1 1 1 1 2 371 1 1
1 35.75 2.41 2 9 4 0.125 0 1 2 0 2 220 2 0
1 62.75 7 2 10 9 0 0 0 0 0 2 0 13 0
1 27.25 0.62 2 6 4 0.455 1 0 0 1 2 200 1 0
1 19.17 9.5 2 9 4 1.5 1 0 0 0 2 120 2207 1
1 18.07 6.75 1 7 4 0.04 0 0 0 0 2 140 1 0
1 54.33 6.75 2 8 8 2.625 1 1 11 1 2 0 285 1
1 20.67 0.83 1 8 4 2 0 0 0 1 1 240 1 0
0 17.57 9 2 6 4 1.375 1 0 0 1 2 0 1 1
1 32.42 3 2 2 4 0.165 0 0 0 1 2 120 1 0
1 19.67 0.37 2 11 4 2 1 1 2 1 2 80 1 1
1 73.42 17.75 2 1 1 0 1 0 0 1 2 0 1 1
0 26.5 2.71 1 8 4 0.085 0 0 0 0 1 80 1 0
0 25.08 2.54 1 6 4 0.25 1 0 0 1 2 370 1 1
1 31.08 1.5 1 9 4 0.04 0 0 0 0 1 160 1 0
1 33.58 2.75 2 7 4 4.25 1 1 6 0 2 204 1 1
1 38.92 1.75 2 4 4 0.5 0 0 0 1 2 300 3 0
1 30.83 0 2 9 4 1.25 1 1 1 0 2 202 1 1
0 27.17 1.25 2 1 1 0 0 1 1 0 2 92 301 0
0 20.32 10 2 8 8 1 1 1 4 0 2 50 1466 1
0 17.92 10.21 2 1 1 0 0 0 0 0 2 0 51 0
1 27.42 12.5 2 6 5 0.25 0 0 0 1 2 720 1 0
0 22.67 0.33 2 11 4 0.75 0 0 0 0 1 160 1 0
0 28.17 0.58 2 6 4 0.04 0 0 0 0 2 260 1005 0
1 28.67 9.33 2 11 8 5.665 1 1 6 0 2 381 169 1
1 34.17 1.54 2 13 4 1.54 1 1 1 1 2 520 50001 1
0 24.75 12.5 2 6 4 1.5 1 1 12 1 2 120 568 1
0 15.75 0.37 2 8 4 1 0 0 0 0 2 120 19 0
1 20.67 1.25 1 8 8 1.375 1 1 3 1 2 140 211 0
0 30.42 1.37 2 9 8 0.04 0 1 3 0 2 0 34 0
1 31.67 16.16 2 2 4 3 1 1 9 0 2 250 731 1
1 32.83 2.5 2 13 8 2.75 1 1 6 0 2 160 2073 1
0 28.42 3.5 2 9 4 0.835 1 0 0 0 1 280 1 1
0 58.33 10 2 11 4 4 1 1 14 0 2 0 1603 1
1 51.33 10 2 3 5 0 1 1 11 0 2 0 1250 1
1 40.92 0.83 2 1 1 0 1 0 0 0 2 130 2 0
1 43.17 5 2 3 5 2.25 0 0 0 1 2 141 1 0
1 33.5 1.75 2 14 8 4.5 1 1 4 1 2 253 858 1
1 31 2.08 2 8 4 0.085 0 0 0 0 2 300 1 0
1 32.75 2.33 2 2 8 5.75 0 0 0 1 2 292 1 0
1 21.58 0.79 1 13 4 0.665 0 0 0 0 2 160 1 0
1 23.92 0.66 2 8 4 0.165 0 0 0 0 2 100 1 1
1 23.25 12.62 2 8 4 0.125 0 1 2 0 2 0 5553 0
1 36.17 5.5 2 3 5 5 0 0 0 0 2 210 688 0
1 62.75 7 2 10 9 0 0 0 0 0 2 0 13 0
0 31.57 11.25 2 1 1 0 0 0 0 0 2 184 5201 0
1 36.33 3.79 2 9 4 1.165 1 0 0 1 2 200 1 0

