1 31.08 1.5 1 9 4 0.04 0 0 0 0 1 160 1 0
1 29.42 1.25 2 8 8 0.25 0 1 2 1 2 400 109 0
1 25 11.25 2 8 4 2.5 1 1 17 0 2 200 1209 1
1 22.08 11 2 13 4 0.665 1 0 0 0 2 100 1 1
0 52.5 7 2 6 8 3 0 0 0 0 2 0 1 0
0 33.25 2.5 1 8 4 2.5 0 0 0 1 2 0 3 0
0 23.75 0.71 2 9 4 0.25 0 1 1 1 2 240 5 0
1 22.67 0.75 2 3 4 1.585 0 1 1 1 2 400 10 0
1 34.25 1.75 2 9 5 0.25 1 0 0 1 2 163 1 0
1 23.17 11.12 2 14 8 0.46 1 1 1 0 2 100 1 1
0 28.08 15 1 10 9 0 1 0 0 0 2 0 13213 1
1 22.08 11 2 13 4 0.665 1 0 0 0 2 100 1 1
1 21.17 0.87 1 8 8 0.25 0 0 0 0 2 280 205 0
1 40.25 21.5 2 10 9 20 1 1 11 0 2 0 1201 1
1 39.92 0.54 1 6 4 0.5 1 1 3 0 2 200 1001 1
0 24.75 3 2 11 8 1.835 1 1 19 0 2 0 501 1
0 25 12.33 2 13 8 3.5 1 1 6 0 2 400 459 1
1 22.67 0.16 2 8 3 2.25 0 0 0 1 1 0 1 1
1 27.75 0.58 1 13 4 0.25 1 1 2 0 2 260 501 1
1 21.83 0.25 2 2 8 0.665 1 0 0 1 2 0 1 1
0 37.33 2.5 2 3 8 0.21 0 0 0 0 2 260 247 0
1 29.83 2.04 1 14 8 0.04 0 0 0 0 2 128 2 0
0 33.08 4.62 2 11 8 1.625 1 1 2 0 2 0 1 1
1 23.08 2.5 2 1 1 0.085 0 0 0 1 2 100 4209 0
1 31.25 1.12 2 1 1 0 0 1 1 0 2 96 20 0
1 22.75 11.5 2 3 4 0.415 0 0 0 0 2 0 1 0
1 20 11.04 2 8 4 2 0 0 0 1 2 136 1 0
1 18.32 1.21 1 10 2 0 0 0 0 0 2 100 1 0
1 26.75 4.5 1 8 5 2.5 0 0 0 0 2 200 1211 0
1 24.33 6.62 1 2 4 5.5 1 0 0 1 1 100 1 1
1 27.25 1.66 2 13 8 5.085 1 1 9 0 2 399 828 1
0 29.58 1.75 1 4 4 1.25 0 0 0 1 2 280 1 0
1 52.33 1.37 1 8 8 9.46 1 0 0 1 2 200 101 0
1 34.08 6.5 2 6 4 0.125 1 0 0 1 2 443 1 0
0 19.17 0.58 1 6 4 0.585 1 0 0 1 2 160 1 0
0 29.5 2 1 10 8 2 0 0 0 0 2 256 18 0
1 25.33 0.57 2 8 4 0.29 1 1 7 1 2 96 5125 1
1 41.17 4.04 2 13 8 7 1 1 8 0 2 320 1 1
0 47.42 3 2 14 4 13.875 1 1 2 1 2 519 1705 1
0 25.33 2.08 2 8 8 2.75 1 0 0 1 2 360 2 0
0 35.75 0.91 2 6 4 0.75 1 1 4 0 2 0 1584 1
1 23.42 0.58 2 8 8 0.085 1 0 0 0 2 180 1 0
0 22.92 11.58 2 13 4 0.04 1 0 0 0 2 80 1350 1
1 37.33 6.5 2 7 8 4.25 1 1 12 1 2 93 1 1
1 20 0 2 2 4 0.5 0 0 0 0 2 144 1 0
1 43.08 0.37 1 8 4 0.375 1 1 8 1 2 300 163 1
1 36.17 0.42 1 9 4 0.29 0 0 0 1 2 309 3 0
0 33.92 1.58 1 1 1 0 1 0 0 0 2 320 1 0
1 28.67 14.5 2 2 4 0.125 0 0 0 0 2 0 287 0
0 58.67 4.46 2 11 8 3.04 1 1 6 0 2 43 561 1
1 36.17 0.42 1 9 4 0.29 0 0 0 1 2 309 3 0
1 22.67 0.16 2 8 3 2.25 0 0 0 1 1 0 1 1
1 21.17 0.87 1 8 8 0.25 0 0 0 0 2 280 205 0
1 54.33 6.75 2 8 8 2.625 1 1 11 1 2 0 285 1
1 21.08 10.08 1 10 8 1.25 0 0 0 0 2 260 1 0
1 40 6.5 2 6 5 3.5 1 1 1 0 2 0 501 1
1 16.17 0.04 2 8 4 0.04 0 0 0 0 2 0 1 1
1 31.57 3 1 3 5 7 0 0 0 0 2 0 2 0
0 30.42 1.37 2 9 8 0.04 0 1 3 0 2 0 34 0
1 52.42 1.5 2 2 4 3.75 0 0 0 1 2 0 351 0
1 25.67 12.5 2 13 4 1.21 1 1 67 1 2 140 259 1
0 30.58 10.66 2 11 8 0.085 0 1 12 1 2 129 4 0
1 25.08 1.71 2 14 4 1.665 1 1 1 1 2 395 21 1
1 36.17 18.12 2 9 4 0.085 0 0 0 0 2 320 3553 0
1 28.67 14.5 2 2 4 0.125 0 0 0 0 2 0 287 0
1 30.58 2.71 1 7 4 0.125 0 0 0 1 1 80 1 0
1 44.25 11 1 2 4 1.5 1 0 0 0 1 0 1 0
1 20.67 1.25 1 8 8 1.375 1 1 3 1 2 140 211 0
0 22.5 0.41 2 3 4 0.335 0 0 0 1 1 144 1 0
1 51.83 3 1 1 1 1.5 0 0 0 0 2 180 5 0
0 52.17 0 1 1 1 0 0 0 0 0 2 0 1 0
1 48.75 8.5 2 8 8 12.5 1 1 9 0 2 181 1656 1
1 36.17 0.42 1 9 4 0.29 0 0 0 1 2 309 3 0
0 15.75 0.37 2 8 4 1 0 0 0 0 2 120 19 0
0 33.75 0.75 2 4 5 1 1 1 3 1 2 212 1 0
1 27.42 12.5 2 6 5 0.25 0 0 0 1 2 720 1 0
0 28.17 0.37 2 11 4 0.585 1 1 4 0 2 80 1 1
1 27.83 1 1 2 8 3 0 0 0 0 2 176 538 0
0 58.33 10 2 11 4 4 1 1 14 0 2 0 1603 1
1 31.57 4 1 3 4 0.085 0 0 0 1 2 411 1 0
0 23.5 9 2 11 4 8.5 1 1 5 1 2 120 1 1
1 33.58 2.75 2 7 4 4.25 1 1 6 0 2 204 1 1
1 23 0.75 2 7 4 0.5 0 0 0 1 1 320 1 0
1 63.33 0.54 2 8 4 0.585 1 1 3 1 2 180 1 0
0 32.33 0.54 2 13 4 0.04 1 0 0 0 2 440 11178 1
0 19.5 0.16 2 11 4 0.04 0 0 0 1 2 380 1 0
1 39.5 1.62 2 8 4 1.5 0 0 0 0 2 0 317 0
1 23.92 0.66 2 8 4 0.165 0 0 0 0 2 100 1 1
0 42.25 1.75 1 8 4 0 0 0 0 1 2 150 2 0
1 17.67 4.46 2 8 4 0.25 0 0 0 0 1 80 1 0
1 37.33 2.66 2 13 4 0.165 0 0 0 1 2 0 502 0
0 21.08 5 1 1 1 0 0 0 0 0 2 0 1 0
0 46.67 0.46 2 13 8 0.415 1 1 11 1 2 440 7 1
1 48.17 3.5 2 6 4 3.5 1 0 0 0 1 230 1 1
1 32.25 14 1 1 1 0 0 1 2 0 2 160 2 0
1 23.25 4 2 8 5 0.25 1 0 0 1 2 160 1 1
0 22.67 0.33 2 11 4 0.75 0 0 0 0 1 160 1 0
1 32.83 2.5 2 13 8 2.75 1 1 6 0 2 160 2073 1
1 39.25 9.5 2 7 4 6.5 1 1 14 0 2 240 4608 1
0 51.92 6.5 2 3 5 3.085 0 0 0 1 2 73 1 0
1 48.08 6.04 2 4 4 0.04 0 0 0 0 2 0 2691 1
0 24.92 1.25 2 1 1 0 1 0 0 0 2 80 1 0
1 37.5 1.75 1 8 5 0.25 1 0 0 1 2 164 401 0
0 24.5 2.41 1 8 4 0 0 0 0 0 2 120 1 0
0 44.17 6.66 2 11 4 7.375 1 1 3 1 2 0 1 1
1 37.42 2.04 2 9 4 0.04 1 0 0 1 2 400 5801 1
0 28.08 15 1 10 9 0 1 0 0 0 2 0 13213 1
1 22.08 11 2 13 4 0.665 1 0 0 0 2 100 1 1
1 40 6.5 2 6 5 3.5 1 1 1 0 2 0 501 1
0 23 11.75 2 14 8 0.5 1 1 2 1 2 300 552 1
1 47.33 6.5 2 8 4 1 0 0 0 1 2 0 229 0
0 22.67 3.8 2 8 4 0.165 0 0 0 0 2 160 1 0
0 21.5 6 2 6 4 2.5 1 1 3 0 2 80 919 1
0 24.75 12.5 2 6 4 1.5 1 1 12 1 2 120 568 1
1 19.17 4 1 3 4 1 0 0 0 1 2 360 1001 0
0 21.67 11.5 1 5 3 0 1 1 11 1 2 0 1 1
1 35.17 4.5 2 14 8 5.75 0 0 0 1 1 711 1 1
1 24.58 1.25 2 8 4 0.25 0 0 0 0 2 110 1 0
0 22.92 11.58 2 13 4 0.04 1 0 0 0 2 80 1350 1
0 30.58 10.66 2 11 8 0.085 0 1 12 1 2 129 4 0
1 32.33 3.5 2 4 4 0.5 0 0 0 1 2 232 1 0
1 23.08 11.5 2 3 4 3.5 1 1 9 0 2 56 743 1
1 24.58 12.5 2 9 4 0.875 1 0 0 1 2 260 1 0
1 29.58 4.75 2 7 4 2 0 1 1 1 2 460 69 0
0 52.17 0 1 1 1 0 0 0 0 0 2 0 1 0
0 50.25 0.83 2 6 4 0.5 0 0 0 1 2 240 118 0
1 25.08 1.71 2 14 4 1.665 1 1 1 1 2 395 21 1
1 43.25 25.21 2 11 8 0.21 1 1 1 0 2 760 91 0
0 18.42 9.25 2 11 4 1.21 1 1 4 0 2 60 541 1
1 33.17 3.04 1 8 8 2.04 1 1 1 1 2 180 18028 1
1 36.67 2 2 3 4 0.25 0 0 0 1 2 221 1 0
1 53.92 9.62 2 10 4 8.665 1 1 5 0 2 0 1 1
0 20.32 10 2 8 8 1 1 1 4 0 2 50 1466 1
1 28.67 14.5 2 2 4 0.125 0 0 0 0 2 0 287 0
0 32.33 0.54 2 13 4 0.04 1 0 0 0 2 440 11178 1
1 34.92 5 2 14 8 7.5 1 1 6 1 2 0 1001 1
1 39.42 1.71 1 7 4 0.165 0 0 0 0 1 400 1 0
0 26.5 2.71 1 8 4 0.085 0 0 0 0 1 80 1 0
1 37.5 0.83 2 10 4 0.04 0 0 0 0 2 120 6 0
1 25.25 1 2 6 4 0.5 0 0 0 0 2 200 1 0
0 35.17 3.75 2 1 1 0 0 1 6 0 2 0 201 0
0 35.75 0.91 2 6 4 0.75 1 1 4 0 2 0 1584 1
1 39.92 6.21 2 11 4 0.04 1 1 1 0 2 200 301 1
1 37.75 7 2 11 8 11.5 1 1 7 1 2 300 6 0
1 31.83 0.04 1 7 4 0.04 0 0 0 0 2 0 1 0
1 20.5 2.41 2 8 4 2 1 1 11 1 2 200 3001 1
1 29.25 14.79 2 6 4 5.04 1 1 5 1 2 168 1 1
0 44.33 0 2 8 4 2.5 1 0 0 0 2 0 1 1
0 64.08 0.16 2 1 1 0 1 1 1 0 2 232 101 1
1 31.57 0.62 2 4 4 0.25 0 0 0 0 2 380 2011 0
0 46 4 2 5 3 0 1 0 0 0 2 100 961 1
0 50.25 0.83 2 6 4 0.5 0 0 0 1 2 240 118 0
1 36.67 4.41 1 4 4 0.25 1 1 10 1 2 320 1 1
1 30.33 0.5 2 2 8 0.085 0 0 0 1 1 252 1 0
1 25.92 0.87 2 4 4 0.375 0 1 2 1 2 174 4 0
0 28.5 3.04 1 14 8 2.54 1 1 1 0 2 70 1 1
0 33.08 4.62 2 11 8 1.625 1 1 2 0 2 0 1 1
1 23.08 11.5 2 3 4 3.5 1 1 9 0 2 56 743 1
1 36.08 2.54 2 1 1 0 0 0 0 0 2 0 1001 0
1 20.42 7 2 8 4 1.625 1 1 3 0 2 200 1392 1
0 31.75 3 1 5 3 0 0 0 0 0 2 160 21 0
1 16.92 0.33 1 4 4 0.29 0 0 0 0 1 200 1 0
1 36.67 3.25 2 11 8 9 1 0 0 1 2 102 640 1
1 31.57 4 2 14 4 5 1 1 3 1 2 290 2280 1
1 33.67 2.16 2 8 4 1.5 0 0 0 0 3 120 1 0
0 32.25 1.5 2 8 4 0.25 0 0 0 1 2 372 123 0
0 33.08 4.62 2 11 8 1.625 1 1 2 0 2 0 1 1
1 18.17 2.46 2 8 7 0.96 0 1 2 1 2 160 588 0
1 32.08 4 2 7 4 2.5 1 0 0 1 2 360 1 1
0 52.83 15 2 8 4 5.5 1 1 14 0 2 0 2201 1
1 31.08 3.08 2 8 4 2.5 0 1 2 1 2 160 42 0
1 32.33 2.5 2 8 4 1.25 0 0 0 1 2 280 1 0
0 21.75 11.75 2 8 4 0.25 0 0 0 1 2 180 1 0
1 37.42 2.04 2 9 4 0.04 1 0 0 1 2 400 5801 1
0 65.17 14 2 1 1 0 1 1 11 1 2 0 1401 1
1 23.17 0 2 13 4 0.085 1 0 0 0 2 0 1 1
1 65.42 11 2 10 9 20 1 1 7 1 2 22 1 1
1 23.17 0 2 8 4 0 0 0 0 0 3 184 1 1
0 20.42 10.5 1 14 8 0 0 0 0 1 2 154 33 0
1 27.75 0.58 1 13 4 0.25 1 1 2 0 2 260 501 1
1 54.33 6.75 2 8 8 2.625 1 1 11 1 2 0 285 1
0 40.33 7.54 1 11 8 8 1 1 14 0 2 0 2301 1
1 18.82 0.41 1 8 4 0.165 0 1 1 0 2 200 2 0
0 28.08 15 1 10 9 0 1 0 0 0 2 0 13213 1
1 41.17 4.04 2 13 8 7 1 1 8 0 2 320 1 1
0 15.83 7.62 2 11 4 0.125 0 1 1 1 2 0 161 0
1 31.57 0.37 2 2 4 0.875 1 0 0 1 1 928 1 0
0 24.5 12.75 2 8 5 4.75 1 1 2 0 2 73 445 1
0 28.08 15 1 10 9 0 1 0 0 0 2 0 13213 1
1 20 0 2 2 4 0.5 0 0 0 0 2 144 1 0
1 31.57 0.5 2 8 5 0.835 1 0 0 1 1 320 1 0
0 25.17 2.87 2 14 8 0.875 1 0 0 0 2 360 1 1
1 25.67 2.21 1 6 4 4 1 0 0 0 2 188 1 0
1 42.83 4.62 2 11 4 4.58 1 0 0 0 1 0 1 1
0 24.5 1.75 1 8 4 0.165 0 0 0 0 2 132 1 0
1 31.67 16.16 2 2 4 3 1 1 9 0 2 250 731 1
0 23.75 0.71 2 9 4 0.25 0 1 1 1 2 240 5 0
1 40 6.5 2 6 5 3.5 1 1 1 0 2 0 501 1
1 27 0.75 2 8 8 4.25 1 1 3 1 2 312 151 1
1 20 7 2 8 4 0.5 0 0 0 0 2 0 1 0
0 31.57 11.25 2 1 1 0 0 0 0 0 2 184 5201 0
0 36.75 5.12 2 10 4 5 1 0 0 1 2 0 4001 1
0 18.92 9.25 1 8 4 1 1 1 4 1 2 80 501 1
0 23.58 0.83 2 11 4 0.415 0 1 1 1 2 200 12 0
1 26.75 2 2 2 4 0.75 0 0 0 1 2 80 1 0
0 15.83 0.58 2 8 8 1.5 1 1 2 0 2 100 1 1
1 20.67 0.83 1 8 4 2 0 0 0 1 1 240 1 0
1 18.5 2 2 3 4 1.5 1 1 2 0 2 120 301 1
0 41 2.04 1 11 8 0.125 1 1 23 1 2 455 1237 1
0 20.42 0.83 2 11 4 1.585 1 1 1 0 2 0 1 1
0 56.83 4.25 1 1 1 5 0 0 0 1 2 0 5 0
0 33.67 0.37 2 13 4 0.375 0 0 0 0 2 300 45 1
1 39.17 1.71 2 14 4 0.125 1 1 5 1 2 480 1 1
0 27.25 0.28 2 7 8 0.125 0 1 1 1 2 272 109 0
1 34.17 2.75 2 3 5 2.5 0 0 0 1 2 232 201 0
1 25.83 12.83 2 13 4 0.5 0 0 0 0 2 0 3 0
0 19.5 0.16 2 11 4 0.04 0 0 0 1 2 380 1 0
1 28.25 5.12 2 14 4 4.75 1 1 2 0 2 420 8 1
1 39.83 0.5 2 7 4 0.25 1 0 0 0 1 288 1 0
1 23.25 1 2 8 4 0.835 1 0 0 0 1 300 1 1
0 69.5 6 2 1 1 0 0 0 0 0 1 0 1 0
1 40 6.5 2 6 5 3.5 1 1 1 0 2 0 501 1
0 23 1.83 2 5 3 0 0 1 1 0 2 200 54 0
1 42.75 4.08 2 6 4 0.04 0 0 0 0 2 108 101 0
0 22.67 3.8 2 8 4 0.165 0 0 0 0 2 160 1 0
0 38.75 1.5 2 1 1 0 0 0 0 0 2 76 1 0
1 25.25 1 2 6 4 0.5 0 0 0 0 2 200 1 0
1 20 7 2 8 4 0.5 0 0 0 0 2 0 1 0
1 23 0.62 1 6 4 0.125 1 0 0 0 2 180 2 0
1 30.33 0.5 2 2 8 0.085 0 0 0 1 1 252 1 0
1 20.42 0 2 8 4 0 0 0 0 0 3 184 1 0
0 25.33 2.08 2 8 8 2.75 1 0 0 1 2 360 2 0
0 69.5 6 2 1 1 0 0 0 0 0 1 0 1 0
0 22.42 11.25 1 14 8 0.75 1 1 4 0 2 0 322 1
1 44 2 2 7 4 1.75 1 1 2 1 2 0 16 1
1 24.58 12.5 2 9 4 0.875 1 0 0 1 2 260 1 0
1 31.25 1.12 2 1 1 0 0 1 1 0 2 96 20 0
1 34.25 1.75 2 9 5 0.25 1 0 0 1 2 163 1 0
1 34.67 1.08 2 7 4 1.165 0 0 0 0 1 28 1 0
1 16.32 4.08 2 3 8 0.415 0 0 0 1 2 120 1 0
1 65.42 11 2 10 9 20 1 1 7 1 2 22 1 1
0 16.32 0.21 2 6 4 0.125 0 0 0 0 2 200 2 0
1 42 0.2 2 3 8 5.125 1 0 0 0 2 400 1 1
1 16 3.12 2 9 4 0.085 0 1 1 0 2 0 7 0
1 21.92 0.5 2 8 4 0.125 0 0 0 0 2 360 1 0
0 23.58 11.5 1 4 8 3 0 0 0 1 2 20 17 0
1 31.57 4 2 14 4 5 1 1 3 1 2 290 2280 1
1 28.25 0.87 2 7 4 0.96 1 1 3 1 2 396 1 1
1 44.25 11 1 2 4 1.5 1 0 0 0 1 0 1 0
1 37.33 2.66 2 13 4 0.165 0 0 0 1 2 0 502 0
1 30.58 2.71 1 7 4 0.125 0 0 0 1 1 80 1 0
0 38.58 5 2 13 4 13.5 1 0 0 1 2 980 1 0
1 40.58 3.29 2 7 4 3.5 0 0 0 1 1 400 1 0
0 26.92 13.5 2 11 8 5 1 1 2 0 2 0 5001 1
1 19.17 9.5 2 9 4 1.5 1 0 0 0 2 120 2207 1
1 23.58 1.79 2 8 4 0.54 0 0 0 1 2 136 2 0
1 27.83 1.5 2 9 4 2.25 0 1 1 1 2 100 4 0
1 34.25 1.75 2 9 5 0.25 1 0 0 1 2 163 1 0
0 15.83 7.62 2 11 4 0.125 0 1 1 1 2 0 161 0
0 22.67 0.79 2 3 4 0.085 0 0 0 0 2 144 1 0
1 26.75 4.5 1 8 5 2.5 0 0 0 0 2 200 1211 0
1 26.75 1.12 2 14 8 1.25 1 0 0 0 2 0 5299 1
1 25 12 2 4 4 2.25 1 1 2 1 2 120 6 0
1 24.33 6.62 1 2 4 5.5 1 0 0 1 1 100 1 1
0 21.75 1.75 1 5 3 0 0 0 0 0 2 160 1 0
0 19.17 8.58 2 13 8 0.75 1 1 7 0 2 96 1 1
0 25.58 0 2 8 4 0 0 0 0 0 3 184 1 1
1 32.33 2.5 2 8 4 1.25 0 0 0 1 2 280 1 0
1 36.08 2.54 2 1 1 0 0 0 0 0 2 0 1001 0
1 23.25 4 2 8 5 0.25 1 0 0 1 2 160 1 1
0 19.17 5.41 2 3 8 0.29 0 0 0 0 2 80 485 0
1 25 12 2 4 4 2.25 1 1 2 1 2 120 6 0
1 31.25 1.12 2 1 1 0 0 1 1 0 2 96 20 0
1 32 1.75 1 10 8 0.04 1 0 0 1 2 393 1 1
1 47.67 0.28 2 8 5 15 1 1 20 0 2 0 15001 1
1 37.17 4 2 8 5 5 1 0 0 1 1 280 1 0
1 21.25 1.5 2 9 4 1.5 0 0 0 0 2 150 9 1
0 28.5 3.04 1 14 8 2.54 1 1 1 0 2 70 1 1
1 36.67 4.41 1 4 4 0.25 1 1 10 1 2 320 1 1
1 31.57 5 1 6 4 8.5 1 0 0 0 2 0 1 0
1 42 0.2 2 3 8 5.125 1 0 0 0 2 400 1 1
0 20.42 7.5 2 4 4 1.5 1 1 1 0 2 160 235 1
0 36.75 5.12 2 10 4 5 1 0 0 1 2 0 4001 1
1 25.42 0.54 2 9 4 0.165 0 1 1 0 2 272 445 0
1 39 5 2 13 4 3.5 1 1 10 1 2 0 1 1
1 48.75 26.33 1 1 1 0 1 0 0 1 2 0 1 0
0 17.92 10.21 2 1 1 0 0 0 0 0 2 0 51 0
1 16.32 4.08 2 3 8 0.415 0 0 0 1 2 120 1 0
1 32.25 0.16 1 8 8 3.25 1 1 1 1 2 432 8001 1
1 20.42 0 2 8 4 0 0 0 0 0 3 184 1 0
0 21.75 11.75 2 8 4 0.25 0 0 0 1 2 180 1 0
0 28.58 3.54 2 3 5 0.5 1 0 0 1 2 171 1 0
0 40.33 7.54 1 11 8 8 1 1 14 0 2 0 2301 1
0 18.75 7.5 2 11 4 2.71 1 1 5 0 2 184 26727 1
0 23.5 9 2 11 4 8.5 1 1 5 1 2 120 1 1
1 17.07 0.08 1 8 4 0.04 0 0 0 0 2 140 723 0
0 19.17 5.41 2 3 8 0.29 0 0 0 0 2 80 485 0
1 34.83 2.5 1 9 4 3 0 0 0 0 1 200 1 0
1 31.57 0.04 1 2 4 4.25 0 0 0 1 2 460 1 0
0 23.5 9 2 11 4 8.5 1 1 5 1 2 120 1 1
0 42.25 1.75 1 8 4 0 0 0 0 1 2 150 2 0
0 58.67 4.46 2 11 8 3.04 1 1 6 0 2 43 561 1
1 33.17 1 2 14 4 0.75 1 1 7 1 2 340 4072 1
1 20.07 0.25 2 11 4 0.125 0 0 0 0 2 200 1 0
1 39.42 1.71 1 7 4 0.165 0 0 0 0 1 400 1 0
1 36.33 3.79 2 9 4 1.165 1 0 0 1 2 200 1 0
1 34.92 2.5 2 9 4 0 1 0 0 1 2 239 201 1
1 33.67 1.25 2 9 4 1.165 0 0 0 0 2 120 1 0
1 31.67 0.83 2 14 4 1.335 1 1 8 1 2 303 3291 1
1 29.5 0.57 2 9 4 0.29 0 1 1 0 2 340 2804 0
1 31.57 0.5 2 8 5 0.835 1 0 0 1 1 320 1 0
1 30.17 1.08 1 8 4 0.04 0 0 0 0 2 170 180 0
1 29.5 0.57 2 9 4 0.29 0 1 1 0 2 340 2804 0
1 36.25 5 2 8 5 2.5 1 1 6 0 2 0 368 1
0 47.42 3 2 14 4 13.875 1 1 2 1 2 519 1705 1
1 19.17 9.5 2 9 4 1.5 1 0 0 0 2 120 2207 1
1 21.17 0.25 1 8 8 0.25 0 0 0 0 2 280 205 0
1 27.58 2.04 1 6 4 2 1 1 3 1 2 370 561 1
1 40.25 21.5 2 10 9 20 1 1 11 0 2 0 1201 1
1 25.75 0.75 2 8 5 0.25 1 0 0 0 2 349 24 1
1 51.58 15 2 8 4 8.5 1 1 9 0 2 0 1 1
1 36.75 0.12 1 8 4 1.5 0 0 0 1 2 232 114 1
1 30.17 0.5 2 8 4 1.75 1 1 11 0 2 32 541 1
0 26.17 2 2 5 3 0 0 0 0 1 2 276 2 0
1 23.17 0 2 8 4 0 0 0 0 0 3 184 1 1
1 25.5 0.37 2 7 4 0.25 1 1 3 0 2 260 15109 1
1 23.58 1.79 2 8 4 0.54 0 0 0 1 2 136 2 0
1 21.67 1.16 1 4 4 2.5 1 1 1 0 2 180 21 0
1 20.67 0.83 1 8 4 2 0 0 0 1 1 240 1 0
0 23.5 9 2 11 4 8.5 1 1 5 1 2 120 1 1
1 39.17 1.71 2 14 4 0.125 1 1 5 1 2 480 1 1

