1 25.67 12.5 2 13 4 1.21 1 1 67 1 2 140 259 1
1 51.83 2.04 1 1 1 1.5 0 0 0 0 2 120 2 0
1 39.17 1.62 2 8 4 1.5 1 1 10 0 2 186 4701 1
0 25.42 1.12 2 11 4 1.29 1 1 2 0 2 200 1 0
1 25.33 0.57 2 8 4 0.29 1 1 7 1 2 96 5125 1
0 32 6 2 2 4 1.25 0 0 0 0 2 272 1 0
1 37.5 0.83 2 10 4 0.04 0 0 0 0 2 120 6 0
1 32.75 1.5 2 13 8 5.5 1 1 3 1 2 0 1 1
1 15.17 7 2 10 4 1 0 0 0 0 2 600 1 0
1 38.92 1.75 2 4 4 0.5 0 0 0 1 2 300 3 0
0 26.08 8.66 2 6 4 1.415 1 0 0 0 2 160 151 1
1 19 1.75 1 8 4 2.335 0 0 0 1 2 112 7 0
0 42.25 1.75 1 8 4 0 0 0 0 1 2 150 2 0
0 27.67 2.04 2 9 4 0.25 0 0 0 1 2 180 51 0
1 25.42 0.54 2 9 4 0.165 0 1 1 0 2 272 445 0
1 39.5 1.62 2 8 4 1.5 0 0 0 0 2 0 317 0
1 51.42 0.04 2 14 8 0.04 1 0 0 0 2 0 3001 1
0 24.5 2.41 1 8 4 0 0 0 0 0 2 120 1 0
1 36.17 18.12 2 9 4 0.085 0 0 0 0 2 320 3553 0
1 33.58 0.33 1 13 4 0.085 0 0 0 0 2 180 1 0
1 23.08 11.5 2 3 4 3.5 1 1 9 0 2 56 743 1
0 58.42 21 2 3 5 10 1 1 13 0 2 0 6701 1
1 23.08 11.5 2 3 4 3.5 1 1 9 0 2 56 743 1
0 23.58 0.83 2 11 4 0.415 0 1 1 1 2 200 12 0
1 47.67 2.5 2 7 5 2.5 1 1 12 1 2 410 2511 1
0 22.67 0.75 2 8 4 2 0 1 2 1 2 200 395 0
1 47.17 5.83 2 9 4 5.5 0 0 0 0 2 465 151 0
1 59.5 2.75 2 9 4 1.75 1 1 5 1 2 60 59 1
0 34.83 1.25 1 3 8 0.5 0 0 0 1 2 160 1 0
0 38.58 5 2 13 4 13.5 1 0 0 1 2 980 1 0
1 26.83 0.54 2 4 1 0 0 0 0 0 2 100 1 0
1 42.75 3 2 3 5 1 1 0 0 0 2 0 201 0
1 23.42 1 2 8 4 0.5 0 0 0 1 1 280 1 0
0 28.58 3.54 2 3 5 0.5 1 0 0 1 2 171 1 0
1 19.42 1.5 1 13 4 2 1 0 0 1 2 100 21 0
0 47.75 8 2 8 4 7.875 1 1 6 1 2 0 1261 1
1 23.25 4 2 8 5 0.25 1 0 0 1 2 160 1 1
1 51.33 10 2 3 5 0 1 1 11 0 2 0 1250 1
0 33.08 4.62 2 11 8 1.625 1 1 2 0 2 0 1 1
0 33.08 1.62 2 2 4 0.54 0 0 0 1 2 0 1 0
1 29.67 1.41 2 9 8 0.75 1 1 1 0 2 240 101 1
1 22 7.83 1 3 5 0.165 0 0 0 1 2 184 1 0
1 29.25 13 2 2 8 0.5 0 0 0 0 2 228 1 0
0 37.33 2.5 2 3 8 0.21 0 0 0 0 2 260 247 0
1 23.25 1.5 2 11 4 2.375 1 1 3 1 2 0 583 1
1 37.5 1.12 1 2 4 1.5 0 0 0 1 2 431 1 1
1 48.58 6.5 2 11 8 6 1 0 0 1 2 350 1 1
1 31.08 3.08 2 8 4 2.5 0 1 2 1 2 160 42 0
1 34.83 4 2 2 5 12.5 1 0 0 1 2 184 1 0
1 25.75 0.75 2 8 5 0.25 1 0 0 0 2 349 24 1
1 33.58 0.33 1 13 4 0.085 0 0 0 0 2 180 1 0
1 48.75 26.33 1 1 1 0 1 0 0 1 2 0 1 0
0 17.57 9 2 6 4 1.375 1 0 0 1 2 0 1 1
1 21.08 10.08 1 10 8 1.25 0 0 0 0 2 260 1 0
0 22.58 10.75 2 11 4 0.415 1 1 5 1 2 0 561 1

