1 34.42 1.33 2 3 5 0.125 0 0 0 1 2 440 4501 0
1 26.17 12.5 1 4 8 1.25 0 0 0 1 2 0 18 0
0 23.58 0.83 2 11 4 0.415 0 1 1 1 2 200 12 0
0 20.75 9.53 2 3 4 0.04 0 0 0 0 2 200 1001 0
0 31.75 3 1 5 3 0 0 0 0 0 2 160 21 0
1 29.25 13 2 2 8 0.5 0 0 0 0 2 228 1 0
1 31 2.08 2 8 4 0.085 0 0 0 0 2 300 1 0
1 32 1.75 1 10 8 0.04 1 0 0 1 2 393 1 1
0 23.58 0.83 2 11 4 0.415 0 1 1 1 2 200 12 0
1 24.33 6.62 1 2 4 5.5 1 0 0 1 1 100 1 1
1 21.83 11 2 14 4 0.29 1 1 6 0 2 121 1 1
1 34.83 4 2 2 5 12.5 1 0 0 1 2 184 1 0
1 44 2 2 7 4 1.75 1 1 2 1 2 0 16 1
1 48.08 6.04 2 4 4 0.04 0 0 0 0 2 0 2691 1
1 37.5 0.83 2 10 4 0.04 0 0 0 0 2 120 6 0
1 47.67 0.28 2 8 5 15 1 1 20 0 2 0 15001 1
0 65.17 14 2 1 1 0 1 1 11 1 2 0 1401 1
1 32.83 2.5 2 13 8 2.75 1 1 6 0 2 160 2073 1
0 45.33 1 2 11 4 0.125 0 0 0 1 2 263 1 0
1 25.25 1 2 6 4 0.5 0 0 0 0 2 200 1 0
1 25.33 0.57 2 8 4 0.29 1 1 7 1 2 96 5125 1
0 22.42 11.25 1 14 8 0.75 1 1 4 0 2 0 322 1
0 28.58 3.54 2 3 5 0.5 1 0 0 1 2 171 1 0
1 23 0.75 2 7 4 0.5 1 0 0 1 1 320 1 0
1 34.67 1.08 2 7 4 1.165 0 0 0 0 1 28 1 0
1 33.17 1 2 14 4 0.75 1 1 7 1 2 340 4072 1
1 18.67 5 2 11 4 0.375 1 1 2 0 2 0 39 0
1 23.17 0 2 13 4 0.085 1 0 0 0 2 0 1 1
1 60.08 14.5 2 1 1 18 1 1 15 1 2 0 1001 1
0 64.08 0.16 2 1 1 0 1 1 1 0 2 232 101 1
1 54.42 0.5 1 4 8 3.96 1 0 0 0 2 180 315 1
1 27 1.5 1 9 4 0.375 1 0 0 1 2 260 1066 1
0 25.75 0.5 2 8 8 0.875 1 0 0 1 2 491 1 1
0 33.75 0.75 2 4 5 1 1 1 3 1 2 212 1 0
0 58.42 21 2 3 5 10 1 1 13 0 2 0 6701 1
1 31.57 4 2 14 4 5 1 1 3 1 2 290 2280 1
1 32.67 5.5 2 11 8 5.5 1 1 12 1 2 408 1001 1
1 34.92 5 2 14 8 7.5 1 1 6 1 2 0 1001 1
0 30.25 5.5 2 4 4 5.5 0 0 0 1 1 100 1 0
1 26.17 12.5 1 4 8 1.25 0 0 0 1 2 0 18 0
0 60.58 16.5 2 11 4 11 1 0 0 1 2 21 10562 1
1 18.42 10.41 1 6 4 0.125 1 0 0 0 2 120 376 0
0 68.67 15 2 10 9 0 1 1 14 0 2 0 3377 1
1 40.92 0.5 1 7 4 0.5 0 0 0 1 2 130 1 0
1 22.08 11 2 13 4 0.665 1 0 0 0 2 100 1 1
1 21.92 0.5 2 8 4 0.125 0 0 0 0 2 360 1 0
1 30.17 1.08 1 8 4 0.04 0 0 0 0 2 170 180 0
1 31 2.08 2 8 4 0.085 0 0 0 0 2 300 1 0
1 23.75 12 2 8 4 2.085 0 0 0 0 1 80 1 0
1 19 0 1 1 1 0 0 1 4 0 2 45 2 0
1 32.42 3 2 2 4 0.165 0 0 0 1 2 120 1 0
1 42.83 4.62 2 11 4 4.58 1 0 0 0 1 0 1 1
1 37.33 2.66 2 13 4 0.165 0 0 0 1 2 0 502 0
1 37.5 0.83 2 10 4 0.04 0 0 0 0 2 120 6 0
0 25.42 1.12 2 11 4 1.29 1 1 2 0 2 200 1 0

