0 22.25 1.25 1 1 1 3.25 0 0 0 0 2 280 1 0
0 26.17 2 2 5 3 0 0 0 0 1 2 276 2 0
1 19.17 9.5 2 9 4 1.5 1 0 0 0 2 120 2207 1
1 32 1.75 1 10 8 0.04 1 0 0 1 2 393 1 1
1 23.08 2.5 2 1 1 0.085 0 0 0 1 2 100 4209 0
1 37.5 1.75 1 8 5 0.25 1 0 0 1 2 164 401 0
1 20.67 0.83 1 8 4 2 0 0 0 1 1 240 1 0
1 41.5 1.54 2 3 5 3.5 0 0 0 0 2 216 1 1
1 32.25 14 1 1 1 0 0 1 2 0 2 160 2 0
1 23.25 12.62 2 8 4 0.125 0 1 2 0 2 0 5553 0
0 38.75 1.5 2 1 1 0 0 0 0 0 2 76 1 0
0 25.08 2.54 1 6 4 0.25 1 0 0 1 2 370 1 1
1 51.83 2.04 1 1 1 1.5 0 0 0 0 2 120 2 0
1 30.17 6.5 2 13 4 3.125 1 1 8 0 2 330 1201 1
0 22.92 1.25 2 11 4 0.25 0 0 0 1 2 120 810 0
1 23.92 0.58 1 13 8 0.125 0 0 0 0 2 240 2 0
1 34.67 1.08 2 7 4 1.165 0 0 0 0 1 28 1 0
1 44.25 0.5 2 7 4 10.75 1 0 0 0 1 400 1 0
1 34.17 9.17 2 8 4 4.5 1 1 12 1 2 0 222 1
1 34.83 2.5 1 9 4 3 0 0 0 0 1 200 1 0
1 34.75 15 2 12 7 5.375 1 1 9 1 2 0 135 1
0 25.58 0 2 8 4 0 0 0 0 0 3 184 1 1
1 31.57 5 1 6 4 8.5 1 0 0 0 2 0 1 0
0 25.17 2.87 2 14 8 0.875 1 0 0 0 2 360 1 1
1 36.33 2.12 1 9 4 0.085 1 1 1 0 2 50 1188 1
1 28.67 9.33 2 11 8 5.665 1 1 6 0 2 381 169 1
1 20.67 5.29 2 11 4 0.375 1 1 1 0 2 160 1 0
1 43.25 3 2 11 8 6 1 1 11 0 2 80 1 1
1 18.07 5.5 2 4 4 0.5 1 0 0 0 2 80 1 1
1 40 6.5 2 6 5 3.5 1 1 1 0 2 0 501 1
0 36 1 2 8 4 2 1 1 11 0 2 0 457 1
0 51.92 6.5 2 3 5 3.085 0 0 0 1 2 73 1 0
0 58.42 21 2 3 5 10 1 1 13 0 2 0 6701 1
1 32.42 3 2 2 4 0.165 0 0 0 1 2 120 1 0
1 45 8.5 2 13 8 14 1 1 1 1 2 88 2001 1
1 31.57 10.5 2 14 4 6.5 1 0 0 0 2 0 1 1
0 40.83 10 2 11 8 1.75 1 0 0 0 2 29 838 1
1 18.5 2 2 3 4 1.5 1 1 2 0 2 120 301 1
0 45 4.58 2 4 8 1 0 0 0 1 1 240 1 0
1 30.33 0.5 2 2 8 0.085 0 0 0 1 1 252 1 0
1 39.83 0.5 2 7 4 0.25 1 0 0 0 1 288 1 0
1 30.17 0.5 2 8 4 1.75 1 1 11 0 2 32 541 1
1 39.17 1.71 2 14 4 0.125 1 1 5 1 2 480 1 1
1 27.75 0.58 1 13 4 0.25 1 1 2 0 2 260 501 1
1 19.5 9.58 2 6 4 0.79 0 0 0 0 2 80 351 0
1 19.42 1.5 1 13 4 2 1 0 0 1 2 100 21 0
1 31.57 0.62 2 4 4 0.25 0 0 0 0 2 380 2011 0
1 29.58 4.5 2 9 4 7.5 1 1 2 1 2 330 1 1
1 21.08 10.08 1 10 8 1.25 0 0 0 0 2 260 1 0
1 23.25 4 2 8 5 0.25 1 0 0 1 2 160 1 1
0 22.92 1.25 2 11 4 0.25 0 0 0 1 2 120 810 0
0 25.75 0.5 2 8 8 0.875 1 0 0 1 2 491 1 1
0 45.83 10.5 2 11 4 5 1 1 7 1 2 0 1 1
0 24.75 13.66 2 11 8 1.5 0 0 0 0 2 280 2 0
0 27.17 1.25 2 1 1 0 0 1 1 0 2 92 301 0

