0 17.32 9.5 2 6 4 1.75 0 1 10 1 2 0 11 0
0 28.5 3.04 1 14 8 2.54 1 1 1 0 2 70 1 1
0 31.57 3.5 2 2 4 3 1 0 0 1 2 300 1 0
1 31.57 4 1 3 4 0.085 0 0 0 1 2 411 1 0
1 27.42 12.5 2 6 5 0.25 0 0 0 1 2 720 1 0
1 34.08 0.08 1 7 5 0.04 1 1 1 1 2 280 2001 1
1 52.5 6.5 2 4 4 6.29 1 1 15 0 2 0 11203 1
1 40.58 1.5 2 3 5 0 0 0 0 0 1 300 1 0
1 35 3.37 2 8 8 8.29 0 0 0 1 2 0 1 0
1 42.17 5.04 2 11 8 12.75 1 0 0 1 2 92 1 1
1 31.67 16.16 2 2 4 3 1 1 9 0 2 250 731 1
1 31.57 0.37 2 2 4 0.875 1 0 0 1 1 928 1 0
1 27.25 0.62 2 6 4 0.455 1 0 0 1 2 200 1 0
1 34.92 2.5 2 9 4 0 1 0 0 1 2 239 201 1
1 25.92 0.87 2 4 4 0.375 0 1 2 1 2 174 4 0
0 17.92 0.54 2 8 4 1.75 0 1 1 1 2 80 6 0
1 54.42 0.5 1 4 8 3.96 1 0 0 0 2 180 315 1
1 29.58 4.5 2 9 4 7.5 1 1 2 1 2 330 1 1
1 16.32 2.75 2 6 4 0.665 0 1 1 0 2 80 22 0
1 44.25 11 1 2 4 1.5 1 0 0 0 1 0 1 0
1 29.25 14.79 2 6 4 5.04 1 1 5 1 2 168 1 1
1 34.75 15 2 12 7 5.375 1 1 9 1 2 0 135 1
1 18.07 6.75 1 7 4 0.04 0 0 0 0 2 140 1 0
1 30.83 0 2 9 4 1.25 1 1 1 0 2 202 1 1
0 25.17 2.87 2 14 8 0.875 1 0 0 0 2 360 1 1
1 20.17 5.62 2 9 4 1.71 1 0 0 0 1 120 1 1
0 23.75 0.71 2 9 4 0.25 0 1 1 1 2 240 5 0
0 32.25 1.5 2 8 4 0.25 0 0 0 1 2 372 123 0
0 27.67 2.04 2 9 4 0.25 0 0 0 1 2 180 51 0
0 22.5 8.5 2 11 4 1.75 1 1 10 0 2 80 991 0
0 20.42 10.5 1 14 8 0 0 0 0 1 2 154 33 0
0 26.17 2 2 5 3 0 0 0 0 1 2 276 2 0
0 21.75 11.75 2 8 4 0.25 0 0 0 1 2 180 1 0
1 19.42 1.5 1 13 4 2 1 0 0 1 2 100 21 0
1 55.92 11.5 2 1 1 5 1 1 5 0 2 0 8852 1
0 31.57 3.5 2 2 4 3 1 0 0 1 2 300 1 0
1 23.08 11.5 2 3 4 3.5 1 1 9 0 2 56 743 1
1 29.92 1.83 2 8 8 4.335 1 0 0 0 2 260 201 1
0 23 1.83 2 5 3 0 0 1 1 0 2 200 54 0
1 20 1.25 1 4 4 0.125 0 0 0 0 2 140 5 0
1 33.5 1.75 2 14 8 4.5 1 1 4 1 2 253 858 1
1 29.92 1.83 2 8 8 4.335 1 0 0 0 2 260 201 1
1 23.58 1.79 2 8 4 0.54 0 0 0 1 2 136 2 0
0 35.75 0.91 2 6 4 0.75 1 1 4 0 2 0 1584 1
0 24.5 2.41 1 8 4 0 0 0 0 0 2 120 1 0
0 16.32 0.21 2 6 4 0.125 0 0 0 0 2 200 2 0
0 33.92 1.58 1 1 1 0 1 0 0 0 2 320 1 0
0 18.57 10 2 2 4 0.415 0 0 0 0 2 80 43 0
1 32.83 2.5 2 13 8 2.75 1 1 6 0 2 160 2073 1
1 27.83 1 1 2 8 3 0 0 0 0 2 176 538 0
0 28.75 3.75 2 8 4 1.085 1 1 1 1 2 371 1 1
1 51.83 2.04 1 1 1 1.5 0 0 0 0 2 120 2 0
1 39.42 1.71 1 7 4 0.165 0 0 0 0 1 400 1 0
1 31.33 19.5 2 8 4 7 1 1 16 0 2 0 5001 1
1 23.08 0 2 4 4 1 0 1 11 0 1 0 1 0

