1 58.58 2.71 2 8 4 2.415 0 0 0 1 2 320 1 0
0 65.17 14 2 1 1 0 1 1 11 1 2 0 1401 1
1 54.33 6.75 2 8 8 2.625 1 1 11 1 2 0 285 1
0 24.75 3 2 11 8 1.835 1 1 19 0 2 0 501 1
1 21.08 10.08 1 10 8 1.25 0 0 0 0 2 260 1 0
1 34.75 2.5 2 13 5 0.5 0 0 0 0 2 348 1 0
0 24.33 2.5 1 3 5 4.5 0 0 0 0 2 200 457 0
1 25.92 0.87 2 4 4 0.375 0 1 2 1 2 174 4 0
1 22 0.79 2 9 4 0.29 0 1 1 0 2 420 284 0
1 23.5 3.16 1 4 4 0.415 0 1 1 1 2 280 81 0
0 38.75 1.5 2 1 1 0 0 0 0 0 2 76 1 0
1 24.58 1.25 2 8 4 0.25 0 0 0 0 2 110 1 0
1 73.42 17.75 2 1 1 0 1 0 0 1 2 0 1 1
0 46 4 2 5 3 0 1 0 0 0 2 100 961 1
0 22.67 3.8 2 8 4 0.165 0 0 0 0 2 160 1 0
1 23.08 11.5 2 3 4 3.5 1 1 9 0 2 56 743 1
1 21.08 10.08 1 10 8 1.25 0 0 0 0 2 260 1 0
1 22.58 10.03 2 14 4 0.04 1 1 9 0 2 60 397 1
0 24.5 1.04 1 1 1 0.5 1 1 3 0 2 180 148 0
1 60.08 14.5 2 1 1 18 1 1 15 1 2 0 1001 1
1 43.08 0.37 1 8 4 0.375 1 1 8 1 2 300 163 1
1 48.17 3.5 2 6 4 3.5 1 0 0 0 1 230 1 1
1 37.33 2.66 2 13 4 0.165 0 0 0 1 2 0 502 0
0 20.07 1.25 2 8 4 0 0 0 0 0 2 0 1 0
1 43.25 25.21 2 11 8 0.21 1 1 1 0 2 760 91 0
0 23 11.75 2 14 8 0.5 1 1 2 1 2 300 552 1
1 22 0.79 2 9 4 0.29 0 1 1 0 2 420 284 0
1 44.33 0.5 2 3 8 5 1 0 0 1 2 320 1 1
0 24.75 13.66 2 11 8 1.5 0 0 0 0 2 280 2 0
1 25.75 0.75 2 8 5 0.25 1 0 0 0 2 349 24 1
1 34 5.08 1 3 5 1.085 0 0 0 1 2 480 1 0
0 33.17 2.25 1 13 4 3.5 0 0 0 1 2 200 142 0
1 23 0.75 2 7 4 0.5 1 0 0 1 1 320 1 0
1 25.5 0.37 2 7 4 0.25 1 1 3 0 2 260 15109 1
0 24.92 1.25 2 1 1 0 1 0 0 0 2 80 1 0
1 20 11.04 2 8 4 2 0 0 0 1 2 136 1 0
0 23.5 9 2 11 4 8.5 1 1 5 1 2 120 1 1
0 24.5 2.41 1 8 4 0 0 0 0 0 2 120 1 0
1 29.92 1.83 2 8 8 4.335 1 0 0 0 2 260 201 1
0 35.17 3.75 2 1 1 0 0 1 6 0 2 0 201 0
1 63.33 0.54 2 8 4 0.585 1 1 3 1 2 180 1 0
0 33.08 1.62 2 2 4 0.54 0 0 0 1 2 0 1 0
0 19.17 0.58 1 6 4 0.585 1 0 0 1 2 160 1 0
1 22.17 0.58 1 1 1 0 0 0 0 0 2 100 1 0
1 49.58 19 2 1 1 0 1 1 1 0 2 94 1 0
1 27.58 3.25 1 11 8 5.085 0 1 2 1 2 369 2 0
0 19.17 8.58 2 13 8 0.75 1 1 7 0 2 96 1 1
1 32.25 0.16 1 8 8 3.25 1 1 1 1 2 432 8001 1
0 23.58 0.58 1 1 1 0.125 0 0 0 0 2 120 88 0
1 34.42 4.25 2 3 5 3.25 1 1 2 0 2 274 611 1
1 25.25 1 2 6 4 0.5 0 0 0 0 2 200 1 0
1 58.58 2.71 2 8 4 2.415 0 0 0 1 2 320 1 0
0 24.92 1.25 2 1 1 0 1 0 0 0 2 80 1 0
1 48.58 6.5 2 11 8 6 1 0 0 1 2 350 1 1
1 37.17 4 2 8 5 5 1 0 0 1 1 280 1 0

