1 51.33 10 2 3 5 0 1 1 11 0 2 0 1250 1
1 44 2 2 7 4 1.75 1 1 2 1 2 0 16 1
1 34.17 1.54 2 13 4 1.54 1 1 1 1 2 520 50001 1
0 69.5 6 2 1 1 0 0 0 0 0 1 0 1 0
0 25.42 1.12 2 11 4 1.29 1 1 2 0 2 200 1 0
0 29.5 1.08 1 14 4 1 0 0 0 0 2 280 14 0
1 57.83 7.04 2 7 4 14 1 1 6 1 2 360 1333 1
1 25.67 2.21 1 6 4 4 1 0 0 0 2 188 1 0
0 46 4 2 5 3 0 1 0 0 0 2 100 961 1
1 25.58 0.33 2 4 8 3.5 0 0 0 1 2 340 1 0
0 42.25 1.75 1 8 4 0 0 0 0 1 2 150 2 0
1 35.17 4.5 2 14 8 5.75 0 0 0 1 1 711 1 1
0 35.42 12 2 11 8 14 1 1 8 0 2 0 6591 1
1 29.92 1.83 2 8 8 4.335 1 0 0 0 2 260 201 1
1 38.42 0.7 2 8 4 0.375 0 1 2 0 2 225 501 0
1 20 7 2 8 4 0.5 0 0 0 0 2 0 1 0
0 18.82 9.5 2 9 4 1.625 1 1 6 1 2 40 601 1
1 21.33 10.5 2 8 4 3 1 0 0 1 2 0 1 1
1 42 0.2 2 3 8 5.125 1 0 0 0 2 400 1 1
1 31.57 0.62 2 4 4 0.25 0 0 0 0 2 380 2011 0
1 42.75 4.08 2 6 4 0.04 0 0 0 0 2 108 101 0
0 23.25 5.87 2 11 4 3.17 1 1 10 0 2 120 246 1
0 33.92 1.58 1 1 1 0 1 0 0 0 2 320 1 0
1 17.07 3.29 2 3 4 0.335 0 0 0 1 2 140 3 0
0 49 1.5 2 5 3 0 1 0 0 1 2 100 28 0
1 29.5 0.57 2 9 4 0.29 0 1 1 0 2 340 2804 0
1 23.25 1.5 2 11 4 2.375 1 1 3 1 2 0 583 1
0 33.67 0.37 2 13 4 0.375 0 0 0 0 2 300 45 1
1 21.67 1.16 1 4 4 2.5 1 1 1 0 2 180 21 0
1 31.83 2.5 2 6 4 7.5 1 0 0 1 2 523 1 0
1 42.83 1.25 2 7 4 13.875 0 1 1 1 2 352 113 0
1 25.67 2.21 1 6 4 4 1 0 0 0 2 188 1 0
1 29.67 1.41 2 9 8 0.75 1 1 1 0 2 240 101 1
1 34.75 2.5 2 13 5 0.5 0 0 0 0 2 348 1 0
0 16.5 1.25 2 11 4 0.25 0 1 1 0 2 108 99 0
1 51.58 15 2 8 4 8.5 1 1 9 0 2 0 1 1
1 43 0.28 1 13 8 1.75 1 1 8 0 2 100 376 1
0 25 11 1 6 4 4.5 1 0 0 0 2 120 1 0
0 15.83 7.62 2 11 4 0.125 0 1 1 1 2 0 161 0
0 31.57 11.25 2 1 1 0 0 0 0 0 2 184 5201 0
1 51.83 3 1 1 1 1.5 0 0 0 0 2 180 5 0
1 26.83 0.54 2 4 1 0 0 0 0 0 2 100 1 0
1 27.58 3.25 1 11 8 5.085 0 1 2 1 2 369 2 0
1 24.08 9 2 6 4 0.25 0 0 0 1 2 0 1 0
1 22.17 12.12 2 8 4 3.335 0 1 2 1 2 180 174 0
1 74.83 19 1 1 1 0.04 0 1 2 0 2 0 352 0
1 42.75 3 2 3 5 1 1 0 0 0 2 0 201 0
1 35.25 3.16 2 14 8 3.75 1 0 0 1 2 680 1 0
1 43.17 5 2 3 5 2.25 0 0 0 1 2 141 1 0
1 43.17 5 2 3 5 2.25 0 0 0 1 2 141 1 0
0 15.83 7.62 2 11 4 0.125 0 1 1 1 2 0 161 0
1 34.75 15 2 12 7 5.375 1 1 9 1 2 0 135 1
0 20.67 1.83 2 11 4 2.085 1 1 5 0 2 220 2504 1
1 21.83 0.25 2 2 8 0.665 1 0 0 1 2 0 1 1
1 51.58 15 2 8 4 8.5 1 1 9 0 2 0 1 1

