0 28.17 0.58 2 6 4 0.04 0 0 0 0 2 260 1005 0
1 28.67 9.33 2 11 8 5.665 1 1 6 0 2 381 169 1
0 69.5 6 2 1 1 0 0 0 0 0 1 0 1 0
1 34.08 6.5 2 6 4 0.125 1 0 0 1 2 443 1 0
1 36.5 4.25 2 11 4 3.5 0 0 0 0 2 454 51 0
1 21.25 1.5 2 9 4 1.5 0 0 0 0 2 150 9 1
1 40 6.5 2 6 5 3.5 1 1 1 0 2 0 501 1
0 32.33 0.54 2 13 4 0.04 1 0 0 0 2 440 11178 1
1 23 0.75 2 7 4 0.5 1 0 0 1 1 320 1 0
0 24.83 4.5 2 9 4 1 0 0 0 1 2 360 7 0
0 47.75 8 2 8 4 7.875 1 1 6 1 2 0 1261 1
1 38.42 0.7 2 8 4 0.375 0 1 2 0 2 225 501 0
1 26.67 4.25 2 13 4 4.29 1 1 1 1 2 120 1 1
1 23.42 0.58 2 8 8 0.085 1 0 0 0 2 180 1 0
0 18.07 0.37 3 13 1 10 0 0 0 1 1 300 1 1
1 35 3.37 2 8 8 8.29 0 0 0 1 2 0 1 0
1 36.67 3.25 2 11 8 9 1 0 0 1 2 102 640 1
1 22.08 11 2 13 4 0.665 1 0 0 0 2 100 1 1
1 26.67 4.25 2 13 4 4.29 1 1 1 1 2 120 1 1
1 36.67 3.25 2 11 8 9 1 0 0 1 2 102 640 1
0 22.67 0.33 2 11 4 0.75 0 0 0 0 1 160 1 0
1 28.58 3.62 2 6 4 0.25 0 0 0 1 2 100 1 0
1 16.07 0.75 2 8 4 1.75 1 1 5 1 2 352 691 1
1 73.42 17.75 2 1 1 0 1 0 0 1 2 0 1 1
0 28.17 0.37 2 11 4 0.585 1 1 4 0 2 80 1 1
0 21.08 5 1 1 1 0 0 0 0 0 2 0 1 0
0 24.5 1.04 1 1 1 0.5 1 1 3 0 2 180 148 0
1 39.92 0.54 1 6 4 0.5 1 1 3 0 2 200 1001 1
0 28.5 3.04 1 14 8 2.54 1 1 1 0 2 70 1 1
0 20.32 10 2 8 8 1 1 1 4 0 2 50 1466 1
1 39 5 2 13 4 3.5 1 1 10 1 2 0 1 1
0 24.5 12.75 2 8 5 4.75 1 1 2 0 2 73 445 1
0 27.58 3 2 7 4 2.79 0 1 1 1 2 280 11 0
1 30.33 0.5 2 2 8 0.085 0 0 0 1 1 252 1 0
0 18.82 9.5 2 9 4 1.625 1 1 6 1 2 40 601 1
1 23.25 1 2 8 4 0.835 1 0 0 0 1 300 1 1
0 50.25 0.83 2 6 4 0.5 0 0 0 1 2 240 118 0
0 33.25 2.5 1 8 4 2.5 0 0 0 1 2 0 3 0
0 28.58 3.54 2 3 5 0.5 1 0 0 1 2 171 1 0
0 29.5 2 1 10 8 2 0 0 0 0 2 256 18 0
0 22.5 8.5 2 11 4 1.75 1 1 10 0 2 80 991 0
1 25.67 0.28 1 8 4 1.5 0 0 0 1 2 160 1 0
1 23.42 1 2 8 4 0.5 0 0 0 1 1 280 1 0
1 23 0.75 2 7 4 0.5 0 0 0 1 1 320 1 0
0 49 1.5 2 5 3 0 1 0 0 1 2 100 28 0
0 21.67 11.5 1 5 3 0 1 1 11 1 2 0 1 1
0 58.42 21 2 3 5 10 1 1 13 0 2 0 6701 1
1 65.42 11 2 10 9 20 1 1 7 1 2 22 1 1
1 23.17 0 2 13 4 0.085 1 0 0 0 2 0 1 1
0 18.82 4.41 1 8 8 3 1 0 0 0 2 240 1 1
0 33.17 2.25 1 13 4 3.5 0 0 0 1 2 200 142 0
1 23.92 0.58 1 13 8 0.125 0 0 0 0 2 240 2 0
0 18.92 9.25 1 8 4 1 1 1 4 1 2 80 501 1
1 54.83 15.5 2 10 9 0 1 1 20 0 2 152 131 0
1 22 0.79 2 9 4 0.29 0 1 1 0 2 420 284 0

