0 25.33 2.08 2 8 8 2.75 1 0 0 1 2 360 2 0
1 48.75 8.5 2 8 8 12.5 1 1 9 0 2 181 1656 1
1 34.08 6.5 2 6 4 0.125 1 0 0 1 2 443 1 0
1 20.67 0.83 1 8 4 2 0 0 0 1 1 240 1 0
1 26.75 4.5 1 8 5 2.5 0 0 0 0 2 200 1211 0
1 35.25 3.16 2 14 8 3.75 1 0 0 1 2 680 1 0
0 23.58 0.58 1 1 1 0.125 0 0 0 0 2 120 88 0
1 27.25 0.62 2 6 4 0.455 1 0 0 1 2 200 1 0
1 27.58 3.25 1 11 8 5.085 0 1 2 1 2 369 2 0
1 20 7 2 8 4 0.5 0 0 0 0 2 0 1 0
0 46.67 0.46 2 13 8 0.415 1 1 11 1 2 440 7 1
1 31.08 1.5 1 9 4 0.04 0 0 0 0 1 160 1 0
1 20.42 1.08 2 11 4 1.5 0 0 0 0 2 108 8 0
1 43.08 0.37 1 8 4 0.375 1 1 8 1 2 300 163 1
0 24.75 12.5 2 6 4 1.5 1 1 12 1 2 120 568 1
0 20.75 10.25 2 11 4 0.71 1 1 2 1 2 49 1 1
0 24.5 1.75 1 8 4 0.165 0 0 0 0 2 132 1 0
1 21.58 0.79 1 13 4 0.665 0 0 0 0 2 160 1 0
0 23.25 5.87 2 11 4 3.17 1 1 10 0 2 120 246 1
1 13.75 4 1 9 4 1.75 1 1 2 1 2 120 1001 1
0 20.07 0.12 2 11 4 1 0 1 1 0 2 240 769 1
1 25.17 3 2 8 4 1.25 0 1 1 0 2 0 23 0
0 38.75 1.5 2 1 1 0 0 0 0 0 2 76 1 0
1 41.42 5 2 11 8 5 1 1 6 1 2 470 1 1
0 33.25 3 1 6 4 2 0 0 0 0 2 180 1 0
1 20.17 9.25 2 8 4 1.665 1 1 3 1 2 40 29 1
1 19.5 9.58 2 6 4 0.79 0 0 0 0 2 80 351 0
1 22.75 11 2 11 4 2.5 1 1 7 1 2 100 810 1
1 23.08 11.5 2 3 4 3.5 1 1 9 0 2 56 743 1
1 34.83 2.5 1 9 4 3 0 0 0 0 1 200 1 0
1 32.75 2.33 2 2 8 5.75 0 0 0 1 2 292 1 0
0 33.08 1.62 2 2 4 0.54 0 0 0 1 2 0 1 0
0 27.58 3 2 7 4 2.79 0 1 1 1 2 280 11 0
1 21.33 10.5 2 8 4 3 1 0 0 1 2 0 1 1
0 24.33 2.5 1 3 5 4.5 0 0 0 0 2 200 457 0
1 74.83 19 1 1 1 0.04 0 1 2 0 2 0 352 0
1 20.17 9.25 2 8 4 1.665 1 1 3 1 2 40 29 1
0 26.08 8.66 2 6 4 1.415 1 0 0 0 2 160 151 1
0 25.58 0 2 8 4 0 0 0 0 0 3 184 1 1
1 54.83 15.5 2 10 9 0 1 1 20 0 2 152 131 0
1 36.42 0.75 1 2 4 0.585 0 0 0 0 2 240 4 0
1 34 5.08 1 3 5 1.085 0 0 0 1 2 480 1 0
1 37.17 4 2 8 5 5 1 0 0 1 1 280 1 0
1 33.17 1.04 2 12 8 6.5 1 0 0 1 2 164 31286 1
1 37.75 7 2 11 8 11.5 1 1 7 1 2 300 6 0
1 42.75 3 2 3 5 1 1 0 0 0 2 0 201 0
1 28.25 5.12 2 14 4 4.75 1 1 2 0 2 420 8 1
0 18.42 9.25 2 11 4 1.21 1 1 4 0 2 60 541 1
1 27 0.75 2 8 8 4.25 1 1 3 1 2 312 151 1
0 16.5 1.25 2 11 4 0.25 0 1 1 0 2 108 99 0
0 34.83 1.25 1 3 8 0.5 0 0 0 1 2 160 1 0
0 28.5 1 2 11 4 1 1 1 2 1 2 167 501 0
1 31.57 4 2 14 4 5 1 1 3 1 2 290 2280 1
1 26.67 4.25 2 13 4 4.29 1 1 1 1 2 120 1 1
1 26.17 0.25 2 3 5 0 1 0 0 1 2 0 1 1

