1 23 0.62 1 6 4 0.125 1 0 0 0 2 180 2 0
1 67.75 5.5 2 10 9 13 1 1 1 1 2 0 1 1
1 35.25 16.5 1 8 4 4 1 0 0 0 2 80 1 0
1 31.57 4 2 14 4 5 1 1 3 1 2 290 2280 1
1 40.58 5 2 8 4 5 1 1 7 0 2 0 3066 1
1 37.58 0 2 8 4 0 0 0 0 0 3 184 1 1
1 33.58 0.33 1 13 4 0.085 0 0 0 0 2 180 1 0
1 20.5 2.41 2 8 4 2 1 1 11 1 2 200 3001 1
1 28 3 2 9 4 0.75 0 0 0 1 2 300 68 0
1 26.17 12.5 1 4 8 1.25 0 0 0 1 2 0 18 0
1 20 7 2 8 4 0.5 0 0 0 0 2 0 1 0
1 25 12.5 2 6 4 3 1 0 0 1 1 20 1 1
0 57.58 2 2 1 1 6.5 0 1 1 0 2 0 11 0
1 48.08 6.04 2 4 4 0.04 0 0 0 0 2 0 2691 1
0 15.75 0.37 2 8 4 1 0 0 0 0 2 120 19 0
0 20.42 7.5 2 4 4 1.5 1 1 1 0 2 160 235 1
1 27.67 0.75 2 11 8 0.165 0 0 0 1 2 220 252 0
1 60.08 14.5 2 1 1 18 1 1 15 1 2 0 1001 1
1 20.42 7 2 8 4 1.625 1 1 3 0 2 200 1392 1
0 25 11 1 6 4 4.5 1 0 0 0 2 120 1 0
1 20.67 0.41 2 8 4 0.125 0 0 0 0 2 0 45 0
1 29.42 1.25 2 8 8 0.25 0 1 2 1 2 400 109 0
1 20.17 5.62 2 9 4 1.71 1 0 0 0 1 120 1 1
0 32 6 2 2 4 1.25 0 0 0 0 2 272 1 0
0 46 4 2 5 3 0 1 0 0 0 2 100 961 1
1 23.5 3.16 1 4 4 0.415 0 1 1 1 2 280 81 0
0 18.42 9.25 2 11 4 1.21 1 1 4 0 2 60 541 1
1 31.57 0.37 2 2 4 0.875 1 0 0 1 1 928 1 0
1 53.92 9.62 2 10 4 8.665 1 1 5 0 2 0 1 1
1 24.08 9 2 6 4 0.25 0 0 0 1 2 0 1 0
0 20.42 0.83 2 11 4 1.585 1 1 1 0 2 0 1 1
1 34.75 2.5 2 13 5 0.5 0 0 0 0 2 348 1 0
1 39.42 1.71 1 7 4 0.165 0 0 0 0 1 400 1 0
1 20.67 0.83 1 8 4 2 0 0 0 1 1 240 1 0
1 23.33 1.5 2 8 8 1.415 1 0 0 0 2 422 201 1
0 25.75 0.5 2 8 8 0.875 1 0 0 1 2 491 1 1
1 37.33 2.66 2 13 4 0.165 0 0 0 1 2 0 502 0
0 20.07 1.25 2 8 4 0 0 0 0 0 2 0 1 0
1 40 6.5 2 6 5 3.5 1 1 1 0 2 0 501 1
1 24.33 6.62 1 2 4 5.5 1 0 0 1 1 100 1 1
1 42.75 4.08 2 6 4 0.04 0 0 0 0 2 108 101 0
0 27.25 0.28 2 7 8 0.125 0 1 1 1 2 272 109 0
0 28.08 15 1 10 9 0 1 0 0 0 2 0 13213 1
0 23.58 0.58 1 1 1 0.125 0 0 0 0 2 120 88 0
1 25 11.25 2 8 4 2.5 1 1 17 0 2 200 1209 1
1 20 0 2 2 4 0.5 0 0 0 0 2 144 1 0
1 28 2 2 4 8 4.165 1 1 2 1 2 181 1 1
1 31.83 2.5 2 6 4 7.5 1 0 0 1 2 523 1 0
0 20.42 7.5 2 4 4 1.5 1 1 1 0 2 160 235 1
1 23.25 1.5 2 11 4 2.375 1 1 3 1 2 0 583 1
1 39.92 6.21 2 11 4 0.04 1 1 1 0 2 200 301 1
1 44.25 0.5 2 7 4 10.75 1 0 0 0 1 400 1 0
1 36.25 5 2 8 5 2.5 1 1 6 0 2 0 368 1
1 29.58 4.75 2 7 4 2 0 1 1 1 2 460 69 0
0 42.25 1.75 1 8 4 0 0 0 0 1 2 150 2 0

