1 31.57 0.5 2 8 5 0.835 1 0 0 1 1 320 1 0
1 44.25 11 1 2 4 1.5 1 0 0 0 1 0 1 0
1 32.08 4 2 7 4 2.5 1 0 0 1 2 360 1 1
0 52.83 15 2 8 4 5.5 1 1 14 0 2 0 2201 1
1 48.75 26.33 1 1 1 0 1 0 0 1 2 0 1 0
1 34.92 5 2 14 8 7.5 1 1 6 1 2 0 1001 1
1 34.92 2.5 2 9 4 0 1 0 0 1 2 239 201 1
1 22 0.79 2 9 4 0.29 0 1 1 0 2 420 284 0
1 28.33 5 2 9 4 11 1 0 0 1 2 70 1 1
1 51.83 3 1 1 1 1.5 0 0 0 0 2 180 5 0
1 25 11.25 2 8 4 2.5 1 1 17 0 2 200 1209 1
1 34.83 2.5 1 9 4 3 0 0 0 0 1 200 1 0
1 21.17 0.25 1 8 8 0.25 0 0 0 0 2 280 205 0
1 16.07 0.75 2 8 4 1.75 1 1 5 1 2 352 691 1
0 58.42 21 2 3 5 10 1 1 13 0 2 0 6701 1
0 30.42 1.37 2 9 8 0.04 0 1 3 0 2 0 34 0
1 18.5 2 2 3 4 1.5 1 1 2 0 2 120 301 1
0 27.25 0.28 2 7 8 0.125 0 1 1 1 2 272 109 0
1 69.17 9 2 1 1 4 0 1 1 0 2 70 7 0
1 21.83 11 2 14 4 0.29 1 1 6 0 2 121 1 1
0 71.58 0 2 8 4 0 0 0 0 0 3 184 1 1
1 34.17 1.54 2 13 4 1.54 1 1 1 1 2 520 50001 1
1 33.75 2.75 2 3 5 0 0 0 0 0 2 180 1 0
1 32.92 2.5 2 6 4 1.75 0 1 2 1 2 720 1 0
1 34.08 0.08 1 7 5 0.04 1 1 1 1 2 280 2001 1
1 31.25 1.12 2 1 1 0 0 1 1 0 2 96 20 0
1 27 0.75 2 8 8 4.25 1 1 3 1 2 312 151 1
0 24.75 13.66 2 11 8 1.5 0 0 0 0 2 280 2 0
1 20 7 2 8 4 0.5 0 0 0 0 2 0 1 0
0 47.42 8 2 10 5 6.5 1 1 6 0 2 375 51101 1
0 23.58 11.5 1 4 8 3 0 0 0 1 2 20 17 0
1 20 1.25 1 4 4 0.125 0 0 0 0 2 140 5 0
0 22.67 0.79 2 3 4 0.085 0 0 0 0 2 144 1 0
1 31.57 5 1 6 4 8.5 1 0 0 0 2 0 1 0
0 21.75 1.75 1 5 3 0 0 0 0 0 2 160 1 0
0 42.25 1.75 1 8 4 0 0 0 0 1 2 150 2 0
1 19.67 0.37 2 11 4 2 1 1 2 1 2 80 1 1
1 43.17 5 2 3 5 2.25 0 0 0 1 2 141 1 0
1 31.33 19.5 2 8 4 7 1 1 16 0 2 0 5001 1
0 20.83 0.5 1 10 2 1 0 0 0 0 2 260 1 0
1 52.33 1.37 1 8 8 9.46 1 0 0 1 2 200 101 0
0 22.67 3.8 2 8 4 0.165 0 0 0 0 2 160 1 0
0 20.32 10 2 8 8 1 1 1 4 0 2 50 1466 1
1 21.92 0.54 1 14 4 0.04 1 1 1 1 2 840 60 1
1 37.17 4 2 8 5 5 1 0 0 1 1 280 1 0
1 41.92 0.42 2 8 8 0.21 1 1 6 0 2 220 949 1
1 41.17 1.25 1 9 4 0.25 0 0 0 0 2 0 196 0
1 53.92 9.62 2 10 4 8.665 1 1 5 0 2 0 1 1
0 22.67 0.75 2 8 4 2 0 1 2 1 2 200 395 0
1 24.58 12.5 2 9 4 0.875 1 0 0 1 2 260 1 0
0 23.75 0.71 2 9 4 0.25 0 1 1 1 2 240 5 0
1 39.17 1.62 2 8 4 1.5 1 1 10 0 2 186 4701 1
1 31.42 15.5 2 8 4 0.5 1 0 0 0 2 120 1 0
1 54.42 0.5 1 4 8 3.96 1 0 0 0 2 180 315 1
1 32.25 14 1 1 1 0 0 1 2 0 2 160 2 0

