1 73.42 17.75 2 1 1 0 1 0 0 1 2 0 1 1
1 63.33 0.54 2 8 4 0.585 1 1 3 1 2 180 1 0
1 20 0 2 2 4 0.5 0 0 0 0 2 144 1 0
1 29.83 2.04 1 14 8 0.04 0 0 0 0 2 128 2 0
1 22.67 0.75 2 3 4 1.585 0 1 1 1 2 400 10 0
0 18.07 0.37 3 13 1 10 0 0 0 1 1 300 1 1
1 29.83 2.04 1 14 8 0.04 0 0 0 0 2 128 2 0
1 20.07 0.25 2 11 4 0.125 0 0 0 0 2 200 1 0
0 25.17 2.87 2 14 8 0.875 1 0 0 0 2 360 1 1
1 23.58 0.46 1 9 4 2.625 1 1 6 1 2 208 348 0
1 25.67 2.21 1 6 4 4 1 0 0 0 2 188 1 0
1 20 0 2 2 4 0.5 0 0 0 0 2 144 1 0
1 32.92 2.5 2 6 4 1.75 0 1 2 1 2 720 1 0
1 27.83 1.5 2 9 4 2.25 0 1 1 1 2 100 4 0
1 30.75 1.58 2 2 4 0.585 0 0 0 1 1 0 1 0
1 42 9.78 2 14 8 7.96 1 1 8 0 2 0 1 1
1 39.33 5.87 2 13 8 10 1 1 14 1 2 399 1 1
1 16.17 0.04 2 8 4 0.04 0 0 0 0 2 0 1 1
1 32.08 4 1 13 4 1.5 0 0 0 1 2 120 1 0
1 20.5 2.41 2 8 4 2 1 1 11 1 2 200 3001 1
0 22.42 5.66 2 11 4 2.585 1 1 7 0 2 129 3258 1
0 56.83 4.25 1 1 1 5 0 0 0 1 2 0 5 0
0 47.42 8 2 10 5 6.5 1 1 6 0 2 375 51101 1
0 23.58 0.58 1 1 1 0.125 0 0 0 0 2 120 88 0
0 46.67 0.46 2 13 8 0.415 1 1 11 1 2 440 7 1
1 18.82 3.54 1 1 1 0 0 0 0 1 2 180 2 0
1 34.83 4 2 2 5 12.5 1 0 0 1 2 184 1 0
1 37.42 2.04 2 9 4 0.04 1 0 0 1 2 400 5801 1
1 39.17 1.71 2 14 4 0.125 1 1 5 1 2 480 1 1
0 52.83 15 2 8 4 5.5 1 1 14 0 2 0 2201 1
1 37.5 1.12 1 2 4 1.5 0 0 0 1 2 431 1 1
1 34.92 5 2 14 8 7.5 1 1 6 1 2 0 1001 1
1 35.25 3.16 2 14 8 3.75 1 0 0 1 2 680 1 0
1 36.67 3.25 2 11 8 9 1 0 0 1 2 102 640 1
1 43.25 3 2 11 8 6 1 1 11 0 2 80 1 1
0 24.5 1.75 1 8 4 0.165 0 0 0 0 2 132 1 0
1 69.17 9 2 1 1 4 0 1 1 0 2 70 7 0
0 25.17 2.87 2 14 8 0.875 1 0 0 0 2 360 1 1
1 27.58 3.25 1 11 8 5.085 0 1 2 1 2 369 2 0
1 25.33 0.57 2 8 4 0.29 1 1 7 1 2 96 5125 1
1 17.42 6.5 2 3 4 0.125 0 0 0 0 2 60 101 0
0 29.5 2 1 10 8 2 0 0 0 0 2 256 18 0
0 31.75 3 1 5 3 0 0 0 0 0 2 160 21 0
0 33.67 0.37 2 13 4 0.375 0 0 0 0 2 300 45 1
1 31.57 0.62 2 4 4 0.25 0 0 0 0 2 380 2011 0
1 23.42 1 2 8 4 0.5 0 0 0 1 1 280 1 0
1 31.57 10.5 2 14 4 6.5 1 0 0 0 2 0 1 1
1 56.42 28 1 8 4 28.5 1 1 40 0 2 0 16 1
1 31.57 10.5 2 14 4 6.5 1 0 0 0 2 0 1 1
1 18.82 0.41 1 8 4 0.165 0 1 1 0 2 200 2 0
0 25.75 0.5 2 8 8 0.875 1 0 0 1 2 491 1 1
1 31 2.08 2 8 4 0.085 0 0 0 0 2 300 1 0
1 43.17 5 2 3 5 2.25 0 0 0 1 2 141 1 0
1 29.42 1.25 2 8 8 0.25 0 1 2 1 2 400 109 0
0 36.75 4.71 2 1 1 0 0 0 0 0 2 160 1 0

