1 21.25 1.5 2 9 4 1.5 0 0 0 0 2 150 9 1
0 16 0.16 2 6 4 1 0 1 2 1 2 320 2 0
0 38.25 6 2 4 4 1 1 0 0 1 2 0 1 1
0 24.5 1.04 1 1 1 0.5 1 1 3 0 2 180 148 0
1 32.67 5.5 2 11 8 5.5 1 1 12 1 2 408 1001 1
1 29.67 0.75 1 8 4 0.04 0 0 0 0 2 240 1 0
0 24.75 13.66 2 11 8 1.5 0 0 0 0 2 280 2 0
0 18.82 9.53 2 6 4 0.085 1 0 0 0 2 100 1 1
0 20.67 1.83 2 11 4 2.085 1 1 5 0 2 220 2504 1
1 40.58 5 2 8 4 5 1 1 7 0 2 0 3066 1
1 25.33 0.57 2 8 4 0.29 1 1 7 1 2 96 5125 1
1 39.17 1.71 2 14 4 0.125 1 1 5 1 2 480 1 1
1 23.42 0.58 2 8 8 0.085 1 0 0 0 2 180 1 0
0 19.17 0.58 1 6 4 0.585 1 0 0 1 2 160 1 0
0 45 4.58 2 4 8 1 0 0 0 1 1 240 1 0
1 25.83 12.83 2 13 4 0.5 0 0 0 0 2 0 3 0
1 25.67 12.5 2 13 4 1.21 1 1 67 1 2 140 259 1
0 30 5.29 2 10 2 2.25 1 1 5 1 2 99 501 1
1 67.75 5.5 2 10 9 13 1 1 1 1 2 0 1 1
1 20.67 1.25 1 8 8 1.375 1 1 3 1 2 140 211 0
1 21.67 1.16 1 4 4 2.5 1 1 1 0 2 180 21 0
0 32 6 2 2 4 1.25 0 0 0 0 2 272 1 0
1 51.83 2.04 1 1 1 1.5 0 0 0 0 2 120 2 0
1 48.75 8.5 2 8 8 12.5 1 1 9 0 2 181 1656 1
1 23.58 0.46 1 9 4 2.625 1 1 6 1 2 208 348 0
1 21.17 0.25 1 8 8 0.25 0 0 0 0 2 280 205 0
1 54.33 6.75 2 8 8 2.625 1 1 11 1 2 0 285 1
1 16.32 4.08 2 3 8 0.415 0 0 0 1 2 120 1 0
1 33.58 0.25 2 3 5 4 0 0 0 1 1 420 1 0
1 20 7 2 8 4 0.5 0 0 0 0 2 0 1 0
0 17.92 0.54 2 8 4 1.75 0 1 1 1 2 80 6 0
1 36.17 18.12 2 9 4 0.085 0 0 0 0 2 320 3553 0
1 33.17 1.04 2 12 8 6.5 1 0 0 1 2 164 31286 1
1 31.67 0.83 2 14 4 1.335 1 1 8 1 2 303 3291 1
1 36.33 2.12 1 9 4 0.085 1 1 1 0 2 50 1188 1
1 80.25 5.5 2 8 4 0.54 1 0 0 0 2 0 341 0
1 67.75 5.5 2 10 9 13 1 1 1 1 2 0 1 1
0 65.17 14 2 1 1 0 1 1 11 1 2 0 1401 1
1 23.08 0 2 4 4 1 0 1 11 0 1 0 1 0
0 26.08 8.66 2 6 4 1.415 1 0 0 0 2 160 151 1
0 23.42 0.79 1 11 4 1.5 1 1 2 1 2 80 401 1
0 15.75 0.37 2 8 4 1 0 0 0 0 2 120 19 0
1 20.42 7 2 8 4 1.625 1 1 3 0 2 200 1392 1
0 28.67 1.04 2 8 4 2.5 1 1 5 1 2 300 1431 1
1 30.17 0.5 2 8 4 1.75 1 1 11 0 2 32 541 1
0 33.17 2.25 1 13 4 3.5 0 0 0 1 2 200 142 0
1 31.67 0.83 2 14 4 1.335 1 1 8 1 2 303 3291 1
0 35.17 3.75 2 1 1 0 0 1 6 0 2 0 201 0
1 20 7 2 8 4 0.5 0 0 0 0 2 0 1 0
1 23.58 1.79 2 8 4 0.54 0 0 0 1 2 136 2 0
1 34 5.5 1 8 4 1.5 0 0 0 1 2 60 1 0
1 47.33 6.5 2 8 4 1 0 0 0 1 2 0 229 0
1 37.5 0.83 2 10 4 0.04 0 0 0 0 2 120 6 0
1 34 5.08 1 3 5 1.085 0 0 0 1 2 480 1 0
1 24.33 6.62 1 2 4 5.5 1 0 0 1 1 100 1 1

