1 21.92 0.5 2 8 4 0.125 0 0 0 0 2 360 1 0
1 31.67 0.83 2 14 4 1.335 1 1 8 1 2 303 3291 1
1 24.33 6.62 1 2 4 5.5 1 0 0 1 1 100 1 1
0 24.83 4.5 2 9 4 1 0 0 0 1 2 360 7 0
1 31.08 3.08 2 8 4 2.5 0 1 2 1 2 160 42 0
1 24.58 12.5 2 9 4 0.875 1 0 0 1 2 260 1 0
1 24.33 6.62 1 2 4 5.5 1 0 0 1 1 100 1 1
1 59.5 2.75 2 9 4 1.75 1 1 5 1 2 60 59 1
0 71.58 0 2 8 4 0 0 0 0 0 3 184 1 1
1 40 6.5 2 6 5 3.5 1 1 1 0 2 0 501 1
1 36.33 2.12 1 9 4 0.085 1 1 1 0 2 50 1188 1
1 33.75 2.75 2 3 5 0 0 0 0 0 2 180 1 0
0 40.83 10 2 11 8 1.75 1 0 0 0 2 29 838 1
0 20.07 0.12 2 11 4 1 0 1 1 0 2 240 769 1
1 34.92 2.5 2 9 4 0 1 0 0 1 2 239 201 1
1 34.83 4 2 2 5 12.5 1 0 0 1 2 184 1 0
1 23.92 0.66 2 8 4 0.165 0 0 0 0 2 100 1 1
0 22.5 0.41 2 3 4 0.335 0 0 0 1 1 144 1 0
1 28 2 2 4 8 4.165 1 1 2 1 2 181 1 1
1 59.5 2.75 2 9 4 1.75 1 1 5 1 2 60 59 1
1 22.75 11.5 2 3 4 0.415 0 0 0 0 2 0 1 0
1 19.17 0 1 7 5 0 0 0 0 1 1 500 2 1
1 21.58 0.79 1 13 4 0.665 0 0 0 0 2 160 1 0
0 47.42 3 2 14 4 13.875 1 1 2 1 2 519 1705 1
1 42 0.2 2 3 8 5.125 1 0 0 0 2 400 1 1
1 28.58 3.62 2 6 4 0.25 0 0 0 1 2 100 1 0
0 24.08 0.5 2 11 8 1.25 1 1 1 0 2 0 679 1
1 23.92 0.58 1 13 8 0.125 0 0 0 0 2 240 2 0
0 41.58 1.04 2 6 4 0.665 0 0 0 0 2 240 238 0
1 18.67 5 2 11 4 0.375 1 1 2 0 2 0 39 0
0 23.75 0.71 2 9 4 0.25 0 1 1 1 2 240 5 0
1 31.57 4 1 3 4 0.085 0 0 0 1 2 411 1 0
1 22.92 0.17 2 7 4 0.085 0 0 0 0 1 0 1 0
1 29.58 4.5 2 9 4 7.5 1 1 2 1 2 330 1 1
0 23 11.75 2 14 8 0.5 1 1 2 1 2 300 552 1
0 38.25 6 2 4 4 1 1 0 0 1 2 0 1 1
1 18.07 6.75 1 7 4 0.04 0 0 0 0 2 140 1 0
1 32.83 2.5 2 13 8 2.75 1 1 6 0 2 160 2073 1
1 25.5 0.37 2 7 4 0.25 1 1 3 0 2 260 15109 1
1 31.42 15.5 2 8 4 0.5 1 0 0 0 2 120 1 0
1 27.83 1 1 2 8 3 0 0 0 0 2 176 538 0
1 20.67 0.41 2 8 4 0.125 0 0 0 0 2 0 45 0
0 22.5 8.5 2 11 4 1.75 1 1 10 0 2 80 991 0
1 36.67 3.25 2 11 8 9 1 0 0 1 2 102 640 1
0 24.5 2.41 1 8 4 0 0 0 0 0 2 120 1 0
0 24.75 12.5 2 6 4 1.5 1 1 12 1 2 120 568 1
1 18.42 10.41 1 6 4 0.125 1 0 0 0 2 120 376 0
0 22.5 8.5 2 11 4 1.75 1 1 10 0 2 80 991 0
0 32.33 0.54 2 13 4 0.04 1 0 0 0 2 440 11178 1
1 34.17 2.75 2 3 5 2.5 0 0 0 1 2 232 201 0
1 33.17 3.04 1 8 8 2.04 1 1 1 1 2 180 18028 1
0 19.75 0.75 2 8 4 0.795 1 1 5 1 2 140 6 0
0 27.17 1.25 2 1 1 0 0 1 1 0 2 92 301 0
1 52.33 1.37 1 8 8 9.46 1 0 0 1 2 200 101 0
1 54.42 0.5 1 4 8 3.96 1 0 0 0 2 180 315 1

