0 35.42 12 2 11 8 14 1 1 8 0 2 0 6591 1
1 23.92 0.58 1 13 8 0.125 0 0 0 0 2 240 2 0
1 20 7 2 8 4 0.5 0 0 0 0 2 0 1 0
1 27.75 0.58 1 13 4 0.25 1 1 2 0 2 260 501 1
0 44.17 6.66 2 11 4 7.375 1 1 3 1 2 0 1 1
1 22.67 0.16 2 8 3 2.25 0 0 0 1 1 0 1 1
1 24.58 13.5 1 1 1 0 0 0 0 0 2 184 1 0
0 20.67 1.83 2 11 4 2.085 1 1 5 0 2 220 2504 1
0 39.08 4 2 8 4 3 0 0 0 0 2 480 1 0
1 40.92 0.83 2 1 1 0 1 0 0 0 2 130 2 0
1 42.83 4.62 2 11 4 4.58 1 0 0 0 1 0 1 1
1 24.33 6.62 1 2 4 5.5 1 0 0 1 1 100 1 1
1 21.58 0.79 1 13 4 0.665 0 0 0 0 2 160 1 0
1 23.17 0 2 13 4 0.085 1 0 0 0 2 0 1 1
1 22.25 0.46 2 4 4 0.125 0 0 0 1 2 280 56 0
1 31.67 16.16 2 2 4 3 1 1 9 0 2 250 731 1
0 39.08 4 2 8 4 3 0 0 0 0 2 480 1 0
1 25.83 12.83 2 13 4 0.5 0 0 0 0 2 0 3 0
0 34.83 1.25 1 3 8 0.5 0 0 0 1 2 160 1 0
0 24.75 13.66 2 11 8 1.5 0 0 0 0 2 280 2 0
0 23.58 0.83 2 11 4 0.415 0 1 1 1 2 200 12 0
1 37.42 2.04 2 9 4 0.04 1 0 0 1 2 400 5801 1
1 48.75 26.33 1 1 1 0 1 0 0 1 2 0 1 0
1 23 0.75 2 7 4 0.5 1 0 0 1 1 320 1 0
1 28.25 5.12 2 14 4 4.75 1 1 2 0 2 420 8 1
1 41.42 5 2 11 8 5 1 1 6 1 2 470 1 1
1 31.57 0.37 2 2 4 0.875 1 0 0 1 1 928 1 0
0 34.83 1.25 1 3 8 0.5 0 0 0 1 2 160 1 0
1 20.42 0 2 8 4 0 0 0 0 0 3 184 1 0
1 40 6.5 2 6 5 3.5 1 1 1 0 2 0 501 1
1 23.25 4 2 8 5 0.25 1 0 0 1 2 160 1 1
1 23.25 1.5 2 11 4 2.375 1 1 3 1 2 0 583 1
1 30.17 0.5 2 8 4 1.75 1 1 11 0 2 32 541 1
1 28.33 5 2 9 4 11 1 0 0 1 2 70 1 1
0 24.83 4.5 2 9 4 1 0 0 0 1 2 360 7 0
1.234 22.08 11.46 2 4 4 1.585 0 0 0 1 2 100 1213 0
1 25 11.25 2 8 4 2.5 1 1 17 0 2 200 1209 1
1 37.42 2.04 2 9 4 0.04 1 0 0 1 2 400 5801 1
0 26.08 8.66 2 6 4 1.415 1 0 0 0 2 160 151 1
1 31.57 10.5 2 14 4 6.5 1 0 0 0 2 0 1 1
0 29.58 1.75 1 4 4 1.25 0 0 0 1 2 280 1 0
0 20.42 0.83 2 11 4 1.585 1 1 1 0 2 0 1 1
0 25 12.33 2 13 8 3.5 1 1 6 0 2 400 459 1
0 23.58 11.5 1 4 8 3 0 0 0 1 2 20 17 0
1 35.17 2.5 2 4 4 4.5 1 1 7 0 2 150 1271 1
0 28.58 3.54 2 3 5 0.5 1 0 0 1 2 171 1 0
0 50.08 12.54 2 6 4 2.29 1 1 3 1 2 156 1 1
1 18.82 0.41 1 8 4 0.165 0 1 1 0 2 200 2 0
1 26.17 0.25 2 3 5 0 1 0 0 1 2 0 1 1
1 24.5 13.33 1 6 4 0.04 0 0 0 1 2 120 476 0
0 34.83 1.25 1 3 8 0.5 0 0 0 1 2 160 1 0
1 29.92 1.83 2 8 8 4.335 1 0 0 0 2 260 201 1
1 33.58 0.25 2 3 5 4 0 0 0 1 1 420 1 0
1 22.17 0.58 1 1 1 0 0 0 0 0 2 100 1 0
1 18.42 10.41 1 6 4 0.125 1 0 0 0 2 120 376 0

