1 23.25 1.5 2 11 4 2.375 1 1 3 1 2 0 583 1
1 26.17 0.25 2 3 5 0 1 0 0 1 2 0 1 1
1 35.75 2.41 2 9 4 0.125 0 1 2 0 2 220 2 0
1 22.67 2.54 1 8 8 2.585 1 0 0 0 2 0 1 1
1 16.25 0.83 2 7 4 0.085 1 0 0 0 1 200 1 0
0 33.67 0.37 2 13 4 0.375 0 0 0 0 2 300 45 1
1 49.58 19 2 1 1 0 1 1 1 0 2 94 1 0
0 20.07 1.25 2 8 4 0 0 0 0 0 2 0 1 0
0 15.83 0.58 2 8 8 1.5 1 1 2 0 2 100 1 1
0 46.67 0.46 2 13 8 0.415 1 1 11 1 2 440 7 1
1 33.17 3.04 1 8 8 2.04 1 1 1 1 2 180 18028 1
1 21.67 1.16 1 4 4 2.5 1 1 1 0 2 180 21 0
1 20.5 10 1 8 4 2.5 1 0 0 0 1 40 1 1
1 27.25 0.62 2 6 4 0.455 1 0 0 1 2 200 1 0
1 23.58 0.46 1 9 4 2.625 1 1 6 1 2 208 348 0
1 39.5 1.62 2 8 4 1.5 0 0 0 0 2 0 317 0
1 32.42 3 2 2 4 0.165 0 0 0 1 2 120 1 0
1 36.33 3.79 2 9 4 1.165 1 0 0 1 2 200 1 0
0 52.5 7 2 6 8 3 0 0 0 0 2 0 1 0
1 44.83 7 1 8 4 1.625 0 0 0 0 2 160 3 0
0 30.42 1.37 2 9 8 0.04 0 1 3 0 2 0 34 0
1 30.58 2.71 1 7 4 0.125 0 0 0 1 1 80 1 0
0 24.08 0.5 2 11 8 1.25 1 1 1 0 2 0 679 1
1 25.42 0.54 2 9 4 0.165 0 1 1 0 2 272 445 0
0 57.58 2 2 1 1 6.5 0 1 1 0 2 0 11 0
0 17.92 10.21 2 1 1 0 0 0 0 0 2 0 51 0
1 29.67 1.41 2 9 8 0.75 1 1 1 0 2 240 101 1
1 40.92 0.5 1 7 4 0.5 0 0 0 1 2 130 1 0
1 26.75 2 2 2 4 0.75 0 0 0 1 2 80 1 0
0 25.58 0 2 8 4 0 0 0 0 0 3 184 1 1
1.234 22.08 11.46 2 4 4 1.585 0 0 0 1 2 100 1213 0
1 25.92 0.87 2 4 4 0.375 0 1 2 1 2 174 4 0
0 24.5 12.75 2 8 5 4.75 1 1 2 0 2 73 445 1
1 23.42 0.58 2 8 8 0.085 1 0 0 0 2 180 1 0
0 46 4 2 5 3 0 1 0 0 0 2 100 961 1
0 22.42 11.25 1 14 8 0.75 1 1 4 0 2 0 322 1
1 41 0.04 2 10 4 0.04 0 1 1 0 1 560 1 1
1 23.42 1 2 8 4 0.5 0 0 0 1 1 280 1 0
1 49.58 19 2 1 1 0 1 1 1 0 2 94 1 0
1 27.67 0.75 2 11 8 0.165 0 0 0 1 2 220 252 0
1 20.5 2.41 2 8 4 2 1 1 11 1 2 200 3001 1
0 18.82 9.53 2 6 4 0.085 1 0 0 0 2 100 1 1
1 18.67 5 2 11 4 0.375 1 1 2 0 2 0 39 0
0 24.75 12.5 2 6 4 1.5 1 1 12 1 2 120 568 1
1 20 0 2 2 4 0.5 0 0 0 0 2 144 1 0
1 36.25 5 2 8 5 2.5 1 1 6 0 2 0 368 1
1 34 5.5 1 8 4 1.5 0 0 0 1 2 60 1 0
0 24.08 0.5 2 11 8 1.25 1 1 1 0 2 0 679 1
0 30 5.29 2 10 2 2.25 1 1 5 1 2 99 501 1
1 27.25 1.66 2 13 8 5.085 1 1 9 0 2 399 828 1
0 28.58 3.54 2 3 5 0.5 1 0 0 1 2 171 1 0
0 23.58 0.58 1 1 1 0.125 0 0 0 0 2 120 88 0
1 26.67 2.71 1 13 4 5.25 1 1 1 0 2 211 1 1
1 29.58 4.75 2 7 4 2 0 1 1 1 2 460 69 0
0 20.75 10.25 2 11 4 0.71 1 1 2 1 2 49 1 1

