0 18.82 9.53 2 6 4 0.085 1 0 0 0 2 100 1 1
1 32.42 3 2 2 4 0.165 0 0 0 1 2 120 1 0
1 31.08 1.5 1 9 4 0.04 0 0 0 0 1 160 1 0
1 69.17 9 2 1 1 4 0 1 1 0 2 70 7 0
1 23.17 11.12 2 14 8 0.46 1 1 1 0 2 100 1 1
1 33.67 2.16 2 8 4 1.5 0 0 0 0 3 120 1 0
0 18.57 10 2 2 4 0.415 0 0 0 0 2 80 43 0
1 20.17 5.62 2 9 4 1.71 1 0 0 0 1 120 1 1
1 23.08 11.5 2 3 4 3.5 1 1 9 0 2 56 743 1
1 38.42 0.7 2 8 4 0.375 0 1 2 0 2 225 501 0
1 42.83 1.25 2 7 4 13.875 0 1 1 1 2 352 113 0
0 15.83 0.58 2 8 8 1.5 1 1 2 0 2 100 1 1
1 32.25 0.16 1 8 8 3.25 1 1 1 1 2 432 8001 1
0 68.67 15 2 10 9 0 1 1 14 0 2 0 3377 1
0 24.75 12.5 2 6 4 1.5 1 1 12 1 2 120 568 1
1 18.82 0.41 1 8 4 0.165 0 1 1 0 2 200 2 0
1 31.08 1.5 1 9 4 0.04 0 0 0 0 1 160 1 0
1 18.67 5 2 11 4 0.375 1 1 2 0 2 0 39 0
1 31.57 0.62 2 4 4 0.25 0 0 0 0 2 380 2011 0
1 42.75 3 2 3 5 1 1 0 0 0 2 0 201 0
1 23.92 0.58 1 13 8 0.125 0 0 0 0 2 240 2 0
1 54.83 15.5 2 10 9 0 1 1 20 0 2 152 131 0
1 20.17 5.62 2 9 4 1.71 1 0 0 0 1 120 1 1
0 20.83 0.5 1 10 2 1 0 0 0 0 2 260 1 0
1 33.17 1.04 2 12 8 6.5 1 0 0 1 2 164 31286 1
1 44.25 0.5 2 7 4 10.75 1 0 0 0 1 400 1 0
1 32.75 1.5 2 13 8 5.5 1 1 3 1 2 0 1 1
0 35.17 3.75 2 1 1 0 0 1 6 0 2 0 201 0
1 17.67 4.46 2 8 4 0.25 0 0 0 0 1 80 1 0
1 29.5 0.57 2 9 4 0.29 0 1 1 0 2 340 2804 0
0 18.57 10 2 2 4 0.415 0 0 0 0 2 80 43 0
1 34.17 2.75 2 3 5 2.5 0 0 0 1 2 232 201 0
1 31.08 3.08 2 8 4 2.5 0 1 2 1 2 160 42 0
1 29.25 13 2 2 8 0.5 0 0 0 0 2 228 1 0
1 33.58 0.25 2 3 5 4 0 0 0 1 1 420 1 0
1 53.92 9.62 2 10 4 8.665 1 1 5 0 2 0 1 1
1 28.75 1.5 1 8 4 1.5 1 0 0 1 2 0 226 0
1 25.58 0.33 2 4 8 3.5 0 0 0 1 2 340 1 0
0 18.07 0.37 3 13 1 10 0 0 0 1 1 300 1 1
0 18.57 10 2 2 4 0.415 0 0 0 0 2 80 43 0
0 15.83 0.58 2 8 8 1.5 1 1 2 0 2 100 1 1
0 51.92 6.5 2 3 5 3.085 0 0 0 1 2 73 1 0
1 63.33 0.54 2 8 4 0.585 1 1 3 1 2 180 1 0
1 26.33 13 2 10 2 0 0 0 0 1 2 140 1111 0
0 21.75 1.75 1 5 3 0 0 0 0 0 2 160 1 0
0 24.92 1.25 2 1 1 0 1 0 0 0 2 80 1 0
0 25.33 2.08 2 8 8 2.75 1 0 0 1 2 360 2 0
1 23.25 1.5 2 11 4 2.375 1 1 3 1 2 0 583 1
1 36.67 2 2 3 4 0.25 0 0 0 1 2 221 1 0
1 22.75 11.5 2 3 4 0.415 0 0 0 0 2 0 1 0
1 22.17 2.25 2 3 4 0.125 0 0 0 0 2 160 11 0
0 23.58 11.5 1 4 8 3 0 0 0 1 2 20 17 0
1 25.83 12.83 2 13 4 0.5 0 0 0 0 2 0 3 0
0 37.75 5.5 2 11 4 0.125 1 0 0 1 2 228 1 1
1 20.17 5.62 2 9 4 1.71 1 0 0 0 1 120 1 1

