0 27.67 1.5 2 7 4 2 1 0 0 0 1 368 1 0
0 20.67 3 2 11 4 0.165 1 1 3 0 2 100 7 1
1 48.17 3.5 2 6 4 3.5 1 0 0 0 1 230 1 1
1 19.42 7.25 2 7 4 0.04 0 1 1 0 2 100 2 0
1 28.25 5.04 1 8 5 1.5 1 1 8 1 2 144 8 1
0 44.33 0 2 8 4 2.5 1 0 0 0 2 0 1 1
0 65.17 14 2 1 1 0 1 1 11 1 2 0 1401 1
1 32.75 1.5 2 13 8 5.5 1 1 3 1 2 0 1 1
1 23.08 2.5 2 1 1 0.085 0 0 0 1 2 100 4209 0
1 24.17 0.87 2 11 4 4.625 1 1 2 1 2 520 2001 1
1 23.92 0.58 1 13 8 0.125 0 0 0 0 2 240 2 0
0 50.08 12.54 2 6 4 2.29 1 1 3 1 2 156 1 1
1 36.5 4.25 2 11 4 3.5 0 0 0 0 2 454 51 0
0 25.42 1.12 2 11 4 1.29 1 1 2 0 2 200 1 0
0 28.42 3.5 2 9 4 0.835 1 0 0 0 1 280 1 1
1 29.92 1.83 2 8 8 4.335 1 0 0 0 2 260 201 1
1 32.25 14 1 1 1 0 0 1 2 0 2 160 2 0
1 27.58 3.25 1 11 8 5.085 0 1 2 1 2 369 2 0
1 34.92 5 2 14 8 7.5 1 1 6 1 2 0 1001 1
0 22.67 0.33 2 11 4 0.75 0 0 0 0 1 160 1 0
0 37.75 5.5 2 11 4 0.125 1 0 0 1 2 228 1 1
1 42 9.78 2 14 8 7.96 1 1 8 0 2 0 1 1
0 37.75 5.5 2 11 4 0.125 1 0 0 1 2 228 1 1
0 28.08 15 1 10 9 0 1 0 0 0 2 0 13213 1
1 32.75 2.33 2 2 8 5.75 0 0 0 1 2 292 1 0
1 23.17 0 2 8 4 0 0 0 0 0 3 184 1 1
1 34.25 1.75 2 9 5 0.25 1 0 0 1 2 163 1 0
0 25 12.33 2 13 8 3.5 1 1 6 0 2 400 459 1
1 40.92 0.83 2 1 1 0 1 0 0 0 2 130 2 0
1 25.67 2.21 1 6 4 4 1 0 0 0 2 188 1 0
1 31.57 0.62 2 4 4 0.25 0 0 0 0 2 380 2011 0
0 69.5 6 2 1 1 0 0 0 0 0 1 0 1 0
1 34.83 2.5 1 9 4 3 0 0 0 0 1 200 1 0
1 31.57 0.5 2 8 5 0.835 1 0 0 1 1 320 1 0
1.234 22.08 11.46 2 4 4 1.585 0 0 0 1 2 100 1213 0
1 37.75 7 2 11 8 11.5 1 1 7 1 2 300 6 0
1 27.25 1.66 2 13 8 5.085 1 1 9 0 2 399 828 1
0 29.5 1.08 1 14 4 1 0 0 0 0 2 280 14 0
0 20.07 0.12 2 11 4 1 0 1 1 0 2 240 769 1
1 34.42 1.33 2 3 5 0.125 0 0 0 1 2 440 4501 0
1 57.42 8.5 2 10 8 7 1 1 3 0 2 0 1 1
1 36.17 5.5 2 3 5 5 0 0 0 0 2 210 688 0
1 31.57 0.5 2 8 5 0.835 1 0 0 1 1 320 1 0
0 47.42 3 2 14 4 13.875 1 1 2 1 2 519 1705 1
1 57.83 7.04 2 7 4 14 1 1 6 1 2 360 1333 1
1 33.58 0.33 1 13 4 0.085 0 0 0 0 2 180 1 0
0 30 5.29 2 10 2 2.25 1 1 5 1 2 99 501 1
1 33.67 2.16 2 8 4 1.5 0 0 0 0 3 120 1 0
1 20.67 1.25 1 8 8 1.375 1 1 3 1 2 140 211 0
1 31.58 0.75 1 6 4 3.5 0 0 0 1 2 320 1 0
1 29.92 1.83 2 8 8 4.335 1 0 0 0 2 260 201 1
0 52.17 0 1 1 1 0 0 0 0 0 2 0 1 0
0 30 5.29 2 10 2 2.25 1 1 5 1 2 99 501 1
1 25.83 12.83 2 13 4 0.5 0 0 0 0 2 0 3 0
1 39.5 1.62 2 8 4 1.5 0 0 0 0 2 0 317 0

