1 39.17 1.71 2 14 4 0.125 1 1 5 1 2 480 1 1
1 23.08 0 2 4 4 1 0 1 11 0 1 0 1 0
0 21.5 6 2 6 4 2.5 1 1 3 0 2 80 919 1
0 26.08 8.66 2 6 4 1.415 1 0 0 0 2 160 151 1
1 18.5 2 2 3 4 1.5 1 1 2 0 2 120 301 1
1 47.33 6.5 2 8 4 1 0 0 0 1 2 0 229 0
1 32 1.75 1 10 8 0.04 1 0 0 1 2 393 1 1
1 31 2.08 2 8 4 0.085 0 0 0 0 2 300 1 0
0 19.67 0.21 2 11 8 0.29 1 1 11 0 2 80 100 1
1 28.75 1.5 1 8 4 1.5 1 0 0 1 2 0 226 0
1 17.42 6.5 2 3 4 0.125 0 0 0 0 2 60 101 0
0 32 6 2 2 4 1.25 0 0 0 0 2 272 1 0
1 32.83 2.5 2 13 8 2.75 1 1 6 0 2 160 2073 1
1 40.25 21.5 2 10 9 20 1 1 11 0 2 0 1201 1
1 25.67 3.25 2 8 8 2.29 0 1 1 1 2 416 22 0
1 21.33 10.5 2 8 4 3 1 0 0 1 2 0 1 1
1 27.58 2.04 1 6 4 2 1 1 3 1 2 370 561 1
0 40.83 10 2 11 8 1.75 1 0 0 0 2 29 838 1
1 63.33 0.54 2 8 4 0.585 1 1 3 1 2 180 1 0
1 34.75 2.5 2 13 5 0.5 0 0 0 0 2 348 1 0
0 21.75 11.75 2 8 4 0.25 0 0 0 1 2 180 1 0
1 34.25 3 2 13 8 7.415 1 0 0 1 2 0 1 1
1 23.25 4 2 8 5 0.25 1 0 0 1 2 160 1 1
1 26.83 0.54 2 4 1 0 0 0 0 0 2 100 1 0
1 34.75 15 2 12 7 5.375 1 1 9 1 2 0 135 1
1 34.75 2.5 2 13 5 0.5 0 0 0 0 2 348 1 0
1 18.07 6.75 1 7 4 0.04 0 0 0 0 2 140 1 0
1 34.25 1.75 2 9 5 0.25 1 0 0 1 2 163 1 0
0 16.07 0.33 2 1 1 0 0 1 1 0 2 160 127 0
1 35.17 4.5 2 14 8 5.75 0 0 0 1 1 711 1 1
1 73.42 17.75 2 1 1 0 1 0 0 1 2 0 1 1
1 31.83 0.04 1 7 4 0.04 0 0 0 0 2 0 1 0
1 42.83 4.62 2 11 4 4.58 1 0 0 0 1 0 1 1
0 22.58 10.75 2 11 4 0.415 1 1 5 1 2 0 561 1
1 34.17 1.54 2 13 4 1.54 1 1 1 1 2 520 50001 1
1 39.5 1.62 2 8 4 1.5 0 0 0 0 2 0 317 0
0 47.75 8 2 8 4 7.875 1 1 6 1 2 0 1261 1
0 40.33 7.54 1 11 8 8 1 1 14 0 2 0 2301 1
1 23.08 0 2 4 4 1 0 1 11 0 1 0 1 0
1 34.42 1.33 2 3 5 0.125 0 0 0 1 2 440 4501 0
0 47.42 8 2 10 5 6.5 1 1 6 0 2 375 51101 1
1 43.08 0.37 1 8 4 0.375 1 1 8 1 2 300 163 1
1 20 1.25 1 4 4 0.125 0 0 0 0 2 140 5 0
0 17.57 9 2 6 4 1.375 1 0 0 1 2 0 1 1
1 36.67 4.41 1 4 4 0.25 1 1 10 1 2 320 1 1
0 36.75 5.12 2 10 4 5 1 0 0 1 2 0 4001 1
0 28.67 1.04 2 8 4 2.5 1 1 5 1 2 300 1431 1
0 21.67 11.5 1 5 3 0 1 1 11 1 2 0 1 1
1 74.83 19 1 1 1 0.04 0 1 2 0 2 0 352 0
1 28.67 9.33 2 11 8 5.665 1 1 6 0 2 381 169 1
1 27 1.5 1 9 4 0.375 1 0 0 1 2 260 1066 1
0 23 11.75 2 14 8 0.5 1 1 2 1 2 300 552 1
1 28.25 5.12 2 14 4 4.75 1 1 2 0 2 420 8 1
1 57.83 7.04 2 7 4 14 1 1 6 1 2 360 1333 1
0 31.75 3 1 5 3 0 0 0 0 0 2 160 21 0

