1 19.42 1.5 1 13 4 2 1 0 0 1 2 100 21 0
1 32.75 2.33 2 2 8 5.75 0 0 0 1 2 292 1 0
1 32.08 4 1 13 4 1.5 0 0 0 1 2 120 1 0
1 25 11.25 2 8 4 2.5 1 1 17 0 2 200 1209 1
1 47.17 5.83 2 9 4 5.5 0 0 0 0 2 465 151 0
0 24.5 1.75 1 8 4 0.165 0 0 0 0 2 132 1 0
1 35.17 2.5 2 4 4 4.5 1 1 7 0 2 150 1271 1
1 41.17 1.25 1 9 4 0.25 0 0 0 0 2 0 196 0
1 20.42 1.08 2 11 4 1.5 0 0 0 0 2 108 8 0
1 25.42 0.54 2 9 4 0.165 0 1 1 0 2 272 445 0
0 52.5 7 2 6 8 3 0 0 0 0 2 0 1 0
1 54.83 15.5 2 10 9 0 1 1 20 0 2 152 131 0
1 22.08 2.33 2 4 4 0.75 0 0 0 0 2 180 1 0
0 18.07 0.37 3 13 1 10 0 0 0 1 1 300 1 1
1 43.17 2.25 2 3 5 0.75 1 0 0 0 2 560 1 0
1 47.67 0.28 2 8 5 15 1 1 20 0 2 0 15001 1
1 39.92 5 2 3 5 0.21 0 0 0 0 2 550 1 0
1 19.5 9.58 2 6 4 0.79 0 0 0 0 2 80 351 0
1 26.17 0.83 2 13 4 1.165 0 0 0 0 2 100 1 0
1 34.25 3 2 13 8 7.415 1 0 0 1 2 0 1 1
1 26.67 2.71 1 13 4 5.25 1 1 1 0 2 211 1 1
1 20.42 1.08 2 11 4 1.5 0 0 0 0 2 108 8 0
0 45.83 10.5 2 11 4 5 1 1 7 1 2 0 1 1
1 42 0.2 2 3 8 5.125 1 0 0 0 2 400 1 1
1 37.17 4 2 8 5 5 1 0 0 1 1 280 1 0
1 28.75 1.16 2 4 4 0.5 1 0 0 0 1 280 1 0
0 17.32 9.5 2 6 4 1.75 0 1 10 1 2 0 11 0
1 34.5 4.04 1 3 5 8.5 1 1 7 1 2 195 1 1
1 43.17 5 2 3 5 2.25 0 0 0 1 2 141 1 0
0 32 6 2 2 4 1.25 0 0 0 0 2 272 1 0
0 51.92 6.5 2 3 5 3.085 0 0 0 1 2 73 1 0
0 20.07 1.25 2 8 4 0 0 0 0 0 2 0 1 0
0 33.25 2.5 1 8 4 2.5 0 0 0 1 2 0 3 0
1 25 12.5 2 6 4 3 1 0 0 1 1 20 1 1
1 58.58 2.71 2 8 4 2.415 0 0 0 1 2 320 1 0
1 29.67 1.41 2 9 8 0.75 1 1 1 0 2 240 101 1
1 20.17 5.62 2 9 4 1.71 1 0 0 0 1 120 1 1
1 43.17 5 2 3 5 2.25 0 0 0 1 2 141 1 0
1 33.17 3.16 1 14 4 3.165 1 1 3 1 2 380 1 1
1 39.83 0.5 2 7 4 0.25 1 0 0 0 1 288 1 0
1 35.17 2.5 2 4 4 4.5 1 1 7 0 2 150 1271 1
1 19.57 0.58 2 1 1 0 0 1 3 0 2 350 770 0
0 69.5 6 2 1 1 0 0 0 0 0 1 0 1 0
1 39 5 2 13 4 3.5 1 1 10 1 2 0 1 1
1 25.58 0.33 2 4 8 3.5 0 0 0 1 2 340 1 0
1 48.58 6.5 2 11 8 6 1 0 0 1 2 350 1 1
1 16 3.12 2 9 4 0.085 0 1 1 0 2 0 7 0
1 27.83 1 1 2 8 3 0 0 0 0 2 176 538 0
1 19.57 0.58 2 1 1 0 0 1 3 0 2 350 770 0
1 73.42 17.75 2 1 1 0 1 0 0 1 2 0 1 1
0 29.5 1.08 1 14 4 1 0 0 0 0 2 280 14 0
0 26.08 8.66 2 6 4 1.415 1 0 0 0 2 160 151 1
0 33.75 0.75 2 4 5 1 1 1 3 1 2 212 1 0
1 19.32 10.91 2 8 5 0.585 0 1 2 1 2 200 8 0
0 22.67 0.33 2 11 4 0.75 0 0 0 0 1 160 1 0

