1 35.17 4.5 2 14 8 5.75 0 0 0 1 1 711 1 1
1 42 9.78 2 14 8 7.96 1 1 8 0 2 0 1 1
0 36 1 2 8 4 2 1 1 11 0 2 0 457 1
0 19.17 5.41 2 3 8 0.29 0 0 0 0 2 80 485 0
1 33.17 3.16 1 14 4 3.165 1 1 3 1 2 380 1 1
1 51.33 10 2 3 5 0 1 1 11 0 2 0 1250 1
0 28.5 3.04 1 14 8 2.54 1 1 1 0 2 70 1 1
1 26.75 2 2 2 4 0.75 0 0 0 1 2 80 1 0
1 43.25 3 2 11 8 6 1 1 11 0 2 80 1 1
1 43.25 3 2 11 8 6 1 1 11 0 2 80 1 1
1 34.08 6.5 2 6 4 0.125 1 0 0 1 2 443 1 0
0 47 13 2 3 5 5.165 1 1 9 1 2 0 1 1
1 36.17 5.5 2 3 5 5 0 0 0 0 2 210 688 0
1 24.83 2.75 2 8 4 2.25 1 1 6 0 2 184 601 1
1 23 0.75 2 7 4 0.5 1 0 0 1 1 320 1 0
0 27.17 1.25 2 1 1 0 0 1 1 0 2 92 301 0
1 40.25 21.5 2 10 9 20 1 1 11 0 2 0 1201 1
0 19.75 0.75 2 8 4 0.795 1 1 5 1 2 140 6 0
1 27.25 1.66 2 13 8 5.085 1 1 9 0 2 399 828 1
0 25.33 2.08 2 8 8 2.75 1 0 0 1 2 360 2 0
1 38.42 0.7 2 8 4 0.375 0 1 2 0 2 225 501 0
1 36.67 3.25 2 11 8 9 1 0 0 1 2 102 640 1
1 23.92 0.66 2 8 4 0.165 0 0 0 0 2 100 1 1
0 57.58 2 2 1 1 6.5 0 1 1 0 2 0 11 0
0 28.17 0.37 2 11 4 0.585 1 1 4 0 2 80 1 1
0 28.67 1.04 2 8 4 2.5 1 1 5 1 2 300 1431 1
0 69.5 6 2 1 1 0 0 0 0 0 1 0 1 0
1 43.25 3 2 11 8 6 1 1 11 0 2 80 1 1
0 33.08 4.62 2 11 8 1.625 1 1 2 0 2 0 1 1
1 34.25 3 2 13 8 7.415 1 0 0 1 2 0 1 1
0 31.57 11.25 2 1 1 0 0 0 0 0 2 184 5201 0
1 35.25 3.16 2 14 8 3.75 1 0 0 1 2 680 1 0
1 24.5 13.33 1 6 4 0.04 0 0 0 1 2 120 476 0
0 25.33 2.08 2 8 8 2.75 1 0 0 1 2 360 2 0
1 16.25 0.83 2 7 4 0.085 1 0 0 0 1 200 1 0
1 63.33 0.54 2 8 4 0.585 1 1 3 1 2 180 1 0
1 16.25 0 1 6 4 0.25 0 0 0 0 2 60 1 0
1 44 2 2 7 4 1.75 1 1 2 1 2 0 16 1
1 23 0.75 2 7 4 0.5 0 0 0 1 1 320 1 0
1 31.57 0.37 2 2 4 0.875 1 0 0 1 1 928 1 0
1 22.25 0.46 2 4 4 0.125 0 0 0 1 2 280 56 0
1 47.67 0.28 2 8 5 15 1 1 20 0 2 0 15001 1
0 47 13 2 3 5 5.165 1 1 9 1 2 0 1 1
1 29.83 3.5 2 8 4 0.165 0 0 0 0 2 216 1 0
1 25.42 0.54 2 9 4 0.165 0 1 1 0 2 272 445 0
1 36.25 5 2 8 5 2.5 1 1 6 0 2 0 368 1
1 21.83 0.25 2 2 8 0.665 1 0 0 1 2 0 1 1
1 38.42 0.7 2 8 4 0.375 0 1 2 0 2 225 501 0
0 35.42 12 2 11 8 14 1 1 8 0 2 0 6591 1
1 29.25 14.79 2 6 4 5.04 1 1 5 1 2 168 1 1
1 22.67 2.54 1 8 8 2.585 1 0 0 0 2 0 1 1
1 21.5 9.75 2 8 4 0.25 1 0 0 0 2 140 1 0
1 21.17 0.25 1 8 8 0.25 0 0 0 0 2 280 205 0
1 27.25 1.66 2 13 8 5.085 1 1 9 0 2 399 828 1
1 25.67 12.5 2 13 4 1.21 1 1 67 1 2 140 259 1

