1 27.83 1.54 2 9 4 3.75 1 1 5 1 2 100 4 1
1 37.5 0.83 2 10 4 0.04 0 0 0 0 2 120 6 0
1 23.08 0 2 4 4 1 0 1 11 0 1 0 1 0
1 31.57 0.37 2 2 4 0.875 1 0 0 1 1 928 1 0
1 40.58 5 2 8 4 5 1 1 7 0 2 0 3066 1
1 20.67 0.41 2 8 4 0.125 0 0 0 0 2 0 45 0
0 22.5 8.5 2 11 4 1.75 1 1 10 0 2 80 991 0
1 22.17 0.58 1 1 1 0 0 0 0 0 2 100 1 0
1 20.42 7 2 8 4 1.625 1 1 3 0 2 200 1392 1
1 43.17 2.25 2 3 5 0.75 1 0 0 0 2 560 1 0
0 36.75 4.71 2 1 1 0 0 0 0 0 2 160 1 0
1 24.08 9 2 6 4 0.25 0 0 0 1 2 0 1 0
1 36.33 3.79 2 9 4 1.165 1 0 0 1 2 200 1 0
0 56.83 4.25 1 1 1 5 0 0 0 1 2 0 5 0
1 34.17 2.75 2 3 5 2.5 0 0 0 1 2 232 201 0
1 39.92 0.54 1 6 4 0.5 1 1 3 0 2 200 1001 1
1 31.67 0.83 2 14 4 1.335 1 1 8 1 2 303 3291 1
0 22.67 0.75 2 8 4 2 0 1 2 1 2 200 395 0
0 47.42 8 2 10 5 6.5 1 1 6 0 2 375 51101 1
1 31.92 4.46 2 13 8 6.04 1 1 3 0 2 311 301 1
0 24.5 1.04 1 1 1 0.5 1 1 3 0 2 180 148 0
1 20 11.04 2 8 4 2 0 0 0 1 2 136 1 0
1 33.67 1.25 2 9 4 1.165 0 0 0 0 2 120 1 0
1 57.83 7.04 2 7 4 14 1 1 6 1 2 360 1333 1
1 73.42 17.75 2 1 1 0 1 0 0 1 2 0 1 1
1 31.57 4 1 3 4 0.085 0 0 0 1 2 411 1 0
0 28.17 0.58 2 6 4 0.04 0 0 0 0 2 260 1005 0
1 26.67 1.75 1 8 4 1 1 1 5 1 2 160 5778 1
1 34.08 6.5 2 6 4 0.125 1 0 0 1 2 443 1 0
1 27.83 1.5 2 9 4 2.25 0 1 1 1 2 100 4 0
0 33.08 4.62 2 11 8 1.625 1 1 2 0 2 0 1 1
1 26.17 12.5 1 4 8 1.25 0 0 0 1 2 0 18 0
0 26.17 2 2 5 3 0 0 0 0 1 2 276 2 0
1 31.58 0.75 1 6 4 3.5 0 0 0 1 2 320 1 0
0 69.5 6 2 1 1 0 0 0 0 0 1 0 1 0
1 23.25 1 2 8 4 0.835 1 0 0 0 1 300 1 1
1 19.67 10 1 4 8 0.835 1 0 0 1 2 140 1 0
0 16 0.16 2 6 4 1 0 1 2 1 2 320 2 0
1 23.17 0 2 8 4 0 0 0 0 0 3 184 1 1
1 31.67 0.83 2 14 4 1.335 1 1 8 1 2 303 3291 1
0 20.75 10.25 2 11 4 0.71 1 1 2 1 2 49 1 1
1 37.75 7 2 11 8 11.5 1 1 7 1 2 300 6 0
1 41.42 5 2 11 8 5 1 1 6 1 2 470 1 1
1 29.42 1.25 2 8 8 0.25 0 1 2 1 2 400 109 0
1 22.17 0.58 1 1 1 0 0 0 0 0 2 100 1 0
1 20.07 0.25 2 11 4 0.125 0 0 0 0 2 200 1 0
0 41.58 1.04 2 6 4 0.665 0 0 0 0 2 240 238 0
1 21.17 0.87 1 8 8 0.25 0 0 0 0 2 280 205 0
1 31.67 0.83 2 14 4 1.335 1 1 8 1 2 303 3291 1
1 19.67 10 1 4 8 0.835 1 0 0 1 2 140 1 0
1 31.57 4 2 14 4 5 1 1 3 1 2 290 2280 1
0 24.5 2.41 1 8 4 0 0 0 0 0 2 120 1 0
0 20.32 10 2 8 8 1 1 1 4 0 2 50 1466 1
1 17.42 6.5 2 3 4 0.125 0 0 0 0 2 60 101 0
0 35.75 0.91 2 6 4 0.75 1 1 4 0 2 0 1584 1

