0 30.25 5.5 2 4 4 5.5 0 0 0 1 1 100 1 0
1 34.42 1.33 2 3 5 0.125 0 0 0 1 2 440 4501 0
1 40.58 1.5 2 3 5 0 0 0 0 0 1 300 1 0
0 25 11 1 6 4 4.5 1 0 0 0 2 120 1 0
1 59.67 1.54 2 11 4 0.125 1 0 0 1 2 260 1 1
1 23.17 0 2 8 4 0 0 0 0 0 3 184 1 1
1 21.83 11 2 14 4 0.29 1 1 6 0 2 121 1 1
1 31.08 1.5 1 9 4 0.04 0 0 0 0 1 160 1 0
0 22.67 3.8 2 8 4 0.165 0 0 0 0 2 160 1 0
1 37.5 1.75 1 8 5 0.25 1 0 0 1 2 164 401 0
1 57.42 8.5 2 10 8 7 1 1 3 0 2 0 1 1
1 26 1 2 11 4 1.75 1 0 0 1 2 280 1 1
1 29.58 4.5 2 9 4 7.5 1 1 2 1 2 330 1 1
1 52.42 1.5 2 2 4 3.75 0 0 0 1 2 0 351 0
1 20.42 1.08 2 11 4 1.5 0 0 0 0 2 108 8 0
1 23 0.62 1 6 4 0.125 1 0 0 0 2 180 2 0
0 22.83 2.29 2 11 8 2.29 1 1 7 1 2 140 2385 1
1 57.42 8.5 2 10 8 7 1 1 3 0 2 0 1 1
1 23 0.62 1 6 4 0.125 1 0 0 0 2 180 2 0
1 60.08 14.5 2 1 1 18 1 1 15 1 2 0 1001 1
0 60.58 16.5 2 11 4 11 1 0 0 1 2 21 10562 1
1 43.17 2.25 2 3 5 0.75 1 0 0 0 2 560 1 0
1 27 1.5 1 9 4 0.375 1 0 0 1 2 260 1066 1
0 44.33 0 2 8 4 2.5 1 0 0 0 2 0 1 1
1 23.17 0 2 8 4 0 0 0 0 0 3 184 1 1
1 67.75 5.5 2 10 9 13 1 1 1 1 2 0 1 1
0 29.58 1.75 1 4 4 1.25 0 0 0 1 2 280 1 0
0 24.5 12.75 2 8 5 4.75 1 1 2 0 2 73 445 1
1 23.08 0 2 4 4 1 0 1 11 0 1 0 1 0
0 58.67 4.46 2 11 8 3.04 1 1 6 0 2 43 561 1
1 65.42 11 2 10 9 20 1 1 7 1 2 22 1 1
1 38.42 0.7 2 8 4 0.375 0 1 2 0 2 225 501 0
1 22.67 2.54 1 8 8 2.585 1 0 0 0 2 0 1 1
1 27.83 1 1 2 8 3 0 0 0 0 2 176 538 0
1 24.58 13.5 1 1 1 0 0 0 0 0 2 184 1 0
1 23.08 11.5 2 3 4 3.5 1 1 9 0 2 56 743 1
1 40.92 0.83 2 1 1 0 1 0 0 0 2 130 2 0
0 31.75 3 1 5 3 0 0 0 0 0 2 160 21 0
1 42.75 4.08 2 6 4 0.04 0 0 0 0 2 108 101 0
1 27 0.75 2 8 8 4.25 1 1 3 1 2 312 151 1
1 59.5 2.75 2 9 4 1.75 1 1 5 1 2 60 59 1
1 31.33 19.5 2 8 4 7 1 1 16 0 2 0 5001 1
1 45 8.5 2 13 8 14 1 1 1 1 2 88 2001 1
1 34.17 9.17 2 8 4 4.5 1 1 12 1 2 0 222 1
1 23 0.75 2 7 4 0.5 1 0 0 1 1 320 1 0
1 21.83 11 2 14 4 0.29 1 1 6 0 2 121 1 1
1 19.42 7.25 2 7 4 0.04 0 1 1 0 2 100 2 0
1 37.5 1.12 1 2 4 1.5 0 0 0 1 2 431 1 1
0 20.07 0.12 2 11 4 1 0 1 1 0 2 240 769 1
0 23.58 0.83 2 11 4 0.415 0 1 1 1 2 200 12 0
0 15.83 0.58 2 8 8 1.5 1 1 2 0 2 100 1 1
1 41 0.04 2 10 4 0.04 0 1 1 0 1 560 1 1
1 31.57 5 1 6 4 8.5 1 0 0 0 2 0 1 0
1 19.42 7.25 2 7 4 0.04 0 1 1 0 2 100 2 0
1 27.83 1 1 2 8 3 0 0 0 0 2 176 538 0

