0 24.5 1.04 1 1 1 0.5 1 1 3 0 2 180 148 0
1 37.5 1.75 1 8 5 0.25 1 0 0 1 2 164 401 0
1 26.17 0.83 2 13 4 1.165 0 0 0 0 2 100 1 0
1 25.83 12.83 2 13 4 0.5 0 0 0 0 2 0 3 0
0 18.82 4.41 1 8 8 3 1 0 0 0 2 240 1 1
1 58.58 2.71 2 8 4 2.415 0 0 0 1 2 320 1 0
0 18.82 4.41 1 8 8 3 1 0 0 0 2 240 1 1
1 39 5 2 13 4 3.5 1 1 10 1 2 0 1 1
1 37.75 7 2 11 8 11.5 1 1 7 1 2 300 6 0
1 22.67 0.16 2 8 3 2.25 0 0 0 1 1 0 1 1
0 38.75 1.5 2 1 1 0 0 0 0 0 2 76 1 0
1 21.5 9.75 2 8 4 0.25 1 0 0 0 2 140 1 0
0 33.25 2.5 1 8 4 2.5 0 0 0 1 2 0 3 0
1 65.42 11 2 10 9 20 1 1 7 1 2 22 1 1
1 23.17 0 2 13 4 0.085 1 0 0 0 2 0 1 1
1 33.17 3.04 1 8 8 2.04 1 1 1 1 2 180 18028 1
1 19.32 10.91 2 8 5 0.585 0 1 2 1 2 200 8 0
0 22.42 11.25 1 14 8 0.75 1 1 4 0 2 0 322 1
0 35.75 0.91 2 6 4 0.75 1 1 4 0 2 0 1584 1
1 34.17 1.54 2 13 4 1.54 1 1 1 1 2 520 50001 1
1 22.17 12.12 2 8 4 3.335 0 1 2 1 2 180 174 0
1 33.58 0.25 2 3 5 4 0 0 0 1 1 420 1 0
1 26 1 2 11 4 1.75 1 0 0 1 2 280 1 1
0 22.67 3.8 2 8 4 0.165 0 0 0 0 2 160 1 0
1 32.33 7.5 2 10 5 1.585 1 0 0 1 1 420 1 0
0 40.83 3.5 2 3 5 0.5 0 0 0 0 1 1160 1 0
1 20.67 1.25 1 8 8 1.375 1 1 3 1 2 140 211 0
0 22.92 11.58 2 13 4 0.04 1 0 0 0 2 80 1350 1
0 68.67 15 2 10 9 0 1 1 14 0 2 0 3377 1
0 25.17 2.87 2 14 8 0.875 1 0 0 0 2 360 1 1
1 22 7.83 1 3 5 0.165 0 0 0 1 2 184 1 0
0 46 4 2 5 3 0 1 0 0 0 2 100 961 1
0 40.83 10 2 11 8 1.75 1 0 0 0 2 29 838 1
0 17.92 10.21 2 1 1 0 0 0 0 0 2 0 51 0
1 24.42 12.33 2 11 8 1.585 1 0 0 1 2 120 1 1
1 48.33 12 2 7 4 16 1 0 0 0 1 110 1 1
1 16.25 0 1 6 4 0.25 0 0 0 0 2 60 1 0
1 23.25 1.5 2 11 4 2.375 1 1 3 1 2 0 583 1
1 27.42 12.5 2 6 5 0.25 0 0 0 1 2 720 1 0
1 29.58 4.75 2 7 4 2 0 1 1 1 2 460 69 0
1 34.25 1.75 2 9 5 0.25 1 0 0 1 2 163 1 0
1 35.17 2.5 2 4 4 4.5 1 1 7 0 2 150 1271 1
1 28.25 5.12 2 14 4 4.75 1 1 2 0 2 420 8 1
1 51.42 0.04 2 14 8 0.04 1 0 0 0 2 0 3001 1
1 20.42 7 2 8 4 1.625 1 1 3 0 2 200 1392 1
0 27.17 1.25 2 1 1 0 0 1 1 0 2 92 301 0
0 19.67 0.21 2 11 8 0.29 1 1 11 0 2 80 100 1
1 20 7 2 8 4 0.5 0 0 0 0 2 0 1 0
1 35.25 3.16 2 14 8 3.75 1 0 0 1 2 680 1 0
0 30.42 1.37 2 9 8 0.04 0 1 3 0 2 0 34 0
1 37.33 2.66 2 13 4 0.165 0 0 0 1 2 0 502 0
1 31.57 0.62 2 4 4 0.25 0 0 0 0 2 380 2011 0
0 68.67 15 2 10 9 0 1 1 14 0 2 0 3377 1
0 55.75 7.08 2 4 8 6.75 1 1 3 1 2 100 51 0
0 25 12.33 2 13 8 3.5 1 1 6 0 2 400 459 1

