1 74.83 19 1 1 1 0.04 0 1 2 0 2 0 352 0
0 20.42 0.83 2 11 4 1.585 1 1 1 0 2 0 1 1
1 32.83 2.5 2 13 8 2.75 1 1 6 0 2 160 2073 1
0 25.75 0.5 2 8 8 0.875 1 0 0 1 2 491 1 1
1 31.57 4 1 3 4 0.085 0 0 0 1 2 411 1 0
1 36.75 0.12 1 8 4 1.5 0 0 0 1 2 232 114 1
1 20.42 0 2 8 4 0 0 0 0 0 3 184 1 0
1 42.83 1.25 2 7 4 13.875 0 1 1 1 2 352 113 0
0 24.83 4.5 2 9 4 1 0 0 0 1 2 360 7 0
1 23.25 12.62 2 8 4 0.125 0 1 2 0 2 0 5553 0
1 42.83 4.62 2 11 4 4.58 1 0 0 0 1 0 1 1
0 28.5 3.04 1 14 8 2.54 1 1 1 0 2 70 1 1
1 42.17 5.04 2 11 8 12.75 1 0 0 1 2 92 1 1
0 21.75 1.75 1 5 3 0 0 0 0 0 2 160 1 0
1 43.08 0.37 1 8 4 0.375 1 1 8 1 2 300 163 1
1 41 0.04 2 10 4 0.04 0 1 1 0 1 560 1 1
1 30.75 1.58 2 2 4 0.585 0 0 0 1 1 0 1 0
1 23.25 1.5 2 11 4 2.375 1 1 3 1 2 0 583 1
1 38.92 1.75 2 4 4 0.5 0 0 0 1 2 300 3 0
1 32.08 4 1 13 4 1.5 0 0 0 1 2 120 1 0
1 23.08 2.5 2 1 1 0.085 0 0 0 1 2 100 4209 0
0 58.67 4.46 2 11 8 3.04 1 1 6 0 2 43 561 1
1 32.42 3 2 2 4 0.165 0 0 0 1 2 120 1 0
1 39.17 1.62 2 8 4 1.5 1 1 10 0 2 186 4701 1
1 34.83 2.5 1 9 4 3 0 0 0 0 1 200 1 0
1 39.92 0.54 1 6 4 0.5 1 1 3 0 2 200 1001 1
1 36.33 2.12 1 9 4 0.085 1 1 1 0 2 50 1188 1
1 20.17 5.62 2 9 4 1.71 1 0 0 0 1 120 1 1
1 26.67 4.25 2 13 4 4.29 1 1 1 1 2 120 1 1
0 24.75 12.5 2 6 4 1.5 1 1 12 1 2 120 568 1
0 28.75 3.75 2 8 4 1.085 1 1 1 1 2 371 1 1
1 22.67 0.75 2 3 4 1.585 0 1 1 1 2 400 10 0
0 26.08 8.66 2 6 4 1.415 1 0 0 0 2 160 151 1
1 74.83 19 1 1 1 0.04 0 1 2 0 2 0 352 0
0 17.82 11 2 14 8 1 1 1 11 0 2 0 3001 1
1 53.92 9.62 2 10 4 8.665 1 1 5 0 2 0 1 1
1 33.58 0.25 2 3 5 4 0 0 0 1 1 420 1 0
0 55.75 7.08 2 4 8 6.75 1 1 3 1 2 100 51 0
1 29.67 0.75 1 8 4 0.04 0 0 0 0 2 240 1 0
1 57.83 7.04 2 7 4 14 1 1 6 1 2 360 1333 1
1 22.92 3.16 1 8 4 0.165 0 0 0 0 2 160 1059 0
1 48.58 6.5 2 11 8 6 1 0 0 1 2 350 1 1
1 37.5 1.75 1 8 5 0.25 1 0 0 1 2 164 401 0
1 25.67 3.25 2 8 8 2.29 0 1 1 1 2 416 22 0
1 48.17 3.5 2 6 4 3.5 1 0 0 0 1 230 1 1
0 31.75 3 1 5 3 0 0 0 0 0 2 160 21 0
1 44.83 7 1 8 4 1.625 0 0 0 0 2 160 3 0
0 38.58 5 2 13 4 13.5 1 0 0 1 2 980 1 0
1 21.5 9.75 2 8 4 0.25 1 0 0 0 2 140 1 0
1 40.25 21.5 2 10 9 20 1 1 11 0 2 0 1201 1
0 52.17 0 1 1 1 0 0 0 0 0 2 0 1 0
1 31.57 10.5 2 14 4 6.5 1 0 0 0 2 0 1 1
1 43.17 2.25 2 3 5 0.75 1 0 0 0 2 560 1 0
1 48.75 26.33 1 1 1 0 1 0 0 1 2 0 1 0
0 21.5 6 2 6 4 2.5 1 1 3 0 2 80 919 1

