1 20 1.25 1 4 4 0.125 0 0 0 0 2 140 5 0
1 18.17 2.46 2 8 7 0.96 0 1 2 1 2 160 588 0
1 27.58 2.04 1 6 4 2 1 1 3 1 2 370 561 1
1 13.75 4 1 9 4 1.75 1 1 2 1 2 120 1001 1
0 38.58 5 2 13 4 13.5 1 0 0 1 2 980 1 0
0 28.17 0.58 2 6 4 0.04 0 0 0 0 2 260 1005 0
0 35.42 12 2 11 8 14 1 1 8 0 2 0 6591 1
1 18.67 5 2 11 4 0.375 1 1 2 0 2 0 39 0
1 23.17 11.12 2 14 8 0.46 1 1 1 0 2 100 1 1
1 21.5 9.75 2 8 4 0.25 1 0 0 0 2 140 1 0
0 33.92 1.58 1 1 1 0 1 0 0 0 2 320 1 0
0 52.17 0 1 1 1 0 0 0 0 0 2 0 1 0
1 31.57 0.5 2 8 5 0.835 1 0 0 1 1 320 1 0
1 26.67 2.71 1 13 4 5.25 1 1 1 0 2 211 1 1
0 46.67 0.46 2 13 8 0.415 1 1 11 1 2 440 7 1
1 21.92 0.54 1 14 4 0.04 1 1 1 1 2 840 60 1
0 24.33 2.5 1 3 5 4.5 0 0 0 0 2 200 457 0
1 31 2.08 2 8 4 0.085 0 0 0 0 2 300 1 0
0 36.75 5.12 2 10 4 5 1 0 0 1 2 0 4001 1
0 37.33 2.5 2 3 8 0.21 0 0 0 0 2 260 247 0
0 58.42 21 2 3 5 10 1 1 13 0 2 0 6701 1
1 65.42 11 2 10 9 20 1 1 7 1 2 22 1 1
0 22.67 3.8 2 8 4 0.165 0 0 0 0 2 160 1 0
1 19.5 0.28 2 4 4 0.29 0 0 0 0 2 280 365 0
1 32.25 14 1 1 1 0 0 1 2 0 2 160 2 0
1 23.17 11.12 2 14 8 0.46 1 1 1 0 2 100 1 1
1 27 0.75 2 8 8 4.25 1 1 3 1 2 312 151 1
1 19 1.75 1 8 4 2.335 0 0 0 1 2 112 7 0
1 44.25 11 1 2 4 1.5 1 0 0 0 1 0 1 0
1 27.42 12.5 2 6 5 0.25 0 0 0 1 2 720 1 0
1 31.57 5 1 6 4 8.5 1 0 0 0 2 0 1 0
1 36.33 2.12 1 9 4 0.085 1 1 1 0 2 50 1188 1
0 26.08 8.66 2 6 4 1.415 1 0 0 0 2 160 151 1
1 63.33 0.54 2 8 4 0.585 1 1 3 1 2 180 1 0
1 20 7 2 8 4 0.5 0 0 0 0 2 0 1 0
1 22.25 0.46 2 4 4 0.125 0 0 0 1 2 280 56 0
1 17.07 0.08 1 8 4 0.04 0 0 0 0 2 140 723 0
1 19 1.75 1 8 4 2.335 0 0 0 1 2 112 7 0
1 32.33 3.5 2 4 4 0.5 0 0 0 1 2 232 1 0
1 30.17 6.5 2 13 4 3.125 1 1 8 0 2 330 1201 1
1 16.32 2.75 2 6 4 0.665 0 1 1 0 2 80 22 0
0 25.25 13.5 1 1 1 2 0 1 1 1 2 200 2 0
1 36.33 3.79 2 9 4 1.165 1 0 0 1 2 200 1 0
1 19 0 1 1 1 0 0 1 4 0 2 45 2 0
0 15.83 0.58 2 8 8 1.5 1 1 2 0 2 100 1 1
1 31.57 4 2 14 4 5 1 1 3 1 2 290 2280 1
1 34.17 1.54 2 13 4 1.54 1 1 1 1 2 520 50001 1
1 31.67 16.16 2 2 4 3 1 1 9 0 2 250 731 1
1 44.25 0.5 2 7 4 10.75 1 0 0 0 1 400 1 0
1 23 0.75 2 7 4 0.5 0 0 0 1 1 320 1 0
1 24.5 13.33 1 6 4 0.04 0 0 0 1 2 120 476 0
1 65.42 11 2 10 9 20 1 1 7 1 2 22 1 1
1 44.33 0.5 2 3 8 5 1 0 0 1 2 320 1 1
0 55.75 7.08 2 4 8 6.75 1 1 3 1 2 100 51 0
0 40.83 3.5 2 3 5 0.5 0 0 0 0 1 1160 1 0

