0 28.5 3.04 1 14 8 2.54 1 1 1 0 2 70 1 1
0 18.07 0.37 3 13 1 10 0 0 0 1 1 300 1 1
0 32 6 2 2 4 1.25 0 0 0 0 2 272 1 0
1 23.08 11.5 2 3 4 3.5 1 1 9 0 2 56 743 1
0 28.42 3.5 2 9 4 0.835 1 0 0 0 1 280 1 1
1 31.57 0.62 2 4 4 0.25 0 0 0 0 2 380 2011 0
1 43.17 5 2 3 5 2.25 0 0 0 1 2 141 1 0
1 25.67 12.5 2 13 4 1.21 1 1 67 1 2 140 259 1
0 47 13 2 3 5 5.165 1 1 9 1 2 0 1 1
0 71.58 0 2 8 4 0 0 0 0 0 3 184 1 1
1 22.58 10.03 2 14 4 0.04 1 1 9 0 2 60 397 1
1 47.33 6.5 2 8 4 1 0 0 0 1 2 0 229 0
1 17.07 0.08 1 8 4 0.04 0 0 0 0 2 140 723 0
1 39.92 0.54 1 6 4 0.5 1 1 3 0 2 200 1001 1
1 73.42 17.75 2 1 1 0 1 0 0 1 2 0 1 1
1 23.25 1 2 8 4 0.835 1 0 0 0 1 300 1 1
1 41.17 1.25 1 9 4 0.25 0 0 0 0 2 0 196 0
0 24.5 2.41 1 8 4 0 0 0 0 0 2 120 1 0
1 13.75 4 1 9 4 1.75 1 1 2 1 2 120 1001 1
1 24.17 0.87 2 11 4 4.625 1 1 2 1 2 520 2001 1
1 20.67 0.41 2 8 4 0.125 0 0 0 0 2 0 45 0
1 36.33 3.79 2 9 4 1.165 1 0 0 1 2 200 1 0
1 31.92 4.46 2 13 8 6.04 1 1 3 0 2 311 301 1
0 16.07 0.33 2 1 1 0 0 1 1 0 2 160 127 0
1 16.32 2.75 2 6 4 0.665 0 1 1 0 2 80 22 0
0 18.25 10 2 9 4 1 0 1 1 0 2 120 2 0
1 22.08 0.83 2 8 8 2.165 0 0 0 1 2 128 1 1
0 22.42 5.66 2 11 4 2.585 1 1 7 0 2 129 3258 1
0 19.17 0.58 1 6 4 0.585 1 0 0 1 2 160 1 0
0 24.75 12.5 2 6 4 1.5 1 1 12 1 2 120 568 1
1 36.33 2.12 1 9 4 0.085 1 1 1 0 2 50 1188 1
1 32.67 5.5 2 11 8 5.5 1 1 12 1 2 408 1001 1
0 29.5 2 1 10 8 2 0 0 0 0 2 256 18 0
0 36.58 0.28 2 1 1 0 0 1 10 0 2 200 19 0
1 37.33 6.5 2 7 8 4.25 1 1 12 1 2 93 1 1
1 33.5 1.75 2 14 8 4.5 1 1 4 1 2 253 858 1
1 30.83 0 2 9 4 1.25 1 1 1 0 2 202 1 1
1 34.08 6.5 2 6 4 0.125 1 0 0 1 2 443 1 0
0 22.67 0.75 2 8 4 2 0 1 2 1 2 200 395 0
1 30.75 1.58 2 2 4 0.585 0 0 0 1 1 0 1 0
0 55.75 7.08 2 4 8 6.75 1 1 3 1 2 100 51 0
1 48.58 6.5 2 11 8 6 1 0 0 1 2 350 1 1
1 18.5 2 2 3 4 1.5 1 1 2 0 2 120 301 1
1 44.25 11 1 2 4 1.5 1 0 0 0 1 0 1 0
1 36.33 2.12 1 9 4 0.085 1 1 1 0 2 50 1188 1
1 32.08 4 1 13 4 1.5 0 0 0 1 2 120 1 0
1 18.82 0 2 11 4 0.665 0 0 0 0 2 160 2 0
1 27.25 1.66 2 13 8 5.085 1 1 9 0 2 399 828 1
1 33.17 1.04 2 12 8 6.5 1 0 0 1 2 164 31286 1
1 21.33 7.5 2 6 4 1.415 1 1 1 0 2 80 9801 1
1 54.42 0.5 1 4 8 3.96 1 0 0 0 2 180 315 1
1 21.5 9.75 2 8 4 0.25 1 0 0 0 2 140 1 0
1 36.42 0.75 1 2 4 0.585 0 0 0 0 2 240 4 0
0 46.67 0.46 2 13 8 0.415 1 1 11 1 2 440 7 1
1 21.08 10.08 1 10 8 1.25 0 0 0 0 2 260 1 0

