1 51.42 0.04 2 14 8 0.04 1 0 0 0 2 0 3001 1
0 20.83 0.5 1 10 2 1 0 0 0 0 2 260 1 0
0 21.75 1.75 1 5 3 0 0 0 0 0 2 160 1 0
1 40.25 21.5 2 10 9 20 1 1 11 0 2 0 1201 1
0 52.83 15 2 8 4 5.5 1 1 14 0 2 0 2201 1
0 24.33 2.5 1 3 5 4.5 0 0 0 0 2 200 457 0
1 34.25 3 2 13 8 7.415 1 0 0 1 2 0 1 1
0 28.58 3.54 2 3 5 0.5 1 0 0 1 2 171 1 0
0 20.42 10.5 1 14 8 0 0 0 0 1 2 154 33 0
0 36.75 5.12 2 10 4 5 1 0 0 1 2 0 4001 1
0 24.75 13.66 2 11 8 1.5 0 0 0 0 2 280 2 0
1 19.5 9.58 2 6 4 0.79 0 0 0 0 2 80 351 0
1 36.75 0.12 1 8 4 1.5 0 0 0 1 2 232 114 1
0 50.08 12.54 2 6 4 2.29 1 1 3 1 2 156 1 1
1 36.33 3.79 2 9 4 1.165 1 0 0 1 2 200 1 0
1 25.75 0.75 2 8 5 0.25 1 0 0 0 2 349 24 1
1 34 5.08 1 3 5 1.085 0 0 0 1 2 480 1 0
1 25.67 3.25 2 8 8 2.29 0 1 1 1 2 416 22 0
1 32.25 14 1 1 1 0 0 1 2 0 2 160 2 0
1 20.67 1.25 1 8 8 1.375 1 1 3 1 2 140 211 0
1 22 7.83 1 3 5 0.165 0 0 0 1 2 184 1 0
1 52.33 1.37 1 8 8 9.46 1 0 0 1 2 200 101 0
1 31.57 4 1 3 4 0.085 0 0 0 1 2 411 1 0
1 32.08 4 2 7 4 2.5 1 0 0 1 2 360 1 1
1 42 9.78 2 14 8 7.96 1 1 8 0 2 0 1 1
1 26.67 2.71 1 13 4 5.25 1 1 1 0 2 211 1 1
1 20.17 9.25 2 8 4 1.665 1 1 3 1 2 40 29 1
1 22.08 2.33 2 4 4 0.75 0 0 0 0 2 180 1 0
1 23.58 1.79 2 8 4 0.54 0 0 0 1 2 136 2 0
0 32.25 1.5 2 8 4 0.25 0 0 0 1 2 372 123 0
0 64.08 0.16 2 1 1 0 1 1 1 0 2 232 101 1
0 50.25 0.83 2 6 4 0.5 0 0 0 1 2 240 118 0
0 30.42 1.37 2 9 8 0.04 0 1 3 0 2 0 34 0
1 27.83 1 1 2 8 3 0 0 0 0 2 176 538 0
1 19.42 7.25 2 7 4 0.04 0 1 1 0 2 100 2 0
1 31.57 0.04 1 2 4 4.25 0 0 0 1 2 460 1 0
1 42.17 5.04 2 11 8 12.75 1 0 0 1 2 92 1 1
0 18.42 9.25 2 11 4 1.21 1 1 4 0 2 60 541 1
1 26.67 2.71 1 13 4 5.25 1 1 1 0 2 211 1 1
1 18.82 0 2 11 4 0.665 0 0 0 0 2 160 2 0
1 23.25 1.5 2 11 4 2.375 1 1 3 1 2 0 583 1
0 27.67 1.5 2 7 4 2 1 0 0 0 1 368 1 0
0 30 5.29 2 10 2 2.25 1 1 5 1 2 99 501 1
1 28 3 2 9 4 0.75 0 0 0 1 2 300 68 0
1 34.5 4.04 1 3 5 8.5 1 1 7 1 2 195 1 1
1 34.42 1.33 2 3 5 0.125 0 0 0 1 2 440 4501 0
1 29.58 4.75 2 7 4 2 0 1 1 1 2 460 69 0
0 28.17 0.37 2 11 4 0.585 1 1 4 0 2 80 1 1
0 50.08 12.54 2 6 4 2.29 1 1 3 1 2 156 1 1
1 31.57 4 2 14 4 5 1 1 3 1 2 290 2280 1
1 25.17 3 2 8 4 1.25 0 1 1 0 2 0 23 0
1 31.08 1.5 1 9 4 0.04 0 0 0 0 1 160 1 0
1 23 0.62 1 6 4 0.125 1 0 0 0 2 180 2 0
1 38.42 0.7 2 8 4 0.375 0 1 2 0 2 225 501 0
0 20.67 1.83 2 11 4 2.085 1 1 5 0 2 220 2504 1

