0 23.42 0.79 1 11 4 1.5 1 1 2 1 2 80 401 1
0 30.42 1.37 2 9 8 0.04 0 1 3 0 2 0 34 0
1 44.25 11 1 2 4 1.5 1 0 0 0 1 0 1 0
1 33.5 1.75 2 14 8 4.5 1 1 4 1 2 253 858 1
1 27.75 1.29 2 4 8 0.25 0 0 0 1 1 140 1 0
0 17.92 0.54 2 8 4 1.75 0 1 1 1 2 80 6 0
1 23.92 0.66 2 8 4 0.165 0 0 0 0 2 100 1 1
1 21.17 0.25 1 8 8 0.25 0 0 0 0 2 280 205 0
0 23.25 5.87 2 11 4 3.17 1 1 10 0 2 120 246 1
1 39.25 9.5 2 7 4 6.5 1 1 14 0 2 240 4608 1
1 25.67 2.21 1 6 4 4 1 0 0 0 2 188 1 0
1 30.17 1.08 1 8 4 0.04 0 0 0 0 2 170 180 0
1 21.17 0.25 1 8 8 0.25 0 0 0 0 2 280 205 0
0 58.33 10 2 11 4 4 1 1 14 0 2 0 1603 1
0 16.07 0.33 2 1 1 0 0 1 1 0 2 160 127 0
1 17.07 3.29 2 3 4 0.335 0 0 0 1 2 140 3 0
1 59.67 1.54 2 11 4 0.125 1 0 0 1 2 260 1 1
0 47.75 8 2 8 4 7.875 1 1 6 1 2 0 1261 1
1 25.17 3 2 8 4 1.25 0 1 1 0 2 0 23 0
1 32.25 14 1 1 1 0 0 1 2 0 2 160 2 0
1 30.58 2.71 1 7 4 0.125 0 0 0 1 1 80 1 0
0 28.67 1.04 2 8 4 2.5 1 1 5 1 2 300 1431 1
0 46.67 0.46 2 13 8 0.415 1 1 11 1 2 440 7 1
0 32.33 0.54 2 13 4 0.04 1 0 0 0 2 440 11178 1
1 16.92 0.33 1 4 4 0.29 0 0 0 0 1 200 1 0
0 36 1 2 8 4 2 1 1 11 0 2 0 457 1
1 26 1 2 11 4 1.75 1 0 0 1 2 280 1 1
1 21.25 1.5 2 9 4 1.5 0 0 0 0 2 150 9 1
1 23.08 2.5 2 1 1 0.085 0 0 0 1 2 100 4209 0
1 31.57 0.37 2 2 4 0.875 1 0 0 1 1 928 1 0
0 18.42 9.25 2 11 4 1.21 1 1 4 0 2 60 541 1
0 25.17 2.87 2 14 8 0.875 1 0 0 0 2 360 1 1
1 23.58 1.79 2 8 4 0.54 0 0 0 1 2 136 2 0
0 28.67 1.04 2 8 4 2.5 1 1 5 1 2 300 1431 1
0 69.5 6 2 1 1 0 0 0 0 0 1 0 1 0
0 25.33 2.08 2 8 8 2.75 1 0 0 1 2 360 2 0
0 65.17 14 2 1 1 0 1 1 11 1 2 0 1401 1
0 20.75 10.25 2 11 4 0.71 1 1 2 1 2 49 1 1
1 42 9.78 2 14 8 7.96 1 1 8 0 2 0 1 1
1 22.08 0.83 2 8 8 2.165 0 0 0 1 2 128 1 1
0 38.25 6 2 4 4 1 1 0 0 1 2 0 1 1
1 27.75 1.29 2 4 8 0.25 0 0 0 1 1 140 1 0
0 21.75 1.75 1 5 3 0 0 0 0 0 2 160 1 0
1 34.75 2.5 2 13 5 0.5 0 0 0 0 2 348 1 0
0 47 13 2 3 5 5.165 1 1 9 1 2 0 1 1
1 26.75 4.5 1 8 5 2.5 0 0 0 0 2 200 1211 0
1 44.25 0.5 2 7 4 10.75 1 0 0 0 1 400 1 0
1 21.92 0.54 1 14 4 0.04 1 1 1 1 2 840 60 1
1 18.82 0.41 1 8 4 0.165 0 1 1 0 2 200 2 0
0 23.58 0.83 2 11 4 0.415 0 1 1 1 2 200 12 0
1 23 0.62 1 6 4 0.125 1 0 0 0 2 180 2 0
0 28.58 3.54 2 3 5 0.5 1 0 0 1 2 171 1 0
1 21.25 1.5 2 9 4 1.5 0 0 0 0 2 150 9 1
1 67.75 5.5 2 10 9 13 1 1 1 1 2 0 1 1
1 18.07 5.5 2 4 4 0.5 1 0 0 0 2 80 1 1

