1 43 0.28 1 13 8 1.75 1 1 8 0 2 100 376 1
1 34.17 2.75 2 3 5 2.5 0 0 0 1 2 232 201 0
1 51.58 15 2 8 4 8.5 1 1 9 0 2 0 1 1
1 18.67 5 2 11 4 0.375 1 1 2 0 2 0 39 0
1 22.75 11 2 11 4 2.5 1 1 7 1 2 100 810 1
1 49.58 19 2 1 1 0 1 1 1 0 2 94 1 0
1 23.92 1.5 2 2 8 1.875 1 1 6 0 2 200 328 1
1 23.17 0 2 13 4 0.085 1 0 0 0 2 0 1 1
1 58.58 2.71 2 8 4 2.415 0 0 0 1 2 320 1 0
1 36.25 5 2 8 5 2.5 1 1 6 0 2 0 368 1
0 25 11 1 6 4 4.5 1 0 0 0 2 120 1 0
1 19 0 1 1 1 0 0 1 4 0 2 45 2 0
1 25.83 12.83 2 13 4 0.5 0 0 0 0 2 0 3 0
1 23.25 1.5 2 11 4 2.375 1 1 3 1 2 0 583 1
1 35.17 2.5 2 4 4 4.5 1 1 7 0 2 150 1271 1
1 23.08 0 2 4 4 1 0 1 11 0 1 0 1 0
1 44.83 7 1 8 4 1.625 0 0 0 0 2 160 3 0
1 25 11.25 2 8 4 2.5 1 1 17 0 2 200 1209 1
1 39.33 5.87 2 13 8 10 1 1 14 1 2 399 1 1
1 27.58 3.25 1 11 8 5.085 0 1 2 1 2 369 2 0
0 45.33 1 2 11 4 0.125 0 0 0 1 2 263 1 0
1 17.07 0.08 1 8 4 0.04 0 0 0 0 2 140 723 0
1 23.33 1.5 2 8 8 1.415 1 0 0 0 2 422 201 1
0 16 0.16 2 6 4 1 0 1 2 1 2 320 2 0
1 39.5 1.62 2 8 4 1.5 0 0 0 0 2 0 317 0
0 33.25 2.5 1 8 4 2.5 0 0 0 1 2 0 3 0
1 23 0.62 1 6 4 0.125 1 0 0 0 2 180 2 0
1 23.08 2.5 2 1 1 0.085 0 0 0 1 2 100 4209 0
0 20.42 7.5 2 4 4 1.5 1 1 1 0 2 160 235 1
0 27.67 1.5 2 7 4 2 1 0 0 0 1 368 1 0
1 45 8.5 2 13 8 14 1 1 1 1 2 88 2001 1
0 36.75 4.71 2 1 1 0 0 0 0 0 2 160 1 0
1 19.17 9.5 2 9 4 1.5 1 0 0 0 2 120 2207 1
1 21.92 0.5 2 8 4 0.125 0 0 0 0 2 360 1 0
1 37.5 1.75 1 8 5 0.25 1 0 0 1 2 164 401 0
1 44.33 0.5 2 3 8 5 1 0 0 1 2 320 1 1
0 23.42 0.79 1 11 4 1.5 1 1 2 1 2 80 401 1
0 27.17 1.25 2 1 1 0 0 1 1 0 2 92 301 0
1 31.83 2.5 2 6 4 7.5 1 0 0 1 2 523 1 0
1 28 3 2 9 4 0.75 0 0 0 1 2 300 68 0
1 31.25 1.12 2 1 1 0 0 1 1 0 2 96 20 0
1 23.42 1 2 8 4 0.5 0 0 0 1 1 280 1 0
1 31.83 2.5 2 6 4 7.5 1 0 0 1 2 523 1 0
1 39.83 0.5 2 7 4 0.25 1 0 0 0 1 288 1 0
1 28.75 1.16 2 4 4 0.5 1 0 0 0 1 280 1 0
1 21.92 0.5 2 8 4 0.125 0 0 0 0 2 360 1 0
0 18.42 9.25 2 11 4 1.21 1 1 4 0 2 60 541 1
1 24.08 9 2 6 4 0.25 0 0 0 1 2 0 1 0
1 42 0.2 2 3 8 5.125 1 0 0 0 2 400 1 1
1 18.42 10.41 1 6 4 0.125 1 0 0 0 2 120 376 0
1 21.58 0.79 1 13 4 0.665 0 0 0 0 2 160 1 0
1 22.92 3.16 1 8 4 0.165 0 0 0 0 2 160 1059 0
1 36.08 2.54 2 1 1 0 0 0 0 0 2 0 1001 0
0 20.07 1.25 2 8 4 0 0 0 0 0 2 0 1 0
1 32.75 2.33 2 2 8 5.75 0 0 0 1 2 292 1 0

