1 27.42 12.5 2 6 5 0.25 0 0 0 1 2 720 1 0
1 31.58 0.75 1 6 4 3.5 0 0 0 1 2 320 1 0
1 26.75 4.5 1 8 5 2.5 0 0 0 0 2 200 1211 0
0 24.75 12.5 2 6 4 1.5 1 1 12 1 2 120 568 1
1 31.57 0.37 2 2 4 0.875 1 0 0 1 1 928 1 0
1 22.67 1.58 1 9 4 3.085 1 1 6 0 2 80 1 1
1 23.58 0.46 1 9 4 2.625 1 1 6 1 2 208 348 0
1 42.83 4.62 2 11 4 4.58 1 0 0 0 1 0 1 1
0 21.08 5 1 1 1 0 0 0 0 0 2 0 1 0
0 32.33 0.54 2 13 4 0.04 1 0 0 0 2 440 11178 1
1 43.25 3 2 11 8 6 1 1 11 0 2 80 1 1
1 26.75 1.12 2 14 8 1.25 1 0 0 0 2 0 5299 1
1 42.83 4.62 2 11 4 4.58 1 0 0 0 1 0 1 1
0 46.67 0.46 2 13 8 0.415 1 1 11 1 2 440 7 1
1 23.92 0.58 1 13 8 0.125 0 0 0 0 2 240 2 0
1 39.92 5 2 3 5 0.21 0 0 0 0 2 550 1 0
0 36.58 0.28 2 1 1 0 0 1 10 0 2 200 19 0
0 52.83 15 2 8 4 5.5 1 1 14 0 2 0 2201 1
1 40.92 0.83 2 1 1 0 1 0 0 0 2 130 2 0
1 31.57 4 1 3 4 0.085 0 0 0 1 2 411 1 0
0 24.92 1.25 2 1 1 0 1 0 0 0 2 80 1 0
1 29.92 1.83 2 8 8 4.335 1 0 0 0 2 260 201 1
1 25 12.5 2 6 4 3 1 0 0 1 1 20 1 1
1 35.17 4.5 2 14 8 5.75 0 0 0 1 1 711 1 1
1 23.75 12 2 8 4 2.085 0 0 0 0 1 80 1 0
1 25.67 12.5 2 13 4 1.21 1 1 67 1 2 140 259 1
0 35.17 3.75 2 1 1 0 0 1 6 0 2 0 201 0
1 28.25 5.12 2 14 4 4.75 1 1 2 0 2 420 8 1
0 23.58 0.58 1 1 1 0.125 0 0 0 0 2 120 88 0
1 34.08 6.5 2 6 4 0.125 1 0 0 1 2 443 1 0
1 40.58 3.29 2 7 4 3.5 0 0 0 1 1 400 1 0
0 44.33 0 2 8 4 2.5 1 0 0 0 2 0 1 1
1 20.67 0.83 1 8 4 2 0 0 0 1 1 240 1 0
0 19.5 0.16 2 11 4 0.04 0 0 0 1 2 380 1 0
1 60.08 14.5 2 1 1 18 1 1 15 1 2 0 1001 1
1 24.58 12.5 2 9 4 0.875 1 0 0 1 2 260 1 0
1 27.25 1.66 2 13 8 5.085 1 1 9 0 2 399 828 1
1 39.92 5 2 3 5 0.21 0 0 0 0 2 550 1 0
1 64.08 20 2 14 8 17.5 1 1 9 1 2 0 1001 1
1 23.5 3.16 1 4 4 0.415 0 1 1 1 2 280 81 0
1 22.25 0.46 2 4 4 0.125 0 0 0 1 2 280 56 0
1 41.17 4.04 2 13 8 7 1 1 8 0 2 320 1 1
1 37.5 0.83 2 10 4 0.04 0 0 0 0 2 120 6 0
1 33.5 1.75 2 14 8 4.5 1 1 4 1 2 253 858 1
1 21.92 0.54 1 14 4 0.04 1 1 1 1 2 840 60 1
0 65.17 14 2 1 1 0 1 1 11 1 2 0 1401 1
1 26 1 2 11 4 1.75 1 0 0 1 2 280 1 1
0 30 5.29 2 10 2 2.25 1 1 5 1 2 99 501 1
1 24.5 13.33 1 6 4 0.04 0 0 0 1 2 120 476 0
1 28.25 0.87 2 7 4 0.96 1 1 3 1 2 396 1 1
1 21.33 10.5 2 8 4 3 1 0 0 1 2 0 1 1
1 29.58 4.75 2 7 4 2 0 1 1 1 2 460 69 0
1 30.83 0 2 9 4 1.25 1 1 1 0 2 202 1 1
1 24.83 2.75 2 8 4 2.25 1 1 6 0 2 184 601 1
1 35.75 2.41 2 9 4 0.125 0 1 2 0 2 220 2 0

