0 64.08 0.16 2 1 1 0 1 1 1 0 2 232 101 1
0 25 12.33 2 13 8 3.5 1 1 6 0 2 400 459 1
1 17.42 6.5 2 3 4 0.125 0 0 0 0 2 60 101 0
1 36.08 2.54 2 1 1 0 0 0 0 0 2 0 1001 0
0 23.5 9 2 11 4 8.5 1 1 5 1 2 120 1 1
0 22.5 0.41 2 3 4 0.335 0 0 0 1 1 144 1 0
1 29.42 1.25 2 8 8 0.25 0 1 2 1 2 400 109 0
1 20.17 9.25 2 8 4 1.665 1 1 3 1 2 40 29 1
0 25 12.33 2 13 8 3.5 1 1 6 0 2 400 459 1
0 27.25 0.28 2 7 8 0.125 0 1 1 1 2 272 109 0
0 22.5 0.41 2 3 4 0.335 0 0 0 1 1 144 1 0
1 51.42 0.04 2 14 8 0.04 1 0 0 0 2 0 3001 1
1 18.5 2 2 3 4 1.5 1 1 2 0 2 120 301 1
1 22.58 10.03 2 14 4 0.04 1 1 9 0 2 60 397 1
1 67.75 5.5 2 10 9 13 1 1 1 1 2 0 1 1
1 52.33 1.37 1 8 8 9.46 1 0 0 1 2 200 101 0
1 25.58 0.33 2 4 8 3.5 0 0 0 1 2 340 1 0
1 42.83 1.25 2 7 4 13.875 0 1 1 1 2 352 113 0
0 25.08 2.54 1 6 4 0.25 1 0 0 1 2 370 1 1
1 19.5 0.28 2 4 4 0.29 0 0 0 0 2 280 365 0
1 22.75 11.5 2 3 4 0.415 0 0 0 0 2 0 1 0
1 26.67 4.25 2 13 4 4.29 1 1 1 1 2 120 1 1
0 44.33 0 2 8 4 2.5 1 0 0 0 2 0 1 1
1 37.33 2.66 2 13 4 0.165 0 0 0 1 2 0 502 0
1 32.25 0.16 1 8 8 3.25 1 1 1 1 2 432 8001 1
1 36.67 3.25 2 11 8 9 1 0 0 1 2 102 640 1
0 31.57 11.25 2 1 1 0 0 0 0 0 2 184 5201 0
1 41.17 4.04 2 13 8 7 1 1 8 0 2 320 1 1
0 32.33 0.54 2 13 4 0.04 1 0 0 0 2 440 11178 1
1 31.08 1.5 1 9 4 0.04 0 0 0 0 1 160 1 0
1 49.58 19 2 1 1 0 1 1 1 0 2 94 1 0
0 27.67 2.04 2 9 4 0.25 0 0 0 1 2 180 51 0
1 42.83 1.25 2 7 4 13.875 0 1 1 1 2 352 113 0
1 18.82 3.54 1 1 1 0 0 0 0 1 2 180 2 0
1 22.67 0.75 2 3 4 1.585 0 1 1 1 2 400 10 0
1 21.83 0.25 2 2 8 0.665 1 0 0 1 2 0 1 1
0 32.25 1.5 2 8 4 0.25 0 0 0 1 2 372 123 0
1 54.33 6.75 2 8 8 2.625 1 1 11 1 2 0 285 1
0 23.58 0.58 1 1 1 0.125 0 0 0 0 2 120 88 0
1 29.25 13 2 2 8 0.5 0 0 0 0 2 228 1 0
1 23.92 0.66 2 8 4 0.165 0 0 0 0 2 100 1 1
1 65.42 11 2 10 9 20 1 1 7 1 2 22 1 1
0 18.92 9.25 1 8 4 1 1 1 4 1 2 80 501 1
1 42 0.2 2 3 8 5.125 1 0 0 0 2 400 1 1
0 41 2.04 1 11 8 0.125 1 1 23 1 2 455 1237 1
1 62.75 7 2 10 9 0 0 0 0 0 2 0 13 0
1 26.92 2.25 2 3 5 0.5 0 0 0 1 2 640 4001 0
1 69.17 9 2 1 1 4 0 1 1 0 2 70 7 0
1 44 2 2 7 4 1.75 1 1 2 1 2 0 16 1
1 23.25 12.62 2 8 4 0.125 0 1 2 0 2 0 5553 0
1 43 0.28 1 13 8 1.75 1 1 8 0 2 100 376 1
0 31.75 3 1 5 3 0 0 0 0 0 2 160 21 0
1 20.5 2.41 2 8 4 2 1 1 11 1 2 200 3001 1
1 23.92 0.58 1 13 8 0.125 0 0 0 0 2 240 2 0
1 26.75 2 2 2 4 0.75 0 0 0 1 2 80 1 0

