1 36.33 3.79 2 9 4 1.165 1 0 0 1 2 200 1 0
0 28.58 1.66 2 11 4 2.415 1 0 0 1 2 440 1 0
1 20 1.25 1 4 4 0.125 0 0 0 0 2 140 5 0
0 28.08 15 1 10 9 0 1 0 0 0 2 0 13213 1
0 42.25 1.75 1 8 4 0 0 0 0 1 2 150 2 0
0 29.5 2 1 10 8 2 0 0 0 0 2 256 18 0
1 31.57 5 1 6 4 8.5 1 0 0 0 2 0 1 0
1 20.67 0.41 2 8 4 0.125 0 0 0 0 2 0 45 0
1 31.42 15.5 2 8 4 0.5 1 0 0 0 2 120 1 0
1 32.75 2.33 2 2 8 5.75 0 0 0 1 2 292 1 0
1 36.08 2.54 2 1 1 0 0 0 0 0 2 0 1001 0
0 28.5 3.04 1 14 8 2.54 1 1 1 0 2 70 1 1
1 62.75 7 2 10 9 0 0 0 0 0 2 0 13 0
1 16.25 0.83 2 7 4 0.085 1 0 0 0 1 200 1 0
0 33.17 2.25 1 13 4 3.5 0 0 0 1 2 200 142 0
1 22.17 12.12 2 8 4 3.335 0 1 2 1 2 180 174 0
0 23.25 5.87 2 11 4 3.17 1 1 10 0 2 120 246 1
1 20 11.04 2 8 4 2 0 0 0 1 2 136 1 0
1 48.75 8.5 2 8 8 12.5 1 1 9 0 2 181 1656 1
0 20.32 10 2 8 8 1 1 1 4 0 2 50 1466 1
0 39.08 4 2 8 4 3 0 0 0 0 2 480 1 0
0 18.42 9.25 2 11 4 1.21 1 1 4 0 2 60 541 1
0 30.42 1.37 2 9 8 0.04 0 1 3 0 2 0 34 0
1 40.92 0.83 2 1 1 0 1 0 0 0 2 130 2 0
0 26.5 2.71 1 8 4 0.085 0 0 0 0 1 80 1 0
1 67.75 5.5 2 10 9 13 1 1 1 1 2 0 1 1
0 68.67 15 2 10 9 0 1 1 14 0 2 0 3377 1
1 32.33 2.5 2 8 4 1.25 0 0 0 1 2 280 1 0
1 21.92 0.5 2 8 4 0.125 0 0 0 0 2 360 1 0
0 17.57 9 2 6 4 1.375 1 0 0 1 2 0 1 1
1 34.75 2.5 2 13 5 0.5 0 0 0 0 2 348 1 0
1 21.92 0.5 2 8 4 0.125 0 0 0 0 2 360 1 0
1 18.17 2.46 2 8 7 0.96 0 1 2 1 2 160 588 0
1 62.75 7 2 10 9 0 0 0 0 0 2 0 13 0
1 30.17 0.5 2 8 4 1.75 1 1 11 0 2 32 541 1
1 22.58 10.03 2 14 4 0.04 1 1 9 0 2 60 397 1
1 25 11.25 2 8 4 2.5 1 1 17 0 2 200 1209 1
1 37.17 4 2 8 5 5 1 0 0 1 1 280 1 0
1 60.08 14.5 2 1 1 18 1 1 15 1 2 0 1001 1
1 47.17 5.83 2 9 4 5.5 0 0 0 0 2 465 151 0
1 21.83 0.25 2 2 8 0.665 1 0 0 1 2 0 1 1
1 39.42 1.71 1 7 4 0.165 0 0 0 0 1 400 1 0
0 23 1.83 2 5 3 0 0 1 1 0 2 200 54 0
1 31.57 3 1 3 5 7 0 0 0 0 2 0 2 0
1 25 12 2 4 4 2.25 1 1 2 1 2 120 6 0
1 25.75 0.75 2 8 5 0.25 1 0 0 0 2 349 24 1
1 36.67 4.41 1 4 4 0.25 1 1 10 1 2 320 1 1
1 23.33 1.5 2 8 8 1.415 1 0 0 0 2 422 201 1
1 40.58 5 2 8 4 5 1 1 7 0 2 0 3066 1
1 40.92 0.83 2 1 1 0 1 0 0 0 2 130 2 0
1 16.32 4.08 2 3 8 0.415 0 0 0 1 2 120 1 0
0 64.08 0.16 2 1 1 0 1 1 1 0 2 232 101 1
1 42 9.78 2 14 8 7.96 1 1 8 0 2 0 1 1
1 27.83 1.5 2 9 4 2.25 0 1 1 1 2 100 4 0
1 23.08 11.5 2 3 4 3.5 1 1 9 0 2 56 743 1

