1 31.57 5 1 6 4 8.5 1 0 0 0 2 0 1 0
0 50.08 12.54 2 6 4 2.29 1 1 3 1 2 156 1 1
1 20.42 1.08 2 11 4 1.5 0 0 0 0 2 108 8 0
1 25.17 3 2 8 4 1.25 0 1 1 0 2 0 23 0
1 34.25 1.75 2 9 5 0.25 1 0 0 1 2 163 1 0
1 31.25 1.12 2 1 1 0 0 1 1 0 2 96 20 0
1 22.17 12.12 2 8 4 3.335 0 1 2 1 2 180 174 0
0 20.32 10 2 8 8 1 1 1 4 0 2 50 1466 1
1 21 4.79 1 9 4 2.25 1 1 1 1 2 80 301 1
1 21.17 0.25 1 8 8 0.25 0 0 0 0 2 280 205 0
1 33.58 2.75 2 7 4 4.25 1 1 6 0 2 204 1 1
1 32.42 3 2 2 4 0.165 0 0 0 1 2 120 1 0
1 21.67 1.16 1 4 4 2.5 1 1 1 0 2 180 21 0
0 60.58 16.5 2 11 4 11 1 0 0 1 2 21 10562 1
1 27 0.75 2 8 8 4.25 1 1 3 1 2 312 151 1
1 51.58 15 2 8 4 8.5 1 1 9 0 2 0 1 1
1 23.08 11.5 2 3 4 3.5 1 1 9 0 2 56 743 1
1 32.33 7.5 2 10 5 1.585 1 0 0 1 1 420 1 0
0 42.25 1.75 1 8 4 0 0 0 0 1 2 150 2 0
1 34.42 4.25 2 3 5 3.25 1 1 2 0 2 274 611 1
1 16 3.12 2 9 4 0.085 0 1 1 0 2 0 7 0
1 32.75 2.33 2 2 8 5.75 0 0 0 1 2 292 1 0
0 30.42 1.37 2 9 8 0.04 0 1 3 0 2 0 34 0
1 26.92 2.25 2 3 5 0.5 0 0 0 1 2 640 4001 0
1 23.17 0 2 13 4 0.085 1 0 0 0 2 0 1 1
0 28.42 3.5 2 9 4 0.835 1 0 0 0 1 280 1 1
1 34.17 9.17 2 8 4 4.5 1 1 12 1 2 0 222 1
1 26.17 12.5 1 4 8 1.25 0 0 0 1 2 0 18 0
1 29.92 1.83 2 8 8 4.335 1 0 0 0 2 260 201 1
0 23 11.75 2 14 8 0.5 1 1 2 1 2 300 552 1
0 30.42 1.37 2 9 8 0.04 0 1 3 0 2 0 34 0
1 21 3 1 2 4 1.085 1 1 8 1 2 160 2 1
1 73.42 17.75 2 1 1 0 1 0 0 1 2 0 1 1
1 22.92 3.16 1 8 4 0.165 0 0 0 0 2 160 1059 0
1 35 3.37 2 8 8 8.29 0 0 0 1 2 0 1 0
0 49 1.5 2 5 3 0 1 0 0 1 2 100 28 0
1 20 11.04 2 8 4 2 0 0 0 1 2 136 1 0
1 23.42 1 2 8 4 0.5 0 0 0 1 1 280 1 0
1 56 12.5 2 4 8 8 1 0 0 1 2 24 2029 1
0 30.58 10.66 2 11 8 0.085 0 1 12 1 2 129 4 0
0 38.25 6 2 4 4 1 1 0 0 1 2 0 1 1
1 16.32 2.75 2 6 4 0.665 0 1 1 0 2 80 22 0
0 26.5 2.71 1 8 4 0.085 0 0 0 0 1 80 1 0
1 39.5 1.62 2 8 4 1.5 0 0 0 0 2 0 317 0
1 20.67 0.83 1 8 4 2 0 0 0 1 1 240 1 0
0 24.5 1.04 1 1 1 0.5 1 1 3 0 2 180 148 0
1 31.25 1.12 2 1 1 0 0 1 1 0 2 96 20 0
1 21.08 10.08 1 10 8 1.25 0 0 0 0 2 260 1 0
1 16 3.12 2 9 4 0.085 0 1 1 0 2 0 7 0
1 28.75 1.16 2 4 4 0.5 1 0 0 0 1 280 1 0
1 33.58 0.33 1 13 4 0.085 0 0 0 0 2 180 1 0
1 19.17 4 1 3 4 1 0 0 0 1 2 360 1001 0
0 23.58 0.58 1 1 1 0.125 0 0 0 0 2 120 88 0
1 16.25 0 1 6 4 0.25 0 0 0 0 2 60 1 0
1 24.58 13.5 1 1 1 0 0 0 0 0 2 184 1 0

