1 23.92 0.58 1 13 8 0.125 0 0 0 0 2 240 2 0
1 29.42 1.25 2 8 8 0.25 0 1 2 1 2 400 109 0
1 34.08 0.08 1 7 5 0.04 1 1 1 1 2 280 2001 1
1 23.08 2.5 2 1 1 0.085 0 0 0 1 2 100 4209 0
0 35.42 12 2 11 8 14 1 1 8 0 2 0 6591 1
1 36.17 0.42 1 9 4 0.29 0 0 0 1 2 309 3 0
1 33.5 1.75 2 14 8 4.5 1 1 4 1 2 253 858 1
1 21.92 0.54 1 14 4 0.04 1 1 1 1 2 840 60 1
1 33.58 2.75 2 7 4 4.25 1 1 6 0 2 204 1 1
0 38.25 6 2 4 4 1 1 0 0 1 2 0 1 1
1 26.17 0.25 2 3 5 0 1 0 0 1 2 0 1 1
0 18.75 7.5 2 11 4 2.71 1 1 5 0 2 184 26727 1
0 21.75 11.75 2 8 4 0.25 0 0 0 1 2 180 1 0
1 32.75 1.5 2 13 8 5.5 1 1 3 1 2 0 1 1
0 30.42 1.37 2 9 8 0.04 0 1 3 0 2 0 34 0
1 18.5 2 2 3 4 1.5 1 1 2 0 2 120 301 1
0 19.17 8.58 2 13 8 0.75 1 1 7 0 2 96 1 1
1 21.83 0.25 2 2 8 0.665 1 0 0 1 2 0 1 1
1 16.07 0.75 2 8 4 1.75 1 1 5 1 2 352 691 1
0 16.32 0.21 2 6 4 0.125 0 0 0 0 2 200 2 0
1 19.42 1.5 1 13 4 2 1 0 0 1 2 100 21 0
1 23.08 0 2 4 4 1 0 1 11 0 1 0 1 0
0 45 4.58 2 4 8 1 0 0 0 1 1 240 1 0
0 22.67 0.79 2 3 4 0.085 0 0 0 0 2 144 1 0
1 28 2 2 4 8 4.165 1 1 2 1 2 181 1 1
1 13.75 4 1 9 4 1.75 1 1 2 1 2 120 1001 1
0 23 1.83 2 5 3 0 0 1 1 0 2 200 54 0
1 20.67 5.29 2 11 4 0.375 1 1 1 0 2 160 1 0
1 18.07 5.5 2 4 4 0.5 1 0 0 0 2 80 1 1
1 41.42 5 2 11 8 5 1 1 6 1 2 470 1 1
1 25.67 3.25 2 8 8 2.29 0 1 1 1 2 416 22 0
1 51.58 15 2 8 4 8.5 1 1 9 0 2 0 1 1
1 30.33 0.5 2 2 8 0.085 0 0 0 1 1 252 1 0
1 44.33 0.5 2 3 8 5 1 0 0 1 2 320 1 1
1 43 0.28 1 13 8 1.75 1 1 8 0 2 100 376 1
1 31.57 0.5 2 8 5 0.835 1 0 0 1 1 320 1 0
1 28.75 1.5 1 8 4 1.5 1 0 0 1 2 0 226 0
0 58.67 4.46 2 11 8 3.04 1 1 6 0 2 43 561 1
1 25.25 1 2 6 4 0.5 0 0 0 0 2 200 1 0
1 20 11.04 2 8 4 2 0 0 0 1 2 136 1 0
1 25.75 0.75 2 8 5 0.25 1 0 0 0 2 349 24 1
1 39.92 5 2 3 5 0.21 0 0 0 0 2 550 1 0
0 28.42 3.5 2 9 4 0.835 1 0 0 0 1 280 1 1
1 34.17 1.54 2 13 4 1.54 1 1 1 1 2 520 50001 1
1 20.17 5.62 2 9 4 1.71 1 0 0 0 1 120 1 1
1 26.67 4.25 2 13 4 4.29 1 1 1 1 2 120 1 1
1 34.92 5 2 14 8 7.5 1 1 6 1 2 0 1001 1
0 27.58 3 2 7 4 2.79 0 1 1 1 2 280 11 0
1 25.67 3.25 2 8 8 2.29 0 1 1 1 2 416 22 0
1 31.57 10.5 2 14 4 6.5 1 0 0 0 2 0 1 1
0 18.42 9.25 2 11 4 1.21 1 1 4 0 2 60 541 1
0 47 13 2 3 5 5.165 1 1 9 1 2 0 1 1
0 33.92 1.58 1 1 1 0 1 0 0 0 2 320 1 0
1 23.25 12.62 2 8 4 0.125 0 1 2 0 2 0 5553 0
1 18.17 2.46 2 8 7 0.96 0 1 2 1 2 160 588 0

