1 34.5 4.04 1 3 5 8.5 1 1 7 1 2 195 1 1
1 52.5 6.5 2 4 4 6.29 1 1 15 0 2 0 11203 1
1 48.75 26.33 1 1 1 0 1 0 0 1 2 0 1 0
1 30.83 0 2 9 4 1.25 1 1 1 0 2 202 1 1
0 28.42 3.5 2 9 4 0.835 1 0 0 0 1 280 1 1
1 16 3.12 2 9 4 0.085 0 1 1 0 2 0 7 0
0 45.83 10.5 2 11 4 5 1 1 7 1 2 0 1 1
1 40.58 1.5 2 3 5 0 0 0 0 0 1 300 1 0
0 24.5 2.41 1 8 4 0 0 0 0 0 2 120 1 0
1 27.58 3.25 1 11 8 5.085 0 1 2 1 2 369 2 0
0 20.75 9.53 2 3 4 0.04 0 0 0 0 2 200 1001 0
1 31.57 0.04 1 2 4 4.25 0 0 0 1 2 460 1 0
1 59.67 1.54 2 11 4 0.125 1 0 0 1 2 260 1 1
1 54.42 0.5 1 4 8 3.96 1 0 0 0 2 180 315 1
0 16.5 1.25 2 11 4 0.25 0 1 1 0 2 108 99 0
0 31.57 3.5 2 2 4 3 1 0 0 1 2 300 1 0
0 23 11.75 2 14 8 0.5 1 1 2 1 2 300 552 1
1 18.17 2.46 2 8 7 0.96 0 1 2 1 2 160 588 0
0 28.75 3.75 2 8 4 1.085 1 1 1 1 2 371 1 1
1 28.75 1.5 1 8 4 1.5 1 0 0 1 2 0 226 0
0 49 1.5 2 5 3 0 1 0 0 1 2 100 28 0
1 28.58 3.62 2 6 4 0.25 0 0 0 1 2 100 1 0
1 30.33 0.5 2 2 8 0.085 0 0 0 1 1 252 1 0
0 28.42 3.5 2 9 4 0.835 1 0 0 0 1 280 1 1
1 80.25 5.5 2 8 4 0.54 1 0 0 0 2 0 341 0
0 18.92 9.25 1 8 4 1 1 1 4 1 2 80 501 1
1 16.25 0.83 2 7 4 0.085 1 0 0 0 1 200 1 0
1 37.5 1.12 1 2 4 1.5 0 0 0 1 2 431 1 1
1 32.08 4 2 7 4 2.5 1 0 0 1 2 360 1 1
0 28.75 3.75 2 8 4 1.085 1 1 1 1 2 371 1 1
1 27.58 2.04 1 6 4 2 1 1 3 1 2 370 561 1
0 32.33 0.54 2 13 4 0.04 1 0 0 0 2 440 11178 1
1 26.67 2.71 1 13 4 5.25 1 1 1 0 2 211 1 1
1 54.33 6.75 2 8 8 2.625 1 1 11 1 2 0 285 1
1 19 1.75 1 8 4 2.335 0 0 0 1 2 112 7 0
1 31.57 0.5 2 8 5 0.835 1 0 0 1 1 320 1 0
1 26.67 4.25 2 13 4 4.29 1 1 1 1 2 120 1 1
1 51.33 10 2 3 5 0 1 1 11 0 2 0 1250 1
0 44.33 0 2 8 4 2.5 1 0 0 0 2 0 1 1
0 52.17 0 1 1 1 0 0 0 0 0 2 0 1 0
1 37.5 1.12 1 2 4 1.5 0 0 0 1 2 431 1 1
1 36.75 0.12 1 8 4 1.5 0 0 0 1 2 232 114 1
0 29.58 1.75 1 4 4 1.25 0 0 0 1 2 280 1 0
1 40.92 0.5 1 7 4 0.5 0 0 0 1 2 130 1 0
1 20 11.04 2 8 4 2 0 0 0 1 2 136 1 0
1 22.67 0.75 2 3 4 1.585 0 1 1 1 2 400 10 0
1 28.33 5 2 9 4 11 1 0 0 1 2 70 1 1
1 47.67 0.28 2 8 5 15 1 1 20 0 2 0 15001 1
1 62.75 7 2 10 9 0 0 0 0 0 2 0 13 0
0 18.75 7.5 2 11 4 2.71 1 1 5 0 2 184 26727 1
0 16.32 0.21 2 6 4 0.125 0 0 0 0 2 200 2 0
0 16.07 0.33 2 1 1 0 0 1 1 0 2 160 127 0
1 19.67 10 1 4 8 0.835 1 0 0 1 2 140 1 0
0 36.75 4.71 2 1 1 0 0 0 0 0 2 160 1 0
1.234 22.08 11.46 2 4 4 1.585 0 0 0 1 2 100 1213 0

