1 20.42 7 2 8 4 1.625 1 1 3 0 2 200 1392 1
1 31.67 0.83 2 14 4 1.335 1 1 8 1 2 303 3291 1
0 23.58 0.83 2 11 4 0.415 0 1 1 1 2 200 12 0
0 41.58 1.04 2 6 4 0.665 0 0 0 0 2 240 238 0
1 31.83 0.04 1 7 4 0.04 0 0 0 0 2 0 1 0
0 24.75 13.66 2 11 8 1.5 0 0 0 0 2 280 2 0
1 30.33 0.5 2 2 8 0.085 0 0 0 1 1 252 1 0
1 21.58 0.79 1 13 4 0.665 0 0 0 0 2 160 1 0
0 33.75 0.75 2 4 5 1 1 1 3 1 2 212 1 0
0 28.17 0.37 2 11 4 0.585 1 1 4 0 2 80 1 1
0 20.42 0.83 2 11 4 1.585 1 1 1 0 2 0 1 1
1 43.08 0.37 1 8 4 0.375 1 1 8 1 2 300 163 1
1 31.57 0.04 1 2 4 4.25 0 0 0 1 2 460 1 0
1 24.17 0.87 2 11 4 4.625 1 1 2 1 2 520 2001 1
1 23.42 0.58 2 8 8 0.085 1 0 0 0 2 180 1 0
0 18.42 9.25 2 11 4 1.21 1 1 4 0 2 60 541 1
1 28.67 9.33 2 11 8 5.665 1 1 6 0 2 381 169 1
1 23 0.75 2 7 4 0.5 1 0 0 1 1 320 1 0
1 55.92 11.5 2 1 1 5 1 1 5 0 2 0 8852 1
0 47 13 2 3 5 5.165 1 1 9 1 2 0 1 1
1 18.32 1.21 1 10 2 0 0 0 0 0 2 100 1 0
1 36.25 5 2 8 5 2.5 1 1 6 0 2 0 368 1
0 27.17 1.25 2 1 1 0 0 1 1 0 2 92 301 0
1 29.25 14.79 2 6 4 5.04 1 1 5 1 2 168 1 1
1 28.75 1.16 2 4 4 0.5 1 0 0 0 1 280 1 0
1 18.5 2 2 3 4 1.5 1 1 2 0 2 120 301 1
1 36.33 2.12 1 9 4 0.085 1 1 1 0 2 50 1188 1
1 31.57 4 2 14 4 5 1 1 3 1 2 290 2280 1
1 28.25 5.12 2 14 4 4.75 1 1 2 0 2 420 8 1
0 19.5 0.16 2 11 4 0.04 0 0 0 1 2 380 1 0
1 24.17 0.87 2 11 4 4.625 1 1 2 1 2 520 2001 1
1 40.92 0.5 1 7 4 0.5 0 0 0 1 2 130 1 0
1 39.92 0.54 1 6 4 0.5 1 1 3 0 2 200 1001 1
0 18.57 10 2 2 4 0.415 0 0 0 0 2 80 43 0
0 31.75 3 1 5 3 0 0 0 0 0 2 160 21 0
0 47.75 8 2 8 4 7.875 1 1 6 1 2 0 1261 1
1 26.75 1.12 2 14 8 1.25 1 0 0 0 2 0 5299 1
1 40.58 5 2 8 4 5 1 1 7 0 2 0 3066 1
0 22.67 0.79 2 3 4 0.085 0 0 0 0 2 144 1 0
0 56.83 4.25 1 1 1 5 0 0 0 1 2 0 5 0
1 25.67 3.25 2 8 8 2.29 0 1 1 1 2 416 22 0
1 25 12.5 2 6 4 3 1 0 0 1 1 20 1 1
1 45 8.5 2 13 8 14 1 1 1 1 2 88 2001 1
1 20.07 0.25 2 11 4 0.125 0 0 0 0 2 200 1 0
1 24.08 9 2 6 4 0.25 0 0 0 1 2 0 1 0
1 25.83 12.83 2 13 4 0.5 0 0 0 0 2 0 3 0
1 33.5 1.75 2 14 8 4.5 1 1 4 1 2 253 858 1
1 63.33 0.54 2 8 4 0.585 1 1 3 1 2 180 1 0
1 32.25 14 1 1 1 0 0 1 2 0 2 160 2 0
1 36.17 5.5 2 3 5 5 0 0 0 0 2 210 688 0
0 25 12.33 2 13 8 3.5 1 1 6 0 2 400 459 1
0 37.75 5.5 2 11 4 0.125 1 0 0 1 2 228 1 1
0 18.82 9.5 2 9 4 1.625 1 1 6 1 2 40 601 1
1 43.25 3 2 11 8 6 1 1 11 0 2 80 1 1
0 20.07 1.25 2 8 4 0 0 0 0 0 2 0 1 0

