0 47.42 3 2 14 4 13.875 1 1 2 1 2 519 1705 1
0 26.08 8.66 2 6 4 1.415 1 0 0 0 2 160 151 1
1 22.08 0.83 2 8 8 2.165 0 0 0 1 2 128 1 1
0 31.57 11.25 2 1 1 0 0 0 0 0 2 184 5201 0
0 71.58 0 2 8 4 0 0 0 0 0 3 184 1 1
1 37.42 2.04 2 9 4 0.04 1 0 0 1 2 400 5801 1
1 42.75 4.08 2 6 4 0.04 0 0 0 0 2 108 101 0
0 28.17 0.37 2 11 4 0.585 1 1 4 0 2 80 1 1
1 25.67 0.28 1 8 4 1.5 0 0 0 1 2 160 1 0
0 19.17 8.58 2 13 8 0.75 1 1 7 0 2 96 1 1
1 39.92 0.54 1 6 4 0.5 1 1 3 0 2 200 1001 1
1 44.83 7 1 8 4 1.625 0 0 0 0 2 160 3 0
1 23.25 4 2 8 5 0.25 1 0 0 1 2 160 1 1
1 19.42 1.5 1 13 4 2 1 0 0 1 2 100 21 0
1 22.08 11 2 13 4 0.665 1 0 0 0 2 100 1 1
0 33.67 0.37 2 13 4 0.375 0 0 0 0 2 300 45 1
1 36.08 2.54 2 1 1 0 0 0 0 0 2 0 1001 0
1 22.75 11.5 2 3 4 0.415 0 0 0 0 2 0 1 0
1 19.57 0.58 2 1 1 0 0 1 3 0 2 350 770 0
1 22.67 2.54 1 8 8 2.585 1 0 0 0 2 0 1 1
1 29.25 13 2 2 8 0.5 0 0 0 0 2 228 1 0
0 22.58 10.75 2 11 4 0.415 1 1 5 1 2 0 561 1
1 31.57 4 1 3 4 0.085 0 0 0 1 2 411 1 0
1 32.08 4 1 13 4 1.5 0 0 0 1 2 120 1 0
0 33.67 0.37 2 13 4 0.375 0 0 0 0 2 300 45 1
0 71.58 0 2 8 4 0 0 0 0 0 3 184 1 1
1 28 2 2 4 8 4.165 1 1 2 1 2 181 1 1
0 17.92 0.54 2 8 4 1.75 0 1 1 1 2 80 6 0
1 37.42 2.04 2 9 4 0.04 1 0 0 1 2 400 5801 1
0 23.58 0.83 2 11 4 0.415 0 1 1 1 2 200 12 0
1 80.25 5.5 2 8 4 0.54 1 0 0 0 2 0 341 0
1 23.58 0.46 1 9 4 2.625 1 1 6 1 2 208 348 0
0 28.5 1 2 11 4 1 1 1 2 1 2 167 501 0
1 28.67 9.33 2 11 8 5.665 1 1 6 0 2 381 169 1
0 30 5.29 2 10 2 2.25 1 1 5 1 2 99 501 1
0 15.83 7.62 2 11 4 0.125 0 1 1 1 2 0 161 0
1 32.08 4 1 13 4 1.5 0 0 0 1 2 120 1 0
1 16.07 0.75 2 8 4 1.75 1 1 5 1 2 352 691 1
1 49.58 19 2 1 1 0 1 1 1 0 2 94 1 0
0 45.83 10.5 2 11 4 5 1 1 7 1 2 0 1 1
1 31.57 0.5 2 8 5 0.835 1 0 0 1 1 320 1 0
0 57.58 2 2 1 1 6.5 0 1 1 0 2 0 11 0
0 28.5 3.04 1 14 8 2.54 1 1 1 0 2 70 1 1
1 21.58 0.79 1 13 4 0.665 0 0 0 0 2 160 1 0
0 33.08 4.62 2 11 8 1.625 1 1 2 0 2 0 1 1
1 17.67 4.46 2 8 4 0.25 0 0 0 0 1 80 1 0
0 24.5 2.41 1 8 4 0 0 0 0 0 2 120 1 0
1 25.67 12.5 2 13 4 1.21 1 1 67 1 2 140 259 1
1 36.5 4.25 2 11 4 3.5 0 0 0 0 2 454 51 0
1 16.92 0.33 1 4 4 0.29 0 0 0 0 1 200 1 0
1 37.5 0.83 2 10 4 0.04 0 0 0 0 2 120 6 0
1 31.57 0.04 1 2 4 4.25 0 0 0 1 2 460 1 0
1 21.17 0.87 1 8 8 0.25 0 0 0 0 2 280 205 0
0 24.08 0.5 2 11 8 1.25 1 1 1 0 2 0 679 1
1 32.25 0.16 1 8 8 3.25 1 1 1 1 2 432 8001 1

