0 49.83 13.58 2 4 8 8.5 1 0 0 1 2 0 1 1
1 65.42 11 2 10 9 20 1 1 7 1 2 22 1 1
1 20.67 5.29 2 11 4 0.375 1 1 1 0 2 160 1 0
1 23.08 2.5 2 1 1 0.085 0 0 0 1 2 100 4209 0
1 21.92 0.5 2 8 4 0.125 0 0 0 0 2 360 1 0
1 21.33 7.5 2 6 4 1.415 1 1 1 0 2 80 9801 1
1 42.83 4.62 2 11 4 4.58 1 0 0 0 1 0 1 1
0 23 11.75 2 14 8 0.5 1 1 2 1 2 300 552 1
1 43.17 2.25 2 3 5 0.75 1 0 0 0 2 560 1 0
1 23.08 0 2 4 4 1 0 1 11 0 1 0 1 0
1 31.08 1.5 1 9 4 0.04 0 0 0 0 1 160 1 0
1 18.82 0 2 11 4 0.665 0 0 0 0 2 160 2 0
1 23.08 2.5 2 1 1 0.085 0 0 0 1 2 100 4209 0
1 33.58 0.25 2 3 5 4 0 0 0 1 1 420 1 0
0 47 13 2 3 5 5.165 1 1 9 1 2 0 1 1
0 25.25 13.5 1 1 1 2 0 1 1 1 2 200 2 0
1 74.83 19 1 1 1 0.04 0 1 2 0 2 0 352 0
1 43.17 2.25 2 3 5 0.75 1 0 0 0 2 560 1 0
0 18.42 9.25 2 11 4 1.21 1 1 4 0 2 60 541 1
0 23.75 0.71 2 9 4 0.25 0 1 1 1 2 240 5 0
0 29.5 1.08 1 14 4 1 0 0 0 0 2 280 14 0
1 27.75 0.58 1 13 4 0.25 1 1 2 0 2 260 501 1
1 37.58 0 2 8 4 0 0 0 0 0 3 184 1 1
0 25.17 2.87 2 14 8 0.875 1 0 0 0 2 360 1 1
1 19 1.75 1 8 4 2.335 0 0 0 1 2 112 7 0
1 25.5 0.37 2 7 4 0.25 1 1 3 0 2 260 15109 1
1 41.17 1.25 1 9 4 0.25 0 0 0 0 2 0 196 0
0 41 2.04 1 11 8 0.125 1 1 23 1 2 455 1237 1
0 15.83 7.62 2 11 4 0.125 0 1 1 1 2 0 161 0
1 23.25 12.62 2 8 4 0.125 0 1 2 0 2 0 5553 0
1 26.92 2.25 2 3 5 0.5 0 0 0 1 2 640 4001 0
0 19.5 0.16 2 11 4 0.04 0 0 0 1 2 380 1 0
1 21.92 0.5 2 8 4 0.125 0 0 0 0 2 360 1 0
0 50.25 0.83 2 6 4 0.5 0 0 0 1 2 240 118 0
0 17.92 0.54 2 8 4 1.75 0 1 1 1 2 80 6 0
1 20.42 7 2 8 4 1.625 1 1 3 0 2 200 1392 1
1 32.75 2.33 2 2 8 5.75 0 0 0 1 2 292 1 0
1 37.5 0.83 2 10 4 0.04 0 0 0 0 2 120 6 0
0 19.75 0.75 2 8 4 0.795 1 1 5 1 2 140 6 0
1 52.42 1.5 2 2 4 3.75 0 0 0 1 2 0 351 0
1 39.17 2.5 1 3 8 10 0 0 0 1 1 200 1 0
1 27.25 1.58 2 13 8 1.835 1 1 12 1 2 583 714 1
0 30 5.29 2 10 2 2.25 1 1 5 1 2 99 501 1
1 35 3.37 2 8 8 8.29 0 0 0 1 2 0 1 0
1 31.83 0.04 1 7 4 0.04 0 0 0 0 2 0 1 0
1.234 22.08 11.46 2 4 4 1.585 0 0 0 1 2 100 1213 0
1 26.83 0.54 2 4 1 0 0 0 0 0 2 100 1 0
1 24.5 13.33 1 6 4 0.04 0 0 0 1 2 120 476 0
1 17.07 3.29 2 3 4 0.335 0 0 0 1 2 140 3 0
1 47.17 5.83 2 9 4 5.5 0 0 0 0 2 465 151 0
1 44.33 0.5 2 3 8 5 1 0 0 1 2 320 1 1
1 36.75 0.12 1 8 4 1.5 0 0 0 1 2 232 114 1
1 40.92 0.83 2 1 1 0 1 0 0 0 2 130 2 0
0 38.25 6 2 4 4 1 1 0 0 1 2 0 1 1
1 18.5 2 2 3 4 1.5 1 1 2 0 2 120 301 1

