0 36 1 2 8 4 2 1 1 11 0 2 0 457 1
0 47.42 8 2 10 5 6.5 1 1 6 0 2 375 51101 1
0 33.08 1.62 2 2 4 0.54 0 0 0 1 2 0 1 0
1 40.92 0.83 2 1 1 0 1 0 0 0 2 130 2 0
1 27 0.75 2 8 8 4.25 1 1 3 1 2 312 151 1
1 19.5 9.58 2 6 4 0.79 0 0 0 0 2 80 351 0
0 33.25 3 1 6 4 2 0 0 0 0 2 180 1 0
1 25.83 12.83 2 13 4 0.5 0 0 0 0 2 0 3 0
0 35.17 3.75 2 1 1 0 0 1 6 0 2 0 201 0
1 30.33 0.5 2 2 8 0.085 0 0 0 1 1 252 1 0
1 26.75 1.12 2 14 8 1.25 1 0 0 0 2 0 5299 1
1 24.58 12.5 2 9 4 0.875 1 0 0 1 2 260 1 0
1 22.92 3.16 1 8 4 0.165 0 0 0 0 2 160 1059 0
1 47.17 5.83 2 9 4 5.5 0 0 0 0 2 465 151 0
1 53.92 9.62 2 10 4 8.665 1 1 5 0 2 0 1 1
1 48.58 6.5 2 11 8 6 1 0 0 1 2 350 1 1
1 28.75 1.16 2 4 4 0.5 1 0 0 0 1 280 1 0
0 25.17 2.87 2 14 8 0.875 1 0 0 0 2 360 1 1
1 67.75 5.5 2 10 9 13 1 1 1 1 2 0 1 1
1 21.67 1.16 1 4 4 2.5 1 1 1 0 2 180 21 0
1 30.17 0.5 2 8 4 1.75 1 1 11 0 2 32 541 1
1 40.58 3.29 2 7 4 3.5 0 0 0 1 1 400 1 0
1 62.75 7 2 10 9 0 0 0 0 0 2 0 13 0
1 48.58 6.5 2 11 8 6 1 0 0 1 2 350 1 1
1 31.57 0.37 2 2 4 0.875 1 0 0 1 1 928 1 0
1 59.67 1.54 2 11 4 0.125 1 0 0 1 2 260 1 1
0 24.5 1.04 1 1 1 0.5 1 1 3 0 2 180 148 0
0 18.82 4.41 1 8 8 3 1 0 0 0 2 240 1 1
1 32.75 1.5 2 13 8 5.5 1 1 3 1 2 0 1 1
0 31.75 3 1 5 3 0 0 0 0 0 2 160 21 0
1 42.83 4.62 2 11 4 4.58 1 0 0 0 1 0 1 1
1 16.32 4.08 2 3 8 0.415 0 0 0 1 2 120 1 0
1 34.92 2.5 2 9 4 0 1 0 0 1 2 239 201 1
0 21.75 11.75 2 8 4 0.25 0 0 0 1 2 180 1 0
0 22.42 11.25 1 14 8 0.75 1 1 4 0 2 0 322 1
1 19.17 4 1 3 4 1 0 0 0 1 2 360 1001 0
0 21.75 1.75 1 5 3 0 0 0 0 0 2 160 1 0
1 23.92 0.66 2 8 4 0.165 0 0 0 0 2 100 1 1
0 19.5 0.16 2 11 4 0.04 0 0 0 1 2 380 1 0
1 18.17 2.46 2 8 7 0.96 0 1 2 1 2 160 588 0
1 18.82 0 2 11 4 0.665 0 0 0 0 2 160 2 0
1 26.75 2 2 2 4 0.75 0 0 0 1 2 80 1 0
0 24.75 3 2 11 8 1.835 1 1 19 0 2 0 501 1
0 33.17 2.25 1 13 4 3.5 0 0 0 1 2 200 142 0
1 22.17 12.12 2 8 4 3.335 0 1 2 1 2 180 174 0
0 24.5 1.04 1 1 1 0.5 1 1 3 0 2 180 148 0
1 20 0 2 2 4 0.5 0 0 0 0 2 144 1 0
1 26.67 2.71 1 13 4 5.25 1 1 1 0 2 211 1 1
1 41 0.04 2 10 4 0.04 0 1 1 0 1 560 1 1
1 48.75 26.33 1 1 1 0 1 0 0 1 2 0 1 0
1 38.92 1.75 2 4 4 0.5 0 0 0 1 2 300 3 0
1 22.08 0.83 2 8 8 2.165 0 0 0 1 2 128 1 1
1 19.17 4 1 3 4 1 0 0 0 1 2 360 1001 0
1 42 0.2 2 3 8 5.125 1 0 0 0 2 400 1 1
0 47.42 3 2 14 4 13.875 1 1 2 1 2 519 1705 1

