0 20.83 0.5 1 10 2 1 0 0 0 0 2 260 1 0
0 33.75 0.75 2 4 5 1 1 1 3 1 2 212 1 0
1 26.17 12.5 1 4 8 1.25 0 0 0 1 2 0 18 0
1 30.17 1.08 1 8 4 0.04 0 0 0 0 2 170 180 0
1 23.92 1.5 2 2 8 1.875 1 1 6 0 2 200 328 1
1 37.33 6.5 2 7 8 4.25 1 1 12 1 2 93 1 1
0 44.33 0 2 8 4 2.5 1 0 0 0 2 0 1 1
0 22.92 1.25 2 11 4 0.25 0 0 0 1 2 120 810 0
1 32.25 0.16 1 8 8 3.25 1 1 1 1 2 432 8001 1
1 29.25 14.79 2 6 4 5.04 1 1 5 1 2 168 1 1
1 57.83 7.04 2 7 4 14 1 1 6 1 2 360 1333 1
0 24.5 1.75 1 8 4 0.165 0 0 0 0 2 132 1 0
1 67.75 5.5 2 10 9 13 1 1 1 1 2 0 1 1
0 24.33 2.5 1 3 5 4.5 0 0 0 0 2 200 457 0
1 59.67 1.54 2 11 4 0.125 1 0 0 1 2 260 1 1
1 20 11.04 2 8 4 2 0 0 0 1 2 136 1 0
1 33.58 0.25 2 3 5 4 0 0 0 1 1 420 1 0
1 27 0.75 2 8 8 4.25 1 1 3 1 2 312 151 1
1 52.42 1.5 2 2 4 3.75 0 0 0 1 2 0 351 0
0 38.58 5 2 13 4 13.5 1 0 0 1 2 980 1 0
1 21.17 0.87 1 8 8 0.25 0 0 0 0 2 280 205 0
1 27.25 0.62 2 6 4 0.455 1 0 0 1 2 200 1 0
1 25.25 1 2 6 4 0.5 0 0 0 0 2 200 1 0
1 25.92 0.87 2 4 4 0.375 0 1 2 1 2 174 4 0
1 22.17 2.25 2 3 4 0.125 0 0 0 0 2 160 11 0
0 25.33 2.08 2 8 8 2.75 1 0 0 1 2 360 2 0
1 42.75 3 2 3 5 1 1 0 0 0 2 0 201 0
1 29.67 1.41 2 9 8 0.75 1 1 1 0 2 240 101 1
1 40 6.5 2 6 5 3.5 1 1 1 0 2 0 501 1
0 28.75 3.75 2 8 4 1.085 1 1 1 1 2 371 1 1
1 27.25 1.66 2 13 8 5.085 1 1 9 0 2 399 828 1
0 22.25 1.25 1 1 1 3.25 0 0 0 0 2 280 1 0
1 23.92 0.58 1 13 8 0.125 0 0 0 0 2 240 2 0
1 21.5 9.75 2 8 4 0.25 1 0 0 0 2 140 1 0
1 26.33 13 2 10 2 0 0 0 0 1 2 140 1111 0
0 38.25 6 2 4 4 1 1 0 0 1 2 0 1 1
1 24.58 13.5 1 1 1 0 0 0 0 0 2 184 1 0
0 36.75 5.12 2 10 4 5 1 0 0 1 2 0 4001 1
0 22.42 5.66 2 11 4 2.585 1 1 7 0 2 129 3258 1
1 38.92 1.75 2 4 4 0.5 0 0 0 1 2 300 3 0
1 31.08 3.08 2 8 4 2.5 0 1 2 1 2 160 42 0
1 30.58 2.71 1 7 4 0.125 0 0 0 1 1 80 1 0
1 43.25 3 2 11 8 6 1 1 11 0 2 80 1 1
0 45.83 10.5 2 11 4 5 1 1 7 1 2 0 1 1
1 42.75 4.08 2 6 4 0.04 0 0 0 0 2 108 101 0
1 54.42 0.5 1 4 8 3.96 1 0 0 0 2 180 315 1
1 24.08 9 2 6 4 0.25 0 0 0 1 2 0 1 0
1 57.42 8.5 2 10 8 7 1 1 3 0 2 0 1 1
0 34.83 1.25 1 3 8 0.5 0 0 0 1 2 160 1 0
1 32.67 5.5 2 11 8 5.5 1 1 12 1 2 408 1001 1
1 23.92 1.5 2 2 8 1.875 1 1 6 0 2 200 328 1
1 53.92 9.62 2 10 4 8.665 1 1 5 0 2 0 1 1
1 27.83 1 1 2 8 3 0 0 0 0 2 176 538 0
1 54.33 6.75 2 8 8 2.625 1 1 11 1 2 0 285 1
1 33.67 2.16 2 8 4 1.5 0 0 0 0 3 120 1 0

