0 23.58 0.58 1 1 1 0.125 0 0 0 0 2 120 88 0
0 24.83 4.5 2 9 4 1 0 0 0 1 2 360 7 0
1 20.17 9.25 2 8 4 1.665 1 1 3 1 2 40 29 1
1 53.92 9.62 2 10 4 8.665 1 1 5 0 2 0 1 1
0 18.82 9.5 2 9 4 1.625 1 1 6 1 2 40 601 1
0 31.75 3 1 5 3 0 0 0 0 0 2 160 21 0
1 51.33 10 2 3 5 0 1 1 11 0 2 0 1250 1
1 34.5 4.04 1 3 5 8.5 1 1 7 1 2 195 1 1
1 37.58 0 2 8 4 0 0 0 0 0 3 184 1 1
1 16.25 0 1 6 4 0.25 0 0 0 0 2 60 1 0
0 71.58 0 2 8 4 0 0 0 0 0 3 184 1 1
1 16.92 0.33 1 4 4 0.29 0 0 0 0 1 200 1 0
0 24.75 3 2 11 8 1.835 1 1 19 0 2 0 501 1
1 27 0.75 2 8 8 4.25 1 1 3 1 2 312 151 1
1 32.75 2.33 2 2 8 5.75 0 0 0 1 2 292 1 0
1 37.5 1.12 1 2 4 1.5 0 0 0 1 2 431 1 1
1 18.82 0.41 1 8 4 0.165 0 1 1 0 2 200 2 0
1 20 7 2 8 4 0.5 0 0 0 0 2 0 1 0
1 45 8.5 2 13 8 14 1 1 1 1 2 88 2001 1
0 20.75 9.53 2 3 4 0.04 0 0 0 0 2 200 1001 0
1 20.5 2.41 2 8 4 2 1 1 11 1 2 200 3001 1
1 25.17 3 2 8 4 1.25 0 1 1 0 2 0 23 0
1 20 0 2 2 4 0.5 0 0 0 0 2 144 1 0
1 45 8.5 2 13 8 14 1 1 1 1 2 88 2001 1
1 21.08 10.08 1 10 8 1.25 0 0 0 0 2 260 1 0
1 39.17 1.71 2 14 4 0.125 1 1 5 1 2 480 1 1
0 21.75 11.75 2 8 4 0.25 0 0 0 1 2 180 1 0
1 33.58 2.75 2 7 4 4.25 1 1 6 0 2 204 1 1
1 22 0.79 2 9 4 0.29 0 1 1 0 2 420 284 0
1 33.5 1.75 2 14 8 4.5 1 1 4 1 2 253 858 1
1 22.92 0.17 2 7 4 0.085 0 0 0 0 1 0 1 0
0 31.57 3.5 2 2 4 3 1 0 0 1 2 300 1 0
1 21.58 0.79 1 13 4 0.665 0 0 0 0 2 160 1 0
1 67.75 5.5 2 10 9 13 1 1 1 1 2 0 1 1
1 44.83 7 1 8 4 1.625 0 0 0 0 2 160 3 0
1 39.17 1.62 2 8 4 1.5 1 1 10 0 2 186 4701 1
1 27.75 0.58 1 13 4 0.25 1 1 2 0 2 260 501 1
1 48.17 3.5 2 6 4 3.5 1 0 0 0 1 230 1 1
1 20.17 9.25 2 8 4 1.665 1 1 3 1 2 40 29 1
1 32.25 0.16 1 8 8 3.25 1 1 1 1 2 432 8001 1
0 20.07 0.12 2 11 4 1 0 1 1 0 2 240 769 1
1 48.33 12 2 7 4 16 1 0 0 0 1 110 1 1
0 39.08 4 2 8 4 3 0 0 0 0 2 480 1 0
1 25.33 0.57 2 8 4 0.29 1 1 7 1 2 96 5125 1
1 38.42 0.7 2 8 4 0.375 0 1 2 0 2 225 501 0
1 51.83 2.04 1 1 1 1.5 0 0 0 0 2 120 2 0
1 25 12 2 4 4 2.25 1 1 2 1 2 120 6 0
0 30.42 1.37 2 9 8 0.04 0 1 3 0 2 0 34 0
1 18.17 2.46 2 8 7 0.96 0 1 2 1 2 160 588 0
0 44.33 0 2 8 4 2.5 1 0 0 0 2 0 1 1
1 33.17 3.04 1 8 8 2.04 1 1 1 1 2 180 18028 1
1 54.83 15.5 2 10 9 0 1 1 20 0 2 152 131 0
1 57.83 7.04 2 7 4 14 1 1 6 1 2 360 1333 1
1 23.17 0 2 8 4 0 0 0 0 0 3 184 1 1
0 33.92 1.58 1 1 1 0 1 0 0 0 2 320 1 0

