1 34.08 0.08 1 7 5 0.04 1 1 1 1 2 280 2001 1
1 33.67 2.16 2 8 4 1.5 0 0 0 0 3 120 1 0
0 38.25 6 2 4 4 1 1 0 0 1 2 0 1 1
1 23.92 0.66 2 8 4 0.165 0 0 0 0 2 100 1 1
1 39.42 1.71 1 7 4 0.165 0 0 0 0 1 400 1 0
1 34.75 2.5 2 13 5 0.5 0 0 0 0 2 348 1 0
1 47.33 6.5 2 8 4 1 0 0 0 1 2 0 229 0
1 31.42 15.5 2 8 4 0.5 1 0 0 0 2 120 1 0
0 26.92 13.5 2 11 8 5 1 1 2 0 2 0 5001 1
0 36.58 0.28 2 1 1 0 0 1 10 0 2 200 19 0
1 26.83 0.54 2 4 1 0 0 0 0 0 2 100 1 0
1 19.67 0.37 2 11 4 2 1 1 2 1 2 80 1 1
0 22.58 10.75 2 11 4 0.415 1 1 5 1 2 0 561 1
0 28.58 1.66 2 11 4 2.415 1 0 0 1 2 440 1 0
1 20.42 7 2 8 4 1.625 1 1 3 0 2 200 1392 1
1 22.92 3.16 1 8 4 0.165 0 0 0 0 2 160 1059 0
0 27.25 0.28 2 7 8 0.125 0 1 1 1 2 272 109 0
1 21.92 0.54 1 14 4 0.04 1 1 1 1 2 840 60 1
1 37.33 2.66 2 13 4 0.165 0 0 0 1 2 0 502 0
1 51.42 0.04 2 14 8 0.04 1 0 0 0 2 0 3001 1
1 31.57 3 1 3 5 7 0 0 0 0 2 0 2 0
1 23.42 0.58 2 8 8 0.085 1 0 0 0 2 180 1 0
1 23.08 11.5 2 3 4 3.5 1 1 9 0 2 56 743 1
1 27 0.75 2 8 8 4.25 1 1 3 1 2 312 151 1
1 31.42 15.5 2 8 4 0.5 1 0 0 0 2 120 1 0
1 19.17 9.5 2 9 4 1.5 1 0 0 0 2 120 2207 1
1 25.5 0.37 2 7 4 0.25 1 1 3 0 2 260 15109 1
0 25.08 2.54 1 6 4 0.25 1 0 0 1 2 370 1 1
1 26.75 1.12 2 14 8 1.25 1 0 0 0 2 0 5299 1
1 31.57 10.5 2 14 4 6.5 1 0 0 0 2 0 1 1
0 20.42 7.5 2 4 4 1.5 1 1 1 0 2 160 235 1
1 31.57 10.5 2 14 4 6.5 1 0 0 0 2 0 1 1
1 31.57 4 1 3 4 0.085 0 0 0 1 2 411 1 0
1 19.42 1.5 1 13 4 2 1 0 0 1 2 100 21 0
1 19.67 0.37 2 11 4 2 1 1 2 1 2 80 1 1
1 42.17 5.04 2 11 8 12.75 1 0 0 1 2 92 1 1
1 24.58 1.25 2 8 4 0.25 0 0 0 0 2 110 1 0
0 17.92 10.21 2 1 1 0 0 0 0 0 2 0 51 0
1 16.07 0.75 2 8 4 1.75 1 1 5 1 2 352 691 1
1 52.42 1.5 2 2 4 3.75 0 0 0 1 2 0 351 0
1 37.75 7 2 11 8 11.5 1 1 7 1 2 300 6 0
1 33.58 0.33 1 13 4 0.085 0 0 0 0 2 180 1 0
1 36.75 0.12 1 8 4 1.5 0 0 0 1 2 232 114 1
1 23.92 0.58 1 13 8 0.125 0 0 0 0 2 240 2 0
1 62.75 7 2 10 9 0 0 0 0 0 2 0 13 0
1 28 3 2 9 4 0.75 0 0 0 1 2 300 68 0
1 30.17 0.5 2 8 4 1.75 1 1 11 0 2 32 541 1
0 18.82 9.53 2 6 4 0.085 1 0 0 0 2 100 1 1
1 40.58 3.29 2 7 4 3.5 0 0 0 1 1 400 1 0
1 23.08 2.5 2 1 1 0.085 0 0 0 1 2 100 4209 0
0 36 1 2 8 4 2 1 1 11 0 2 0 457 1
1 39.17 1.62 2 8 4 1.5 1 1 10 0 2 186 4701 1
1 22.67 1.58 1 9 4 3.085 1 1 6 0 2 80 1 1
1 41.17 4.04 2 13 8 7 1 1 8 0 2 320 1 1
0 16.32 0.21 2 6 4 0.125 0 0 0 0 2 200 2 0

