1 22.17 0.58 1 1 1 0 0 0 0 0 2 100 1 0
0 30.25 5.5 2 4 4 5.5 0 0 0 1 1 100 1 0
1 23.25 12.62 2 8 4 0.125 0 1 2 0 2 0 5553 0
1 23.75 12 2 8 4 2.085 0 0 0 0 1 80 1 0
1 25.33 0.57 2 8 4 0.29 1 1 7 1 2 96 5125 1
1 47.67 2.5 2 7 5 2.5 1 1 12 1 2 410 2511 1
1 29.25 14.79 2 6 4 5.04 1 1 5 1 2 168 1 1
1 49.17 2.29 2 1 1 0.29 0 0 0 0 2 200 4 0
1 39.17 1.71 2 14 4 0.125 1 1 5 1 2 480 1 1
0 24.5 2.41 1 8 4 0 0 0 0 0 2 120 1 0
0 31.75 3 1 5 3 0 0 0 0 0 2 160 21 0
1 37.5 1.75 1 8 5 0.25 1 0 0 1 2 164 401 0
1 32.75 1.5 2 13 8 5.5 1 1 3 1 2 0 1 1
0 17.92 0.54 2 8 4 1.75 0 1 1 1 2 80 6 0
0 32.33 0.54 2 13 4 0.04 1 0 0 0 2 440 11178 1
0 16.07 0.33 2 1 1 0 0 1 1 0 2 160 127 0
0 32.33 0.54 2 13 4 0.04 1 0 0 0 2 440 11178 1
1 25.67 0.28 1 8 4 1.5 0 0 0 1 2 160 1 0
1 19.67 0.37 2 11 4 2 1 1 2 1 2 80 1 1
1 34.08 6.5 2 6 4 0.125 1 0 0 1 2 443 1 0
1 34.17 2.75 2 3 5 2.5 0 0 0 1 2 232 201 0
0 22.67 0.79 2 3 4 0.085 0 0 0 0 2 144 1 0
1 59.5 2.75 2 9 4 1.75 1 1 5 1 2 60 59 1
0 20.67 1.83 2 11 4 2.085 1 1 5 0 2 220 2504 1
1 25.83 12.83 2 13 4 0.5 0 0 0 0 2 0 3 0
1 19.5 0.28 2 4 4 0.29 0 0 0 0 2 280 365 0
1 38.92 1.75 2 4 4 0.5 0 0 0 1 2 300 3 0
1 31.83 0.04 1 7 4 0.04 0 0 0 0 2 0 1 0
0 19.17 8.58 2 13 8 0.75 1 1 7 0 2 96 1 1
1 19 1.75 1 8 4 2.335 0 0 0 1 2 112 7 0
0 36 1 2 8 4 2 1 1 11 0 2 0 457 1
1 31.58 0.75 1 6 4 3.5 0 0 0 1 2 320 1 0
1 48.75 26.33 1 1 1 0 1 0 0 1 2 0 1 0
1 32.33 2.5 2 8 4 1.25 0 0 0 1 2 280 1 0
0 45 4.58 2 4 8 1 0 0 0 1 1 240 1 0
1 16.17 0.04 2 8 4 0.04 0 0 0 0 2 0 1 1
1 18.42 10.41 1 6 4 0.125 1 0 0 0 2 120 376 0
1 24.58 13.5 1 1 1 0 0 0 0 0 2 184 1 0
1 32.25 0.16 1 8 8 3.25 1 1 1 1 2 432 8001 1
1 32.75 1.5 2 13 8 5.5 1 1 3 1 2 0 1 1
1 26.92 2.25 2 3 5 0.5 0 0 0 1 2 640 4001 0
0 16.5 1.25 2 11 4 0.25 0 1 1 0 2 108 99 0
1 37.33 2.66 2 13 4 0.165 0 0 0 1 2 0 502 0
0 23.75 0.71 2 9 4 0.25 0 1 1 1 2 240 5 0
1 32.25 0.16 1 8 8 3.25 1 1 1 1 2 432 8001 1
1 21.92 0.5 2 8 4 0.125 0 0 0 0 2 360 1 0
0 20.07 1.25 2 8 4 0 0 0 0 0 2 0 1 0
0 33.92 1.58 1 1 1 0 1 0 0 0 2 320 1 0
1 47.67 0.28 2 8 5 15 1 1 20 0 2 0 15001 1
1 20.42 7 2 8 4 1.625 1 1 3 0 2 200 1392 1
0 35.42 12 2 11 8 14 1 1 8 0 2 0 6591 1
1 28.25 0.87 2 7 4 0.96 1 1 3 1 2 396 1 1
1 56.75 12.25 2 7 4 1.25 1 1 4 1 2 200 1 1
0 25 11 1 6 4 4.5 1 0 0 0 2 120 1 0
0 51.92 6.5 2 3 5 3.085 0 0 0 1 2 73 1 0

