1 25.5 0.37 2 7 4 0.25 1 1 3 0 2 260 15109 1
0 28.67 1.04 2 8 4 2.5 1 1 5 1 2 300 1431 1
0 36.75 4.71 2 1 1 0 0 0 0 0 2 160 1 0
1 23.25 12.62 2 8 4 0.125 0 1 2 0 2 0 5553 0
0 22.5 8.5 2 11 4 1.75 1 1 10 0 2 80 991 0
1 32 1.75 1 10 8 0.04 1 0 0 1 2 393 1 1
1 18.82 3.54 1 1 1 0 0 0 0 1 2 180 2 0
1 21.25 1.5 2 9 4 1.5 0 0 0 0 2 150 9 1
1 48.08 6.04 2 4 4 0.04 0 0 0 0 2 0 2691 1
0 20.75 9.53 2 3 4 0.04 0 0 0 0 2 200 1001 0
0 25 11 1 6 4 4.5 1 0 0 0 2 120 1 0
1 26.67 1.75 1 8 4 1 1 1 5 1 2 160 5778 1
1 31.67 16.16 2 2 4 3 1 1 9 0 2 250 731 1
0 20.07 1.25 2 8 4 0 0 0 0 0 2 0 1 0
1 21.17 0.25 1 8 8 0.25 0 0 0 0 2 280 205 0
1 63.33 0.54 2 8 4 0.585 1 1 3 1 2 180 1 0
0 19.67 0.21 2 11 8 0.29 1 1 11 0 2 80 100 1
1 19.5 9.58 2 6 4 0.79 0 0 0 0 2 80 351 0
1 44.25 0.5 2 7 4 10.75 1 0 0 0 1 400 1 0
0 52.5 7 2 6 8 3 0 0 0 0 2 0 1 0
0 18.75 7.5 2 11 4 2.71 1 1 5 0 2 184 26727 1
1 17.42 6.5 2 3 4 0.125 0 0 0 0 2 60 101 0
1 42.75 4.08 2 6 4 0.04 0 0 0 0 2 108 101 0
0 33.92 1.58 1 1 1 0 1 0 0 0 2 320 1 0
1 34 5.5 1 8 4 1.5 0 0 0 1 2 60 1 0
1 29.67 0.75 1 8 4 0.04 0 0 0 0 2 240 1 0
1 20.42 0 2 8 4 0 0 0 0 0 3 184 1 0
1 19.5 0.28 2 4 4 0.29 0 0 0 0 2 280 365 0
0 23 1.83 2 5 3 0 0 1 1 0 2 200 54 0
0 24.5 1.04 1 1 1 0.5 1 1 3 0 2 180 148 0
1 25.5 0.37 2 7 4 0.25 1 1 3 0 2 260 15109 1
0 47 13 2 3 5 5.165 1 1 9 1 2 0 1 1
1 31 2.08 2 8 4 0.085 0 0 0 0 2 300 1 0
1 34.5 4.04 1 3 5 8.5 1 1 7 1 2 195 1 1
0 41.58 1.04 2 6 4 0.665 0 0 0 0 2 240 238 0
1 24.5 13.33 1 6 4 0.04 0 0 0 1 2 120 476 0
1 49.58 19 2 1 1 0 1 1 1 0 2 94 1 0
1 31.57 5 1 6 4 8.5 1 0 0 0 2 0 1 0
1 33.67 1.25 2 9 4 1.165 0 0 0 0 2 120 1 0
0 55.75 7.08 2 4 8 6.75 1 1 3 1 2 100 51 0
1 44.33 0.5 2 3 8 5 1 0 0 1 2 320 1 1
1 28 3 2 9 4 0.75 0 0 0 1 2 300 68 0
1 37.33 2.66 2 13 4 0.165 0 0 0 1 2 0 502 0
0 33.08 4.62 2 11 8 1.625 1 1 2 0 2 0 1 1
1 19.32 10.91 2 8 5 0.585 0 1 2 1 2 200 8 0
0 21.75 1.75 1 5 3 0 0 0 0 0 2 160 1 0
0 28.17 0.37 2 11 4 0.585 1 1 4 0 2 80 1 1
1 25.67 0.28 1 8 4 1.5 0 0 0 1 2 160 1 0
1 19.5 0.28 2 4 4 0.29 0 0 0 0 2 280 365 0
1 16.25 0.83 2 7 4 0.085 1 0 0 0 1 200 1 0
1 34.83 2.5 1 9 4 3 0 0 0 0 1 200 1 0
0 25 11 1 6 4 4.5 1 0 0 0 2 120 1 0
1 41.42 5 2 11 8 5 1 1 6 1 2 470 1 1
1 23.58 0.46 1 9 4 2.625 1 1 6 1 2 208 348 0
1 30.17 6.5 2 13 4 3.125 1 1 8 0 2 330 1201 1

