0 22.67 0.79 2 3 4 0.085 0 0 0 0 2 144 1 0
1 23.08 11.5 2 3 4 3.5 1 1 9 0 2 56 743 1
1 22.25 0.46 2 4 4 0.125 0 0 0 1 2 280 56 0
1 47.33 6.5 2 8 4 1 0 0 0 1 2 0 229 0
1 17.42 6.5 2 3 4 0.125 0 0 0 0 2 60 101 0
1 18.07 5.5 2 4 4 0.5 1 0 0 0 2 80 1 1
1 28.67 9.33 2 11 8 5.665 1 1 6 0 2 381 169 1
1 22.67 1.58 1 9 4 3.085 1 1 6 0 2 80 1 1
1 48.75 26.33 1 1 1 0 1 0 0 1 2 0 1 0
1 34.83 4 2 2 5 12.5 1 0 0 1 2 184 1 0
1 36.08 2.54 2 1 1 0 0 0 0 0 2 0 1001 0
1 24.83 2.75 2 8 4 2.25 1 1 6 0 2 184 601 1
0 20.42 7.5 2 4 4 1.5 1 1 1 0 2 160 235 1
1 36.25 5 2 8 5 2.5 1 1 6 0 2 0 368 1
1 23.08 11.5 2 3 4 3.5 1 1 9 0 2 56 743 1
1 27.83 1.54 2 9 4 3.75 1 1 5 1 2 100 4 1
1 29.58 4.5 2 9 4 7.5 1 1 2 1 2 330 1 1
0 28.75 3.75 2 8 4 1.085 1 1 1 1 2 371 1 1
0 20.07 0.12 2 11 4 1 0 1 1 0 2 240 769 1
0 60.58 16.5 2 11 4 11 1 0 0 1 2 21 10562 1
1 24.17 0.87 2 11 4 4.625 1 1 2 1 2 520 2001 1
0 24.75 13.66 2 11 8 1.5 0 0 0 0 2 280 2 0
0 23.58 0.58 1 1 1 0.125 0 0 0 0 2 120 88 0
0 57.58 2 2 1 1 6.5 0 1 1 0 2 0 11 0
1 39.92 5 2 3 5 0.21 0 0 0 0 2 550 1 0
1 30.83 0 2 9 4 1.25 1 1 1 0 2 202 1 1
1 32.25 0.16 1 8 8 3.25 1 1 1 1 2 432 8001 1
1 19.42 1.5 1 13 4 2 1 0 0 1 2 100 21 0
1 51.83 3 1 1 1 1.5 0 0 0 0 2 180 5 0
1 32.33 2.5 2 8 4 1.25 0 0 0 1 2 280 1 0
1 56.42 28 1 8 4 28.5 1 1 40 0 2 0 16 1
0 24.75 3 2 11 8 1.835 1 1 19 0 2 0 501 1
0 24.33 2.5 1 3 5 4.5 0 0 0 0 2 200 457 0
1 36.33 3.79 2 9 4 1.165 1 0 0 1 2 200 1 0
1 28.25 0.87 2 7 4 0.96 1 1 3 1 2 396 1 1
1 51.42 0.04 2 14 8 0.04 1 0 0 0 2 0 3001 1
1 21 4.79 1 9 4 2.25 1 1 1 1 2 80 301 1
1 23.42 0.58 2 8 8 0.085 1 0 0 0 2 180 1 0
1 28.33 5 2 9 4 11 1 0 0 1 2 70 1 1
1 29.25 13 2 2 8 0.5 0 0 0 0 2 228 1 0
1 30.17 6.5 2 13 4 3.125 1 1 8 0 2 330 1201 1
0 22.92 1.25 2 11 4 0.25 0 0 0 1 2 120 810 0
1 24.33 6.62 1 2 4 5.5 1 0 0 1 1 100 1 1
1 22.25 0.46 2 4 4 0.125 0 0 0 1 2 280 56 0
0 35.17 3.75 2 1 1 0 0 1 6 0 2 0 201 0
0 24.08 0.5 2 11 8 1.25 1 1 1 0 2 0 679 1
1 27.42 12.5 2 6 5 0.25 0 0 0 1 2 720 1 0
1 18.82 3.54 1 1 1 0 0 0 0 1 2 180 2 0
0 24.33 2.5 1 3 5 4.5 0 0 0 0 2 200 457 0
1 40.58 5 2 8 4 5 1 1 7 0 2 0 3066 1
1 23.08 2.5 2 1 1 0.085 0 0 0 1 2 100 4209 0
1 36.08 2.54 2 1 1 0 0 0 0 0 2 0 1001 0
1 21.67 1.16 1 4 4 2.5 1 1 1 0 2 180 21 0
1 31.42 15.5 2 8 4 0.5 1 0 0 0 2 120 1 0
1 24.08 9 2 6 4 0.25 0 0 0 1 2 0 1 0

