1 23.17 11.12 2 14 8 0.46 1 1 1 0 2 100 1 1
0 69.5 6 2 1 1 0 0 0 0 0 1 0 1 0
1 24.83 2.75 2 8 4 2.25 1 1 6 0 2 184 601 1
1 28.75 1.5 1 8 4 1.5 1 0 0 1 2 0 226 0
1 38.25 10.12 1 4 4 0.125 0 0 0 0 2 160 1 0
0 22.67 0.79 2 3 4 0.085 0 0 0 0 2 144 1 0
1 43.17 5 2 3 5 2.25 0 0 0 1 2 141 1 0
1 20.42 1.08 2 11 4 1.5 0 0 0 0 2 108 8 0
1 31.57 3 1 3 5 7 0 0 0 0 2 0 2 0
1 23.25 1.5 2 11 4 2.375 1 1 3 1 2 0 583 1
1 25.58 0.33 2 4 8 3.5 0 0 0 1 2 340 1 0
1 43.25 3 2 11 8 6 1 1 11 0 2 80 1 1
0 24.5 12.75 2 8 5 4.75 1 1 2 0 2 73 445 1
1 19.42 7.25 2 7 4 0.04 0 1 1 0 2 100 2 0
1 51.83 2.04 1 1 1 1.5 0 0 0 0 2 120 2 0
1 29.42 1.25 2 8 8 0.25 0 1 2 1 2 400 109 0
1 15.17 7 2 10 4 1 0 0 0 0 2 600 1 0
1 31.67 0.83 2 14 4 1.335 1 1 8 1 2 303 3291 1
0 52.5 7 2 6 8 3 0 0 0 0 2 0 1 0
1 27.25 1.58 2 13 8 1.835 1 1 12 1 2 583 714 1
0 31.57 11.25 2 1 1 0 0 0 0 0 2 184 5201 0
1 34.83 2.5 1 9 4 3 0 0 0 0 1 200 1 0
1 51.83 3 1 1 1 1.5 0 0 0 0 2 180 5 0
1 33.5 1.75 2 14 8 4.5 1 1 4 1 2 253 858 1
1 33.17 1 2 14 4 0.75 1 1 7 1 2 340 4072 1
0 25.58 0 2 8 4 0 0 0 0 0 3 184 1 1
1 32.25 0.16 1 8 8 3.25 1 1 1 1 2 432 8001 1
1 15.17 7 2 10 4 1 0 0 0 0 2 600 1 0
1 33.75 2.75 2 3 5 0 0 0 0 0 2 180 1 0
1 48.17 3.5 2 6 4 3.5 1 0 0 0 1 230 1 1
0 24.5 1.75 1 8 4 0.165 0 0 0 0 2 132 1 0
1 18.82 3.54 1 1 1 0 0 0 0 1 2 180 2 0
0 58.42 21 2 3 5 10 1 1 13 0 2 0 6701 1
0 24.33 2.5 1 3 5 4.5 0 0 0 0 2 200 457 0
1 27.42 12.5 2 6 5 0.25 0 0 0 1 2 720 1 0
1 38.92 1.75 2 4 4 0.5 0 0 0 1 2 300 3 0
1 45 8.5 2 13 8 14 1 1 1 1 2 88 2001 1
1 21.83 0.25 2 2 8 0.665 1 0 0 1 2 0 1 1
1 20.67 5.29 2 11 4 0.375 1 1 1 0 2 160 1 0
0 19.17 5.41 2 3 8 0.29 0 0 0 0 2 80 485 0
1 33.5 1.75 2 14 8 4.5 1 1 4 1 2 253 858 1
0 18.75 7.5 2 11 4 2.71 1 1 5 0 2 184 26727 1
1 27.25 0.62 2 6 4 0.455 1 0 0 1 2 200 1 0
1 33.75 2.75 2 3 5 0 0 0 0 0 2 180 1 0
1 16.07 0.75 2 8 4 1.75 1 1 5 1 2 352 691 1
1 24.83 2.75 2 8 4 2.25 1 1 6 0 2 184 601 1
1 19.42 7.25 2 7 4 0.04 0 1 1 0 2 100 2 0
0 30.42 1.37 2 9 8 0.04 0 1 3 0 2 0 34 0
0 38.75 1.5 2 1 1 0 0 0 0 0 2 76 1 0
1 25.42 0.54 2 9 4 0.165 0 1 1 0 2 272 445 0
1 18.32 1.21 1 10 2 0 0 0 0 0 2 100 1 0
1 22.67 0.16 2 8 3 2.25 0 0 0 1 1 0 1 1
0 18.25 10 2 9 4 1 0 1 1 0 2 120 2 0
1 39.42 1.71 1 7 4 0.165 0 0 0 0 1 400 1 0
1 32.75 1.5 2 13 8 5.5 1 1 3 1 2 0 1 1

