1 18.07 6.75 1 7 4 0.04 0 0 0 0 2 140 1 0
0 22.92 11.58 2 13 4 0.04 1 0 0 0 2 80 1350 1
1 28.25 5.12 2 14 4 4.75 1 1 2 0 2 420 8 1
0 55.75 7.08 2 4 8 6.75 1 1 3 1 2 100 51 0
0 41.58 1.04 2 6 4 0.665 0 0 0 0 2 240 238 0
1 26.75 4.5 1 8 5 2.5 0 0 0 0 2 200 1211 0
0 31.57 3.5 2 2 4 3 1 0 0 1 2 300 1 0
1 29.58 4.75 2 7 4 2 0 1 1 1 2 460 69 0
1 65.42 11 2 10 9 20 1 1 7 1 2 22 1 1
0 33.08 4.62 2 11 8 1.625 1 1 2 0 2 0 1 1
1 36.25 5 2 8 5 2.5 1 1 6 0 2 0 368 1
1 33.67 2.16 2 8 4 1.5 0 0 0 0 3 120 1 0
1 22.17 0.58 1 1 1 0 0 0 0 0 2 100 1 0
1 17.07 0.08 1 8 4 0.04 0 0 0 0 2 140 723 0
1 23.17 0 2 13 4 0.085 1 0 0 0 2 0 1 1
0 22.67 0.79 2 3 4 0.085 0 0 0 0 2 144 1 0
1 31.57 4 2 14 4 5 1 1 3 1 2 290 2280 1
1 36.17 18.12 2 9 4 0.085 0 0 0 0 2 320 3553 0
1 58.58 2.71 2 8 4 2.415 0 0 0 1 2 320 1 0
1 19.17 4 1 3 4 1 0 0 0 1 2 360 1001 0
1 17.07 0.08 1 8 4 0.04 0 0 0 0 2 140 723 0
0 25.42 1.12 2 11 4 1.29 1 1 2 0 2 200 1 0
0 33.75 0.75 2 4 5 1 1 1 3 1 2 212 1 0
1 34.17 1.54 2 13 4 1.54 1 1 1 1 2 520 50001 1
0 56.83 4.25 1 1 1 5 0 0 0 1 2 0 5 0
0 17.92 0.54 2 8 4 1.75 0 1 1 1 2 80 6 0
1 18.82 0.41 1 8 4 0.165 0 1 1 0 2 200 2 0
1 19.17 0 1 7 5 0 0 0 0 1 1 500 2 1
1 26.67 1.75 1 8 4 1 1 1 5 1 2 160 5778 1
1 20.42 7 2 8 4 1.625 1 1 3 0 2 200 1392 1
1 44.83 7 1 8 4 1.625 0 0 0 0 2 160 3 0
0 20.07 0.12 2 11 4 1 0 1 1 0 2 240 769 1
1 34.42 4.25 2 3 5 3.25 1 1 2 0 2 274 611 1
0 20.42 10.5 1 14 8 0 0 0 0 1 2 154 33 0
1 54.83 15.5 2 10 9 0 1 1 20 0 2 152 131 0
1 21.33 10.5 2 8 4 3 1 0 0 1 2 0 1 1
1 35.17 2.5 2 4 4 4.5 1 1 7 0 2 150 1271 1
1 21 4.79 1 9 4 2.25 1 1 1 1 2 80 301 1
0 36.75 4.71 2 1 1 0 0 0 0 0 2 160 1 0
1 26.92 2.25 2 3 5 0.5 0 0 0 1 2 640 4001 0
0 17.57 9 2 6 4 1.375 1 0 0 1 2 0 1 1
0 45.33 1 2 11 4 0.125 0 0 0 1 2 263 1 0
1 18.82 3.54 1 1 1 0 0 0 0 1 2 180 2 0
0 57.58 2 2 1 1 6.5 0 1 1 0 2 0 11 0
1 28 2 2 4 8 4.165 1 1 2 1 2 181 1 1
1 16 3.12 2 9 4 0.085 0 1 1 0 2 0 7 0
1 22.08 0.83 2 8 8 2.165 0 0 0 1 2 128 1 1
1 26 1 2 11 4 1.75 1 0 0 1 2 280 1 1
1 32.33 2.5 2 8 4 1.25 0 0 0 1 2 280 1 0
1 19 0 1 1 1 0 0 1 4 0 2 45 2 0
1 26.75 2 2 2 4 0.75 0 0 0 1 2 80 1 0
1 39.17 1.62 2 8 4 1.5 1 1 10 0 2 186 4701 1
1 42.83 1.25 2 7 4 13.875 0 1 1 1 2 352 113 0
1 21.92 0.5 2 8 4 0.125 0 0 0 0 2 360 1 0
1 25.67 2.21 1 6 4 4 1 0 0 0 2 188 1 0

