1 27.83 1.54 2 9 4 3.75 1 1 5 1 2 100 4 1
1 33.75 2.75 2 3 5 0 0 0 0 0 2 180 1 0
0 26.08 8.66 2 6 4 1.415 1 0 0 0 2 160 151 1
0 22.67 0.79 2 3 4 0.085 0 0 0 0 2 144 1 0
0 28.5 1 2 11 4 1 1 1 2 1 2 167 501 0
1 23.17 11.12 2 14 8 0.46 1 1 1 0 2 100 1 1
0 18.07 0.37 3 13 1 10 0 0 0 1 1 300 1 1
1 31.57 5 1 6 4 8.5 1 0 0 0 2 0 1 0
1 36.5 4.25 2 11 4 3.5 0 0 0 0 2 454 51 0
1 22.58 10.03 2 14 4 0.04 1 1 9 0 2 60 397 1
0 20.67 1.83 2 11 4 2.085 1 1 5 0 2 220 2504 1
0 21.5 6 2 6 4 2.5 1 1 3 0 2 80 919 1
1 21.83 0.25 2 2 8 0.665 1 0 0 1 2 0 1 1
1 18.5 2 2 3 4 1.5 1 1 2 0 2 120 301 1
0 19.17 8.58 2 13 8 0.75 1 1 7 0 2 96 1 1
1 31.57 0.62 2 4 4 0.25 0 0 0 0 2 380 2011 0
1 21.92 0.54 1 14 4 0.04 1 1 1 1 2 840 60 1
1 51.42 0.04 2 14 8 0.04 1 0 0 0 2 0 3001 1
1 36.33 2.12 1 9 4 0.085 1 1 1 0 2 50 1188 1
1 51.83 2.04 1 1 1 1.5 0 0 0 0 2 120 2 0
1 25.25 1 2 6 4 0.5 0 0 0 0 2 200 1 0
1 27.83 1 1 2 8 3 0 0 0 0 2 176 538 0
0 19.17 0.58 1 6 4 0.585 1 0 0 1 2 160 1 0
1 33.5 1.75 2 14 8 4.5 1 1 4 1 2 253 858 1
0 24.5 1.75 1 8 4 0.165 0 0 0 0 2 132 1 0
1 24.58 12.5 2 9 4 0.875 1 0 0 1 2 260 1 0
1 29.83 3.5 2 8 4 0.165 0 0 0 0 2 216 1 0
1 19.67 0.37 2 11 4 2 1 1 2 1 2 80 1 1
0 24.5 1.75 1 8 4 0.165 0 0 0 0 2 132 1 0
0 21.67 11.5 1 5 3 0 1 1 11 1 2 0 1 1
1 34.75 15 2 12 7 5.375 1 1 9 1 2 0 135 1
1 35.25 16.5 1 8 4 4 1 0 0 0 2 80 1 0
0 23.58 0.83 2 11 4 0.415 0 1 1 1 2 200 12 0
1 65.42 11 2 10 9 20 1 1 7 1 2 22 1 1
1 36.67 4.41 1 4 4 0.25 1 1 10 1 2 320 1 1
0 35.17 3.75 2 1 1 0 0 1 6 0 2 0 201 0
1 33.58 0.33 1 13 4 0.085 0 0 0 0 2 180 1 0
0 17.92 10.21 2 1 1 0 0 0 0 0 2 0 51 0
0 52.5 7 2 6 8 3 0 0 0 0 2 0 1 0
0 17.57 9 2 6 4 1.375 1 0 0 1 2 0 1 1
1 36.17 18.12 2 9 4 0.085 0 0 0 0 2 320 3553 0
1 80.25 5.5 2 8 4 0.54 1 0 0 0 2 0 341 0
1 33.67 2.16 2 8 4 1.5 0 0 0 0 3 120 1 0
0 29.5 2 1 10 8 2 0 0 0 0 2 256 18 0
1 36.17 5.5 2 3 5 5 0 0 0 0 2 210 688 0
1 25.25 1 2 6 4 0.5 0 0 0 0 2 200 1 0
1 23.25 12.62 2 8 4 0.125 0 1 2 0 2 0 5553 0
1 48.58 6.5 2 11 8 6 1 0 0 1 2 350 1 1
0 30.42 1.37 2 9 8 0.04 0 1 3 0 2 0 34 0
1 31.57 0.62 2 4 4 0.25 0 0 0 0 2 380 2011 0
1 27.75 1.29 2 4 8 0.25 0 0 0 1 1 140 1 0
1 19.17 4 1 3 4 1 0 0 0 1 2 360 1001 0
0 17.32 9.5 2 6 4 1.75 0 1 10 1 2 0 11 0
1 51.42 0.04 2 14 8 0.04 1 0 0 0 2 0 3001 1
0 18.75 7.5 2 11 4 2.71 1 1 5 0 2 184 26727 1

