1 34.42 4.25 2 3 5 3.25 1 1 2 0 2 274 611 1
0 25.58 0 2 8 4 0 0 0 0 0 3 184 1 1
1 51.83 3 1 1 1 1.5 0 0 0 0 2 180 5 0
1 23.25 12.62 2 8 4 0.125 0 1 2 0 2 0 5553 0
1 24.58 12.5 2 9 4 0.875 1 0 0 1 2 260 1 0
1 31.57 0.5 2 8 5 0.835 1 0 0 1 1 320 1 0
0 24.83 4.5 2 9 4 1 0 0 0 1 2 360 7 0
1 23.17 0 2 13 4 0.085 1 0 0 0 2 0 1 1
1 31.83 2.5 2 6 4 7.5 1 0 0 1 2 523 1 0
1 31.57 10.5 2 14 4 6.5 1 0 0 0 2 0 1 1
1 25.67 2.21 1 6 4 4 1 0 0 0 2 188 1 0
0 20.07 0.12 2 11 4 1 0 1 1 0 2 240 769 1
1 39.17 1.62 2 8 4 1.5 1 1 10 0 2 186 4701 1
0 40.33 7.54 1 11 8 8 1 1 14 0 2 0 2301 1
0 18.82 9.5 2 9 4 1.625 1 1 6 1 2 40 601 1
0 28.67 1.04 2 8 4 2.5 1 1 5 1 2 300 1431 1
1 21.08 10.08 1 10 8 1.25 0 0 0 0 2 260 1 0
1 22.17 0.58 1 1 1 0 0 0 0 0 2 100 1 0
0 37.33 2.5 2 3 8 0.21 0 0 0 0 2 260 247 0
1 28.67 9.33 2 11 8 5.665 1 1 6 0 2 381 169 1
1 21.83 11 2 14 4 0.29 1 1 6 0 2 121 1 1
1 34.92 2.5 2 9 4 0 1 0 0 1 2 239 201 1
1 33.67 2.16 2 8 4 1.5 0 0 0 0 3 120 1 0
0 26.92 13.5 2 11 8 5 1 1 2 0 2 0 5001 1
1 18.82 3.54 1 1 1 0 0 0 0 1 2 180 2 0
1 41.42 5 2 11 8 5 1 1 6 1 2 470 1 1
0 22.67 3.8 2 8 4 0.165 0 0 0 0 2 160 1 0
1 29.67 1.41 2 9 8 0.75 1 1 1 0 2 240 101 1
1 37.42 2.04 2 9 4 0.04 1 0 0 1 2 400 5801 1
1 59.5 2.75 2 9 4 1.75 1 1 5 1 2 60 59 1
1 22.92 3.16 1 8 4 0.165 0 0 0 0 2 160 1059 0
1 16.92 0.33 1 4 4 0.29 0 0 0 0 1 200 1 0
1 25.33 0.57 2 8 4 0.29 1 1 7 1 2 96 5125 1
1 34.17 1.54 2 13 4 1.54 1 1 1 1 2 520 50001 1
0 23 1.83 2 5 3 0 0 1 1 0 2 200 54 0
0 29.5 2 1 10 8 2 0 0 0 0 2 256 18 0
0 38.25 6 2 4 4 1 1 0 0 1 2 0 1 1
1 23.17 0 2 8 4 0 0 0 0 0 3 184 1 1
1 25.67 2.21 1 6 4 4 1 0 0 0 2 188 1 0
1 15.17 7 2 10 4 1 0 0 0 0 2 600 1 0
1 19.17 4 1 3 4 1 0 0 0 1 2 360 1001 0
1 30.17 6.5 2 13 4 3.125 1 1 8 0 2 330 1201 1
0 22.58 10.75 2 11 4 0.415 1 1 5 1 2 0 561 1
1 19.5 9.58 2 6 4 0.79 0 0 0 0 2 80 351 0
1 19.17 0 1 7 5 0 0 0 0 1 1 500 2 1
0 36 1 2 8 4 2 1 1 11 0 2 0 457 1
0 17.57 9 2 6 4 1.375 1 0 0 1 2 0 1 1
1 30.17 6.5 2 13 4 3.125 1 1 8 0 2 330 1201 1
1 24.17 0.87 2 11 4 4.625 1 1 2 1 2 520 2001 1
1 29.92 1.83 2 8 8 4.335 1 0 0 0 2 260 201 1
1 65.42 11 2 10 9 20 1 1 7 1 2 22 1 1
0 22.67 3.8 2 8 4 0.165 0 0 0 0 2 160 1 0
1 32.25 0.16 1 8 8 3.25 1 1 1 1 2 432 8001 1
1 17.67 4.46 2 8 4 0.25 0 0 0 0 1 80 1 0
1 43.25 3 2 11 8 6 1 1 11 0 2 80 1 1

