1 22.17 12.12 2 8 4 3.335 0 1 2 1 2 180 174 0
1 24.5 13.33 1 6 4 0.04 0 0 0 1 2 120 476 0
1 27.67 0.75 2 11 8 0.165 0 0 0 1 2 220 252 0
0 24.08 0.5 2 11 8 1.25 1 1 1 0 2 0 679 1
1 39.25 9.5 2 7 4 6.5 1 1 14 0 2 240 4608 1
1 29.83 3.5 2 8 4 0.165 0 0 0 0 2 216 1 0
1 36.42 0.75 1 2 4 0.585 0 0 0 0 2 240 4 0
1 19.67 0.37 2 11 4 2 1 1 2 1 2 80 1 1
1 33.17 3.16 1 14 4 3.165 1 1 3 1 2 380 1 1
1 32.08 4 1 13 4 1.5 0 0 0 1 2 120 1 0
1 39.17 1.62 2 8 4 1.5 1 1 10 0 2 186 4701 1
0 18.57 10 2 2 4 0.415 0 0 0 0 2 80 43 0
1 52.5 6.5 2 4 4 6.29 1 1 15 0 2 0 11203 1
0 18.82 9.53 2 6 4 0.085 1 0 0 0 2 100 1 1
1 21.33 10.5 2 8 4 3 1 0 0 1 2 0 1 1
1 20 1.25 1 4 4 0.125 0 0 0 0 2 140 5 0
1 40 6.5 2 6 5 3.5 1 1 1 0 2 0 501 1
1 35.25 3.16 2 14 8 3.75 1 0 0 1 2 680 1 0
1 20.07 0.25 2 11 4 0.125 0 0 0 0 2 200 1 0
1 23.08 2.5 2 1 1 0.085 0 0 0 1 2 100 4209 0
1 28.75 1.16 2 4 4 0.5 1 0 0 0 1 280 1 0
1 33.75 2.75 2 3 5 0 0 0 0 0 2 180 1 0
1 36.33 3.79 2 9 4 1.165 1 0 0 1 2 200 1 0
1 41.92 0.42 2 8 8 0.21 1 1 6 0 2 220 949 1
1 34 5.08 1 3 5 1.085 0 0 0 1 2 480 1 0
0 19.17 5.41 2 3 8 0.29 0 0 0 0 2 80 485 0
1 21.33 10.5 2 8 4 3 1 0 0 1 2 0 1 1
0 58.67 4.46 2 11 8 3.04 1 1 6 0 2 43 561 1
1 31.25 1.12 2 1 1 0 0 1 1 0 2 96 20 0
1 16.92 0.33 1 4 4 0.29 0 0 0 0 1 200 1 0
1 34.75 2.5 2 13 5 0.5 0 0 0 0 2 348 1 0
1 37.42 2.04 2 9 4 0.04 1 0 0 1 2 400 5801 1
1 23.08 11.5 2 3 4 3.5 1 1 9 0 2 56 743 1
0 52.5 7 2 6 8 3 0 0 0 0 2 0 1 0
0 27.25 0.28 2 7 8 0.125 0 1 1 1 2 272 109 0
1 34.5 4.04 1 3 5 8.5 1 1 7 1 2 195 1 1
1 40.25 21.5 2 10 9 20 1 1 11 0 2 0 1201 1
1 22.17 12.12 2 8 4 3.335 0 1 2 1 2 180 174 0
0 25.58 0 2 8 4 0 0 0 0 0 3 184 1 1
0 33.08 4.62 2 11 8 1.625 1 1 2 0 2 0 1 1
0 32.25 1.5 2 8 4 0.25 0 0 0 1 2 372 123 0
0 20.67 1.83 2 11 4 2.085 1 1 5 0 2 220 2504 1
0 28.42 3.5 2 9 4 0.835 1 0 0 0 1 280 1 1
1 43.17 2.25 2 3 5 0.75 1 0 0 0 2 560 1 0
1 20.07 0.25 2 11 4 0.125 0 0 0 0 2 200 1 0
1 20 11.04 2 8 4 2 0 0 0 1 2 136 1 0
1 31.57 3 1 3 5 7 0 0 0 0 2 0 2 0
0 22.92 11.58 2 13 4 0.04 1 0 0 0 2 80 1350 1
0 21.08 5 1 1 1 0 0 0 0 0 2 0 1 0
0 17.82 11 2 14 8 1 1 1 11 0 2 0 3001 1
1.234 22.08 11.46 2 4 4 1.585 0 0 0 1 2 100 1213 0
0 22.67 0.79 2 3 4 0.085 0 0 0 0 2 144 1 0
0 30 5.29 2 10 2 2.25 1 1 5 1 2 99 501 1
0 33.17 2.25 1 13 4 3.5 0 0 0 1 2 200 142 0
1 19.17 9.5 2 9 4 1.5 1 0 0 0 2 120 2207 1

