0 18.17 10 1 11 8 0.165 0 0 0 0 2 340 1 0
1 59.5 2.75 2 9 4 1.75 1 1 5 1 2 60 59 1
0 49.83 13.58 2 4 8 8.5 1 0 0 1 2 0 1 1
1 20.17 8.17 2 6 4 1.96 1 1 14 0 2 60 159 1
1 48.17 3.5 2 6 4 3.5 1 0 0 0 1 230 1 1
1 22.17 2.25 2 3 4 0.125 0 0 0 0 2 160 11 0
0 16.92 0.5 2 3 4 0.165 0 1 6 1 2 240 36 0
1 29.42 1.25 2 8 8 0.25 0 1 2 1 2 400 109 0
1 23.08 2.5 2 1 1 0.085 0 0 0 1 2 100 4209 0
1 22.25 9 2 6 4 0.085 0 0 0 0 2 0 1 0
1 23.58 1.79 2 8 4 0.54 0 0 0 1 2 136 2 0
1 39.58 13.91 2 9 4 8.625 1 1 6 1 2 70 1 1
1 48.75 26.33 1 1 1 0 1 0 0 1 2 0 1 0
1 23 0.75 2 7 4 0.5 1 0 0 1 1 320 1 0
1 25 11.25 2 8 4 2.5 1 1 17 0 2 200 1209 1
0 18.57 10 2 2 4 0.415 0 0 0 0 2 80 43 0
0 23.58 0.58 1 1 1 0.125 0 0 0 0 2 120 88 0
0 27.42 14.5 2 14 8 3.085 1 1 1 0 2 120 12 1
1 48.08 6.04 2 4 4 0.04 0 0 0 0 2 0 2691 1
1 34.17 9.17 2 8 4 4.5 1 1 12 1 2 0 222 1
0 28.5 3.04 1 14 8 2.54 1 1 1 0 2 70 1 1
0 26.5 2.71 1 8 4 0.085 0 0 0 0 1 80 1 0
1 39.92 0.54 1 6 4 0.5 1 1 3 0 2 200 1001 1
1 69.17 9 2 1 1 4 0 1 1 0 2 70 7 0
1 34.83 2.5 1 9 4 3 0 0 0 0 1 200 1 0
1 44 2 2 7 4 1.75 1 1 2 1 2 0 16 1
1 13.75 4 1 9 4 1.75 1 1 2 1 2 120 1001 1
1 34.75 15 2 12 7 5.375 1 1 9 1 2 0 135 1
0 18.82 4.41 1 8 8 3 1 0 0 0 2 240 1 1
1 20.42 1.83 2 8 4 2.25 1 1 1 0 2 100 151 1
1 22.67 0.75 2 3 4 1.585 0 1 1 1 2 400 10 0
1 37.33 6.5 2 7 8 4.25 1 1 12 1 2 93 1 1
1 34.5 4.04 1 3 5 8.5 1 1 7 1 2 195 1 1
1 52.42 1.5 2 2 4 3.75 0 0 0 1 2 0 351 0
1 40 6.5 2 6 5 3.5 1 1 1 0 2 0 501 1
1 25.92 0.87 2 4 4 0.375 0 1 2 1 2 174 4 0
0 20.83 3 2 6 4 0.04 1 0 0 0 2 100 1 1
1 41.42 5 2 11 8 5 1 1 6 1 2 470 1 1
1 20 7 2 8 4 0.5 0 0 0 0 2 0 1 0
1 23.25 1.5 2 11 4 2.375 1 1 3 1 2 0 583 1
0 22.67 0.79 2 3 4 0.085 0 0 0 0 2 144 1 0
1 44.25 0.5 2 7 4 10.75 1 0 0 0 1 400 1 0
1 36.5 4.25 2 11 4 3.5 0 0 0 0 2 454 51 0
1 23.25 12.62 2 8 4 0.125 0 1 2 0 2 0 5553 0
0 20.42 10.5 1 14 8 0 0 0 0 1 2 154 33 0
0 20.42 7.5 2 4 4 1.5 1 1 1 0 2 160 235 1
1 18.82 0 2 11 4 0.665 0 0 0 0 2 160 2 0
1 21.08 4.12 1 3 8 0.04 0 0 0 0 2 140 101 0
1 23.17 0 2 13 4 0.085 1 0 0 0 2 0 1 1
0 38.33 4.41 2 8 4 0.125 0 0 0 0 2 160 1 0
1 18.82 0.41 1 8 4 0.165 0 1 1 0 2 200 2 0
1 35 3.37 2 8 8 8.29 0 0 0 1 2 0 1 0
1 18.57 10.29 2 1 1 0.415 0 0 0 0 2 80 1 0
0 23 1.83 2 5 3 0 0 1 1 0 2 200 54 0
1 26 1 2 11 4 1.75 1 0 0 1 2 280 1 1
0 25.42 1.12 2 11 4 1.29 1 1 2 0 2 200 1 0
1 48.33 12 2 7 4 16 1 0 0 0 1 110 1 1
1 30.67 2.5 2 13 8 2.25 0 0 0 1 1 340 1 0
0 38.92 1.66 2 6 4 0.25 0 0 0 0 2 0 391 0
1 22.75 11.5 2 3 4 0.415 0 0 0 0 2 0 1 0
0 48.17 1.33 2 3 7 0.335 0 0 0 0 2 0 121 0
1 47.67 0.28 2 8 5 15 1 1 20 0 2 0 15001 1
0 20.75 9.53 2 3 4 0.04 0 0 0 0 2 200 1001 0
1 25.67 2.21 1 6 4 4 1 0 0 0 2 188 1 0
1 41.58 1.75 2 4 4 0.21 1 0 0 0 2 160 1 0
1 56.58 18.5 2 2 5 15 1 1 17 1 2 0 1 1
1 32.08 4 1 13 4 1.5 0 0 0 1 2 120 1 0
0 18.42 9.25 2 11 4 1.21 1 1 4 0 2 60 541 1
1 21.17 0.25 1 8 8 0.25 0 0 0 0 2 280 205 0
1 19.32 10.91 2 8 5 0.585 0 1 2 1 2 200 8 0
0 21.25 2.33 2 3 5 0.5 1 1 4 0 1 80 1 1
1 30.08 1.04 1 3 5 0.5 1 1 10 1 2 132 29 0
1 56.42 28 1 8 4 28.5 1 1 40 0 2 0 16 1
0 20.75 10.25 2 11 4 0.71 1 1 2 1 2 49 1 1
1 18.17 2.46 2 8 7 0.96 0 1 2 1 2 160 588 0
0 37.33 2.5 2 3 8 0.21 0 0 0 0 2 260 247 0
0 25.08 2.54 1 6 4 0.25 1 0 0 1 2 370 1 1
0 45.33 1 2 11 4 0.125 0 0 0 1 2 263 1 0
0 22.92 11.58 2 13 4 0.04 1 0 0 0 2 80 1350 1
1 25.75 0.5 2 8 4 1.46 1 1 5 1 2 312 1 1
0 71.58 0 2 8 4 0 0 0 0 0 3 184 1 1
1 34 5.5 1 8 4 1.5 0 0 0 1 2 60 1 0
0 25.33 2.08 2 8 8 2.75 1 0 0 1 2 360 2 0
1 27.67 13.75 2 9 4 5.75 1 0 0 1 2 487 501 1
1 27.83 1 1 2 8 3 0 0 0 0 2 176 538 0
1 32.42 3 2 2 4 0.165 0 0 0 1 2 120 1 0
1 19.5 0.28 2 4 4 0.29 0 0 0 0 2 280 365 0
0 46.08 3 2 8 4 2.375 1 1 8 1 2 396 4160 1
1 21.25 1.5 2 9 4 1.5 0 0 0 0 2 150 9 1
0 41.33 1 2 3 5 2.25 1 0 0 1 2 0 301 1
0 24.75 12.5 2 6 4 1.5 1 1 12 1 2 120 568 1
0 31.57 3.5 2 2 4 3 1 0 0 1 2 300 1 0
0 31.25 3.75 2 13 8 0.625 1 1 9 1 2 181 1 1
1 26.17 0.83 2 13 4 1.165 0 0 0 0 2 100 1 0
1 49.17 2.29 2 1 1 0.29 0 0 0 0 2 200 4 0
1 32.25 0.16 1 8 8 3.25 1 1 1 1 2 432 8001 1
1 42.75 3 2 3 5 1 1 0 0 0 2 0 201 0
1 31.67 16.16 2 2 4 3 1 1 9 0 2 250 731 1
1 35.17 25.12 2 14 8 1.625 1 1 1 1 2 515 501 1
0 26.08 8.66 2 6 4 1.415 1 0 0 0 2 160 151 1
1 48.75 8.5 2 8 8 12.5 1 1 9 0 2 181 1656 1
1 39.33 5.87 2 13 8 10 1 1 14 1 2 399 1 1
0 24.08 0.5 2 11 8 1.25 1 1 1 0 2 0 679 1
1 38.17 10.12 2 14 4 2.5 1 1 6 0 2 520 197 1
0 26.17 2 2 5 3 0 0 0 0 1 2 276 2 0
1 22.5 0.12 1 4 4 0.125 0 0 0 0 2 200 71 0
1 29.83 2.04 1 14 8 0.04 0 0 0 0 2 128 2 0
1 40.58 1.5 2 3 5 0 0 0 0 0 1 300 1 0
1 20.5 2.41 2 8 4 2 1 1 11 1 2 200 3001 1
1 26.83 0.54 2 4 1 0 0 0 0 0 2 100 1 0

