0 30.5 6.5 2 8 5 4 1 1 7 1 2 0 3066 1
1 16.32 4.08 2 3 8 0.415 0 0 0 1 2 120 1 0
1 39.08 6 2 7 4 1.29 1 1 5 1 2 108 1098 1
0 28.58 3.75 2 8 4 0.25 0 1 1 1 2 40 155 0
1 28.17 0.12 1 4 4 0.085 0 0 0 0 2 216 2101 0
0 52.83 15 2 8 4 5.5 1 1 14 0 2 0 2201 1
0 33.08 4.62 2 11 8 1.625 1 1 2 0 2 0 1 1
0 20.32 10 2 8 8 1 1 1 4 0 2 50 1466 1
1 19.57 0.58 2 1 1 0 0 1 3 0 2 350 770 0
0 17.57 9 2 6 4 1.375 1 0 0 1 2 0 1 1
0 25.25 12.5 2 2 4 1 0 0 0 1 2 180 1063 0
1 36.17 18.12 2 9 4 0.085 0 0 0 0 2 320 3553 0
1 19.42 1.5 1 13 4 2 1 0 0 1 2 100 21 0
1 25.67 0.28 1 8 4 1.5 0 0 0 1 2 160 1 0
0 23 11.75 2 14 8 0.5 1 1 2 1 2 300 552 1
1 32.42 2.16 1 4 1 0 0 0 0 0 2 120 1 0
1 31.67 16.16 2 2 4 3 1 1 9 0 2 250 731 1
0 33.25 3 1 6 4 2 0 0 0 0 2 180 1 0
0 23.58 0.58 1 1 1 0.125 0 0 0 0 2 120 88 0
1 52.33 1.37 1 8 8 9.46 1 0 0 1 2 200 101 0
1 39.5 1.62 2 8 4 1.5 0 0 0 0 2 0 317 0
1 29.67 1.41 2 9 8 0.75 1 1 1 0 2 240 101 1
0 23.75 0.71 2 9 4 0.25 0 1 1 1 2 240 5 0
1 17.92 0.2 2 6 4 0.04 0 0 0 0 2 280 751 0
1 24.17 0.87 2 11 4 4.625 1 1 2 1 2 520 2001 1
0 24.58 0.67 2 6 8 1.75 1 0 0 0 2 400 1 0
0 19.17 8.58 2 13 8 0.75 1 1 7 0 2 96 1 1
1 17.67 4.46 2 8 4 0.25 0 0 0 0 1 80 1 0
0 64.08 0.16 2 1 1 0 1 1 1 0 2 232 101 1
0 28.5 3.04 1 14 8 2.54 1 1 1 0 2 70 1 1
1 40 6.5 2 6 5 3.5 1 1 1 0 2 0 501 1
0 56.83 4.25 1 1 1 5 0 0 0 1 2 0 5 0
1 38.17 10.12 2 14 4 2.5 1 1 6 0 2 520 197 1
0 21.75 1.75 1 5 3 0 0 0 0 0 2 160 1 0
1 43.08 0.37 1 8 4 0.375 1 1 8 1 2 300 163 1
1 31.42 15.5 2 8 4 0.5 1 0 0 0 2 120 1 0
0 30.58 10.66 2 11 8 0.085 0 1 12 1 2 129 4 0
1 36.08 2.54 2 1 1 0 0 0 0 0 2 0 1001 0
1 29.25 13 2 2 8 0.5 0 0 0 0 2 228 1 0
1 59.5 2.75 2 9 4 1.75 1 1 5 1 2 60 59 1
0 38.58 5 2 13 4 13.5 1 0 0 1 2 980 1 0
1 23.25 1.5 2 11 4 2.375 1 1 3 1 2 0 583 1
0 45 4.58 2 4 8 1 0 0 0 1 1 240 1 0
1 39.17 1.62 2 8 4 1.5 1 1 10 0 2 186 4701 1
1 34.17 9.17 2 8 4 4.5 1 1 12 1 2 0 222 1
1 58.58 2.71 2 8 4 2.415 0 0 0 1 2 320 1 0
0 25.75 0.5 2 8 8 0.875 1 0 0 1 2 491 1 1
1 34.08 2.5 2 8 4 1 0 0 0 0 2 460 17 0
0 16.07 0.33 2 1 1 0 0 1 1 0 2 160 127 0
1 24.75 0.54 2 7 4 1 0 0 0 1 2 120 2 0
1 31.25 1.12 2 1 1 0 0 1 1 0 2 96 20 0
0 35.75 0.91 2 6 4 0.75 1 1 4 0 2 0 1584 1
1 33.67 1.25 2 9 4 1.165 0 0 0 0 2 120 1 0
1 27.75 0.58 1 13 4 0.25 1 1 2 0 2 260 501 1
1 32.25 0.16 1 8 8 3.25 1 1 1 1 2 432 8001 1
0 25.33 2.08 2 8 8 2.75 1 0 0 1 2 360 2 0
1 31.67 0.83 2 14 4 1.335 1 1 8 1 2 303 3291 1
1 42.08 1.04 2 9 4 5 1 1 6 1 2 500 10001 1
1 39.83 0.5 2 7 4 0.25 1 0 0 0 1 288 1 0
1 25.75 0.75 2 8 5 0.25 1 0 0 0 2 349 24 1
1 18 0.16 2 11 7 0.21 0 0 0 0 2 200 41 1
1 20.25 9.96 2 10 2 0 1 0 0 0 2 0 1 1
1 28.25 5.04 1 8 5 1.5 1 1 8 1 2 144 8 1
1 26.83 0.54 2 4 1 0 0 0 0 0 2 100 1 0
1 42.75 3 2 3 5 1 1 0 0 0 2 0 201 0
1 34.08 6.5 2 6 4 0.125 1 0 0 1 2 443 1 0
1 37.5 1.12 1 2 4 1.5 0 0 0 1 2 431 1 1
1 28 2 2 4 8 4.165 1 1 2 1 2 181 1 1
1 39.58 13.91 2 9 4 8.625 1 1 6 1 2 70 1 1
1 20 0 2 2 4 0.5 0 0 0 0 2 144 1 0
1 25.67 2.21 1 6 4 4 1 0 0 0 2 188 1 0
0 20.83 8.5 2 8 4 0.165 0 0 0 0 2 0 352 0
0 23 1.83 2 5 3 0 0 1 1 0 2 200 54 0
1 29.83 1.25 1 4 4 0.25 0 0 0 0 2 224 1 0
1 25.67 12.5 2 13 4 1.21 1 1 67 1 2 140 259 1
1 24.5 13.33 1 6 4 0.04 0 0 0 1 2 120 476 0
1 36.67 4.41 1 4 4 0.25 1 1 10 1 2 320 1 1
1 27 1.5 1 9 4 0.375 1 0 0 1 2 260 1066 1
1 25.25 1 2 6 4 0.5 0 0 0 0 2 200 1 0
1 34.83 2.5 1 9 4 3 0 0 0 0 1 200 1 0
1 74.83 19 1 1 1 0.04 0 1 2 0 2 0 352 0
1 35.17 25.12 2 14 8 1.625 1 1 1 1 2 515 501 1
1 34.42 1.33 2 3 5 0.125 0 0 0 1 2 440 4501 0
0 40.83 3.5 2 3 5 0.5 0 0 0 0 1 1160 1 0
0 30.42 1.37 2 9 8 0.04 0 1 3 0 2 0 34 0
1 31.83 0.04 1 7 4 0.04 0 0 0 0 2 0 1 0
1 30.17 0.5 2 8 4 1.75 1 1 11 0 2 32 541 1
1 20 7 2 8 4 0.5 0 0 0 0 2 0 1 0
0 34.83 1.25 1 3 8 0.5 0 0 0 1 2 160 1 0
1 29.42 1.25 2 9 4 1.75 0 0 0 0 2 200 1 0
1 19.67 0.37 2 11 4 2 1 1 2 1 2 80 1 1
1 19 1.75 1 8 4 2.335 0 0 0 1 2 112 7 0
1 47.83 4.16 2 14 5 0.085 0 0 0 1 2 520 1 0
0 33.08 1.62 2 2 4 0.54 0 0 0 1 2 0 1 0
1 25.83 12.83 2 13 4 0.5 0 0 0 0 2 0 3 0
1 27.83 1.5 2 9 4 2.25 0 1 1 1 2 100 4 0
1 40.58 3.29 2 7 4 3.5 0 0 0 1 1 400 1 0
1 22.83 3 2 7 4 1.29 1 1 1 0 2 260 801 1
0 57.08 19.5 2 8 4 5.5 1 1 7 0 2 0 3001 1
1 29.58 4.75 2 7 4 2 0 1 1 1 2 460 69 0
1 20.17 8.17 2 6 4 1.96 1 1 14 0 2 60 159 1
1 17.5 22 3 1 7 0 0 0 0 1 3 450 100001 1
1 41.92 0.42 2 8 8 0.21 1 1 6 0 2 220 949 1
1 22.58 10.03 2 14 4 0.04 1 1 9 0 2 60 397 1
1 22.58 1.5 1 6 4 0.54 0 0 0 1 2 120 68 0
1 21.17 0 2 8 4 0.5 0 0 0 1 1 0 1 0
0 28.17 0.58 2 6 4 0.04 0 0 0 0 2 260 1005 0
1 54.58 9.41 2 1 1 14.415 1 1 11 1 2 30 301 1
1 25 11.25 2 8 4 2.5 1 1 17 0 2 200 1209 1
1 34.17 5.25 2 9 4 0.085 0 0 0 1 2 290 7 1

