1 44 2 2 7 4 1.75 1 1 2 1 2 0 16 1
1 35.17 2.5 2 4 4 4.5 1 1 7 0 2 150 1271 1
1 23.75 12 2 8 4 2.085 0 0 0 0 1 80 1 0
1 32.42 3 2 2 4 0.165 0 0 0 1 2 120 1 0
0 49.83 13.58 2 4 8 8.5 1 0 0 1 2 0 1 1
1 32.75 1.5 2 13 8 5.5 1 1 3 1 2 0 1 1
1 21 3 1 2 4 1.085 1 1 8 1 2 160 2 1
1 17.25 3 2 4 4 0.04 0 0 0 1 2 160 41 0
1 49.17 2.29 2 1 1 0.29 0 0 0 0 2 200 4 0
1 16.32 4.08 2 3 8 0.415 0 0 0 1 2 120 1 0
1 34.08 0.08 1 7 5 0.04 1 1 1 1 2 280 2001 1
1 39.58 5 2 1 1 0 0 1 2 0 2 17 2 0
1 44.25 11 1 2 4 1.5 1 0 0 0 1 0 1 0
1 32.25 14 1 1 1 0 0 1 2 0 2 160 2 0
1 69.17 9 2 1 1 4 0 1 1 0 2 70 7 0
1 34.25 1.75 2 9 5 0.25 1 0 0 1 2 163 1 0
1 36.33 3.79 2 9 4 1.165 1 0 0 1 2 200 1 0
0 36.58 0.28 2 1 1 0 0 1 10 0 2 200 19 0
1 28.33 5 2 9 4 11 1 0 0 1 2 70 1 1
1 19.67 10 1 4 8 0.835 1 0 0 1 2 140 1 0
0 20.75 10.33 2 13 8 0.335 1 1 1 1 2 80 51 1
1 52.42 1.5 2 2 4 3.75 0 0 0 1 2 0 351 0
1 38.92 1.75 2 4 4 0.5 0 0 0 1 2 300 3 0
1 80.25 5.5 2 8 4 0.54 1 0 0 0 2 0 341 0
1 28.92 0.37 2 8 4 0.29 0 0 0 0 2 220 141 0
1 37.58 0 2 8 4 0 0 0 0 0 3 184 1 1
1 26.25 1.54 2 9 4 0.125 0 0 0 0 2 100 1 0
0 33.08 1.62 2 2 4 0.54 0 0 0 1 2 0 1 0
0 20.42 0.83 2 11 4 1.585 1 1 1 0 2 0 1 1
1 48.25 25.08 2 9 4 1.75 1 1 3 0 2 120 15 1
1 44.25 0.5 2 7 4 10.75 1 0 0 0 1 400 1 0
1 23 0.75 2 7 4 0.5 1 0 0 1 1 320 1 0
0 24.92 1.25 2 1 1 0 1 0 0 0 2 80 1 0
0 16.07 0.33 2 1 1 0 0 1 1 0 2 160 127 0
0 28.58 1.66 2 11 4 2.415 1 0 0 1 2 440 1 0
1 39.17 1.62 2 8 4 1.5 1 1 10 0 2 186 4701 1
1 23 0.75 2 7 4 0.5 0 0 0 1 1 320 1 0
1 20.42 1.83 2 8 4 2.25 1 1 1 0 2 100 151 1
0 24.5 2.41 1 8 4 0 0 0 0 0 2 120 1 0
0 28.67 1.04 2 8 4 2.5 1 1 5 1 2 300 1431 1
1 74.83 19 1 1 1 0.04 0 1 2 0 2 0 352 0
1 33.58 0.33 1 13 4 0.085 0 0 0 0 2 180 1 0
1 56.75 12.25 2 7 4 1.25 1 1 4 1 2 200 1 1
0 15.75 0.37 2 8 4 1 0 0 0 0 2 120 19 0
0 22.5 8.5 2 11 4 1.75 1 1 10 0 2 80 991 0
1 42.08 1.04 2 9 4 5 1 1 6 1 2 500 10001 1
1 24.42 2 2 10 2 0.165 0 1 2 0 2 320 1301 0
0 30.67 12 2 8 4 2 1 1 1 0 2 220 20 1
1 24.08 9 2 6 4 0.25 0 0 0 1 2 0 1 0
1 17.07 3.29 2 3 4 0.335 0 0 0 1 2 140 3 0
1 27 1.5 1 9 4 0.375 1 0 0 1 2 260 1066 1
0 31.25 3.75 2 13 8 0.625 1 1 9 1 2 181 1 1
1 21.83 0.25 2 2 8 0.665 1 0 0 1 2 0 1 1
0 37.33 2.5 2 3 8 0.21 0 0 0 0 2 260 247 0
1 19.17 4 1 3 4 1 0 0 0 1 2 360 1001 0
1 37.42 2.04 2 9 4 0.04 1 0 0 1 2 400 5801 1
1 63.33 0.54 2 8 4 0.585 1 1 3 1 2 180 1 0
0 29.58 1.75 1 4 4 1.25 0 0 0 1 2 280 1 0
0 41.17 6.5 2 11 4 0.5 1 1 3 1 2 145 1 1
0 35.42 12 2 11 8 14 1 1 8 0 2 0 6591 1
1 32.67 9 1 9 8 5.25 1 0 0 1 2 154 1 1
0 18.82 9.5 2 9 4 1.625 1 1 6 1 2 40 601 1
0 25.17 2.87 2 14 8 0.875 1 0 0 0 2 360 1 1
0 41.33 1 2 3 5 2.25 1 0 0 1 2 0 301 1
1 22.33 11 2 9 4 2 1 1 1 0 2 80 279 1
0 23.25 5.87 2 11 4 3.17 1 1 10 0 2 120 246 1
1 26 1 2 11 4 1.75 1 0 0 1 2 280 1 1
0 27.67 1.5 2 7 4 2 1 0 0 0 1 368 1 0
1 27.83 4 1 3 8 5.75 1 1 2 1 2 75 1 0
1 48.17 7.62 2 9 8 15.5 1 1 12 0 2 0 791 1
0 25 0.87 2 14 8 1.04 1 0 0 1 2 160 5861 1
1 20.17 5.62 2 9 4 1.71 1 0 0 0 1 120 1 1
0 19.17 5.41 2 3 8 0.29 0 0 0 0 2 80 485 0
1 31.57 0.37 2 2 4 0.875 1 0 0 1 1 928 1 0
0 22.67 3.8 2 8 4 0.165 0 0 0 0 2 160 1 0
1 36.75 0.12 1 8 4 1.5 0 0 0 1 2 232 114 1
0 40.83 10 2 11 8 1.75 1 0 0 0 2 29 838 1
1 29.83 1.25 1 4 4 0.25 0 0 0 0 2 224 1 0
0 30.42 1.37 2 9 8 0.04 0 1 3 0 2 0 34 0
0 33.67 0.37 2 13 4 0.375 0 0 0 0 2 300 45 1
1 52.33 1.37 1 8 8 9.46 1 0 0 1 2 200 101 0
1 51.83 3 1 1 1 1.5 0 0 0 0 2 180 5 0
0 28.58 3.75 2 8 4 0.25 0 1 1 1 2 40 155 0
1 40.25 21.5 2 10 9 20 1 1 11 0 2 0 1201 1
1 20.67 5.29 2 11 4 0.375 1 1 1 0 2 160 1 0
0 19.17 8.58 2 13 8 0.75 1 1 7 0 2 96 1 1
1 16 3.12 2 9 4 0.085 0 1 1 0 2 0 7 0
1 28 3 2 9 4 0.75 0 0 0 1 2 300 68 0
1 25.33 0.57 2 8 4 0.29 1 1 7 1 2 96 5125 1
1 26.17 0.83 2 13 4 1.165 0 0 0 0 2 100 1 0
1 56 12.5 2 4 8 8 1 0 0 1 2 24 2029 1
1 22.75 11.5 2 3 4 0.415 0 0 0 0 2 0 1 0
0 16 0.16 2 6 4 1 0 1 2 1 2 320 2 0
0 21.5 6 2 6 4 2.5 1 1 3 0 2 80 919 1
1 22.92 0.17 2 7 4 0.085 0 0 0 0 1 0 1 0
1 67.75 5.5 2 10 9 13 1 1 1 1 2 0 1 1
0 23.58 11.5 1 4 8 3 0 0 0 1 2 20 17 0
0 31.57 1.5 2 1 1 0 0 1 2 1 2 200 106 0
1 20.42 0 2 8 4 0 0 0 0 0 3 184 1 0
1 36.25 5 2 8 5 2.5 1 1 6 0 2 0 368 1
1 49.58 19 2 1 1 0 1 1 1 0 2 94 1 0
1 23.08 2.5 2 1 1 0.085 0 0 0 1 2 100 4209 0
1 31.57 5 1 6 4 8.5 1 0 0 0 2 0 1 0
1 28.58 3.62 2 6 4 0.25 0 0 0 1 2 100 1 0
1 25.67 0.28 1 8 4 1.5 0 0 0 1 2 160 1 0
1 30.08 1.04 1 3 5 0.5 1 1 10 1 2 132 29 0
0 20.42 10.5 1 14 8 0 0 0 0 1 2 154 33 0
1 22.17 2.25 2 3 4 0.125 0 0 0 0 2 160 11 0
1 27.58 3.25 1 11 8 5.085 0 1 2 1 2 369 2 0
0 19.57 0.66 2 9 4 1.665 0 0 0 0 2 220 6 0

