1 33.58 0.33 1 13 4 0.085 0 0 0 0 2 180 1 0
0 17.92 10.21 2 1 1 0 0 0 0 0 2 0 51 0
0 18.17 10 1 11 8 0.165 0 0 0 0 2 340 1 0
0 23.58 11.5 1 4 8 3 0 0 0 1 2 20 17 0
1 41.5 1.54 2 3 5 3.5 0 0 0 0 2 216 1 1
0 16.92 0.5 2 3 4 0.165 0 1 6 1 2 240 36 0
1 59.5 2.75 2 9 4 1.75 1 1 5 1 2 60 59 1
1 19.42 6.5 2 9 8 1.46 1 1 7 0 2 80 2955 1
1 20.42 1.83 2 8 4 2.25 1 1 1 0 2 100 151 1
0 46 4 2 5 3 0 1 0 0 0 2 100 961 1
1 26.33 13 2 10 2 0 0 0 0 1 2 140 1111 0
1 25 12.5 2 6 4 3 1 0 0 1 1 20 1 1
1 40.58 5 2 8 4 5 1 1 7 0 2 0 3066 1
1 28.92 15 2 8 8 5.335 1 1 11 0 2 0 2284 1
1 49.17 2.29 2 1 1 0.29 0 0 0 0 2 200 4 0
1 31.57 0.37 2 2 4 0.875 1 0 0 1 1 928 1 0
1 24.33 6.62 1 2 4 5.5 1 0 0 1 1 100 1 1
1 25 12 2 4 4 2.25 1 1 2 1 2 120 6 0
1 47.17 5.83 2 9 4 5.5 0 0 0 0 2 465 151 0
0 20.42 10.5 1 14 8 0 0 0 0 1 2 154 33 0
1 34.83 2.5 1 9 4 3 0 0 0 0 1 200 1 0
0 20.5 11.83 2 8 8 6 1 0 0 0 2 340 1 1
1 20.67 1.25 1 8 8 1.375 1 1 3 1 2 140 211 0
0 44.17 6.66 2 11 4 7.375 1 1 3 1 2 0 1 1
1 22.67 2.54 1 8 8 2.585 1 0 0 0 2 0 1 1
1 21.5 11.5 2 3 4 0.5 1 0 0 1 2 100 69 0
1 55.92 11.5 2 1 1 5 1 1 5 0 2 0 8852 1
1 32.33 7.5 2 10 5 1.585 1 0 0 1 1 420 1 0
1 60.08 14.5 2 1 1 18 1 1 15 1 2 0 1001 1
0 20.07 1.25 2 8 4 0 0 0 0 0 2 0 1 0
0 31.57 11.25 2 1 1 0 0 0 0 0 2 184 5201 0
0 20.83 0.5 1 10 2 1 0 0 0 0 2 260 1 0
1 16.32 2.75 2 6 4 0.665 0 1 1 0 2 80 22 0
1 32.42 3 2 2 4 0.165 0 0 0 1 2 120 1 0
0 24.5 1.75 1 8 4 0.165 0 0 0 0 2 132 1 0
0 46.67 0.46 2 13 8 0.415 1 1 11 1 2 440 7 1
1 16.25 0.83 2 7 4 0.085 1 0 0 0 1 200 1 0
1 20.5 10 1 8 4 2.5 1 0 0 0 1 40 1 1
0 19.75 0.75 2 8 4 0.795 1 1 5 1 2 140 6 0
0 26.08 8.66 2 6 4 1.415 1 0 0 0 2 160 151 1
1 21.17 0.87 1 8 8 0.25 0 0 0 0 2 280 205 0
1 21.83 11 2 14 4 0.29 1 1 6 0 2 121 1 1
0 29.75 0.66 2 9 4 0.25 0 0 0 1 2 300 1 0
1 28.25 5.12 2 14 4 4.75 1 1 2 0 2 420 8 1
1 26.67 2.71 1 13 4 5.25 1 1 1 0 2 211 1 1
0 32.33 0.54 2 13 4 0.04 1 0 0 0 2 440 11178 1
0 19.17 8.58 2 13 8 0.75 1 1 7 0 2 96 1 1
1 62.75 7 2 10 9 0 0 0 0 0 2 0 13 0
1 24.83 2.75 2 8 4 2.25 1 1 6 0 2 184 601 1
0 46.08 3 2 8 4 2.375 1 1 8 1 2 396 4160 1
0 44.33 0 2 8 4 2.5 1 0 0 0 2 0 1 1
0 25.25 12.5 2 2 4 1 0 0 0 1 2 180 1063 0
1 48.5 4.25 2 7 4 0.125 1 0 0 1 2 225 1 1
0 35.17 3.75 2 1 1 0 0 1 6 0 2 0 201 0
1 34.17 1.54 2 13 4 1.54 1 1 1 1 2 520 50001 1
0 53.33 0.16 2 1 1 0 0 0 0 1 1 62 28 0
1 18.5 2 2 3 4 1.5 1 1 2 0 2 120 301 1
1 22.17 0.58 1 1 1 0 0 0 0 0 2 100 1 0
1 33.75 2.75 2 3 5 0 0 0 0 0 2 180 1 0
1 52.42 1.5 2 2 4 3.75 0 0 0 1 2 0 351 0
0 32 6 2 2 4 1.25 0 0 0 0 2 272 1 0
0 18.25 10 2 9 4 1 0 1 1 0 2 120 2 0
0 65.17 14 2 1 1 0 1 1 11 1 2 0 1401 1
1 27.25 0.62 2 6 4 0.455 1 0 0 1 2 200 1 0
1 48.08 3.75 2 3 5 1 0 0 0 0 2 100 3 0
1 31.57 0.62 2 4 4 0.25 0 0 0 0 2 380 2011 0
0 33.75 0.75 2 4 5 1 1 1 3 1 2 212 1 0
1 23.75 0.41 1 8 4 0.04 0 1 2 0 2 128 7 0
1 40.25 21.5 2 10 9 20 1 1 11 0 2 0 1201 1
1 36.67 2 2 3 4 0.25 0 0 0 1 2 221 1 0
1 33.17 1 2 14 4 0.75 1 1 7 1 2 340 4072 1
1 23.17 0 2 13 4 0.085 1 0 0 0 2 0 1 1
1 20.42 0 2 8 4 0 0 0 0 0 3 184 1 0
1 25.75 0.5 2 8 4 1.46 1 1 5 1 2 312 1 1
0 20.42 7.5 2 4 4 1.5 1 1 1 0 2 160 235 1
0 33.25 2.5 1 8 4 2.5 0 0 0 1 2 0 3 0
1 37.75 7 2 11 8 11.5 1 1 7 1 2 300 6 0
1 17.92 0.2 2 6 4 0.04 0 0 0 0 2 280 751 0
1 22 0.79 2 9 4 0.29 0 1 1 0 2 420 284 0
1 35.25 16.5 1 8 4 4 1 0 0 0 2 80 1 0
0 41.17 6.5 2 11 4 0.5 1 1 3 1 2 145 1 1
0 58.42 21 2 3 5 10 1 1 13 0 2 0 6701 1
0 60.58 16.5 2 11 4 11 1 0 0 1 2 21 10562 1
0 28.5 1 2 11 4 1 1 1 2 1 2 167 501 0
1 50.75 0.58 2 1 1 0 0 0 0 0 2 145 1 0
1 22.17 2.25 2 3 4 0.125 0 0 0 0 2 160 11 0
1 30.17 1.08 1 8 4 0.04 0 0 0 0 2 170 180 0
1 51.33 10 2 3 5 0 1 1 11 0 2 0 1250 1
0 24.5 2.41 1 8 4 0 0 0 0 0 2 120 1 0
1 36.17 0.42 1 9 4 0.29 0 0 0 1 2 309 3 0
1 23.33 11.62 1 9 4 0.835 1 0 0 1 2 160 301 1
0 21.67 11.5 1 5 3 0 1 1 11 1 2 0 1 1
0 56.5 16 2 5 1 0 1 1 15 0 2 0 248 1
1 23.17 0 2 8 4 0 0 0 0 0 3 184 1 1
1 22.08 11 2 13 4 0.665 1 0 0 0 2 100 1 1
1 48.08 6.04 2 4 4 0.04 0 0 0 0 2 0 2691 1
0 27.67 1.5 2 7 4 2 1 0 0 0 1 368 1 0
1 38.25 10.12 1 4 4 0.125 0 0 0 0 2 160 1 0
1 21.25 1.5 2 9 4 1.5 0 0 0 0 2 150 9 1
1 30.17 6.5 2 13 4 3.125 1 1 8 0 2 330 1201 1
1 35.17 2.5 2 4 4 4.5 1 1 7 0 2 150 1271 1
0 21.92 11.66 2 4 8 0.085 0 0 0 0 2 320 6 0
1 49.58 19 2 1 1 0 1 1 1 0 2 94 1 0
1 23.58 0.46 1 9 4 2.625 1 1 6 1 2 208 348 0
0 47.42 3 2 14 4 13.875 1 1 2 1 2 519 1705 1
0 22.42 11.25 1 14 8 0.75 1 1 4 0 2 0 322 1
1 19.5 0.28 2 4 4 0.29 0 0 0 0 2 280 365 0
0 33.08 1.62 2 2 4 0.54 0 0 0 1 2 0 1 0
1 22.33 11 2 9 4 2 1 1 1 0 2 80 279 1
0 17.92 0.54 2 8 4 1.75 0 1 1 1 2 80 6 0

