1 39.58 5 2 1 1 0 0 1 2 0 2 17 2 0
1 25.17 6 2 8 4 1 1 1 3 0 2 0 1 1
0 18.92 9.25 1 8 4 1 1 1 4 1 2 80 501 1
1 16.5 0.12 2 8 4 0.165 0 0 0 0 2 132 1 0
1 20.17 8.17 2 6 4 1.96 1 1 14 0 2 60 159 1
1 31.08 1.5 1 9 4 0.04 0 0 0 0 1 160 1 0
0 19.17 5.41 2 3 8 0.29 0 0 0 0 2 80 485 0
0 27.25 0.28 2 7 8 0.125 0 1 1 1 2 272 109 0
1 48.17 7.62 2 9 8 15.5 1 1 12 0 2 0 791 1
1 25.08 1.71 2 14 4 1.665 1 1 1 1 2 395 21 1
0 24.75 12.5 2 6 4 1.5 1 1 12 1 2 120 568 1
0 24.5 0.5 2 11 8 1.5 1 0 0 0 2 280 825 1
1 21.25 1.5 2 9 4 1.5 0 0 0 0 2 150 9 1
1 27.25 0.62 2 6 4 0.455 1 0 0 1 2 200 1 0
0 33.08 4.62 2 11 8 1.625 1 1 2 0 2 0 1 1
1 29.42 1.25 2 9 4 1.75 0 0 0 0 2 200 1 0
1 30.17 0.5 2 8 4 1.75 1 1 11 0 2 32 541 1
1 30.08 1.04 1 3 5 0.5 1 1 10 1 2 132 29 0
0 26.5 2.71 1 8 4 0.085 0 0 0 0 1 80 1 0
0 47.42 3 2 14 4 13.875 1 1 2 1 2 519 1705 1
0 23.58 0.58 1 1 1 0.125 0 0 0 0 2 120 88 0
1 31.25 1.12 2 1 1 0 0 1 1 0 2 96 20 0
0 25.33 2.08 2 8 8 2.75 1 0 0 1 2 360 2 0
0 45.83 10.5 2 11 4 5 1 1 7 1 2 0 1 1
0 24.5 2.41 1 8 4 0 0 0 0 0 2 120 1 0
1 48.58 0.2 1 4 4 0.25 1 1 11 0 2 380 2733 1
1 24.83 2.75 2 8 4 2.25 1 1 6 0 2 184 601 1
0 23.58 11.5 1 4 8 3 0 0 0 1 2 20 17 0
1 44.83 7 1 8 4 1.625 0 0 0 0 2 160 3 0
1 22.08 0.83 2 8 8 2.165 0 0 0 1 2 128 1 1
1 47.67 2.5 2 7 5 2.5 1 1 12 1 2 410 2511 1
1 63.33 0.54 2 8 4 0.585 1 1 3 1 2 180 1 0
1 23.5 3.16 1 4 4 0.415 0 1 1 1 2 280 81 0
1 19.17 0 1 7 5 0 0 0 0 1 1 500 2 1
1 48.33 12 2 7 4 16 1 0 0 0 1 110 1 1
1 23.75 0.41 1 8 4 0.04 0 1 2 0 2 128 7 0
1 36.17 5.5 2 3 5 5 0 0 0 0 2 210 688 0
0 28.17 0.37 2 11 4 0.585 1 1 4 0 2 80 1 1
1 26.75 4.5 1 8 5 2.5 0 0 0 0 2 200 1211 0
0 35.75 0.91 2 6 4 0.75 1 1 4 0 2 0 1584 1
1 16.25 0 1 6 4 0.25 0 0 0 0 2 60 1 0
0 36.75 5.12 2 10 4 5 1 0 0 1 2 0 4001 1
0 33.08 1.62 2 2 4 0.54 0 0 0 1 2 0 1 0
1 54.42 0.5 1 4 8 3.96 1 0 0 0 2 180 315 1
0 25.08 2.54 1 6 4 0.25 1 0 0 1 2 370 1 1
0 22.75 6.16 2 6 4 0.165 0 0 0 0 2 220 1001 0
1 23.58 0.83 2 3 8 0.085 0 0 0 1 2 220 6 0
1 24.17 0.87 2 11 4 4.625 1 1 2 1 2 520 2001 1
1 33.75 2.75 2 3 5 0 0 0 0 0 2 180 1 0
1 23.25 1.5 2 11 4 2.375 1 1 3 1 2 0 583 1
1 18.82 3.54 1 1 1 0 0 0 0 1 2 180 2 0
1 41.58 1.75 2 4 4 0.21 1 0 0 0 2 160 1 0
1 42.5 4.91 1 9 4 3.165 1 0 0 1 2 52 1443 1
0 29.5 2 1 10 8 2 0 0 0 0 2 256 18 0
1 23.33 11.62 1 9 4 0.835 1 0 0 1 2 160 301 1
0 40.33 7.54 1 11 8 8 1 1 14 0 2 0 2301 1
0 28.75 3.75 2 8 4 1.085 1 1 1 1 2 371 1 1
1 58.58 2.71 2 8 4 2.415 0 0 0 1 2 320 1 0
1 40.25 21.5 2 10 9 20 1 1 11 0 2 0 1201 1
1 27.58 2.04 1 6 4 2 1 1 3 1 2 370 561 1
1 17.67 4.46 2 8 4 0.25 0 0 0 0 1 80 1 0
1 28.33 5 2 9 4 11 1 0 0 1 2 70 1 1
1 32.25 14 1 1 1 0 0 1 2 0 2 160 2 0
0 47 13 2 3 5 5.165 1 1 9 1 2 0 1 1
1 27.67 13.75 2 9 4 5.75 1 0 0 1 2 487 501 1
1 24.75 0.54 2 7 4 1 0 0 0 1 2 120 2 0
0 20.42 0.83 2 11 4 1.585 1 1 1 0 2 0 1 1
0 27.67 1.5 2 7 4 2 1 0 0 0 1 368 1 0
1 37.75 7 2 11 8 11.5 1 1 7 1 2 300 6 0
0 52.83 15 2 8 4 5.5 1 1 14 0 2 0 2201 1
1 30.17 6.5 2 13 4 3.125 1 1 8 0 2 330 1201 1
0 28.17 0.58 2 6 4 0.04 0 0 0 0 2 260 1005 0
0 23.42 0.79 1 11 4 1.5 1 1 2 1 2 80 401 1
1 42.17 5.04 2 11 8 12.75 1 0 0 1 2 92 1 1
1 28.92 0.37 2 8 4 0.29 0 0 0 0 2 220 141 0
1 35.25 16.5 1 8 4 4 1 0 0 0 2 80 1 0
1 24.08 9 2 6 4 0.25 0 0 0 1 2 0 1 0
1 27.67 0.75 2 11 8 0.165 0 0 0 1 2 220 252 0
1 21.33 7.5 2 6 4 1.415 1 1 1 0 2 80 9801 1
0 19.75 0.75 2 8 4 0.795 1 1 5 1 2 140 6 0
1 41.5 1.54 2 3 5 3.5 0 0 0 0 2 216 1 1
1 67.75 5.5 2 10 9 13 1 1 1 1 2 0 1 1
0 25.42 1.12 2 11 4 1.29 1 1 2 0 2 200 1 0
1 31.83 0.04 1 7 4 0.04 0 0 0 0 2 0 1 0
1 29.25 14.79 2 6 4 5.04 1 1 5 1 2 168 1 1
1 44.25 11 1 2 4 1.5 1 0 0 0 1 0 1 0
0 33.25 2.5 1 8 4 2.5 0 0 0 1 2 0 3 0
0 25.75 0.5 2 8 8 0.875 1 0 0 1 2 491 1 1
0 28.5 3.04 1 14 8 2.54 1 1 1 0 2 70 1 1
0 36.58 0.28 2 1 1 0 0 1 10 0 2 200 19 0
1 20.25 9.96 2 10 2 0 1 0 0 0 2 0 1 1
0 24.83 4.5 2 9 4 1 0 0 0 1 2 360 7 0
1 35.25 3.16 2 14 8 3.75 1 0 0 1 2 680 1 0
0 23.5 1.5 2 9 4 0.875 0 0 0 1 2 160 1 0
0 31.25 3.75 2 13 8 0.625 1 1 9 1 2 181 1 1
0 22.42 11.25 1 14 8 0.75 1 1 4 0 2 0 322 1
0 24.08 0.5 2 11 8 1.25 1 1 1 0 2 0 679 1
1 32.42 3 2 2 4 0.165 0 0 0 1 2 120 1 0
0 21.67 11.5 1 5 3 0 1 1 11 1 2 0 1 1
0 24.58 0.67 2 6 8 1.75 1 0 0 0 2 400 1 0
0 45 4.58 2 4 8 1 0 0 0 1 1 240 1 0
1 36.42 0.75 1 2 4 0.585 0 0 0 0 2 240 4 0
0 28.58 3.54 2 3 5 0.5 1 0 0 1 2 171 1 0
0 38.92 1.66 2 6 4 0.25 0 0 0 0 2 0 391 0
1 21.92 0.5 2 8 4 0.125 0 0 0 0 2 360 1 0
1 22.17 0.58 1 1 1 0 0 0 0 0 2 100 1 0
1 33.17 1 2 14 4 0.75 1 1 7 1 2 340 4072 1
1 35.17 2.5 2 4 4 4.5 1 1 7 0 2 150 1271 1
1 47.67 0.28 2 8 5 15 1 1 20 0 2 0 15001 1
1 27.83 4 1 3 8 5.75 1 1 2 1 2 75 1 0

