1 34 4.5 2 6 4 1 1 0 0 1 2 240 1 0
1 42 9.78 2 14 8 7.96 1 1 8 0 2 0 1 1
1 43.25 3 2 11 8 6 1 1 11 0 2 80 1 1
1 26.67 1.75 1 8 4 1 1 1 5 1 2 160 5778 1
0 19.5 0.16 2 11 4 0.04 0 0 0 1 2 380 1 0
1 43 0.28 1 13 8 1.75 1 1 8 0 2 100 376 1
1 40.92 2.25 1 14 8 10 1 0 0 1 2 176 1 0
1 25.92 0.87 2 4 4 0.375 0 1 2 1 2 174 4 0
1 52.33 1.37 1 8 8 9.46 1 0 0 1 2 200 101 0
1 56.42 28 1 8 4 28.5 1 1 40 0 2 0 16 1
1 29.92 1.83 2 8 8 4.335 1 0 0 0 2 260 201 1
1 35 2.5 2 3 4 1 0 0 0 1 2 210 1 0
1 24.33 6.62 1 2 4 5.5 1 0 0 1 1 100 1 1
1 23.92 0.58 1 13 8 0.125 0 0 0 0 2 240 2 0
1 38.25 10.12 1 4 4 0.125 0 0 0 0 2 160 1 0
0 38.75 1.5 2 1 1 0 0 0 0 0 2 76 1 0
0 20.5 11.83 2 8 8 6 1 0 0 0 2 340 1 1
1 32.42 3 2 2 4 0.165 0 0 0 1 2 120 1 0
1 32.08 4 2 7 4 2.5 1 0 0 1 2 360 1 1
1 55.92 11.5 2 1 1 5 1 1 5 0 2 0 8852 1
1 31.57 3 1 3 5 7 0 0 0 0 2 0 2 0
1 34.83 4 2 2 5 12.5 1 0 0 1 2 184 1 0
1 57.83 7.04 2 7 4 14 1 1 6 1 2 360 1333 1
0 22.5 8.5 2 11 4 1.75 1 1 10 0 2 80 991 0
1 49.58 19 2 1 1 0 1 1 1 0 2 94 1 0
1 24.17 0.87 2 11 4 4.625 1 1 2 1 2 520 2001 1
0 47 13 2 3 5 5.165 1 1 9 1 2 0 1 1
0 28.08 15 1 10 9 0 1 0 0 0 2 0 13213 1
1 32.33 7.5 2 10 5 1.585 1 0 0 1 1 420 1 0
1 19.17 4 1 3 4 1 0 0 0 1 2 360 1001 0
1 23.5 3.16 1 4 4 0.415 0 1 1 1 2 280 81 0
1 22.67 10.5 2 11 8 1.335 1 0 0 0 2 100 1 1
1 41.17 4.04 2 13 8 7 1 1 8 0 2 320 1 1
0 40.83 10 2 11 8 1.75 1 0 0 0 2 29 838 1
1 34.17 5.25 2 9 4 0.085 0 0 0 1 2 290 7 1
1 36.08 2.54 2 1 1 0 0 0 0 0 2 0 1001 0
1 20.42 0 2 8 4 0 0 0 0 0 3 184 1 0
0 25.75 0.5 2 8 8 0.875 1 0 0 1 2 491 1 1
1 37.33 2.66 2 13 4 0.165 0 0 0 1 2 0 502 0
1 27.67 0.75 2 11 8 0.165 0 0 0 1 2 220 252 0
1 34.17 9.17 2 8 4 4.5 1 1 12 1 2 0 222 1
1 32.33 2.5 2 8 4 1.25 0 0 0 1 2 280 1 0
0 16.5 1.25 2 11 4 0.25 0 1 1 0 2 108 99 0
1 48.58 0.2 1 4 4 0.25 1 1 11 0 2 380 2733 1
0 28.5 3.04 1 14 8 2.54 1 1 1 0 2 70 1 1
1 20.5 2.41 2 8 4 2 1 1 11 1 2 200 3001 1
0 20.75 9.53 2 3 4 0.04 0 0 0 0 2 200 1001 0
1 51.33 10 2 3 5 0 1 1 11 0 2 0 1250 1
0 20.42 0.83 2 11 4 1.585 1 1 1 0 2 0 1 1
0 41.33 1 2 3 5 2.25 1 0 0 1 2 0 301 1
1 22.92 0.17 2 7 4 0.085 0 0 0 0 1 0 1 0
1 25.42 0.54 2 9 4 0.165 0 1 1 0 2 272 445 0
0 40.83 3.5 2 3 5 0.5 0 0 0 0 1 1160 1 0
1 28.75 1.16 2 4 4 0.5 1 0 0 0 1 280 1 0
1 39.17 1.62 2 8 4 1.5 1 1 10 0 2 186 4701 1
1 36.5 4.25 2 11 4 3.5 0 0 0 0 2 454 51 0
1 33.17 1.04 2 12 8 6.5 1 0 0 1 2 164 31286 1
0 57.58 2 2 1 1 6.5 0 1 1 0 2 0 11 0
0 68.67 15 2 10 9 0 1 1 14 0 2 0 3377 1
0 30.58 10.66 2 11 8 0.085 0 1 12 1 2 129 4 0
0 36.58 0.28 2 1 1 0 0 1 10 0 2 200 19 0
1 21.5 9.75 2 8 4 0.25 1 0 0 0 2 140 1 0
1 29.67 0.75 1 8 4 0.04 0 0 0 0 2 240 1 0
1 22.17 0.58 1 1 1 0 0 0 0 0 2 100 1 0
1 21.58 0.79 1 13 4 0.665 0 0 0 0 2 160 1 0
1 51.83 2.04 1 1 1 1.5 0 0 0 0 2 120 2 0
1 29.42 1.25 2 8 8 0.25 0 1 2 1 2 400 109 0
1 27.75 1.29 2 4 8 0.25 0 0 0 1 1 140 1 0
0 23.25 5.87 2 11 4 3.17 1 1 10 0 2 120 246 1
1 31.08 3.08 2 8 4 2.5 0 1 2 1 2 160 42 0
0 48.17 1.33 2 3 7 0.335 0 0 0 0 2 0 121 0
0 60.92 5 2 6 4 4 1 1 4 0 2 0 100 1
0 47.42 3 2 14 4 13.875 1 1 2 1 2 519 1705 1
0 22.58 10.75 2 11 4 0.415 1 1 5 1 2 0 561 1
0 33.25 3 1 6 4 2 0 0 0 0 2 180 1 0
0 22.5 0.41 2 3 4 0.335 0 0 0 1 1 144 1 0
0 38.58 5 2 13 4 13.5 1 0 0 1 2 980 1 0
0 56.83 4.25 1 1 1 5 0 0 0 1 2 0 5 0
1 36.67 2 2 3 4 0.25 0 0 0 1 2 221 1 0
1 29.25 14.79 2 6 4 5.04 1 1 5 1 2 168 1 1
0 17.92 10.21 2 1 1 0 0 0 0 0 2 0 51 0
1 19 0 1 1 1 0 0 1 4 0 2 45 2 0
0 15.75 0.37 2 8 4 1 0 0 0 0 2 120 19 0
1 34.08 0.08 1 7 5 0.04 1 1 1 1 2 280 2001 1
1 23.08 2.5 2 8 4 1.085 1 1 11 1 2 60 2185 1
0 18.92 9.25 1 8 4 1 1 1 4 1 2 80 501 1
0 20.42 7.5 2 4 4 1.5 1 1 1 0 2 160 235 1
1 34.17 2.75 2 3 5 2.5 0 0 0 1 2 232 201 0
1 40.92 0.5 1 7 4 0.5 0 0 0 1 2 130 1 0
1 20.07 0.25 2 11 4 0.125 0 0 0 0 2 200 1 0
0 25.17 2.87 2 14 8 0.875 1 0 0 0 2 360 1 1
1 18.82 0.41 1 8 4 0.165 0 1 1 0 2 200 2 0
1 32.08 4 1 13 4 1.5 0 0 0 1 2 120 1 0
1 31.57 4 2 14 4 5 1 1 3 1 2 290 2280 1
1 30.67 2.5 2 13 8 2.25 0 0 0 1 1 340 1 0
0 25 11 1 6 4 4.5 1 0 0 0 2 120 1 0
1 20 0 2 2 4 0.5 0 0 0 0 2 144 1 0
0 49.83 13.58 2 4 8 8.5 1 0 0 1 2 0 1 1
1 27.83 1 1 2 8 3 0 0 0 0 2 176 538 0
1 23.5 2.75 2 1 1 4.5 0 0 0 0 2 160 26 0
1 76.75 22.29 2 10 9 12.75 1 1 1 1 2 0 110 1
1 21.17 0.87 1 8 8 0.25 0 0 0 0 2 280 205 0
1 34.25 1.75 2 9 5 0.25 1 0 0 1 2 163 1 0
1 29.83 1.25 1 4 4 0.25 0 0 0 0 2 224 1 0
1 36.17 18.12 2 9 4 0.085 0 0 0 0 2 320 3553 0
1 27.83 1.5 2 9 4 2.25 0 1 1 1 2 100 4 0
1 23.92 0.66 2 8 4 0.165 0 0 0 0 2 100 1 1
1 30.08 1.04 1 3 5 0.5 1 1 10 1 2 132 29 0
1 28.92 15 2 8 8 5.335 1 1 11 0 2 0 2284 1
1 31.57 0.62 2 4 4 0.25 0 0 0 0 2 380 2011 0

