0 20.83 0.5 1 10 2 1 0 0 0 0 2 260 1 0
1 38.92 1.75 2 4 4 0.5 0 0 0 1 2 300 3 0
1 23.75 12 2 8 4 2.085 0 0 0 0 1 80 1 0
0 16.92 0.5 2 3 4 0.165 0 1 6 1 2 240 36 0
1 21.83 0.25 2 2 8 0.665 1 0 0 1 2 0 1 1
1 25.5 0.37 2 7 4 0.25 1 1 3 0 2 260 15109 1
1 22.67 0.75 2 3 4 1.585 0 1 1 1 2 400 10 0
1 39 5 2 13 4 3.5 1 1 10 1 2 0 1 1
1 22.75 11 2 11 4 2.5 1 1 7 1 2 100 810 1
1 27.83 1 1 2 8 3 0 0 0 0 2 176 538 0
0 34.83 1.25 1 3 8 0.5 0 0 0 1 2 160 1 0
1 28.25 5.04 1 8 5 1.5 1 1 8 1 2 144 8 1
0 26.58 2.54 1 1 1 0 0 0 0 1 2 180 61 0
0 58.67 4.46 2 11 8 3.04 1 1 6 0 2 43 561 1
1 19.5 0.28 2 4 4 0.29 0 0 0 0 2 280 365 0
1 32.92 2.5 2 6 4 1.75 0 1 2 1 2 720 1 0
1 21.42 0.75 1 12 7 0.75 0 0 0 1 2 132 3 0
1 23.08 11.5 2 3 4 3.5 1 1 9 0 2 56 743 1
1 19.42 7.25 2 7 4 0.04 0 1 1 0 2 100 2 0
1 19.42 6.5 2 9 8 1.46 1 1 7 0 2 80 2955 1
0 40.83 10 2 11 8 1.75 1 0 0 0 2 29 838 1
1 28.58 3.62 2 6 4 0.25 0 0 0 1 2 100 1 0
1 56.58 18.5 2 2 5 15 1 1 17 1 2 0 1 1
1 34 4.5 2 6 4 1 1 0 0 1 2 240 1 0
1 42.08 1.04 2 9 4 5 1 1 6 1 2 500 10001 1
1 40 6.5 2 6 5 3.5 1 1 1 0 2 0 501 1
1 41.5 1.54 2 3 5 3.5 0 0 0 0 2 216 1 1
1 22.25 9 2 6 4 0.085 0 0 0 0 2 0 1 0
0 23.25 5.87 2 11 4 3.17 1 1 10 0 2 120 246 1
0 41.17 6.5 2 11 4 0.5 1 1 3 1 2 145 1 1
1 30.83 0 2 9 4 1.25 1 1 1 0 2 202 1 1
1 21.83 11 2 14 4 0.29 1 1 6 0 2 121 1 1
1 18 0.16 2 11 7 0.21 0 0 0 0 2 200 41 1
1 48.17 3.5 2 6 4 3.5 1 0 0 0 1 230 1 1
1 23.5 2.75 2 1 1 4.5 0 0 0 0 2 160 26 0
0 46.67 0.46 2 13 8 0.415 1 1 11 1 2 440 7 1
0 33.67 0.37 2 13 4 0.375 0 0 0 0 2 300 45 1
1 42 0.2 2 3 8 5.125 1 0 0 0 2 400 1 1
1 20 7 2 8 4 0.5 0 0 0 0 2 0 1 0
0 38.25 6 2 4 4 1 1 0 0 1 2 0 1 1
1 20.07 0.25 2 11 4 0.125 0 0 0 0 2 200 1 0
0 23.58 11.5 1 4 8 3 0 0 0 1 2 20 17 0
0 30.5 6.5 2 8 5 4 1 1 7 1 2 0 3066 1
0 31.57 11.25 2 1 1 0 0 0 0 0 2 184 5201 0
1 23.58 0.46 1 9 4 2.625 1 1 6 1 2 208 348 0
0 19.57 0.66 2 9 4 1.665 0 0 0 0 2 220 6 0
1 51.83 3 1 1 1 1.5 0 0 0 0 2 180 5 0
0 24.83 4.5 2 9 4 1 0 0 0 1 2 360 7 0
1 38.17 10.12 2 14 4 2.5 1 1 6 0 2 520 197 1
1 23.5 3.16 1 4 4 0.415 0 1 1 1 2 280 81 0
1 33.67 1.25 2 9 4 1.165 0 0 0 0 2 120 1 0
0 28.5 1 2 11 4 1 1 1 2 1 2 167 501 0
0 41.33 1 2 3 5 2.25 1 0 0 1 2 0 301 1
1 22.67 10.5 2 11 8 1.335 1 0 0 0 2 100 1 1
0 41.58 1.04 2 6 4 0.665 0 0 0 0 2 240 238 0
1 53.92 9.62 2 10 4 8.665 1 1 5 0 2 0 1 1
0 28.58 3.54 2 3 5 0.5 1 0 0 1 2 171 1 0
0 20.5 11.83 2 8 8 6 1 0 0 0 2 340 1 1
1 48.5 4.25 2 7 4 0.125 1 0 0 1 2 225 1 1
1 20 11.04 2 8 4 2 0 0 0 1 2 136 1 0
1 42 9.78 2 14 8 7.96 1 1 8 0 2 0 1 1
0 36.58 0.28 2 1 1 0 0 1 10 0 2 200 19 0
1 21.17 0.25 1 8 8 0.25 0 0 0 0 2 280 205 0
0 25 11 1 6 4 4.5 1 0 0 0 2 120 1 0
1 19.5 9.58 2 6 4 0.79 0 0 0 0 2 80 351 0
1 39.17 2.5 1 3 8 10 0 0 0 1 1 200 1 0
1 36.33 2.12 1 9 4 0.085 1 1 1 0 2 50 1188 1
1 18.57 5.71 2 2 4 0.54 0 0 0 0 2 120 1 0
0 19.17 8.58 2 13 8 0.75 1 1 7 0 2 96 1 1
0 37.33 2.5 2 3 8 0.21 0 0 0 0 2 260 247 0
1 35.58 0.75 2 4 4 1.5 0 0 0 1 2 231 1 0
0 25.75 0.5 2 8 8 0.875 1 0 0 1 2 491 1 1
1 28.33 5 2 9 4 11 1 0 0 1 2 70 1 1
1 33.58 0.33 1 13 4 0.085 0 0 0 0 2 180 1 0
0 29.5 2 1 10 8 2 0 0 0 0 2 256 18 0
0 68.67 15 2 10 9 0 1 1 14 0 2 0 3377 1
1 31.57 4 1 3 4 0.085 0 0 0 1 2 411 1 0
1 48.17 7.62 2 9 8 15.5 1 1 12 0 2 0 791 1
1 41.92 0.42 2 8 8 0.21 1 1 6 0 2 220 949 1
1 29.83 1.25 1 4 4 0.25 0 0 0 0 2 224 1 0
0 41 2.04 1 11 8 0.125 1 1 23 1 2 455 1237 1
0 29.58 1.75 1 4 4 1.25 0 0 0 1 2 280 1 0
1 22.33 11 2 9 4 2 1 1 1 0 2 80 279 1
0 31.75 3 1 5 3 0 0 0 0 0 2 160 21 0
0 47 13 2 3 5 5.165 1 1 9 1 2 0 1 1
1 25 11.25 2 8 4 2.5 1 1 17 0 2 200 1209 1
1 32.75 2.33 2 2 8 5.75 0 0 0 1 2 292 1 0
0 47.75 8 2 8 4 7.875 1 1 6 1 2 0 1261 1
1 54.33 6.75 2 8 8 2.625 1 1 11 1 2 0 285 1
1 25.08 1.71 2 14 4 1.665 1 1 1 1 2 395 21 1
1 38.67 0.21 2 4 4 0.085 1 0 0 1 2 280 1 1
1 57.83 7.04 2 7 4 14 1 1 6 1 2 360 1333 1
1 21.33 7.5 2 6 4 1.415 1 1 1 0 2 80 9801 1
0 28.17 0.37 2 11 4 0.585 1 1 4 0 2 80 1 1
1 27 0.75 2 8 8 4.25 1 1 3 1 2 312 151 1
1 36.17 18.12 2 9 4 0.085 0 0 0 0 2 320 3553 0
1 41.17 1.33 2 2 4 0.165 0 0 0 0 2 168 1 0
0 15.83 7.62 2 11 4 0.125 0 1 1 1 2 0 161 0
1 20.5 2.41 2 8 4 2 1 1 11 1 2 200 3001 1
1 48.08 6.04 2 4 4 0.04 0 0 0 0 2 0 2691 1
0 35.42 12 2 11 8 14 1 1 8 0 2 0 6591 1
1 16.32 4.08 2 3 8 0.415 0 0 0 1 2 120 1 0
1 16.92 0.33 1 4 4 0.29 0 0 0 0 1 200 1 0
1 57.42 8.5 2 10 8 7 1 1 3 0 2 0 1 1
0 25.08 2.54 1 6 4 0.25 1 0 0 1 2 370 1 1
1 33.67 2.16 2 8 4 1.5 0 0 0 0 3 120 1 0
1 25.75 0.75 2 8 5 0.25 1 0 0 0 2 349 24 1
0 25 12.33 2 13 8 3.5 1 1 6 0 2 400 459 1
1 29.92 1.83 2 8 8 4.335 1 0 0 0 2 260 201 1
0 22.67 3.8 2 8 4 0.165 0 0 0 0 2 160 1 0

