1 47.17 5.83 2 9 4 5.5 0 0 0 0 2 465 151 0
0 18.92 9 2 6 4 0.75 1 1 2 0 2 88 592 1
1 35.58 0.75 2 4 4 1.5 0 0 0 1 2 231 1 0
1 34.17 5.25 2 9 4 0.085 0 0 0 1 2 290 7 1
1 48.58 0.2 1 4 4 0.25 1 1 11 0 2 380 2733 1
1 21.08 4.12 1 3 8 0.04 0 0 0 0 2 140 101 0
1 20 7 2 8 4 0.5 0 0 0 0 2 0 1 0
0 36.58 0.28 2 1 1 0 0 1 10 0 2 200 19 0
1 52.33 1.37 1 8 8 9.46 1 0 0 1 2 200 101 0
0 40.33 7.54 1 11 8 8 1 1 14 0 2 0 2301 1
1 31.57 4 2 14 4 5 1 1 3 1 2 290 2280 1
0 23 11.75 2 14 8 0.5 1 1 2 1 2 300 552 1
0 30.25 5.5 2 4 4 5.5 0 0 0 1 1 100 1 0
1 16.25 0 1 6 4 0.25 0 0 0 0 2 60 1 0
1 27.67 2 2 14 8 1 1 1 4 0 2 140 7545 1
1 17.25 3 2 4 4 0.04 0 0 0 1 2 160 41 0
1 23.08 2.5 2 8 4 1.085 1 1 11 1 2 60 2185 1
0 26.58 2.54 1 1 1 0 0 0 0 1 2 180 61 0
0 44.17 6.66 2 11 4 7.375 1 1 3 1 2 0 1 1
1 27.25 0.62 2 6 4 0.455 1 0 0 1 2 200 1 0
1 17.42 6.5 2 3 4 0.125 0 0 0 0 2 60 101 0
1 44.33 0.5 2 3 8 5 1 0 0 1 2 320 1 1
1 20.42 7 2 8 4 1.625 1 1 3 0 2 200 1392 1
0 46.67 0.46 2 13 8 0.415 1 1 11 1 2 440 7 1
0 16 0.16 2 6 4 1 0 1 2 1 2 320 2 0
1 32.75 1.5 2 13 8 5.5 1 1 3 1 2 0 1 1
0 68.67 15 2 10 9 0 1 1 14 0 2 0 3377 1
1 64.08 20 2 14 8 17.5 1 1 9 1 2 0 1001 1
1 48.75 8.5 2 8 8 12.5 1 1 9 0 2 181 1656 1
1 39.58 13.91 2 9 4 8.625 1 1 6 1 2 70 1 1
1 42.17 5.04 2 11 8 12.75 1 0 0 1 2 92 1 1
1 31.57 0.62 2 4 4 0.25 0 0 0 0 2 380 2011 0
1 41.33 0 2 8 5 15 1 0 0 0 2 0 1 1
1 45.17 1.5 2 8 4 2.5 1 0 0 1 2 140 1 0
1 30.67 2.5 2 13 8 2.25 0 0 0 1 1 340 1 0
1 29.67 1.41 2 9 8 0.75 1 1 1 0 2 240 101 1
1 25.33 0.57 2 8 4 0.29 1 1 7 1 2 96 5125 1
1 34.17 2.75 2 3 5 2.5 0 0 0 1 2 232 201 0
1 39.08 6 2 7 4 1.29 1 1 5 1 2 108 1098 1
0 24.75 3 2 11 8 1.835 1 1 19 0 2 0 501 1
0 19.17 0.58 1 6 4 0.585 1 0 0 1 2 160 1 0
1 23.42 0.58 2 8 8 0.085 1 0 0 0 2 180 1 0
0 28.67 1.04 2 8 4 2.5 1 1 5 1 2 300 1431 1
1 26.83 0.54 2 4 1 0 0 0 0 0 2 100 1 0
1 17.5 22 3 1 7 0 0 0 0 1 3 450 100001 1
1 25.58 0.33 2 4 8 3.5 0 0 0 1 2 340 1 0
0 23 1.83 2 5 3 0 0 1 1 0 2 200 54 0
0 18.75 7.5 2 11 4 2.71 1 1 5 0 2 184 26727 1
1 24.75 0.54 2 7 4 1 0 0 0 1 2 120 2 0
1 32.25 14 1 1 1 0 0 1 2 0 2 160 2 0
0 38.92 1.66 2 6 4 0.25 0 0 0 0 2 0 391 0
1 20.25 9.96 2 10 2 0 1 0 0 0 2 0 1 1
0 24.5 0.5 2 11 8 1.5 1 0 0 0 2 280 825 1
1 37.42 2.04 2 9 4 0.04 1 0 0 1 2 400 5801 1
1 24.5 13.33 1 6 4 0.04 0 0 0 1 2 120 476 0
1 36.33 3.79 2 9 4 1.165 1 0 0 1 2 200 1 0
0 23.5 9 2 11 4 8.5 1 1 5 1 2 120 1 1
0 30.58 10.66 2 11 8 0.085 0 1 12 1 2 129 4 0
1 22.5 0.12 1 4 4 0.125 0 0 0 0 2 200 71 0
1 36.5 4.25 2 11 4 3.5 0 0 0 0 2 454 51 0
1 28.75 1.16 2 4 4 0.5 1 0 0 0 1 280 1 0
1 22.58 10.03 2 14 4 0.04 1 1 9 0 2 60 397 1
1 25.67 3.25 2 8 8 2.29 0 1 1 1 2 416 22 0
1 62.5 12.75 1 8 8 5 1 0 0 0 2 112 1 0
1 25.17 3.5 2 13 4 0.625 1 1 7 0 2 0 7060 1
1 28.92 0.37 2 8 4 0.29 0 0 0 0 2 220 141 0
1 27.83 1.5 2 9 4 2.25 0 1 1 1 2 100 4 0
1 36.42 0.75 1 2 4 0.585 0 0 0 0 2 240 4 0
1 36.17 18.12 2 9 4 0.085 0 0 0 0 2 320 3553 0
1 22.25 0.46 2 4 4 0.125 0 0 0 1 2 280 56 0
0 21.5 6 2 6 4 2.5 1 1 3 0 2 80 919 1
1 34.67 1.08 2 7 4 1.165 0 0 0 0 1 28 1 0
0 38.33 4.41 2 8 4 0.125 0 0 0 0 2 160 1 0
1 26.17 12.5 1 4 8 1.25 0 0 0 1 2 0 18 0
1 22.67 10.5 2 11 8 1.335 1 0 0 0 2 100 1 1
0 22.67 3.8 2 8 4 0.165 0 0 0 0 2 160 1 0
0 36.75 4.71 2 1 1 0 0 0 0 0 2 160 1 0
1 16.07 0.75 2 8 4 1.75 1 1 5 1 2 352 691 1
1 26.75 2 2 2 4 0.75 0 0 0 1 2 80 1 0
0 19.75 0.75 2 8 4 0.795 1 1 5 1 2 140 6 0
1 24.58 1.25 2 8 4 0.25 0 0 0 0 2 110 1 0
1 41.17 1.25 1 9 4 0.25 0 0 0 0 2 0 196 0
0 40.83 10 2 11 8 1.75 1 0 0 0 2 29 838 1
0 18.57 10 2 2 4 0.415 0 0 0 0 2 80 43 0
0 47.42 8 2 10 5 6.5 1 1 6 0 2 375 51101 1
1 33.67 1.25 2 9 4 1.165 0 0 0 0 2 120 1 0
1 28.33 5 2 9 4 11 1 0 0 1 2 70 1 1
1 27.75 0.58 1 13 4 0.25 1 1 2 0 2 260 501 1
0 29.5 2 1 10 8 2 0 0 0 0 2 256 18 0
1 22.08 0.83 2 8 8 2.165 0 0 0 1 2 128 1 1
1 34.08 6.5 2 6 4 0.125 1 0 0 1 2 443 1 0
1 17.67 4.46 2 8 4 0.25 0 0 0 0 1 80 1 0
0 49.83 13.58 2 4 8 8.5 1 0 0 1 2 0 1 1
0 17.82 11 2 14 8 1 1 1 11 0 2 0 3001 1
1 36.67 4.41 1 4 4 0.25 1 1 10 1 2 320 1 1
0 64.08 0.16 2 1 1 0 1 1 1 0 2 232 101 1
0 23.58 0.83 2 11 4 0.415 0 1 1 1 2 200 12 0
1 31.83 2.5 2 6 4 7.5 1 0 0 1 2 523 1 0
1 35 2.5 2 3 4 1 0 0 0 1 2 210 1 0
1 31.92 4.46 2 13 8 6.04 1 1 3 0 2 311 301 1
1 48.5 4.25 2 7 4 0.125 1 0 0 1 2 225 1 1
1 23.08 11.5 2 9 8 2.125 1 1 11 1 2 290 285 1
0 21.75 11.75 2 8 4 0.25 0 0 0 1 2 180 1 0
0 41.17 6.5 2 11 4 0.5 1 1 3 1 2 145 1 1
1 28.25 5.12 2 14 4 4.75 1 1 2 0 2 420 8 1
1 21.17 0 2 8 4 0.5 0 0 0 1 1 0 1 0
1 37.5 1.75 1 8 5 0.25 1 0 0 1 2 164 401 0
1 31.67 0.83 2 14 4 1.335 1 1 8 1 2 303 3291 1
1 20.67 0.41 2 8 4 0.125 0 0 0 0 2 0 45 0
1 23.08 0 2 4 4 1 0 1 11 0 1 0 1 0

