0 28.75 3.75 2 8 4 1.085 1 1 1 1 2 371 1 1
1 34.08 0.08 1 7 5 0.04 1 1 1 1 2 280 2001 1
0 33.25 3 1 6 4 2 0 0 0 0 2 180 1 0
1 27.67 2 2 14 8 1 1 1 4 0 2 140 7545 1
1 40.58 1.5 2 3 5 0 0 0 0 0 1 300 1 0
0 24.33 2.5 1 3 5 4.5 0 0 0 0 2 200 457 0
1 30.58 2.71 1 7 4 0.125 0 0 0 1 1 80 1 0
1 41.75 0.96 2 14 4 2.5 1 0 0 0 2 510 601 1
1 17.07 3.29 2 3 4 0.335 0 0 0 1 2 140 3 0
1 32.25 0.16 1 8 8 3.25 1 1 1 1 2 432 8001 1
1 45 8.5 2 13 8 14 1 1 1 1 2 88 2001 1
0 48.17 1.33 2 3 7 0.335 0 0 0 0 2 0 121 0
0 41.58 1.04 2 6 4 0.665 0 0 0 0 2 240 238 0
1 44.25 0.5 2 7 4 10.75 1 0 0 0 1 400 1 0
1 23.25 1 2 8 4 0.835 1 0 0 0 1 300 1 1
1 41.17 1.25 1 9 4 0.25 0 0 0 0 2 0 196 0
0 18.57 10 2 2 4 0.415 0 0 0 0 2 80 43 0
1 32.67 5.5 2 11 8 5.5 1 1 12 1 2 408 1001 1
1 33.5 1.75 2 14 8 4.5 1 1 4 1 2 253 858 1
1 17.67 4.46 2 8 4 0.25 0 0 0 0 1 80 1 0
1 31.57 4 1 3 4 0.085 0 0 0 1 2 411 1 0
0 30 5.29 2 10 2 2.25 1 1 5 1 2 99 501 1
1 64.08 20 2 14 8 17.5 1 1 9 1 2 0 1001 1
1 65.42 11 2 10 9 20 1 1 7 1 2 22 1 1
1 36.17 18.12 2 9 4 0.085 0 0 0 0 2 320 3553 0
1 34.17 2.75 2 3 5 2.5 0 0 0 1 2 232 201 0
0 45.83 10.5 2 11 4 5 1 1 7 1 2 0 1 1
1 34.08 6.5 2 6 4 0.125 1 0 0 1 2 443 1 0
1 22.17 12.12 2 8 4 3.335 0 1 2 1 2 180 174 0
1 32.42 3 2 2 4 0.165 0 0 0 1 2 120 1 0
1 37.33 6.5 2 7 8 4.25 1 1 12 1 2 93 1 1
1 21.08 10.08 1 10 8 1.25 0 0 0 0 2 260 1 0
0 21.75 1.75 1 5 3 0 0 0 0 0 2 160 1 0
1 35.17 4.5 2 14 8 5.75 0 0 0 1 1 711 1 1
0 16.07 0.33 2 1 1 0 0 1 1 0 2 160 127 0
0 23.5 1.5 2 9 4 0.875 0 0 0 1 2 160 1 0
0 68.67 15 2 10 9 0 1 1 14 0 2 0 3377 1
0 22.92 11.58 2 13 4 0.04 1 0 0 0 2 80 1350 1
1 34.67 1.08 2 7 4 1.165 0 0 0 0 1 28 1 0
1 47.33 6.5 2 8 4 1 0 0 0 1 2 0 229 0
0 17.57 9 2 6 4 1.375 1 0 0 1 2 0 1 1
0 26.5 2.71 1 8 4 0.085 0 0 0 0 1 80 1 0
1 24.83 2.75 2 8 4 2.25 1 1 6 0 2 184 601 1
1 43.17 5 2 3 5 2.25 0 0 0 1 2 141 1 0
0 60.58 16.5 2 11 4 11 1 0 0 1 2 21 10562 1
1 25.83 12.83 2 13 4 0.5 0 0 0 0 2 0 3 0
1 25 11.25 2 8 4 2.5 1 1 17 0 2 200 1209 1
1 21.33 10.5 2 8 4 3 1 0 0 1 2 0 1 1
0 24.5 12.75 2 8 5 4.75 1 1 2 0 2 73 445 1
0 23.75 0.71 2 9 4 0.25 0 1 1 1 2 240 5 0
0 28.08 15 1 10 9 0 1 0 0 0 2 0 13213 1
1 29.83 2.04 1 14 8 0.04 0 0 0 0 2 128 2 0
1 22.83 3 2 7 4 1.29 1 1 1 0 2 260 801 1
1 19.67 10 1 4 8 0.835 1 0 0 1 2 140 1 0
1 26.33 13 2 10 2 0 0 0 0 1 2 140 1111 0
1 19.17 4 1 3 4 1 0 0 0 1 2 360 1001 0
1 31.25 1.12 2 1 1 0 0 1 1 0 2 96 20 0
0 27.58 3 2 7 4 2.79 0 1 1 1 2 280 11 0
1 33.17 3.04 1 8 8 2.04 1 1 1 1 2 180 18028 1
0 15.92 2.87 2 11 4 0.085 0 0 0 0 2 120 1 0
0 52.5 7 2 6 8 3 0 0 0 0 2 0 1 0
1 23.42 1 2 8 4 0.5 0 0 0 1 1 280 1 0
1 49.5 7.58 2 3 5 7.585 1 1 15 1 2 0 5001 1
1 42.83 1.25 2 7 4 13.875 0 1 1 1 2 352 113 0
1 34.92 2.5 2 9 4 0 1 0 0 1 2 239 201 1
0 47.75 8 2 8 4 7.875 1 1 6 1 2 0 1261 1
1 38.58 3.33 2 9 4 4 1 1 14 0 2 383 1345 1
1 22.17 0.58 1 1 1 0 0 0 0 0 2 100 1 0
1 47.17 5.83 2 9 4 5.5 0 0 0 0 2 465 151 0
0 24.75 3 2 11 8 1.835 1 1 19 0 2 0 501 1
1 25 12 2 4 4 2.25 1 1 2 1 2 120 6 0
1 26.67 14.58 2 3 5 0 0 0 0 1 2 178 1 0
1 31.57 3 1 3 5 7 0 0 0 0 2 0 2 0
0 28.5 3.04 1 14 8 2.54 1 1 1 0 2 70 1 1
0 23.58 0.58 1 1 1 0.125 0 0 0 0 2 120 88 0
0 15.75 0.37 2 8 4 1 0 0 0 0 2 120 19 0
0 20.75 10.25 2 11 4 0.71 1 1 2 1 2 49 1 1
1 24.58 1.25 2 8 4 0.25 0 0 0 0 2 110 1 0
1 32.83 2.5 2 13 8 2.75 1 1 6 0 2 160 2073 1
1 27.25 1.66 2 13 8 5.085 1 1 9 0 2 399 828 1
1 32.42 2.16 1 4 1 0 0 0 0 0 2 120 1 0
1 59.67 1.54 2 11 4 0.125 1 0 0 1 2 260 1 1
0 64.08 0.16 2 1 1 0 1 1 1 0 2 232 101 1
1 39.25 9.5 2 7 4 6.5 1 1 14 0 2 240 4608 1
1 36.42 0.75 1 2 4 0.585 0 0 0 0 2 240 4 0
1 44 2 2 7 4 1.75 1 1 2 1 2 0 16 1
1 28.92 0.37 2 8 4 0.29 0 0 0 0 2 220 141 0
1 80.25 5.5 2 8 4 0.54 1 0 0 0 2 0 341 0
1 23.33 11.62 1 9 4 0.835 1 0 0 1 2 160 301 1
1 21.83 0.25 2 2 8 0.665 1 0 0 1 2 0 1 1
0 16.92 0.5 2 3 4 0.165 0 1 6 1 2 240 36 0
1 29.42 1.25 2 8 8 0.25 0 1 2 1 2 400 109 0
1 17.57 10 2 9 8 0.165 0 1 1 0 2 120 2 0
1 29.92 1.83 2 8 8 4.335 1 0 0 0 2 260 201 1
1 31.83 2.5 2 6 4 7.5 1 0 0 1 2 523 1 0
1 18 0.16 2 11 7 0.21 0 0 0 0 2 200 41 1
1 39.5 4.25 2 8 5 6.5 1 1 16 0 2 117 1211 1
1 25.08 1.71 2 14 4 1.665 1 1 1 1 2 395 21 1
1 39.92 0.54 1 6 4 0.5 1 1 3 0 2 200 1001 1
1 23.58 0.83 2 3 8 0.085 0 0 0 1 2 220 6 0
1 41 0.04 2 10 4 0.04 0 1 1 0 1 560 1 1
1 25.75 0.5 2 8 4 1.46 1 1 5 1 2 312 1 1
1 25.67 2.21 1 6 4 4 1 0 0 0 2 188 1 0
1 22.08 0.83 2 8 8 2.165 0 0 0 1 2 128 1 1
1 38.25 10.12 1 4 4 0.125 0 0 0 0 2 160 1 0
0 19.5 0.16 2 11 4 0.04 0 0 0 1 2 380 1 0
1 29.5 0.57 2 9 4 0.29 0 1 1 0 2 340 2804 0
1 39.17 1.71 2 14 4 0.125 1 1 5 1 2 480 1 1
1 22.67 2.54 1 8 8 2.585 1 0 0 0 2 0 1 1
0 20.32 10 2 8 8 1 1 1 4 0 2 50 1466 1

