1 20.07 0.25 2 11 4 0.125 0 0 0 0 2 200 1 0
1 34.08 6.5 2 6 4 0.125 1 0 0 1 2 443 1 0
1 29.58 4.5 2 9 4 7.5 1 1 2 1 2 330 1 1
1 19.42 7.25 2 7 4 0.04 0 1 1 0 2 100 2 0
1 41.33 0 2 8 5 15 1 0 0 0 2 0 1 1
1 35.58 0.75 2 4 4 1.5 0 0 0 1 2 231 1 0
1 22.5 0.12 1 4 4 0.125 0 0 0 0 2 200 71 0
1 16.32 2.75 2 6 4 0.665 0 1 1 0 2 80 22 0
1 31.57 10.5 2 14 4 6.5 1 0 0 0 2 0 1 1
0 41.33 1 2 3 5 2.25 1 0 0 1 2 0 301 1
1 18.82 3.54 1 1 1 0 0 0 0 1 2 180 2 0
0 22.5 0.41 2 3 4 0.335 0 0 0 1 1 144 1 0
1 31.42 15.5 2 8 4 0.5 1 0 0 0 2 120 1 0
1 36.17 5.5 2 3 5 5 0 0 0 0 2 210 688 0
0 25.42 1.12 2 11 4 1.29 1 1 2 0 2 200 1 0
1 53.92 9.62 2 10 4 8.665 1 1 5 0 2 0 1 1
0 20.42 0.83 2 11 4 1.585 1 1 1 0 2 0 1 1
0 23.58 0.58 1 1 1 0.125 0 0 0 0 2 120 88 0
1 24.5 13.33 1 6 4 0.04 0 0 0 1 2 120 476 0
1 54.58 9.41 2 1 1 14.415 1 1 11 1 2 30 301 1
1 47.83 4.16 2 14 5 0.085 0 0 0 1 2 520 1 0
0 55.75 7.08 2 4 8 6.75 1 1 3 1 2 100 51 0
1 39.17 1.62 2 8 4 1.5 1 1 10 0 2 186 4701 1
1 26.75 4.5 1 8 5 2.5 0 0 0 0 2 200 1211 0
1 25.17 3 2 8 4 1.25 0 1 1 0 2 0 23 0
0 69.5 6 2 1 1 0 0 0 0 0 1 0 1 0
0 20.67 1.83 2 11 4 2.085 1 1 5 0 2 220 2504 1
0 23.42 0.79 1 11 4 1.5 1 1 2 1 2 80 401 1
0 15.75 0.37 2 8 4 1 0 0 0 0 2 120 19 0
1 16.25 0.83 2 7 4 0.085 1 0 0 0 1 200 1 0
0 26.92 13.5 2 11 8 5 1 1 2 0 2 0 5001 1
0 52.83 15 2 8 4 5.5 1 1 14 0 2 0 2201 1
0 39.08 4 2 8 4 3 0 0 0 0 2 480 1 0
1 58.58 2.71 2 8 4 2.415 0 0 0 1 2 320 1 0
1 49.58 19 2 1 1 0 1 1 1 0 2 94 1 0
1 60.08 14.5 2 1 1 18 1 1 15 1 2 0 1001 1
1 52.5 6.5 2 4 4 6.29 1 1 15 0 2 0 11203 1
1.234 22.08 11.46 2 4 4 1.585 0 0 0 1 2 100 1213 0
0 38.25 6 2 4 4 1 1 0 0 1 2 0 1 1
1 42.17 5.04 2 11 8 12.75 1 0 0 1 2 92 1 1
0 18.57 10 2 2 4 0.415 0 0 0 0 2 80 43 0
0 21.75 11.75 2 8 4 0.25 0 0 0 1 2 180 1 0
1 23.08 0 2 4 4 1 0 1 11 0 1 0 1 0
1 35 3.37 2 8 8 8.29 0 0 0 1 2 0 1 0
1 51.58 15 2 8 4 8.5 1 1 9 0 2 0 1 1
1 39.92 6.21 2 11 4 0.04 1 1 1 0 2 200 301 1
1 29.92 1.83 2 8 8 4.335 1 0 0 0 2 260 201 1
1 27.42 12.5 2 6 5 0.25 0 0 0 1 2 720 1 0
0 31.75 3 1 5 3 0 0 0 0 0 2 160 21 0
1 34 5.08 1 3 5 1.085 0 0 0 1 2 480 1 0
1 48.08 6.04 2 4 4 0.04 0 0 0 0 2 0 2691 1
1 31.08 3.08 2 8 4 2.5 0 1 2 1 2 160 42 0
0 15.83 7.62 2 11 4 0.125 0 1 1 1 2 0 161 0
1 18.32 1.21 1 10 2 0 0 0 0 0 2 100 1 0
1 16.07 0.75 2 8 4 1.75 1 1 5 1 2 352 691 1
1 17.42 6.5 2 3 4 0.125 0 0 0 0 2 60 101 0
1 47.17 5.83 2 9 4 5.5 0 0 0 0 2 465 151 0
0 27.58 3 2 7 4 2.79 0 1 1 1 2 280 11 0
0 22.67 3.8 2 8 4 0.165 0 0 0 0 2 160 1 0
1 41.17 1.25 1 9 4 0.25 0 0 0 0 2 0 196 0
0 46.67 0.46 2 13 8 0.415 1 1 11 1 2 440 7 1
1 51.83 3 1 1 1 1.5 0 0 0 0 2 180 5 0
1 45 8.5 2 13 8 14 1 1 1 1 2 88 2001 1
1 36.42 0.75 1 2 4 0.585 0 0 0 0 2 240 4 0
1 36.67 4.41 1 4 4 0.25 1 1 10 1 2 320 1 1
0 25.33 2.08 2 8 8 2.75 1 0 0 1 2 360 2 0
1 32.75 1.5 2 13 8 5.5 1 1 3 1 2 0 1 1
0 33.08 1.62 2 2 4 0.54 0 0 0 1 2 0 1 0
1 18.57 10.29 2 1 1 0.415 0 0 0 0 2 80 1 0
1 22.08 2.33 2 4 4 0.75 0 0 0 0 2 180 1 0
1 64.08 20 2 14 8 17.5 1 1 9 1 2 0 1001 1
1 25.58 0.33 2 4 8 3.5 0 0 0 1 2 340 1 0
1 24.58 12.5 2 9 4 0.875 1 0 0 1 2 260 1 0
0 17.92 0.54 2 8 4 1.75 0 1 1 1 2 80 6 0
1 41.75 0.96 2 14 4 2.5 1 0 0 0 2 510 601 1
1 18.17 2.46 2 8 7 0.96 0 1 2 1 2 160 588 0
0 25.25 13.5 1 1 1 2 0 1 1 1 2 200 2 0
1 23.33 11.62 1 9 4 0.835 1 0 0 1 2 160 301 1
1 39.5 1.62 2 8 4 1.5 0 0 0 0 2 0 317 0
1 63.33 0.54 2 8 4 0.585 1 1 3 1 2 180 1 0
1 22.67 10.5 2 11 8 1.335 1 0 0 0 2 100 1 1
1 29.17 3.5 2 9 4 3.5 1 1 3 1 2 329 1 0
1 28.58 3.62 2 6 4 0.25 0 0 0 1 2 100 1 0
1 22.75 11 2 11 4 2.5 1 1 7 1 2 100 810 1
0 28.08 15 1 10 9 0 1 0 0 0 2 0 13213 1
1 24.08 9 2 6 4 0.25 0 0 0 1 2 0 1 0
1 29.42 1.25 2 9 4 1.75 0 0 0 0 2 200 1 0
1 43.25 25.21 2 11 8 0.21 1 1 1 0 2 760 91 0
1 41 0.04 2 10 4 0.04 0 1 1 0 1 560 1 1
0 22.5 8.46 1 14 4 2.46 0 0 0 0 2 164 1 1
1 34.17 9.17 2 8 4 4.5 1 1 12 1 2 0 222 1
1 32.25 14 1 1 1 0 0 1 2 0 2 160 2 0
1 27 0.75 2 8 8 4.25 1 1 3 1 2 312 151 1
1 19.67 0.37 2 11 4 2 1 1 2 1 2 80 1 1
0 22.42 5.66 2 11 4 2.585 1 1 7 0 2 129 3258 1
1 21.83 1.54 2 4 4 0.085 0 0 0 1 2 356 1 0
0 60.92 5 2 6 4 4 1 1 4 0 2 0 100 1
0 53.33 0.16 2 1 1 0 0 0 0 1 1 62 28 0
0 24.75 3 2 11 8 1.835 1 1 19 0 2 0 501 1
0 27.42 14.5 2 14 8 3.085 1 1 1 0 2 120 12 1
1 20.5 10 1 8 4 2.5 1 0 0 0 1 40 1 1
1 37.5 1.12 1 2 4 1.5 0 0 0 1 2 431 1 1
1 36.67 3.25 2 11 8 9 1 0 0 1 2 102 640 1
0 40.33 8.12 1 4 4 0.165 0 1 2 0 2 184 19 0
1 20.67 0.41 2 8 4 0.125 0 0 0 0 2 0 45 0
1 16.32 4.08 2 3 8 0.415 0 0 0 1 2 120 1 0
1 23.08 11.5 2 9 8 2.125 1 1 11 1 2 290 285 1
0 37.75 5.5 2 11 4 0.125 1 0 0 1 2 228 1 1
0 56.83 4.25 1 1 1 5 0 0 0 1 2 0 5 0
1 13.75 4 1 9 4 1.75 1 1 2 1 2 120 1001 1

