1 32.75 1.5 2 13 8 5.5 1 1 3 1 2 0 1 1
1 32.08 4 1 13 4 1.5 0 0 0 1 2 120 1 0
1 37.58 0 2 8 4 0 0 0 0 0 3 184 1 1
1 41.17 1.25 1 9 4 0.25 0 0 0 0 2 0 196 0
1 29.5 0.57 2 9 4 0.29 0 1 1 0 2 340 2804 0
1 36.67 3.25 2 11 8 9 1 0 0 1 2 102 640 1
0 28.58 3.54 2 3 5 0.5 1 0 0 1 2 171 1 0
0 16.32 0.21 2 6 4 0.125 0 0 0 0 2 200 2 0
0 69.5 6 2 1 1 0 0 0 0 0 1 0 1 0
0 28.67 1.04 2 8 4 2.5 1 1 5 1 2 300 1431 1
1 18.82 0.41 1 8 4 0.165 0 1 1 0 2 200 2 0
0 20.42 0.83 2 11 4 1.585 1 1 1 0 2 0 1 1
1 25.67 0.28 1 8 4 1.5 0 0 0 1 2 160 1 0
1 40.25 21.5 2 10 9 20 1 1 11 0 2 0 1201 1
1.234 22.08 11.46 2 4 4 1.585 0 0 0 1 2 100 1213 0
0 29.5 0.46 2 4 4 0.54 1 1 4 0 2 380 501 1
1 32.83 2.5 2 13 8 2.75 1 1 6 0 2 160 2073 1
1 27.25 1.66 2 13 8 5.085 1 1 9 0 2 399 828 1
1 32.75 2.33 2 2 8 5.75 0 0 0 1 2 292 1 0
1 19.42 1.5 1 13 4 2 1 0 0 1 2 100 21 0
1 47.33 6.5 2 8 4 1 0 0 0 1 2 0 229 0
1 23 0.62 1 6 4 0.125 1 0 0 0 2 180 2 0
0 28.17 0.37 2 11 4 0.585 1 1 4 0 2 80 1 1
1 22.08 2.33 2 4 4 0.75 0 0 0 0 2 180 1 0
1 16.5 0.12 2 8 4 0.165 0 0 0 0 2 132 1 0
1 49.5 7.58 2 3 5 7.585 1 1 15 1 2 0 5001 1
1 16.25 0.83 2 7 4 0.085 1 0 0 0 1 200 1 0
0 19.67 0.21 2 11 8 0.29 1 1 11 0 2 80 100 1
1 62.5 12.75 1 8 8 5 1 0 0 0 2 112 1 0
1 20.17 5.62 2 9 4 1.71 1 0 0 0 1 120 1 1
1 26.75 2 2 2 4 0.75 0 0 0 1 2 80 1 0
1 25.75 0.75 2 8 5 0.25 1 0 0 0 2 349 24 1
1 25 11.25 2 8 4 2.5 1 1 17 0 2 200 1209 1
1 31.57 0.37 2 2 4 0.875 1 0 0 1 1 928 1 0
0 56.5 16 2 5 1 0 1 1 15 0 2 0 248 1
0 16.07 0.33 2 1 1 0 0 1 1 0 2 160 127 0
1 33.17 1 2 14 4 0.75 1 1 7 1 2 340 4072 1
0 38.33 4.41 2 8 4 0.125 0 0 0 0 2 160 1 0
1 34.08 6.5 2 6 4 0.125 1 0 0 1 2 443 1 0
0 25.42 1.12 2 11 4 1.29 1 1 2 0 2 200 1 0
0 48.17 1.33 2 3 7 0.335 0 0 0 0 2 0 121 0
1 51.58 15 2 8 4 8.5 1 1 9 0 2 0 1 1
0 29.58 1.75 1 4 4 1.25 0 0 0 1 2 280 1 0
0 44.33 0 2 8 4 2.5 1 0 0 0 2 0 1 1
1 22.08 11 2 13 4 0.665 1 0 0 0 2 100 1 1
1 17.07 0.08 1 8 4 0.04 0 0 0 0 2 140 723 0
1 33.67 2.16 2 8 4 1.5 0 0 0 0 3 120 1 0
1 35.17 25.12 2 14 8 1.625 1 1 1 1 2 515 501 1
1 25.17 6 2 8 4 1 1 1 3 0 2 0 1 1
0 20.32 10 2 8 8 1 1 1 4 0 2 50 1466 1
1 21.17 0 2 8 4 0.5 0 0 0 1 1 0 1 0
0 41 2.04 1 11 8 0.125 1 1 23 1 2 455 1237 1
0 57.08 0.33 2 3 5 1 1 0 0 1 2 252 2198 0
1 22.58 1.5 1 6 4 0.54 0 0 0 1 2 120 68 0
1 23.92 1.5 2 2 8 1.875 1 1 6 0 2 200 328 1
1 34.92 2.5 2 9 4 0 1 0 0 1 2 239 201 1
1 29.42 1.25 2 8 8 0.25 0 1 2 1 2 400 109 0
1 36.67 4.41 1 4 4 0.25 1 1 10 1 2 320 1 1
1 30.58 2.71 1 7 4 0.125 0 0 0 1 1 80 1 0
1 39.25 9.5 2 7 4 6.5 1 1 14 0 2 240 4608 1
1 23.08 2.5 2 1 1 0.085 0 0 0 1 2 100 4209 0
1 30.83 0 2 9 4 1.25 1 1 1 0 2 202 1 1
1 21.92 0.54 1 14 4 0.04 1 1 1 1 2 840 60 1
0 25.25 13.5 1 1 1 2 0 1 1 1 2 200 2 0
1 38.25 10.12 1 4 4 0.125 0 0 0 0 2 160 1 0
1 20.67 1.25 1 8 8 1.375 1 1 3 1 2 140 211 0
0 33.08 1.62 2 2 4 0.54 0 0 0 1 2 0 1 0
1 25.33 0.57 2 8 4 0.29 1 1 7 1 2 96 5125 1
1 48.17 3.5 2 6 4 3.5 1 0 0 0 1 230 1 1
1 42 0.2 2 3 8 5.125 1 0 0 0 2 400 1 1
1 22.75 11 2 11 4 2.5 1 1 7 1 2 100 810 1
1 23.42 0.58 2 8 8 0.085 1 0 0 0 2 180 1 0
1 38.58 3.33 2 9 4 4 1 1 14 0 2 383 1345 1
0 60.58 16.5 2 11 4 11 1 0 0 1 2 21 10562 1
1 23.5 2.75 2 1 1 4.5 0 0 0 0 2 160 26 0
0 26.17 2 2 5 3 0 0 0 0 1 2 276 2 0
0 23.75 0.71 2 9 4 0.25 0 1 1 1 2 240 5 0
1 67.75 5.5 2 10 9 13 1 1 1 1 2 0 1 1
1 23.58 0.46 1 9 4 2.625 1 1 6 1 2 208 348 0
1 37.42 2.04 2 9 4 0.04 1 0 0 1 2 400 5801 1
1 32.42 3 2 2 4 0.165 0 0 0 1 2 120 1 0
1 21.67 1.16 1 4 4 2.5 1 1 1 0 2 180 21 0
0 27.67 2.04 2 9 4 0.25 0 0 0 1 2 180 51 0
1 18.07 6.75 1 7 4 0.04 0 0 0 0 2 140 1 0
1 36.17 18.12 2 9 4 0.085 0 0 0 0 2 320 3553 0
1 30.08 1.04 1 3 5 0.5 1 1 10 1 2 132 29 0
1 40.92 0.5 1 7 4 0.5 0 0 0 1 2 130 1 0
0 27.58 3 2 7 4 2.79 0 1 1 1 2 280 11 0
1 23.08 2.5 2 8 4 1.085 1 1 11 1 2 60 2185 1
0 55.75 7.08 2 4 8 6.75 1 1 3 1 2 100 51 0
0 33.25 3 1 6 4 2 0 0 0 0 2 180 1 0
0 20.67 3 2 11 4 0.165 1 1 3 0 2 100 7 1
1 32.67 9 1 9 8 5.25 1 0 0 1 2 154 1 1
0 30.67 12 2 8 4 2 1 1 1 0 2 220 20 1
1 18.5 2 2 3 4 1.5 1 1 2 0 2 120 301 1
1 27.67 2 2 14 8 1 1 1 4 0 2 140 7545 1
1 30.75 1.58 2 2 4 0.585 0 0 0 1 1 0 1 0
1 28.25 0.87 2 7 4 0.96 1 1 3 1 2 396 1 1
0 47.42 3 2 14 4 13.875 1 1 2 1 2 519 1705 1
0 23 11.75 2 14 8 0.5 1 1 2 1 2 300 552 1
1 19 1.75 1 8 4 2.335 0 0 0 1 2 112 7 0
1 26.25 1.54 2 9 4 0.125 0 0 0 0 2 100 1 0
1 22.67 1.58 1 9 4 3.085 1 1 6 0 2 80 1 1
1 28.75 1.5 1 8 4 1.5 1 0 0 1 2 0 226 0
1 22.67 0.16 2 8 3 2.25 0 0 0 1 1 0 1 1
0 28.42 3.5 2 9 4 0.835 1 0 0 0 1 280 1 1
1 26.17 0.83 2 13 4 1.165 0 0 0 0 2 100 1 0
1 28 3 2 9 4 0.75 0 0 0 1 2 300 68 0
0 21.75 11.75 2 8 4 0.25 0 0 0 1 2 180 1 0
1 30.17 6.5 2 13 4 3.125 1 1 8 0 2 330 1201 1

