1 20 1.25 1 4 4 0.125 0 0 0 0 2 140 5 0
1 16.17 0.04 2 8 4 0.04 0 0 0 0 2 0 1 1
1 22.83 3 2 7 4 1.29 1 1 1 0 2 260 801 1
1 54.42 0.5 1 4 8 3.96 1 0 0 0 2 180 315 1
0 24.5 0.5 2 11 8 1.5 1 0 0 0 2 280 825 1
0 23 1.83 2 5 3 0 0 1 1 0 2 200 54 0
1 36.33 3.79 2 9 4 1.165 1 0 0 1 2 200 1 0
1 34.17 9.17 2 8 4 4.5 1 1 12 1 2 0 222 1
1 28.33 5 2 9 4 11 1 0 0 1 2 70 1 1
1 21.17 0.25 1 8 8 0.25 0 0 0 0 2 280 205 0
1 22.92 0.17 2 7 4 0.085 0 0 0 0 1 0 1 0
1 37.58 0 2 8 4 0 0 0 0 0 3 184 1 1
0 21.5 6 2 6 4 2.5 1 1 3 0 2 80 919 1
1 22.75 11 2 11 4 2.5 1 1 7 1 2 100 810 1
0 22.25 1.25 1 1 1 3.25 0 0 0 0 2 280 1 0
1 41.92 0.42 2 8 8 0.21 1 1 6 0 2 220 949 1
1 17.07 0.08 1 8 4 0.04 0 0 0 0 2 140 723 0
0 35.42 12 2 11 8 14 1 1 8 0 2 0 6591 1
1 28 3 2 9 4 0.75 0 0 0 1 2 300 68 0
0 31.25 3.75 2 13 8 0.625 1 1 9 1 2 181 1 1
1 38.25 10.12 1 4 4 0.125 0 0 0 0 2 160 1 0
0 21.08 5 1 1 1 0 0 0 0 0 2 0 1 0
1 17.07 3.29 2 3 4 0.335 0 0 0 1 2 140 3 0
1 48.58 6.5 2 11 8 6 1 0 0 1 2 350 1 1
1 19.17 4 1 3 4 1 0 0 0 1 2 360 1001 0
0 25.75 0.5 2 8 8 0.875 1 0 0 1 2 491 1 1
0 36.58 0.28 2 1 1 0 0 1 10 0 2 200 19 0
0 16.32 0.21 2 6 4 0.125 0 0 0 0 2 200 2 0
1 34.17 2.75 2 3 5 2.5 0 0 0 1 2 232 201 0
1 37.5 0.83 2 10 4 0.04 0 0 0 0 2 120 6 0
0 18.92 9.25 1 8 4 1 1 1 4 1 2 80 501 1
1 21.92 0.5 2 8 4 0.125 0 0 0 0 2 360 1 0
1 30.17 1.08 1 8 4 0.04 0 0 0 0 2 170 180 0
0 38.92 1.66 2 6 4 0.25 0 0 0 0 2 0 391 0
1 26.17 0.25 2 3 5 0 1 0 0 1 2 0 1 1
1 19 0 1 1 1 0 0 1 4 0 2 45 2 0
0 22.5 8.46 1 14 4 2.46 0 0 0 0 2 164 1 1
0 30.58 10.66 2 11 8 0.085 0 1 12 1 2 129 4 0
0 45.83 10.5 2 11 4 5 1 1 7 1 2 0 1 1
1 19.57 0.58 2 1 1 0 0 1 3 0 2 350 770 0
1 42 0.2 2 3 8 5.125 1 0 0 0 2 400 1 1
0 25 0.87 2 14 8 1.04 1 0 0 1 2 160 5861 1
1 21.5 9.75 2 8 4 0.25 1 0 0 0 2 140 1 0
0 22.67 3.8 2 8 4 0.165 0 0 0 0 2 160 1 0
1 40.92 2.25 1 14 8 10 1 0 0 1 2 176 1 0
1 18.07 5.5 2 4 4 0.5 1 0 0 0 2 80 1 1
0 28.5 3.04 1 14 8 2.54 1 1 1 0 2 70 1 1
0 15.75 0.37 2 8 4 1 0 0 0 0 2 120 19 0
1 27.25 1.66 2 13 8 5.085 1 1 9 0 2 399 828 1
1 48.5 4.25 2 7 4 0.125 1 0 0 1 2 225 1 1
1 20 0 2 2 4 0.5 0 0 0 0 2 144 1 0
0 58.42 21 2 3 5 10 1 1 13 0 2 0 6701 1
1 38.42 0.7 2 8 4 0.375 0 1 2 0 2 225 501 0
1 31.08 3.08 2 8 4 2.5 0 1 2 1 2 160 42 0
1 28.75 1.5 1 8 4 1.5 1 0 0 1 2 0 226 0
0 30 5.29 2 10 2 2.25 1 1 5 1 2 99 501 1
1 25.17 3.5 2 13 4 0.625 1 1 7 0 2 0 7060 1
1 21.42 0.75 1 12 7 0.75 0 0 0 1 2 132 3 0
1 17.67 4.46 2 8 4 0.25 0 0 0 0 1 80 1 0
1 39.33 5.87 2 13 8 10 1 1 14 1 2 399 1 1
0 65.17 14 2 1 1 0 1 1 11 1 2 0 1401 1
1 33.67 1.25 2 9 4 1.165 0 0 0 0 2 120 1 0
1 41.17 1.33 2 2 4 0.165 0 0 0 0 2 168 1 0
1 37.5 1.75 1 8 5 0.25 1 0 0 1 2 164 401 0
0 18.75 7.5 2 11 4 2.71 1 1 5 0 2 184 26727 1
1 25 12.5 2 6 4 3 1 0 0 1 1 20 1 1
1 62.75 7 2 10 9 0 0 0 0 0 2 0 13 0
1 27.83 4 1 3 8 5.75 1 1 2 1 2 75 1 0
1 58.58 2.71 2 8 4 2.415 0 0 0 1 2 320 1 0
0 27.42 14.5 2 14 8 3.085 1 1 1 0 2 120 12 1
1 34.92 5 2 14 8 7.5 1 1 6 1 2 0 1001 1
0 26.08 8.66 2 6 4 1.415 1 0 0 0 2 160 151 1
0 57.08 0.33 2 3 5 1 1 0 0 1 2 252 2198 0
0 22.75 6.16 2 6 4 0.165 0 0 0 0 2 220 1001 0
1 27.67 2 2 14 8 1 1 1 4 0 2 140 7545 1
0 17.92 10.21 2 1 1 0 0 0 0 0 2 0 51 0
0 38.33 4.41 2 8 4 0.125 0 0 0 0 2 160 1 0
1 22 0.79 2 9 4 0.29 0 1 1 0 2 420 284 0
1 38.58 3.33 2 9 4 4 1 1 14 0 2 383 1345 1
0 23.58 0.58 1 1 1 0.125 0 0 0 0 2 120 88 0
1 57.42 8.5 2 10 8 7 1 1 3 0 2 0 1 1
1 34.17 1.54 2 13 4 1.54 1 1 1 1 2 520 50001 1
0 45 4.58 2 4 8 1 0 0 0 1 1 240 1 0
1 26.83 0.54 2 4 1 0 0 0 0 0 2 100 1 0
1 30.17 0.5 2 8 4 1.75 1 1 11 0 2 32 541 1
1 29.42 1.25 2 8 8 0.25 0 1 2 1 2 400 109 0
0 24.75 13.66 2 11 8 1.5 0 0 0 0 2 280 2 0
1 29.92 1.83 2 8 8 4.335 1 0 0 0 2 260 201 1
0 21.67 11.5 1 5 3 0 1 1 11 1 2 0 1 1
0 20.83 0.5 1 10 2 1 0 0 0 0 2 260 1 0
0 18.25 10 2 9 4 1 0 1 1 0 2 120 2 0
1 23 0.75 2 7 4 0.5 1 0 0 1 1 320 1 0
1 26.67 14.58 2 3 5 0 0 0 0 1 2 178 1 0
1 23.08 11.5 2 3 4 3.5 1 1 9 0 2 56 743 1
1 36.17 5.5 2 3 5 5 0 0 0 0 2 210 688 0
1 36.33 2.12 1 9 4 0.085 1 1 1 0 2 50 1188 1
1 41.33 0 2 8 5 15 1 0 0 0 2 0 1 1
1 20.75 5.08 1 5 4 0.29 0 0 0 0 2 140 185 0
1 39.92 6.21 2 11 4 0.04 1 1 1 0 2 200 301 1
1 23 0.75 2 7 4 0.5 0 0 0 1 1 320 1 0
1 23.5 3.16 1 4 4 0.415 0 1 1 1 2 280 81 0
1 27 1.5 1 9 4 0.375 1 0 0 1 2 260 1066 1
0 18.82 4.41 1 8 8 3 1 0 0 0 2 240 1 1
0 32.17 1.46 2 9 4 1.085 1 1 16 0 2 120 2080 1
0 22.5 0.41 2 3 4 0.335 0 0 0 1 1 144 1 0
0 28.08 15 1 10 9 0 1 0 0 0 2 0 13213 1
1 31.83 0.04 1 7 4 0.04 0 0 0 0 2 0 1 0
1 35.17 4.5 2 14 8 5.75 0 0 0 1 1 711 1 1
1 39.17 1.62 2 8 4 1.5 1 1 10 0 2 186 4701 1
1 22.92 3.16 1 8 4 0.165 0 0 0 0 2 160 1059 0

