1 21.25 1.5 2 9 4 1.5 0 0 0 0 2 150 9 1
1 31.57 4 1 3 4 0.085 0 0 0 1 2 411 1 0
1 29.58 4.5 2 9 4 7.5 1 1 2 1 2 330 1 1
1 16.17 0.04 2 8 4 0.04 0 0 0 0 2 0 1 1
0 20.67 3 2 11 4 0.165 1 1 3 0 2 100 7 1
1 26.17 12.5 1 4 8 1.25 0 0 0 1 2 0 18 0
1 30.17 1.08 1 8 4 0.04 0 0 0 0 2 170 180 0
1 39 5 2 13 4 3.5 1 1 10 1 2 0 1 1
1 16 3.12 2 9 4 0.085 0 1 1 0 2 0 7 0
1 22.25 9 2 6 4 0.085 0 0 0 0 2 0 1 0
1 17.07 0.08 1 8 4 0.04 0 0 0 0 2 140 723 0
0 23 1.83 2 5 3 0 0 1 1 0 2 200 54 0
0 22.42 5.66 2 11 4 2.585 1 1 7 0 2 129 3258 1
1 34.25 3 2 13 8 7.415 1 0 0 1 2 0 1 1
1 20.17 9.25 2 8 4 1.665 1 1 3 1 2 40 29 1
0 27.33 1.66 2 1 1 0 0 0 0 0 2 340 2 0
1 23.17 0 2 8 4 0 0 0 0 0 3 184 1 1
1 19 0 1 1 1 0 0 1 4 0 2 45 2 0
0 28.58 3.75 2 8 4 0.25 0 1 1 1 2 40 155 0
0 22.92 1.25 2 11 4 0.25 0 0 0 1 2 120 810 0
1 28.92 15 2 8 8 5.335 1 1 11 0 2 0 2284 1
1 37.58 0 2 8 4 0 0 0 0 0 3 184 1 1
1 24.33 6.62 1 2 4 5.5 1 0 0 1 1 100 1 1
1 20 7 2 8 4 0.5 0 0 0 0 2 0 1 0
1 48.08 6.04 2 4 4 0.04 0 0 0 0 2 0 2691 1
1 22.08 0.83 2 8 8 2.165 0 0 0 1 2 128 1 1
0 26.58 2.54 1 1 1 0 0 0 0 1 2 180 61 0
0 29.5 1.08 1 14 4 1 0 0 0 0 2 280 14 0
0 20.75 10.25 2 11 4 0.71 1 1 2 1 2 49 1 1
0 24.92 1.25 2 1 1 0 1 0 0 0 2 80 1 0
1 33.17 1 2 14 4 0.75 1 1 7 1 2 340 4072 1
0 28.17 0.58 2 6 4 0.04 0 0 0 0 2 260 1005 0
1 24.58 13.5 1 1 1 0 0 0 0 0 2 184 1 0
0 25.33 2.08 2 8 8 2.75 1 0 0 1 2 360 2 0
0 22.67 0.75 2 8 4 2 0 1 2 1 2 200 395 0
0 16 0.16 2 6 4 1 0 1 2 1 2 320 2 0
1 39.42 1.71 1 7 4 0.165 0 0 0 0 1 400 1 0
0 37.75 5.5 2 11 4 0.125 1 0 0 1 2 228 1 1
1 21.92 0.5 2 8 4 0.125 0 0 0 0 2 360 1 0
0 20.67 1.83 2 11 4 2.085 1 1 5 0 2 220 2504 1
1 24.17 0.87 2 11 4 4.625 1 1 2 1 2 520 2001 1
1 19.32 10.91 2 8 5 0.585 0 1 2 1 2 200 8 0
1 54.33 6.75 2 8 8 2.625 1 1 11 1 2 0 285 1
0 31.92 3.12 2 1 1 3.04 0 1 2 1 2 200 5 0
1 34 4.5 2 6 4 1 1 0 0 1 2 240 1 0
0 18.42 9.25 2 11 4 1.21 1 1 4 0 2 60 541 1
1 20 0 2 2 4 0.5 0 0 0 0 2 144 1 0
1 69.17 9 2 1 1 4 0 1 1 0 2 70 7 0
1 35.17 4.5 2 14 8 5.75 0 0 0 1 1 711 1 1
0 24.5 0.5 2 11 8 1.5 1 0 0 0 2 280 825 1
0 48.17 1.33 2 3 7 0.335 0 0 0 0 2 0 121 0
1 48.17 7.62 2 9 8 15.5 1 1 12 0 2 0 791 1
0 40.83 3.5 2 3 5 0.5 0 0 0 0 1 1160 1 0
0 55.75 7.08 2 4 8 6.75 1 1 3 1 2 100 51 0
1 21.5 9.75 2 8 4 0.25 1 0 0 0 2 140 1 0
1 26.67 1.75 1 8 4 1 1 1 5 1 2 160 5778 1
1 52.33 1.37 1 8 8 9.46 1 0 0 1 2 200 101 0
1 44.83 7 1 8 4 1.625 0 0 0 0 2 160 3 0
1 25.92 0.87 2 4 4 0.375 0 1 2 1 2 174 4 0
1 64.08 20 2 14 8 17.5 1 1 9 1 2 0 1001 1
0 40.83 10 2 11 8 1.75 1 0 0 0 2 29 838 1
1 39.08 6 2 7 4 1.29 1 1 5 1 2 108 1098 1
1 48.58 0.2 1 4 4 0.25 1 1 11 0 2 380 2733 1
1 48.25 25.08 2 9 4 1.75 1 1 3 0 2 120 15 1
1 18.42 10.41 1 6 4 0.125 1 0 0 0 2 120 376 0
0 52.5 7 2 6 8 3 0 0 0 0 2 0 1 0
1 27.75 1.29 2 4 8 0.25 0 0 0 1 1 140 1 0
0 33.08 1.62 2 2 4 0.54 0 0 0 1 2 0 1 0
1 16.5 0.12 2 8 4 0.165 0 0 0 0 2 132 1 0
1 31.57 3 1 3 5 7 0 0 0 0 2 0 2 0
0 57.08 19.5 2 8 4 5.5 1 1 7 0 2 0 3001 1
1 36.33 3.79 2 9 4 1.165 1 0 0 1 2 200 1 0
0 41.58 1.04 2 6 4 0.665 0 0 0 0 2 240 238 0
1 18.25 0.16 2 2 4 0.25 0 0 0 1 1 280 1 0
0 23.58 0.83 2 11 4 0.415 0 1 1 1 2 200 12 0
0 30.5 6.5 2 8 5 4 1 1 7 1 2 0 3066 1
1 28.25 5.12 2 14 4 4.75 1 1 2 0 2 420 8 1
1 33.67 1.25 2 9 4 1.165 0 0 0 0 2 120 1 0
1 39.17 2.5 1 3 8 10 0 0 0 1 1 200 1 0
1 23.42 0.58 2 8 8 0.085 1 0 0 0 2 180 1 0
1 21.17 0.25 1 8 8 0.25 0 0 0 0 2 280 205 0
0 53.33 0.16 2 1 1 0 0 0 0 1 1 62 28 0
1 24.83 2.75 2 8 4 2.25 1 1 6 0 2 184 601 1
1 28.17 0.12 1 4 4 0.085 0 0 0 0 2 216 2101 0
1 48.33 12 2 7 4 16 1 0 0 0 1 110 1 1
1 27.25 1.58 2 13 8 1.835 1 1 12 1 2 583 714 1
0 20.42 7.5 2 4 4 1.5 1 1 1 0 2 160 235 1
1 56 12.5 2 4 8 8 1 0 0 1 2 24 2029 1
1 31.25 1.12 2 1 1 0 0 1 1 0 2 96 20 0
1 42 9.78 2 14 8 7.96 1 1 8 0 2 0 1 1
1 22.5 11.5 1 7 4 1.5 0 0 0 1 2 0 4001 0
1 31.57 0.37 2 2 4 0.875 1 0 0 1 1 928 1 0
1 41.17 1.33 2 2 4 0.165 0 0 0 0 2 168 1 0
0 26.08 8.66 2 6 4 1.415 1 0 0 0 2 160 151 1
1 41.42 5 2 11 8 5 1 1 6 1 2 470 1 1
1 44.25 0.5 2 7 4 10.75 1 0 0 0 1 400 1 0
1 23.75 0.41 1 8 4 0.04 0 1 2 0 2 128 7 0
1 47.67 2.5 2 7 5 2.5 1 1 12 1 2 410 2511 1
1 25.08 1.71 2 14 4 1.665 1 1 1 1 2 395 21 1
1 34.83 4 2 2 5 12.5 1 0 0 1 2 184 1 0
1 32 1.75 1 10 8 0.04 1 0 0 1 2 393 1 1
0 27.67 2.04 2 9 4 0.25 0 0 0 1 2 180 51 0
0 38.25 6 2 4 4 1 1 0 0 1 2 0 1 1
1 21.83 1.54 2 4 4 0.085 0 0 0 1 2 356 1 0
1 22.67 10.5 2 11 8 1.335 1 0 0 0 2 100 1 1
1 19.17 4 1 3 4 1 0 0 0 1 2 360 1001 0
1 48.58 6.5 2 11 8 6 1 0 0 1 2 350 1 1
1 59.67 1.54 2 11 4 0.125 1 0 0 1 2 260 1 1
1 22.17 12.12 2 8 4 3.335 0 1 2 1 2 180 174 0
1 25.25 1 2 6 4 0.5 0 0 0 0 2 200 1 0

