0 47 13 2 3 5 5.165 1 1 9 1 2 0 1 1
1 22.92 3.16 1 8 4 0.165 0 0 0 0 2 160 1059 0
0 58.67 4.46 2 11 8 3.04 1 1 6 0 2 43 561 1
1 28.25 5.12 2 14 4 4.75 1 1 2 0 2 420 8 1
1 34.83 2.5 1 9 4 3 0 0 0 0 1 200 1 0
1 43.25 25.21 2 11 8 0.21 1 1 1 0 2 760 91 0
0 42.25 1.75 1 8 4 0 0 0 0 1 2 150 2 0
1 18.17 10.25 2 8 8 1.085 0 0 0 0 2 320 14 0
1 21.92 0.5 2 8 4 0.125 0 0 0 0 2 360 1 0
1 30.75 1.58 2 2 4 0.585 0 0 0 1 1 0 1 0
0 33.08 1.62 2 2 4 0.54 0 0 0 1 2 0 1 0
0 21.75 1.75 1 5 3 0 0 0 0 0 2 160 1 0
0 25.17 2.87 2 14 8 0.875 1 0 0 0 2 360 1 1
0 16 0.16 2 6 4 1 0 1 2 1 2 320 2 0
0 27.67 2.04 2 9 4 0.25 0 0 0 1 2 180 51 0
0 22.5 0.41 2 3 4 0.335 0 0 0 1 1 144 1 0
1 43.25 3 2 11 8 6 1 1 11 0 2 80 1 1
1 36.33 2.12 1 9 4 0.085 1 1 1 0 2 50 1188 1
1 26.17 0.25 2 3 5 0 1 0 0 1 2 0 1 1
0 28.5 3.04 1 14 8 2.54 1 1 1 0 2 70 1 1
0 16.5 1.25 2 11 4 0.25 0 1 1 0 2 108 99 0
1 47.33 6.5 2 8 4 1 0 0 0 1 2 0 229 0
1 20 1.25 1 4 4 0.125 0 0 0 0 2 140 5 0
1 22.08 11 2 13 4 0.665 1 0 0 0 2 100 1 1
0 18.92 9.25 1 8 4 1 1 1 4 1 2 80 501 1
1 69.17 9 2 1 1 4 0 1 1 0 2 70 7 0
1 20.42 1.83 2 8 4 2.25 1 1 1 0 2 100 151 1
1 34.17 9.17 2 8 4 4.5 1 1 12 1 2 0 222 1
0 35.75 0.91 2 6 4 0.75 1 1 4 0 2 0 1584 1
1 28 3 2 9 4 0.75 0 0 0 1 2 300 68 0
1 51.33 10 2 3 5 0 1 1 11 0 2 0 1250 1
0 17.92 10.21 2 1 1 0 0 0 0 0 2 0 51 0
0 52.5 7 2 6 8 3 0 0 0 0 2 0 1 0
1 25.67 2.21 1 6 4 4 1 0 0 0 2 188 1 0
1 25 12.5 2 6 4 3 1 0 0 1 1 20 1 1
0 21.67 11.5 1 5 3 0 1 1 11 1 2 0 1 1
1 34.08 6.5 2 6 4 0.125 1 0 0 1 2 443 1 0
1 31.57 3 1 3 5 7 0 0 0 0 2 0 2 0
1 23.08 11.5 2 9 8 2.125 1 1 11 1 2 290 285 1
0 22.5 8.46 1 14 4 2.46 0 0 0 0 2 164 1 1
1 31.67 16.16 2 2 4 3 1 1 9 0 2 250 731 1
1 13.75 4 1 9 4 1.75 1 1 2 1 2 120 1001 1
0 25 0.87 2 14 8 1.04 1 0 0 1 2 160 5861 1
1 40.58 1.5 2 3 5 0 0 0 0 0 1 300 1 0
1 51.42 0.04 2 14 8 0.04 1 0 0 0 2 0 3001 1
1 28.92 15 2 8 8 5.335 1 1 11 0 2 0 2284 1
1 31.57 4 1 3 4 0.085 0 0 0 1 2 411 1 0
1 48.08 6.04 2 4 4 0.04 0 0 0 0 2 0 2691 1
1 16.32 4.08 2 3 8 0.415 0 0 0 1 2 120 1 0
1 25.75 0.75 2 8 5 0.25 1 0 0 0 2 349 24 1
1 47.17 5.83 2 9 4 5.5 0 0 0 0 2 465 151 0
0 29.58 1.75 1 4 4 1.25 0 0 0 1 2 280 1 0
1 57.83 7.04 2 7 4 14 1 1 6 1 2 360 1333 1
1 23.33 11.62 1 9 4 0.835 1 0 0 1 2 160 301 1
0 28.42 3.5 2 9 4 0.835 1 0 0 0 1 280 1 1
0 31.57 3.5 2 2 4 3 1 0 0 1 2 300 1 0
1 48.58 0.2 1 4 4 0.25 1 1 11 0 2 380 2733 1
1 38.42 0.7 2 8 4 0.375 0 1 2 0 2 225 501 0
0 36 1 2 8 4 2 1 1 11 0 2 0 457 1
0 30.67 12 2 8 4 2 1 1 1 0 2 220 20 1
0 32.17 1.46 2 9 4 1.085 1 1 16 0 2 120 2080 1
0 20.07 1.25 2 8 4 0 0 0 0 0 2 0 1 0
0 30.5 6.5 2 8 5 4 1 1 7 1 2 0 3066 1
1 20.67 1.25 1 8 8 1.375 1 1 3 1 2 140 211 0
0 44.33 0 2 8 4 2.5 1 0 0 0 2 0 1 1
1 42.17 5.04 2 11 8 12.75 1 0 0 1 2 92 1 1
1 21.83 0.25 2 2 8 0.665 1 0 0 1 2 0 1 1
0 30.25 5.5 2 4 4 5.5 0 0 0 1 1 100 1 0
0 29.5 0.46 2 4 4 0.54 1 1 4 0 2 380 501 1
0 46.67 0.46 2 13 8 0.415 1 1 11 1 2 440 7 1
0 22.67 0.75 2 8 4 2 0 1 2 1 2 200 395 0
1 23.58 0.83 2 3 8 0.085 0 0 0 1 2 220 6 0
1 27.83 1.5 2 9 4 2.25 0 1 1 1 2 100 4 0
1 20.07 0.25 2 11 4 0.125 0 0 0 0 2 200 1 0
1 22.75 11 2 11 4 2.5 1 1 7 1 2 100 810 1
0 60.92 5 2 6 4 4 1 1 4 0 2 0 100 1
1 17.42 6.5 2 3 4 0.125 0 0 0 0 2 60 101 0
0 46 4 2 5 3 0 1 0 0 0 2 100 961 1
0 44.17 6.66 2 11 4 7.375 1 1 3 1 2 0 1 1
1 23.58 0.46 1 9 4 2.625 1 1 6 1 2 208 348 0
0 28.08 15 1 10 9 0 1 0 0 0 2 0 13213 1
1 21.33 10.5 2 8 4 3 1 0 0 1 2 0 1 1
1 30.67 2.5 2 13 8 2.25 0 0 0 1 1 340 1 0
0 27.17 1.25 2 1 1 0 0 1 1 0 2 92 301 0
0 48.17 1.33 2 3 7 0.335 0 0 0 0 2 0 121 0
1 54.42 0.5 1 4 8 3.96 1 0 0 0 2 180 315 1
1 34.92 5 2 14 8 7.5 1 1 6 1 2 0 1001 1
1 27.83 1.5 2 9 4 2 1 1 11 1 2 434 36 1
0 15.83 0.58 2 8 8 1.5 1 1 2 0 2 100 1 1
1 34.17 5.25 2 9 4 0.085 0 0 0 1 2 290 7 1
1 22.08 0.83 2 8 8 2.165 0 0 0 1 2 128 1 1
1 38.92 1.75 2 4 4 0.5 0 0 0 1 2 300 3 0
1 28.67 14.5 2 2 4 0.125 0 0 0 0 2 0 287 0
1 22.17 12.12 2 8 4 3.335 0 1 2 1 2 180 174 0
0 30.42 1.37 2 9 8 0.04 0 1 3 0 2 0 34 0
1 24.08 9 2 6 4 0.25 0 0 0 1 2 0 1 0
1 29.67 0.75 1 8 4 0.04 0 0 0 0 2 240 1 0
1 26.25 1.54 2 9 4 0.125 0 0 0 0 2 100 1 0
1 23 0.75 2 7 4 0.5 0 0 0 1 1 320 1 0
0 17.57 9 2 6 4 1.375 1 0 0 1 2 0 1 1
1 22.58 1.5 1 6 4 0.54 0 0 0 1 2 120 68 0
0 19.5 0.16 2 11 4 0.04 0 0 0 1 2 380 1 0
1 32.75 2.33 2 2 8 5.75 0 0 0 1 2 292 1 0
1 25.5 0.37 2 7 4 0.25 1 1 3 0 2 260 15109 1
1 29.83 1.25 1 4 4 0.25 0 0 0 0 2 224 1 0
1 59.5 2.75 2 9 4 1.75 1 1 5 1 2 60 59 1
0 38.33 4.41 2 8 4 0.125 0 0 0 0 2 160 1 0
0 17.92 0.54 2 8 4 1.75 0 1 1 1 2 80 6 0
0 32.25 1.5 2 8 4 0.25 0 0 0 1 2 372 123 0
0 26.92 13.5 2 11 8 5 1 1 2 0 2 0 5001 1

