0 27.33 1.66 2 1 1 0 0 0 0 0 2 340 2 0
0 21.5 6 2 6 4 2.5 1 1 3 0 2 80 919 1
0 24.75 3 2 11 8 1.835 1 1 19 0 2 0 501 1
0 38.33 4.41 2 8 4 0.125 0 0 0 0 2 160 1 0
0 48.17 1.33 2 3 7 0.335 0 0 0 0 2 0 121 0
1 69.17 9 2 1 1 4 0 1 1 0 2 70 7 0
1 22.08 0.83 2 8 8 2.165 0 0 0 1 2 128 1 1
1 16.5 0.12 2 8 4 0.165 0 0 0 0 2 132 1 0
1 73.42 17.75 2 1 1 0 1 0 0 1 2 0 1 1
0 22.58 10.75 2 11 4 0.415 1 1 5 1 2 0 561 1
0 20.83 0.5 1 10 2 1 0 0 0 0 2 260 1 0
0 26.08 8.66 2 6 4 1.415 1 0 0 0 2 160 151 1
1 39.17 1.62 2 8 4 1.5 1 1 10 0 2 186 4701 1
1 43.17 5 2 3 5 2.25 0 0 0 1 2 141 1 0
1 54.83 15.5 2 10 9 0 1 1 20 0 2 152 131 0
1 44.25 11 1 2 4 1.5 1 0 0 0 1 0 1 0
1 50.75 0.58 2 1 1 0 0 0 0 0 2 145 1 0
0 20.83 8.5 2 8 4 0.165 0 0 0 0 2 0 352 0
1 21.58 0.79 1 13 4 0.665 0 0 0 0 2 160 1 0
0 20.75 9.53 2 3 4 0.04 0 0 0 0 2 200 1001 0
1 36.42 0.75 1 2 4 0.585 0 0 0 0 2 240 4 0
1 27.42 12.5 2 6 5 0.25 0 0 0 1 2 720 1 0
1 18.82 0 2 11 4 0.665 0 0 0 0 2 160 2 0
1 27 1.5 1 9 4 0.375 1 0 0 1 2 260 1066 1
1 31.83 0.04 1 7 4 0.04 0 0 0 0 2 0 1 0
0 36.75 4.71 2 1 1 0 0 0 0 0 2 160 1 0
1 33.17 3.04 1 8 8 2.04 1 1 1 1 2 180 18028 1
1 25.33 0.57 2 8 4 0.29 1 1 7 1 2 96 5125 1
1 31.58 0.75 1 6 4 3.5 0 0 0 1 2 320 1 0
1 37.42 2.04 2 9 4 0.04 1 0 0 1 2 400 5801 1
1 54.42 0.5 1 4 8 3.96 1 0 0 0 2 180 315 1
1 40.58 1.5 2 3 5 0 0 0 0 0 1 300 1 0
1 16.32 2.75 2 6 4 0.665 0 1 1 0 2 80 22 0
1 32.42 2.16 1 4 1 0 0 0 0 0 2 120 1 0
1 22.58 1.5 1 6 4 0.54 0 0 0 1 2 120 68 0
0 25.75 0.5 2 8 8 0.875 1 0 0 1 2 491 1 1
0 25 12.33 2 13 8 3.5 1 1 6 0 2 400 459 1
1 19.67 0.37 2 11 4 2 1 1 2 1 2 80 1 1
1 22 0.79 2 9 4 0.29 0 1 1 0 2 420 284 0
0 28.67 1.04 2 8 4 2.5 1 1 5 1 2 300 1431 1
1 42.83 4.62 2 11 4 4.58 1 0 0 0 1 0 1 1
1 21 4.79 1 9 4 2.25 1 1 1 1 2 80 301 1
1 34.83 2.5 1 9 4 3 0 0 0 0 1 200 1 0
1 48.75 26.33 1 1 1 0 1 0 0 1 2 0 1 0
1 22.17 2.25 2 3 4 0.125 0 0 0 0 2 160 11 0
1 48.58 0.2 1 4 4 0.25 1 1 11 0 2 380 2733 1
1 28.33 5 2 9 4 11 1 0 0 1 2 70 1 1
0 21.75 11.75 2 8 4 0.25 0 0 0 1 2 180 1 0
0 27.58 3 2 7 4 2.79 0 1 1 1 2 280 11 0
1 17.07 3.29 2 3 4 0.335 0 0 0 1 2 140 3 0
1 37.5 0.83 2 10 4 0.04 0 0 0 0 2 120 6 0
1 44 2 2 7 4 1.75 1 1 2 1 2 0 16 1
1 54.58 9.41 2 1 1 14.415 1 1 11 1 2 30 301 1
1 31.57 3 1 3 5 7 0 0 0 0 2 0 2 0
0 45.33 1 2 11 4 0.125 0 0 0 1 2 263 1 0
0 22.5 8.46 1 14 4 2.46 0 0 0 0 2 164 1 1
1 22.75 11 2 11 4 2.5 1 1 7 1 2 100 810 1
1 51.83 2.04 1 1 1 1.5 0 0 0 0 2 120 2 0
0 47.75 8 2 8 4 7.875 1 1 6 1 2 0 1261 1
0 25.58 0 2 8 4 0 0 0 0 0 3 184 1 1
0 22.67 0.33 2 11 4 0.75 0 0 0 0 1 160 1 0
1 21.83 0.25 2 2 8 0.665 1 0 0 1 2 0 1 1
1 25.67 0.28 1 8 4 1.5 0 0 0 1 2 160 1 0
0 24.75 12.5 2 6 4 1.5 1 1 12 1 2 120 568 1
1 35.17 2.5 2 4 4 4.5 1 1 7 0 2 150 1271 1
1 19.32 10.91 2 8 5 0.585 0 1 2 1 2 200 8 0
0 18.75 7.5 2 11 4 2.71 1 1 5 0 2 184 26727 1
0 22.42 5.66 2 11 4 2.585 1 1 7 0 2 129 3258 1
0 16.32 0.21 2 6 4 0.125 0 0 0 0 2 200 2 0
1 31.25 2.83 2 1 1 0 0 1 5 0 2 176 147 0
0 20.07 1.25 2 8 4 0 0 0 0 0 2 0 1 0
1 31.57 4 2 14 4 5 1 1 3 1 2 290 2280 1
1 40.58 5 2 8 4 5 1 1 7 0 2 0 3066 1
1 34.08 0.08 1 7 5 0.04 1 1 1 1 2 280 2001 1
0 31.92 3.12 2 1 1 3.04 0 1 2 1 2 200 5 0
1 34.67 1.08 2 7 4 1.165 0 0 0 0 1 28 1 0
0 42.25 1.75 1 8 4 0 0 0 0 1 2 150 2 0
1 29.42 1.25 2 9 4 1.75 0 0 0 0 2 200 1 0
1 22.25 9 2 6 4 0.085 0 0 0 0 2 0 1 0
1 31.08 3.08 2 8 4 2.5 0 1 2 1 2 160 42 0
0 22.5 11 1 11 4 3 1 0 0 1 2 268 1 0
1 51.83 3 1 1 1 1.5 0 0 0 0 2 180 5 0
1 20.5 2.41 2 8 4 2 1 1 11 1 2 200 3001 1
0 47.25 0.75 2 11 8 2.75 1 1 1 0 2 333 893 1
1 25.17 3 2 8 4 1.25 0 1 1 0 2 0 23 0
1 37.5 1.12 1 2 4 1.5 0 0 0 1 2 431 1 1
1 42.83 1.25 2 7 4 13.875 0 1 1 1 2 352 113 0
0 23.5 1.5 2 9 4 0.875 0 0 0 1 2 160 1 0
1 34.75 2.5 2 13 5 0.5 0 0 0 0 2 348 1 0
1 19.17 4 1 3 4 1 0 0 0 1 2 360 1001 0
0 33.25 3 1 6 4 2 0 0 0 0 2 180 1 0
1 23.92 1.5 2 2 8 1.875 1 1 6 0 2 200 328 1
0 25.25 12.5 2 2 4 1 0 0 0 1 2 180 1063 0
1 18.42 10.41 1 6 4 0.125 1 0 0 0 2 120 376 0
1 23.25 4 2 8 5 0.25 1 0 0 1 2 160 1 1
1 29.58 4.5 2 9 4 7.5 1 1 2 1 2 330 1 1
1 24.75 0.54 2 7 4 1 0 0 0 1 2 120 2 0
0 47 13 2 3 5 5.165 1 1 9 1 2 0 1 1
1 16.25 0.83 2 7 4 0.085 1 0 0 0 1 200 1 0
1 37.5 1.75 1 8 5 0.25 1 0 0 1 2 164 401 0
1 80.25 5.5 2 8 4 0.54 1 0 0 0 2 0 341 0
1 17.92 0.2 2 6 4 0.04 0 0 0 0 2 280 751 0
1 20.67 5.29 2 11 4 0.375 1 1 1 0 2 160 1 0
1 27.83 1.5 2 9 4 2.25 0 1 1 1 2 100 4 0
0 23 1.83 2 5 3 0 0 1 1 0 2 200 54 0
1 33.17 1.04 2 12 8 6.5 1 0 0 1 2 164 31286 1
1 38.25 10.12 1 4 4 0.125 0 0 0 0 2 160 1 0
0 24.33 2.5 1 3 5 4.5 0 0 0 0 2 200 457 0
1 38.17 10.12 2 14 4 2.5 1 1 6 0 2 520 197 1
1 33.58 0.33 1 13 4 0.085 0 0 0 0 2 180 1 0

