1 25.17 3.5 2 13 4 0.625 1 1 7 0 2 0 7060 1
1 45.17 1.5 2 8 4 2.5 1 0 0 1 2 140 1 0
0 23 11.75 2 14 8 0.5 1 1 2 1 2 300 552 1
1 32.33 7.5 2 10 5 1.585 1 0 0 1 1 420 1 0
1 18.5 2 2 3 4 1.5 1 1 2 0 2 120 301 1
1 31.08 3.08 2 8 4 2.5 0 1 2 1 2 160 42 0
1 23 0.75 2 7 4 0.5 0 0 0 1 1 320 1 0
0 31.57 3.5 2 2 4 3 1 0 0 1 2 300 1 0
1 43.17 2.25 2 3 5 0.75 1 0 0 0 2 560 1 0
1 23.5 2.75 2 1 1 4.5 0 0 0 0 2 160 26 0
0 60.58 16.5 2 11 4 11 1 0 0 1 2 21 10562 1
1 16.07 0.75 2 8 4 1.75 1 1 5 1 2 352 691 1
1 30.17 6.5 2 13 4 3.125 1 1 8 0 2 330 1201 1
0 15.83 7.62 2 11 4 0.125 0 1 1 1 2 0 161 0
1 60.08 14.5 2 1 1 18 1 1 15 1 2 0 1001 1
1 39.17 2.5 1 3 8 10 0 0 0 1 1 200 1 0
0 28.67 1.04 2 8 4 2.5 1 1 5 1 2 300 1431 1
1 27.25 1.66 2 13 8 5.085 1 1 9 0 2 399 828 1
1 22.67 10.5 2 11 8 1.335 1 0 0 0 2 100 1 1
0 23.58 0.58 1 1 1 0.125 0 0 0 0 2 120 88 0
1 23.92 1.5 2 2 8 1.875 1 1 6 0 2 200 328 1
0 19.57 0.66 1 8 4 1 0 1 1 0 2 2000 3 0
1 34 4.5 2 6 4 1 1 0 0 1 2 240 1 0
1 41.75 0.96 2 14 4 2.5 1 0 0 0 2 510 601 1
1 22.67 1.58 1 9 4 3.085 1 1 6 0 2 80 1 1
1 33.67 1.25 2 9 4 1.165 0 0 0 0 2 120 1 0
1 21 4.79 1 9 4 2.25 1 1 1 1 2 80 301 1
1 25.67 3.25 2 8 8 2.29 0 1 1 1 2 416 22 0
0 28.5 3.04 1 14 8 2.54 1 1 1 0 2 70 1 1
1 18.82 0.41 1 8 4 0.165 0 1 1 0 2 200 2 0
0 49 1.5 2 5 3 0 1 0 0 1 2 100 28 0
1 27.75 0.58 1 13 4 0.25 1 1 2 0 2 260 501 1
1 52.33 1.37 1 8 8 9.46 1 0 0 1 2 200 101 0
1 39.08 6 2 7 4 1.29 1 1 5 1 2 108 1098 1
1 34.25 1.75 2 9 5 0.25 1 0 0 1 2 163 1 0
1 22.92 3.16 1 8 4 0.165 0 0 0 0 2 160 1059 0
1 34.17 1.54 2 13 4 1.54 1 1 1 1 2 520 50001 1
1 27 1.5 1 9 4 0.375 1 0 0 1 2 260 1066 1
1 32.33 3.5 2 4 4 0.5 0 0 0 1 2 232 1 0
1 34.08 0.08 1 7 5 0.04 1 1 1 1 2 280 2001 1
0 40.33 7.54 1 11 8 8 1 1 14 0 2 0 2301 1
1 20.67 1.25 1 8 8 1.375 1 1 3 1 2 140 211 0
0 37.75 5.5 2 11 4 0.125 1 0 0 1 2 228 1 1
0 25.33 2.08 2 8 8 2.75 1 0 0 1 2 360 2 0
1 42.75 3 2 3 5 1 1 0 0 0 2 0 201 0
0 19.75 0.75 2 8 4 0.795 1 1 5 1 2 140 6 0
1 24.33 6.62 1 2 4 5.5 1 0 0 1 1 100 1 1
1 22.92 0.17 2 7 4 0.085 0 0 0 0 1 0 1 0
1 32.25 14 1 1 1 0 0 1 2 0 2 160 2 0
1 57.83 7.04 2 7 4 14 1 1 6 1 2 360 1333 1
1 23.17 11.12 2 14 8 0.46 1 1 1 0 2 100 1 1
0 28.75 3.75 2 8 4 1.085 1 1 1 1 2 371 1 1
0 19.17 0.58 1 6 4 0.585 1 0 0 1 2 160 1 0
1 34.42 4.25 2 3 5 3.25 1 1 2 0 2 274 611 1
1 73.42 17.75 2 1 1 0 1 0 0 1 2 0 1 1
0 18.92 9 2 6 4 0.75 1 1 2 0 2 88 592 1
0 20.83 0.5 1 10 2 1 0 0 0 0 2 260 1 0
1 20.42 7 2 8 4 1.625 1 1 3 0 2 200 1392 1
1 74.83 19 1 1 1 0.04 0 1 2 0 2 0 352 0
1 26.75 2 2 2 4 0.75 0 0 0 1 2 80 1 0
1 23.58 1.79 2 8 4 0.54 0 0 0 1 2 136 2 0
1 48.75 26.33 1 1 1 0 1 0 0 1 2 0 1 0
1 22.17 2.25 2 3 4 0.125 0 0 0 0 2 160 11 0
1 35.17 4.5 2 14 8 5.75 0 0 0 1 1 711 1 1
1 19.32 10.91 2 8 5 0.585 0 1 2 1 2 200 8 0
1 47.33 6.5 2 8 4 1 0 0 0 1 2 0 229 0
1 37.5 1.75 1 8 5 0.25 1 0 0 1 2 164 401 0
1 27.25 0.62 2 6 4 0.455 1 0 0 1 2 200 1 0
0 38.92 1.66 2 6 4 0.25 0 0 0 0 2 0 391 0
1 21.33 10.5 2 8 4 3 1 0 0 1 2 0 1 1
0 68.67 15 2 10 9 0 1 1 14 0 2 0 3377 1
0 33.75 0.75 2 4 5 1 1 1 3 1 2 212 1 0
0 33.25 3 1 6 4 2 0 0 0 0 2 180 1 0
1 16.25 0 1 6 4 0.25 0 0 0 0 2 60 1 0
1 34 5.08 1 3 5 1.085 0 0 0 1 2 480 1 0
1 33.17 1.04 2 12 8 6.5 1 0 0 1 2 164 31286 1
1 31.67 16.16 2 2 4 3 1 1 9 0 2 250 731 1
1 32.67 9 1 9 8 5.25 1 0 0 1 2 154 1 1
1 21.25 1.5 2 9 4 1.5 0 0 0 0 2 150 9 1
1 22.83 3 2 7 4 1.29 1 1 1 0 2 260 801 1
1 20.5 10 1 8 4 2.5 1 0 0 0 1 40 1 1
0 56.5 16 2 5 1 0 1 1 15 0 2 0 248 1
0 22.58 10.75 2 11 4 0.415 1 1 5 1 2 0 561 1
1 34.08 2.5 2 8 4 1 0 0 0 0 2 460 17 0
0 69.5 6 2 1 1 0 0 0 0 0 1 0 1 0
1 41.5 1.54 2 3 5 3.5 0 0 0 0 2 216 1 1
1 28.58 3.62 2 6 4 0.25 0 0 0 1 2 100 1 0
1 35.17 2.5 2 4 4 4.5 1 1 7 0 2 150 1271 1
1 23.25 12.62 2 8 4 0.125 0 1 2 0 2 0 5553 0
0 32.17 1.46 2 9 4 1.085 1 1 16 0 2 120 2080 1
0 20.75 9.53 2 3 4 0.04 0 0 0 0 2 200 1001 0
1 56.58 18.5 2 2 5 15 1 1 17 1 2 0 1 1
1 31.57 5 1 6 4 8.5 1 0 0 0 2 0 1 0
1 80.25 5.5 2 8 4 0.54 1 0 0 0 2 0 341 0
1 29.42 1.25 2 9 4 1.75 0 0 0 0 2 200 1 0
1 40.58 5 2 8 4 5 1 1 7 0 2 0 3066 1
0 15.92 2.87 2 11 4 0.085 0 0 0 0 2 120 1 0
1 22.08 11 2 13 4 0.665 1 0 0 0 2 100 1 1
0 17.32 9.5 2 6 4 1.75 0 1 10 1 2 0 11 0
0 64.08 0.16 2 1 1 0 1 1 1 0 2 232 101 1
1 32.92 2.5 2 6 4 1.75 0 1 2 1 2 720 1 0
1 41.58 1.75 2 4 4 0.21 1 0 0 0 2 160 1 0
1 18.82 3.54 1 1 1 0 0 0 0 1 2 180 2 0
0 30.58 10.66 2 11 8 0.085 0 1 12 1 2 129 4 0
1 28.25 5.12 2 14 4 4.75 1 1 2 0 2 420 8 1
0 24.83 4.5 2 9 4 1 0 0 0 1 2 360 7 0
1 27.83 4 1 3 8 5.75 1 1 2 1 2 75 1 0
0 42.25 1.75 1 8 4 0 0 0 0 1 2 150 2 0
1 29.83 1.25 1 4 4 0.25 0 0 0 0 2 224 1 0
1 23.5 3.16 1 4 4 0.415 0 1 1 1 2 280 81 0

