1 56 12.5 2 4 8 8 1 0 0 1 2 24 2029 1
1 26.75 2 2 2 4 0.75 0 0 0 1 2 80 1 0
1 28.67 9.33 2 11 8 5.665 1 1 6 0 2 381 169 1
1 20.5 2.41 2 8 4 2 1 1 11 1 2 200 3001 1
1 30.08 1.04 1 3 5 0.5 1 1 10 1 2 132 29 0
1 17.57 10 2 9 8 0.165 0 1 1 0 2 120 2 0
1 13.75 4 1 9 4 1.75 1 1 2 1 2 120 1001 1
1 31.57 5 1 6 4 8.5 1 0 0 0 2 0 1 0
1 41.33 0 2 8 5 15 1 0 0 0 2 0 1 1
1 23 0.62 1 6 4 0.125 1 0 0 0 2 180 2 0
1 27.83 1 1 2 8 3 0 0 0 0 2 176 538 0
1 42.75 4.08 2 6 4 0.04 0 0 0 0 2 108 101 0
0 38.25 6 2 4 4 1 1 0 0 1 2 0 1 1
1.234 22.08 11.46 2 4 4 1.585 0 0 0 1 2 100 1213 0
0 24.75 3 2 11 8 1.835 1 1 19 0 2 0 501 1
1 20.07 0.25 2 11 4 0.125 0 0 0 0 2 200 1 0
1 18.67 5 2 11 4 0.375 1 1 2 0 2 0 39 0
1 19.32 10.91 2 8 5 0.585 0 1 2 1 2 200 8 0
1 23.17 0 2 13 4 0.085 1 0 0 0 2 0 1 1
0 22.58 10.75 2 11 4 0.415 1 1 5 1 2 0 561 1
1 23.17 11.12 2 14 8 0.46 1 1 1 0 2 100 1 1
1 39.33 5.87 2 13 8 10 1 1 14 1 2 399 1 1
0 24.5 12.75 2 8 5 4.75 1 1 2 0 2 73 445 1
1 49.17 2.29 2 1 1 0.29 0 0 0 0 2 200 4 0
1 54.58 9.41 2 1 1 14.415 1 1 11 1 2 30 301 1
0 25 11 1 6 4 4.5 1 0 0 0 2 120 1 0
1 23.08 11.5 2 3 4 3.5 1 1 9 0 2 56 743 1
0 20.75 10.33 2 13 8 0.335 1 1 1 1 2 80 51 1
1 54.42 0.5 1 4 8 3.96 1 0 0 0 2 180 315 1
1 48.75 8.5 2 8 8 12.5 1 1 9 0 2 181 1656 1
1 24.08 9 2 6 4 0.25 0 0 0 1 2 0 1 0
1 27.58 2.04 1 6 4 2 1 1 3 1 2 370 561 1
1 33.58 0.33 1 13 4 0.085 0 0 0 0 2 180 1 0
0 25.58 0 2 8 4 0 0 0 0 0 3 184 1 1
1 37.58 0 2 8 4 0 0 0 0 0 3 184 1 1
0 71.58 0 2 8 4 0 0 0 0 0 3 184 1 1
1 34.67 1.08 2 7 4 1.165 0 0 0 0 1 28 1 0
1 22.25 0.46 2 4 4 0.125 0 0 0 1 2 280 56 0
1 34.75 2.5 2 13 5 0.5 0 0 0 0 2 348 1 0
1 34.5 4.04 1 3 5 8.5 1 1 7 1 2 195 1 1
1 23.25 1.5 2 11 4 2.375 1 1 3 1 2 0 583 1
1 23.33 11.62 1 9 4 0.835 1 0 0 1 2 160 301 1
0 60.92 5 2 6 4 4 1 1 4 0 2 0 100 1
0 20.5 11.83 2 8 8 6 1 0 0 0 2 340 1 1
0 33.08 1.62 2 2 4 0.54 0 0 0 1 2 0 1 0
0 27.67 1.5 2 7 4 2 1 0 0 0 1 368 1 0
0 15.75 0.37 2 8 4 1 0 0 0 0 2 120 19 0
0 19.57 0.66 1 8 4 1 0 1 1 0 2 2000 3 0
1 32.25 0.16 1 8 8 3.25 1 1 1 1 2 432 8001 1
1 47.83 4.16 2 14 5 0.085 0 0 0 1 2 520 1 0
1 35.17 2.5 2 4 4 4.5 1 1 7 0 2 150 1271 1
1 36.17 0.42 1 9 4 0.29 0 0 0 1 2 309 3 0
0 56.83 4.25 1 1 1 5 0 0 0 1 2 0 5 0
1 36.42 0.75 1 2 4 0.585 0 0 0 0 2 240 4 0
1 33.5 1.75 2 14 8 4.5 1 1 4 1 2 253 858 1
0 22.42 5.66 2 11 4 2.585 1 1 7 0 2 129 3258 1
0 27.25 0.28 2 7 8 0.125 0 1 1 1 2 272 109 0
1 25.58 0.33 2 4 8 3.5 0 0 0 1 2 340 1 0
1 29.92 1.83 2 8 8 4.335 1 0 0 0 2 260 201 1
1 40.58 3.29 2 7 4 3.5 0 0 0 1 1 400 1 0
1 32.33 7.5 2 10 5 1.585 1 0 0 1 1 420 1 0
0 35.75 0.91 2 6 4 0.75 1 1 4 0 2 0 1584 1
0 31.57 1.5 2 1 1 0 0 1 2 1 2 200 106 0
1 22.75 11 2 11 4 2.5 1 1 7 1 2 100 810 1
0 22.92 11.58 2 13 4 0.04 1 0 0 0 2 80 1350 1
1 47.33 6.5 2 8 4 1 0 0 0 1 2 0 229 0
1 26.33 13 2 10 2 0 0 0 0 1 2 140 1111 0
1 23.08 2.5 2 1 1 0.085 0 0 0 1 2 100 4209 0
1 41.17 4.04 2 13 8 7 1 1 8 0 2 320 1 1
1 18.57 10.29 2 1 1 0.415 0 0 0 0 2 80 1 0
0 28.5 1 2 11 4 1 1 1 2 1 2 167 501 0
1 40.92 0.83 2 1 1 0 1 0 0 0 2 130 2 0
0 24.75 13.66 2 11 8 1.5 0 0 0 0 2 280 2 0
1 24.58 13.5 1 1 1 0 0 0 0 0 2 184 1 0
0 52.83 15 2 8 4 5.5 1 1 14 0 2 0 2201 1
0 36.75 4.71 2 1 1 0 0 0 0 0 2 160 1 0
1 55.92 11.5 2 1 1 5 1 1 5 0 2 0 8852 1
1 22.08 0.83 2 8 8 2.165 0 0 0 1 2 128 1 1
1 31.57 0.04 1 2 4 4.25 0 0 0 1 2 460 1 0
1 27.75 1.29 2 4 8 0.25 0 0 0 1 1 140 1 0
1 41.5 1.54 2 3 5 3.5 0 0 0 0 2 216 1 1
1 21.08 10.08 1 10 8 1.25 0 0 0 0 2 260 1 0
1 43.17 5 2 3 5 2.25 0 0 0 1 2 141 1 0
1 19.67 0.37 2 11 4 2 1 1 2 1 2 80 1 1
1 34 5.08 1 3 5 1.085 0 0 0 1 2 480 1 0
1 39.5 4.25 2 8 5 6.5 1 1 16 0 2 117 1211 1
0 40.83 10 2 11 8 1.75 1 0 0 0 2 29 838 1
1 49.58 19 2 1 1 0 1 1 1 0 2 94 1 0
0 16.5 1.25 2 11 4 0.25 0 1 1 0 2 108 99 0
1 38.25 10.12 1 4 4 0.125 0 0 0 0 2 160 1 0
0 22.5 8.5 2 11 4 1.75 1 1 10 0 2 80 991 0
0 47.25 0.75 2 11 8 2.75 1 1 1 0 2 333 893 1
0 41.33 1 2 3 5 2.25 1 0 0 1 2 0 301 1
0 57.08 19.5 2 8 4 5.5 1 1 7 0 2 0 3001 1
1 16.17 0.04 2 8 4 0.04 0 0 0 0 2 0 1 1
0 15.92 2.87 2 11 4 0.085 0 0 0 0 2 120 1 0
1 21.08 4.12 1 3 8 0.04 0 0 0 0 2 140 101 0
1 38.17 10.12 2 14 4 2.5 1 1 6 0 2 520 197 1
1 24.5 13.33 1 6 4 0.04 0 0 0 1 2 120 476 0
1 29.5 0.57 2 9 4 0.29 0 1 1 0 2 340 2804 0
0 48.17 1.33 2 3 7 0.335 0 0 0 0 2 0 121 0
1 18.5 2 2 3 4 1.5 1 1 2 0 2 120 301 1
1 24.17 0.87 2 11 4 4.625 1 1 2 1 2 520 2001 1
1 18.07 6.75 1 7 4 0.04 0 0 0 0 2 140 1 0
1 25 11.25 2 8 4 2.5 1 1 17 0 2 200 1209 1
1 41.58 1.75 2 4 4 0.21 1 0 0 0 2 160 1 0
1 26 1 2 11 4 1.75 1 0 0 1 2 280 1 1
1 23.92 1.5 2 2 8 1.875 1 1 6 0 2 200 328 1
1 56.58 18.5 2 2 5 15 1 1 17 1 2 0 1 1
1 45 8.5 2 13 8 14 1 1 1 1 2 88 2001 1

