1 24.58 12.5 2 9 4 0.875 1 0 0 1 2 260 1 0
0 17.67 0 1 5 1 0 0 0 0 0 2 86 1 0
0 47.42 8 2 10 5 6.5 1 1 6 0 2 375 51101 1
1 34 5.5 1 8 4 1.5 0 0 0 1 2 60 1 0
0 27.42 14.5 2 14 8 3.085 1 1 1 0 2 120 12 1
1 37.42 2.04 2 9 4 0.04 1 0 0 1 2 400 5801 1
1 34.08 0.08 1 7 5 0.04 1 1 1 1 2 280 2001 1
0 18.17 10 1 11 8 0.165 0 0 0 0 2 340 1 0
1 22.67 0.75 2 3 4 1.585 0 1 1 1 2 400 10 0
0 25.08 2.54 1 6 4 0.25 1 0 0 1 2 370 1 1
0 25.42 1.12 2 11 4 1.29 1 1 2 0 2 200 1 0
1 56.75 12.25 2 7 4 1.25 1 1 4 1 2 200 1 1
1 27.67 0.75 2 11 8 0.165 0 0 0 1 2 220 252 0
1 31.57 0.37 2 2 4 0.875 1 0 0 1 1 928 1 0
1 24.5 13.33 1 6 4 0.04 0 0 0 1 2 120 476 0
0 33.75 0.75 2 4 5 1 1 1 3 1 2 212 1 0
1 25.67 3.25 2 8 8 2.29 0 1 1 1 2 416 22 0
1 34.08 2.5 2 8 4 1 0 0 0 0 2 460 17 0
1 37.33 2.66 2 13 4 0.165 0 0 0 1 2 0 502 0
0 57.08 19.5 2 8 4 5.5 1 1 7 0 2 0 3001 1
1 34.92 5 2 14 8 7.5 1 1 6 1 2 0 1001 1
1 40 6.5 2 6 5 3.5 1 1 1 0 2 0 501 1
1 23.33 1.5 2 8 8 1.415 1 0 0 0 2 422 201 1
1 23.17 0 2 13 4 0.085 1 0 0 0 2 0 1 1
1 21.08 4.12 1 3 8 0.04 0 0 0 0 2 140 101 0
1 27.42 12.5 2 6 5 0.25 0 0 0 1 2 720 1 0
0 28.42 3.5 2 9 4 0.835 1 0 0 0 1 280 1 1
1 25.67 12.5 2 13 4 1.21 1 1 67 1 2 140 259 1
1 37.5 1.75 1 8 5 0.25 1 0 0 1 2 164 401 0
1 21.83 0.25 2 2 8 0.665 1 0 0 1 2 0 1 1
1 41.17 1.25 1 9 4 0.25 0 0 0 0 2 0 196 0
1 51.58 15 2 8 4 8.5 1 1 9 0 2 0 1 1
0 18.75 7.5 2 11 4 2.71 1 1 5 0 2 184 26727 1
1 23.75 0.41 1 8 4 0.04 0 1 2 0 2 128 7 0
1 39.92 0.54 1 6 4 0.5 1 1 3 0 2 200 1001 1
1 27.83 1.5 2 9 4 2.25 0 1 1 1 2 100 4 0
1 21.08 10.08 1 10 8 1.25 0 0 0 0 2 260 1 0
0 20.75 10.25 2 11 4 0.71 1 1 2 1 2 49 1 1
0 20.83 3 2 6 4 0.04 1 0 0 0 2 100 1 1
1 23.17 0 2 8 4 0 0 0 0 0 3 184 1 1
1 21.83 1.54 2 4 4 0.085 0 0 0 1 2 356 1 0
1 37.58 0 2 8 4 0 0 0 0 0 3 184 1 1
1 17.07 0.08 1 8 4 0.04 0 0 0 0 2 140 723 0
1 56.58 18.5 2 2 5 15 1 1 17 1 2 0 1 1
1 22.58 1.5 1 6 4 0.54 0 0 0 1 2 120 68 0
1 22.25 9 2 6 4 0.085 0 0 0 0 2 0 1 0
0 40.83 10 2 11 8 1.75 1 0 0 0 2 29 838 1
1 42.08 1.04 2 9 4 5 1 1 6 1 2 500 10001 1
1 18.57 5.71 2 2 4 0.54 0 0 0 0 2 120 1 0
1 67.75 5.5 2 10 9 13 1 1 1 1 2 0 1 1
0 24.08 0.5 2 11 8 1.25 1 1 1 0 2 0 679 1
1 36.67 3.25 2 11 8 9 1 0 0 1 2 102 640 1
1 44.25 0.5 2 7 4 10.75 1 0 0 0 1 400 1 0
1 41 0.04 2 10 4 0.04 0 1 1 0 1 560 1 1
1 33.75 2.75 2 3 5 0 0 0 0 0 2 180 1 0
1 42 0.2 2 3 8 5.125 1 0 0 0 2 400 1 1
1 15.17 7 2 10 4 1 0 0 0 0 2 600 1 0
1 21.17 0 2 8 4 0.5 0 0 0 1 1 0 1 0
1 21.92 0.5 2 8 4 0.125 0 0 0 0 2 360 1 0
1 30.58 2.71 1 7 4 0.125 0 0 0 1 1 80 1 0
1 33.17 1.04 2 12 8 6.5 1 0 0 1 2 164 31286 1
1 34.42 1.33 2 3 5 0.125 0 0 0 1 2 440 4501 0
1 41.92 0.42 2 8 8 0.21 1 1 6 0 2 220 949 1
0 23.5 1.5 2 9 4 0.875 0 0 0 1 2 160 1 0
1 29.42 1.25 2 8 8 0.25 0 1 2 1 2 400 109 0
1 47.83 4.16 2 14 5 0.085 0 0 0 1 2 520 1 0
1 21.58 0.79 1 13 4 0.665 0 0 0 0 2 160 1 0
1 34.17 2.75 2 3 5 2.5 0 0 0 1 2 232 201 0
1 23.08 0 2 4 4 1 0 1 11 0 1 0 1 0
1 23.25 4 2 8 5 0.25 1 0 0 1 2 160 1 1
1 22 7.83 1 3 5 0.165 0 0 0 1 2 184 1 0
0 20.67 3 2 11 4 0.165 1 1 3 0 2 100 7 1
1 18.67 5 2 11 4 0.375 1 1 2 0 2 0 39 0
1 18.82 3.54 1 1 1 0 0 0 0 1 2 180 2 0
0 53.33 0.16 2 1 1 0 0 0 0 1 1 62 28 0
1 34.92 2.5 2 9 4 0 1 0 0 1 2 239 201 1
1 41.42 5 2 11 8 5 1 1 6 1 2 470 1 1
1 33.67 2.16 2 8 4 1.5 0 0 0 0 3 120 1 0
1 17.42 6.5 2 3 4 0.125 0 0 0 0 2 60 101 0
1 31.67 16.16 2 2 4 3 1 1 9 0 2 250 731 1
1 24.58 13.5 1 1 1 0 0 0 0 0 2 184 1 0
1 27.58 2.04 1 6 4 2 1 1 3 1 2 370 561 1
0 41.17 6.5 2 11 4 0.5 1 1 3 1 2 145 1 1
1 49.17 2.29 2 1 1 0.29 0 0 0 0 2 200 4 0
1 32.08 4 2 7 4 2.5 1 0 0 1 2 360 1 1
1 39.08 6 2 7 4 1.29 1 1 5 1 2 108 1098 1
1 26.83 0.54 2 4 1 0 0 0 0 0 2 100 1 0
0 40.83 3.5 2 3 5 0.5 0 0 0 0 1 1160 1 0
1 20.75 5.08 1 5 4 0.29 0 0 0 0 2 140 185 0
0 22.58 10.75 2 11 4 0.415 1 1 5 1 2 0 561 1
1 27.67 2 2 14 8 1 1 1 4 0 2 140 7545 1
1 33.17 1 2 14 4 0.75 1 1 7 1 2 340 4072 1
1 29.58 4.75 2 7 4 2 0 1 1 1 2 460 69 0
1 35.17 4.5 2 14 8 5.75 0 0 0 1 1 711 1 1
0 23.58 0.83 2 11 4 0.415 0 1 1 1 2 200 12 0
1 27.75 1.29 2 4 8 0.25 0 0 0 1 1 140 1 0
1 19.5 0.28 2 4 4 0.29 0 0 0 0 2 280 365 0
1 22.92 0.17 2 7 4 0.085 0 0 0 0 1 0 1 0
1 25.17 3 2 8 4 1.25 0 1 1 0 2 0 23 0
1 64.08 20 2 14 8 17.5 1 1 9 1 2 0 1001 1
0 50.08 12.54 2 6 4 2.29 1 1 3 1 2 156 1 1
0 23.75 0.71 2 9 4 0.25 0 1 1 1 2 240 5 0
1 34.75 15 2 12 7 5.375 1 1 9 1 2 0 135 1
1 34.08 6.5 2 6 4 0.125 1 0 0 1 2 443 1 0
1 25 11.25 2 8 4 2.5 1 1 17 0 2 200 1209 1
1 31.57 10.5 2 14 4 6.5 1 0 0 0 2 0 1 1
1 21.5 9.75 2 8 4 0.25 1 0 0 0 2 140 1 0
1 51.33 10 2 3 5 0 1 1 11 0 2 0 1250 1
0 33.25 3 1 6 4 2 0 0 0 0 2 180 1 0
1 33.5 1.75 2 14 8 4.5 1 1 4 1 2 253 858 1

