0 19.17 0.58 1 6 4 0.585 1 0 0 1 2 160 1 0
1 23.25 4 2 8 5 0.25 1 0 0 1 2 160 1 1
0 33.17 2.25 1 13 4 3.5 0 0 0 1 2 200 142 0
0 17.67 0 1 5 1 0 0 0 0 0 2 86 1 0
1 22.25 9 2 6 4 0.085 0 0 0 0 2 0 1 0
1 27.75 1.29 2 4 8 0.25 0 0 0 1 1 140 1 0
1 20 1.25 1 4 4 0.125 0 0 0 0 2 140 5 0
1 22.33 11 2 9 4 2 1 1 1 0 2 80 279 1
1 25.17 6 2 8 4 1 1 1 3 0 2 0 1 1
0 16.92 0.5 2 3 4 0.165 0 1 6 1 2 240 36 0
0 23.58 0.83 2 11 4 0.415 0 1 1 1 2 200 12 0
1 34.75 15 2 12 7 5.375 1 1 9 1 2 0 135 1
0 30.5 6.5 2 8 5 4 1 1 7 1 2 0 3066 1
1 25 12 2 4 4 2.25 1 1 2 1 2 120 6 0
1 22.75 11.5 2 3 4 0.415 0 0 0 0 2 0 1 0
1 23.92 1.5 2 2 8 1.875 1 1 6 0 2 200 328 1
1 25.75 0.5 2 8 4 1.46 1 1 5 1 2 312 1 1
0 16.32 0.21 2 6 4 0.125 0 0 0 0 2 200 2 0
1 21.08 10.08 1 10 8 1.25 0 0 0 0 2 260 1 0
1 26.67 4.25 2 13 4 4.29 1 1 1 1 2 120 1 1
1 25.67 2.21 1 6 4 4 1 0 0 0 2 188 1 0
1 52.5 6.5 2 4 4 6.29 1 1 15 0 2 0 11203 1
1 21.83 1.54 2 4 4 0.085 0 0 0 1 2 356 1 0
1 36.08 2.54 2 1 1 0 0 0 0 0 2 0 1001 0
0 23.25 5.87 2 11 4 3.17 1 1 10 0 2 120 246 1
0 24.75 13.66 2 11 8 1.5 0 0 0 0 2 280 2 0
0 17.92 0.54 2 8 4 1.75 0 1 1 1 2 80 6 0
1 37.5 0.83 2 10 4 0.04 0 0 0 0 2 120 6 0
1 29.67 0.75 1 8 4 0.04 0 0 0 0 2 240 1 0
1 21.25 1.5 2 9 4 1.5 0 0 0 0 2 150 9 1
0 40.33 7.54 1 11 8 8 1 1 14 0 2 0 2301 1
1 26.67 1.75 1 8 4 1 1 1 5 1 2 160 5778 1
1 40.25 21.5 2 10 9 20 1 1 11 0 2 0 1201 1
0 47.25 0.75 2 11 8 2.75 1 1 1 0 2 333 893 1
0 37.33 2.5 2 3 8 0.21 0 0 0 0 2 260 247 0
0 16.5 1.25 2 11 4 0.25 0 1 1 0 2 108 99 0
1 19.32 10.91 2 8 5 0.585 0 1 2 1 2 200 8 0
0 46.67 0.46 2 13 8 0.415 1 1 11 1 2 440 7 1
0 17.82 11 2 14 8 1 1 1 11 0 2 0 3001 1
1 32.08 4 1 13 4 1.5 0 0 0 1 2 120 1 0
0 47.42 8 2 10 5 6.5 1 1 6 0 2 375 51101 1
0 27.17 1.25 2 1 1 0 0 1 1 0 2 92 301 0
1 27.67 13.75 2 9 4 5.75 1 0 0 1 2 487 501 1
1 24.5 13.33 1 6 4 0.04 0 0 0 1 2 120 476 0
1 26.75 1.12 2 14 8 1.25 1 0 0 0 2 0 5299 1
0 21.67 11.5 1 5 3 0 1 1 11 1 2 0 1 1
1 35.17 4.5 2 14 8 5.75 0 0 0 1 1 711 1 1
1 36.5 4.25 2 11 4 3.5 0 0 0 0 2 454 51 0
1 19.42 1.5 1 13 4 2 1 0 0 1 2 100 21 0
1 21.83 11 2 14 4 0.29 1 1 6 0 2 121 1 1
1 24.58 13.5 1 1 1 0 0 0 0 0 2 184 1 0
1 22.67 0.75 2 3 4 1.585 0 1 1 1 2 400 10 0
0 52.17 0 1 1 1 0 0 0 0 0 2 0 1 0
1 23.33 1.5 2 8 8 1.415 1 0 0 0 2 422 201 1
0 15.83 0.58 2 8 8 1.5 1 1 2 0 2 100 1 1
0 25.75 0.5 2 8 8 0.875 1 0 0 1 2 491 1 1
0 41.17 6.5 2 11 4 0.5 1 1 3 1 2 145 1 1
1 35.25 3.16 2 14 8 3.75 1 0 0 1 2 680 1 0
1 20.17 8.17 2 6 4 1.96 1 1 14 0 2 60 159 1
1 42.17 5.04 2 11 8 12.75 1 0 0 1 2 92 1 1
0 20.75 10.33 2 13 8 0.335 1 1 1 1 2 80 51 1
1 21.17 0.87 1 8 8 0.25 0 0 0 0 2 280 205 0
1 32.75 1.5 2 13 8 5.5 1 1 3 1 2 0 1 1
1 44.33 0.5 2 3 8 5 1 0 0 1 2 320 1 1
1 76.75 22.29 2 10 9 12.75 1 1 1 1 2 0 110 1
1 32.25 14 1 1 1 0 0 1 2 0 2 160 2 0
0 23 11.75 2 14 8 0.5 1 1 2 1 2 300 552 1
1 34 5.08 1 3 5 1.085 0 0 0 1 2 480 1 0
1 31.42 15.5 2 8 4 0.5 1 0 0 0 2 120 1 0
0 20.67 1.83 2 11 4 2.085 1 1 5 0 2 220 2504 1
1 31.83 0.04 1 7 4 0.04 0 0 0 0 2 0 1 0
1 25.42 0.54 2 9 4 0.165 0 1 1 0 2 272 445 0
1 23.42 0.58 2 8 8 0.085 1 0 0 0 2 180 1 0
1 23.58 1.79 2 8 4 0.54 0 0 0 1 2 136 2 0
1 39.83 0.5 2 7 4 0.25 1 0 0 0 1 288 1 0
1 41.17 1.33 2 2 4 0.165 0 0 0 0 2 168 1 0
1 40.58 1.5 2 3 5 0 0 0 0 0 1 300 1 0
0 18.57 10 2 2 4 0.415 0 0 0 0 2 80 43 0
1 15.17 7 2 10 4 1 0 0 0 0 2 600 1 0
1 16.32 2.75 2 6 4 0.665 0 1 1 0 2 80 22 0
0 33.08 4.62 2 11 8 1.625 1 1 2 0 2 0 1 1
1 20.67 5.29 2 11 4 0.375 1 1 1 0 2 160 1 0
1 22.67 1.58 1 9 4 3.085 1 1 6 0 2 80 1 1
1 34.75 2.5 2 13 5 0.5 0 0 0 0 2 348 1 0
1 21.08 4.12 1 3 8 0.04 0 0 0 0 2 140 101 0
1 34.08 2.5 2 8 4 1 0 0 0 0 2 460 17 0
1 36.33 3.79 2 9 4 1.165 1 0 0 1 2 200 1 0
1 29.42 1.25 2 8 8 0.25 0 1 2 1 2 400 109 0
0 22.5 8.5 2 11 4 1.75 1 1 10 0 2 80 991 0
1 26.83 0.54 2 4 1 0 0 0 0 0 2 100 1 0
0 40.83 10 2 11 8 1.75 1 0 0 0 2 29 838 1
1 49.5 7.58 2 3 5 7.585 1 1 15 1 2 0 5001 1
1 25.58 0.33 2 4 8 3.5 0 0 0 1 2 340 1 0
1 42.83 4.62 2 11 4 4.58 1 0 0 0 1 0 1 1
1 43.25 25.21 2 11 8 0.21 1 1 1 0 2 760 91 0
1 39.17 1.62 2 8 4 1.5 1 1 10 0 2 186 4701 1
1 48.58 0.2 1 4 4 0.25 1 1 11 0 2 380 2733 1
1 42.83 1.25 2 7 4 13.875 0 1 1 1 2 352 113 0
0 22.83 2.29 2 11 8 2.29 1 1 7 1 2 140 2385 1
0 21.08 5 1 1 1 0 0 0 0 0 2 0 1 0
0 41.58 1.04 2 6 4 0.665 0 0 0 0 2 240 238 0
1 29.42 1.25 2 9 4 1.75 0 0 0 0 2 200 1 0
1 23.33 11.62 1 9 4 0.835 1 0 0 1 2 160 301 1
0 18.82 9.5 2 9 4 1.625 1 1 6 1 2 40 601 1
1 25.08 1.71 2 14 4 1.665 1 1 1 1 2 395 21 1
1 26.17 0.25 2 3 5 0 1 0 0 1 2 0 1 1
1 19.5 9.58 2 6 4 0.79 0 0 0 0 2 80 351 0
0 25.42 1.12 2 11 4 1.29 1 1 2 0 2 200 1 0
1 17.5 22 3 1 7 0 0 0 0 1 3 450 100001 1
1 23 0.75 2 7 4 0.5 1 0 0 1 1 320 1 0

