0 16.07 0.33 2 1 1 0 0 1 1 0 2 160 127 0
0 25 0.87 2 14 8 1.04 1 0 0 1 2 160 5861 1
1 21.17 0.25 1 8 8 0.25 0 0 0 0 2 280 205 0
1 76.75 22.29 2 10 9 12.75 1 1 1 1 2 0 110 1
1 27 1.5 1 9 4 0.375 1 0 0 1 2 260 1066 1
1 17.07 0.08 1 8 4 0.04 0 0 0 0 2 140 723 0
1 32.42 2.16 1 4 1 0 0 0 0 0 2 120 1 0
1 40.58 3.29 2 7 4 3.5 0 0 0 1 1 400 1 0
0 22.83 2.29 2 11 8 2.29 1 1 7 1 2 140 2385 1
1 21.17 0.87 1 8 8 0.25 0 0 0 0 2 280 205 0
0 25.33 2.08 2 8 8 2.75 1 0 0 1 2 360 2 0
1 49.17 2.29 2 1 1 0.29 0 0 0 0 2 200 4 0
0 24.5 2.41 1 8 4 0 0 0 0 0 2 120 1 0
0 22.67 0.79 2 3 4 0.085 0 0 0 0 2 144 1 0
1 36.67 2 2 3 4 0.25 0 0 0 1 2 221 1 0
1 43.25 25.21 2 11 8 0.21 1 1 1 0 2 760 91 0
0 46 4 2 5 3 0 1 0 0 0 2 100 961 1
1 31 2.08 2 8 4 0.085 0 0 0 0 2 300 1 0
0 20.83 0.5 1 10 2 1 0 0 0 0 2 260 1 0
1 31.25 2.83 2 1 1 0 0 1 5 0 2 176 147 0
0 46.67 0.46 2 13 8 0.415 1 1 11 1 2 440 7 1
1 32.75 1.5 2 13 8 5.5 1 1 3 1 2 0 1 1
1 43.17 2.25 2 3 5 0.75 1 0 0 0 2 560 1 0
1 24.08 0.87 2 7 4 0.085 0 1 4 0 2 254 1951 0
1 18.32 1.21 1 10 2 0 0 0 0 0 2 100 1 0
0 32 6 2 2 4 1.25 0 0 0 0 2 272 1 0
0 24.5 1.04 1 1 1 0.5 1 1 3 0 2 180 148 0
1 44 2 2 7 4 1.75 1 1 2 1 2 0 16 1
0 28.58 3.54 2 3 5 0.5 1 0 0 1 2 171 1 0
0 17.92 10.21 2 1 1 0 0 0 0 0 2 0 51 0
0 25 11 1 6 4 4.5 1 0 0 0 2 120 1 0
1 36.08 2.54 2 1 1 0 0 0 0 0 2 0 1001 0
1 31.42 15.5 2 8 4 0.5 1 0 0 0 2 120 1 0
1 21.67 1.16 1 4 4 2.5 1 1 1 0 2 180 21 0
1 31.57 10.5 2 14 4 6.5 1 0 0 0 2 0 1 1
1 23.75 0.41 1 8 4 0.04 0 1 2 0 2 128 7 0
0 25.75 0.5 2 8 8 0.875 1 0 0 1 2 491 1 1
1 54.33 6.75 2 8 8 2.625 1 1 11 1 2 0 285 1
1 23.17 0 2 13 4 0.085 1 0 0 0 2 0 1 1
0 23.25 5.87 2 11 4 3.17 1 1 10 0 2 120 246 1
1 41.58 1.75 2 4 4 0.21 1 0 0 0 2 160 1 0
1 23.08 2.5 2 8 4 1.085 1 1 11 1 2 60 2185 1
1 40.25 21.5 2 10 9 20 1 1 11 0 2 0 1201 1
1 23.5 2.75 2 1 1 4.5 0 0 0 0 2 160 26 0
1 48.25 25.08 2 9 4 1.75 1 1 3 0 2 120 15 1
0 40.83 10 2 11 8 1.75 1 0 0 0 2 29 838 1
1 22.67 10.5 2 11 8 1.335 1 0 0 0 2 100 1 1
1 32.25 14 1 1 1 0 0 1 2 0 2 160 2 0
0 52.83 15 2 8 4 5.5 1 1 14 0 2 0 2201 1
0 18.07 0.37 3 13 1 10 0 0 0 1 1 300 1 1
0 30.5 6.5 2 8 5 4 1 1 7 1 2 0 3066 1
1 48.58 6.5 2 11 8 6 1 0 0 1 2 350 1 1
1 65.42 11 2 10 9 20 1 1 7 1 2 22 1 1
1 33.75 2.75 2 3 5 0 0 0 0 0 2 180 1 0
1 42.83 4.62 2 11 4 4.58 1 0 0 0 1 0 1 1
1 22.67 0.75 2 3 4 1.585 0 1 1 1 2 400 10 0
1 19.42 7.25 2 7 4 0.04 0 1 1 0 2 100 2 0
0 20.42 7.5 2 4 4 1.5 1 1 1 0 2 160 235 1
0 33.92 1.58 1 1 1 0 1 0 0 0 2 320 1 0
1.234 22.08 11.46 2 4 4 1.585 0 0 0 1 2 100 1213 0
1 39.17 2.5 1 3 8 10 0 0 0 1 1 200 1 0
1 69.17 9 2 1 1 4 0 1 1 0 2 70 7 0
1 20.42 1.83 2 8 4 2.25 1 1 1 0 2 100 151 1
0 16 0.16 2 6 4 1 0 1 2 1 2 320 2 0
1 27.75 1.29 2 4 8 0.25 0 0 0 1 1 140 1 0
1 39 5 2 13 4 3.5 1 1 10 1 2 0 1 1
1 20.67 0.83 1 8 4 2 0 0 0 1 1 240 1 0
1 39.5 4.25 2 8 5 6.5 1 1 16 0 2 117 1211 1
0 22.5 8.5 2 11 4 1.75 1 1 10 0 2 80 991 0
1 36.67 3.25 2 11 8 9 1 0 0 1 2 102 640 1
1 18.25 0.16 2 2 4 0.25 0 0 0 1 1 280 1 0
0 22.67 0.75 2 8 4 2 0 1 2 1 2 200 395 0
1 32.92 2.5 2 6 4 1.75 0 1 2 1 2 720 1 0
0 20.75 10.25 2 11 4 0.71 1 1 2 1 2 49 1 1
0 17.82 11 2 14 8 1 1 1 11 0 2 0 3001 1
1 22.33 11 2 9 4 2 1 1 1 0 2 80 279 1
0 15.75 0.37 2 8 4 1 0 0 0 0 2 120 19 0
1 33.17 3.04 1 8 8 2.04 1 1 1 1 2 180 18028 1
1 25.75 0.5 2 8 4 1.46 1 1 5 1 2 312 1 1
1 52.5 6.5 2 4 4 6.29 1 1 15 0 2 0 11203 1
1 51.83 2.04 1 1 1 1.5 0 0 0 0 2 120 2 0
1 16.25 0 1 6 4 0.25 0 0 0 0 2 60 1 0
1 34 4.5 2 6 4 1 1 0 0 1 2 240 1 0
1 19.5 9.58 2 6 4 0.79 0 0 0 0 2 80 351 0
0 19.57 0.66 2 9 4 1.665 0 0 0 0 2 220 6 0
0 25.42 1.12 2 11 4 1.29 1 1 2 0 2 200 1 0
1 23.17 0 2 8 4 0 0 0 0 0 3 184 1 1
1 28 3 2 9 4 0.75 0 0 0 1 2 300 68 0
1 43.08 0.37 1 8 4 0.375 1 1 8 1 2 300 163 1
1 22.67 1.58 1 9 4 3.085 1 1 6 0 2 80 1 1
0 20.42 0.83 2 11 4 1.585 1 1 1 0 2 0 1 1
1 29.58 4.5 2 9 4 7.5 1 1 2 1 2 330 1 1
0 57.58 2 2 1 1 6.5 0 1 1 0 2 0 11 0
0 21.25 2.33 2 3 5 0.5 1 1 4 0 1 80 1 1
1 44.25 11 1 2 4 1.5 1 0 0 0 1 0 1 0
0 32.25 1.5 2 8 4 0.25 0 0 0 1 2 372 123 0
0 26.5 2.71 1 8 4 0.085 0 0 0 0 1 80 1 0
1 32.42 3 2 2 4 0.165 0 0 0 1 2 120 1 0
1 21.58 0.79 1 13 4 0.665 0 0 0 0 2 160 1 0
1 39.92 6.21 2 11 4 0.04 1 1 1 0 2 200 301 1
0 38.25 6 2 4 4 1 1 0 0 1 2 0 1 1
1 27.83 1.5 2 9 4 2 1 1 11 1 2 434 36 1
1 34.08 2.5 2 8 4 1 0 0 0 0 2 460 17 0
0 24.75 13.66 2 11 8 1.5 0 0 0 0 2 280 2 0
1 30.17 6.5 2 13 4 3.125 1 1 8 0 2 330 1201 1
1 37.33 6.5 2 7 8 4.25 1 1 12 1 2 93 1 1
1 25.33 0.57 2 8 4 0.29 1 1 7 1 2 96 5125 1
1 38.42 0.7 2 8 4 0.375 0 1 2 0 2 225 501 0
1 17.07 0.25 2 11 4 0.335 0 1 4 0 2 160 9 0
0 45.33 1 2 11 4 0.125 0 0 0 1 2 263 1 0

