1 27.25 1.58 2 13 8 1.835 1 1 12 1 2 583 714 1
1 29.5 0.57 2 9 4 0.29 0 1 1 0 2 340 2804 0
1 37.75 7 2 11 8 11.5 1 1 7 1 2 300 6 0
0 19.17 8.58 2 13 8 0.75 1 1 7 0 2 96 1 1
0 28.75 3.75 2 8 4 1.085 1 1 1 1 2 371 1 1
1 48.17 3.5 2 6 4 3.5 1 0 0 0 1 230 1 1
1 29.67 0.75 1 8 4 0.04 0 0 0 0 2 240 1 0
0 22.67 0.79 2 3 4 0.085 0 0 0 0 2 144 1 0
0 18.17 10 1 11 8 0.165 0 0 0 0 2 340 1 0
1 36.42 0.75 1 2 4 0.585 0 0 0 0 2 240 4 0
1 25.17 3 2 8 4 1.25 0 1 1 0 2 0 23 0
0 27.67 1.5 2 7 4 2 1 0 0 0 1 368 1 0
0 17.92 10.21 2 1 1 0 0 0 0 0 2 0 51 0
0 41.58 1.04 2 6 4 0.665 0 0 0 0 2 240 238 0
1 19 0 1 1 1 0 0 1 4 0 2 45 2 0
1 32.92 2.5 2 6 4 1.75 0 1 2 1 2 720 1 0
1 29.92 1.83 2 8 8 4.335 1 0 0 0 2 260 201 1
0 18.57 10 2 2 4 0.415 0 0 0 0 2 80 43 0
1 30.83 0 2 9 4 1.25 1 1 1 0 2 202 1 1
1 23.75 12 2 8 4 2.085 0 0 0 0 1 80 1 0
0 22.5 0.41 2 3 4 0.335 0 0 0 1 1 144 1 0
1 20.42 1.83 2 8 4 2.25 1 1 1 0 2 100 151 1
1 31.42 15.5 2 8 4 0.5 1 0 0 0 2 120 1 0
1 56 12.5 2 4 8 8 1 0 0 1 2 24 2029 1
1 36.67 2 2 3 4 0.25 0 0 0 1 2 221 1 0
1 21.92 0.54 1 14 4 0.04 1 1 1 1 2 840 60 1
1 42 9.78 2 14 8 7.96 1 1 8 0 2 0 1 1
1 29.25 13 2 2 8 0.5 0 0 0 0 2 228 1 0
0 46 4 2 5 3 0 1 0 0 0 2 100 961 1
1 22.5 0.12 1 4 4 0.125 0 0 0 0 2 200 71 0
0 57.08 0.33 2 3 5 1 1 0 0 1 2 252 2198 0
0 58.42 21 2 3 5 10 1 1 13 0 2 0 6701 1
1 36.17 5.5 2 3 5 5 0 0 0 0 2 210 688 0
0 19.5 0.16 2 11 4 0.04 0 0 0 1 2 380 1 0
0 60.58 16.5 2 11 4 11 1 0 0 1 2 21 10562 1
0 22.5 8.46 1 14 4 2.46 0 0 0 0 2 164 1 1
1 29.42 1.25 2 9 4 1.75 0 0 0 0 2 200 1 0
1 62.5 12.75 1 8 8 5 1 0 0 0 2 112 1 0
1 45 8.5 2 13 8 14 1 1 1 1 2 88 2001 1
1 38.92 1.75 2 4 4 0.5 0 0 0 1 2 300 3 0
1 24.83 2.75 2 8 4 2.25 1 1 6 0 2 184 601 1
0 30.58 10.66 2 11 8 0.085 0 1 12 1 2 129 4 0
1 26.83 0.54 2 4 1 0 0 0 0 0 2 100 1 0
1 52.42 1.5 2 2 4 3.75 0 0 0 1 2 0 351 0
1 42.08 1.04 2 9 4 5 1 1 6 1 2 500 10001 1
1 33.17 3.04 1 8 8 2.04 1 1 1 1 2 180 18028 1
1 26.67 4.25 2 13 4 4.29 1 1 1 1 2 120 1 1
1 31.25 2.83 2 1 1 0 0 1 5 0 2 176 147 0
1 29.83 1.25 1 4 4 0.25 0 0 0 0 2 224 1 0
1 62.75 7 2 10 9 0 0 0 0 0 2 0 13 0
0 44.17 6.66 2 11 4 7.375 1 1 3 1 2 0 1 1
1 48.17 7.62 2 9 8 15.5 1 1 12 0 2 0 791 1
1 27.83 1.5 2 9 4 2.25 0 1 1 1 2 100 4 0
1 57.42 8.5 2 10 8 7 1 1 3 0 2 0 1 1
1 19.5 9.58 2 6 4 0.79 0 0 0 0 2 80 351 0
1 54.33 6.75 2 8 8 2.625 1 1 11 1 2 0 285 1
1 35.17 25.12 2 14 8 1.625 1 1 1 1 2 515 501 1
1 47.33 6.5 2 8 4 1 0 0 0 1 2 0 229 0
0 23.5 1.5 2 9 4 0.875 0 0 0 1 2 160 1 0
1 24.08 9 2 6 4 0.25 0 0 0 1 2 0 1 0
0 21.08 5 1 1 1 0 0 0 0 0 2 0 1 0
1 23.58 0.83 2 3 8 0.085 0 0 0 1 2 220 6 0
1 24.42 12.33 2 11 8 1.585 1 0 0 1 2 120 1 1
0 52.17 0 1 1 1 0 0 0 0 0 2 0 1 0
1 40.25 21.5 2 10 9 20 1 1 11 0 2 0 1201 1
1 22.92 3.16 1 8 4 0.165 0 0 0 0 2 160 1059 0
1 28.92 0.37 2 8 4 0.29 0 0 0 0 2 220 141 0
1 28.58 3.62 2 6 4 0.25 0 0 0 1 2 100 1 0
1 30.17 1.08 1 8 4 0.04 0 0 0 0 2 170 180 0
1 24.17 0.87 2 11 4 4.625 1 1 2 1 2 520 2001 1
0 22.92 11.58 2 13 4 0.04 1 0 0 0 2 80 1350 1
1 22.17 12.12 2 8 4 3.335 0 1 2 1 2 180 174 0
1 27.83 4 1 3 8 5.75 1 1 2 1 2 75 1 0
1 31.67 16.16 2 2 4 3 1 1 9 0 2 250 731 1
0 47.75 8 2 8 4 7.875 1 1 6 1 2 0 1261 1
0 30.25 5.5 2 4 4 5.5 0 0 0 1 1 100 1 0
1 56.75 12.25 2 7 4 1.25 1 1 4 1 2 200 1 1
1 20.42 7 2 8 4 1.625 1 1 3 0 2 200 1392 1
1 24.58 12.5 2 9 4 0.875 1 0 0 1 2 260 1 0
1 21.92 0.5 2 8 4 0.125 0 0 0 0 2 360 1 0
1 20 0 2 2 4 0.5 0 0 0 0 2 144 1 0
1 18.82 3.54 1 1 1 0 0 0 0 1 2 180 2 0
0 49.83 13.58 2 4 8 8.5 1 0 0 1 2 0 1 1
1 20 7 2 8 4 0.5 0 0 0 0 2 0 1 0
1 33.17 1 2 14 4 0.75 1 1 7 1 2 340 4072 1
0 32 6 2 2 4 1.25 0 0 0 0 2 272 1 0
1 29.17 3.5 2 9 4 3.5 1 1 3 1 2 329 1 0
1 27 0.75 2 8 8 4.25 1 1 3 1 2 312 151 1
1 43.17 2.25 2 3 5 0.75 1 0 0 0 2 560 1 0
1 31.83 0.04 1 7 4 0.04 0 0 0 0 2 0 1 0
1 20.17 5.62 2 9 4 1.71 1 0 0 0 1 120 1 1
1 31.57 0.62 2 4 4 0.25 0 0 0 0 2 380 2011 0
1 48.08 3.75 2 3 5 1 0 0 0 0 2 100 3 0
1 15.17 7 2 10 4 1 0 0 0 0 2 600 1 0
1 47.17 5.83 2 9 4 5.5 0 0 0 0 2 465 151 0
1 18.67 5 2 11 4 0.375 1 1 2 0 2 0 39 0
1 37.42 2.04 2 9 4 0.04 1 0 0 1 2 400 5801 1
1 20.67 1.25 1 8 8 1.375 1 1 3 1 2 140 211 0
1 52.33 1.37 1 8 8 9.46 1 0 0 1 2 200 101 0
1 38.58 3.33 2 9 4 4 1 1 14 0 2 383 1345 1
0 17.92 0.54 2 8 4 1.75 0 1 1 1 2 80 6 0
0 18.82 4.41 1 8 8 3 1 0 0 0 2 240 1 1
1 31.83 2.5 2 6 4 7.5 1 0 0 1 2 523 1 0
1 27.42 12.5 2 6 5 0.25 0 0 0 1 2 720 1 0
0 57.58 2 2 1 1 6.5 0 1 1 0 2 0 11 0
1 17.57 10 2 9 8 0.165 0 1 1 0 2 120 2 0
0 23.5 9 2 11 4 8.5 1 1 5 1 2 120 1 1
1 20.75 5.08 1 5 4 0.29 0 0 0 0 2 140 185 0
1 25.17 3.5 2 13 4 0.625 1 1 7 0 2 0 7060 1
0 20.42 0.83 2 11 4 1.585 1 1 1 0 2 0 1 1

