1 20.5 10 1 8 4 2.5 1 0 0 0 1 40 1 1
1 39.5 4.25 2 8 5 6.5 1 1 16 0 2 117 1211 1
0 41.17 6.5 2 11 4 0.5 1 1 3 1 2 145 1 1
1 24.42 2 2 10 2 0.165 0 1 2 0 2 320 1301 0
1 34.42 1.33 2 3 5 0.125 0 0 0 1 2 440 4501 0
1 64.08 20 2 14 8 17.5 1 1 9 1 2 0 1001 1
1 37.33 6.5 2 7 8 4.25 1 1 12 1 2 93 1 1
1 26.67 14.58 2 3 5 0 0 0 0 1 2 178 1 0
1 27.83 1.5 2 9 4 2 1 1 11 1 2 434 36 1
1 32.42 2.16 1 4 1 0 0 0 0 0 2 120 1 0
1 30.17 1.08 1 8 4 0.04 0 0 0 0 2 170 180 0
1 20.67 0.41 2 8 4 0.125 0 0 0 0 2 0 45 0
1 80.25 5.5 2 8 4 0.54 1 0 0 0 2 0 341 0
0 34.83 1.25 1 3 8 0.5 0 0 0 1 2 160 1 0
1 22.25 0.46 2 4 4 0.125 0 0 0 1 2 280 56 0
1 19.32 10.91 2 8 5 0.585 0 1 2 1 2 200 8 0
1 23.42 1 2 8 4 0.5 0 0 0 1 1 280 1 0
0 16 0.16 2 6 4 1 0 1 2 1 2 320 2 0
0 20.07 0.12 2 11 4 1 0 1 1 0 2 240 769 1
1 39.33 5.87 2 13 8 10 1 1 14 1 2 399 1 1
0 19.17 5.41 2 3 8 0.29 0 0 0 0 2 80 485 0
1 34 5.5 1 8 4 1.5 0 0 0 1 2 60 1 0
0 25.75 0.5 2 8 8 0.875 1 0 0 1 2 491 1 1
1 30.33 0.5 2 2 8 0.085 0 0 0 1 1 252 1 0
1 34.08 2.5 2 8 4 1 0 0 0 0 2 460 17 0
0 31.75 3 1 5 3 0 0 0 0 0 2 160 21 0
0 29.58 1.75 1 4 4 1.25 0 0 0 1 2 280 1 0
1 24.17 0.87 2 11 4 4.625 1 1 2 1 2 520 2001 1
1 16.32 2.75 2 6 4 0.665 0 1 1 0 2 80 22 0
0 52.83 15 2 8 4 5.5 1 1 14 0 2 0 2201 1
1 28.58 3.62 2 6 4 0.25 0 0 0 1 2 100 1 0
1 30.83 0 2 9 4 1.25 1 1 1 0 2 202 1 1
0 19.57 0.66 2 9 4 1.665 0 0 0 0 2 220 6 0
0 32.33 0.54 2 13 4 0.04 1 0 0 0 2 440 11178 1
1 38.42 0.7 2 8 4 0.375 0 1 2 0 2 225 501 0
1 24.58 1.25 2 8 4 0.25 0 0 0 0 2 110 1 0
0 21.08 5 1 1 1 0 0 0 0 0 2 0 1 0
1 56.42 28 1 8 4 28.5 1 1 40 0 2 0 16 1
0 18.92 9 2 6 4 0.75 1 1 2 0 2 88 592 1
1 51.83 3 1 1 1 1.5 0 0 0 0 2 180 5 0
0 15.92 2.87 2 11 4 0.085 0 0 0 0 2 120 1 0
0 22.67 0.79 2 3 4 0.085 0 0 0 0 2 144 1 0
1 33.75 2.75 2 3 5 0 0 0 0 0 2 180 1 0
1 36.67 2 2 3 4 0.25 0 0 0 1 2 221 1 0
0 52.17 0 1 1 1 0 0 0 0 0 2 0 1 0
1 31.57 0.37 2 2 4 0.875 1 0 0 1 1 928 1 0
1 39.25 9.5 2 7 4 6.5 1 1 14 0 2 240 4608 1
0 16.07 0.33 2 1 1 0 0 1 1 0 2 160 127 0
1 36.42 0.75 1 2 4 0.585 0 0 0 0 2 240 4 0
1 48.17 3.5 2 6 4 3.5 1 0 0 0 1 230 1 1
1 21.17 0.25 1 8 8 0.25 0 0 0 0 2 280 205 0
1 36.08 2.54 2 1 1 0 0 0 0 0 2 0 1001 0
1 31.57 4 2 14 4 5 1 1 3 1 2 290 2280 1
1 25.67 2.21 1 6 4 4 1 0 0 0 2 188 1 0
1 36.33 3.79 2 9 4 1.165 1 0 0 1 2 200 1 0
1 34.25 3 2 13 8 7.415 1 0 0 1 2 0 1 1
0 32.17 1.46 2 9 4 1.085 1 1 16 0 2 120 2080 1
1 19.67 10 1 4 8 0.835 1 0 0 1 2 140 1 0
1 19.42 6.5 2 9 8 1.46 1 1 7 0 2 80 2955 1
1 34.17 2.75 2 3 5 2.5 0 0 0 1 2 232 201 0
1 67.75 5.5 2 10 9 13 1 1 1 1 2 0 1 1
1 22.33 11 2 9 4 2 1 1 1 0 2 80 279 1
0 25 12.33 2 13 8 3.5 1 1 6 0 2 400 459 1
0 28.58 1.66 2 11 4 2.415 1 0 0 1 2 440 1 0
0 46 4 2 5 3 0 1 0 0 0 2 100 961 1
0 22.25 1.25 1 1 1 3.25 0 0 0 0 2 280 1 0
1 44.33 0.5 2 3 8 5 1 0 0 1 2 320 1 1
0 27.25 0.28 2 7 8 0.125 0 1 1 1 2 272 109 0
1 34.92 5 2 14 8 7.5 1 1 6 1 2 0 1001 1
1 37.5 1.12 1 2 4 1.5 0 0 0 1 2 431 1 1
1 33.5 1.75 2 14 8 4.5 1 1 4 1 2 253 858 1
0 57.08 19.5 2 8 4 5.5 1 1 7 0 2 0 3001 1
1 25.75 0.5 2 8 4 1.46 1 1 5 1 2 312 1 1
0 25.33 2.08 2 8 8 2.75 1 0 0 1 2 360 2 0
0 16.92 0.5 2 3 4 0.165 0 1 6 1 2 240 36 0
1 32.25 0.16 1 8 8 3.25 1 1 1 1 2 432 8001 1
1 19.17 4 1 3 4 1 0 0 0 1 2 360 1001 0
0 19.17 0.58 1 6 4 0.585 1 0 0 1 2 160 1 0
0 18.82 4.41 1 8 8 3 1 0 0 0 2 240 1 1
1 27.58 2.04 1 6 4 2 1 1 3 1 2 370 561 1
1 26.83 0.54 2 4 1 0 0 0 0 0 2 100 1 0
1 51.58 15 2 8 4 8.5 1 1 9 0 2 0 1 1
1 17.42 6.5 2 3 4 0.125 0 0 0 0 2 60 101 0
1 18.67 5 2 11 4 0.375 1 1 2 0 2 0 39 0
1 42.83 1.25 2 7 4 13.875 0 1 1 1 2 352 113 0
1 20.75 5.08 1 5 4 0.29 0 0 0 0 2 140 185 0
1 33.17 1 2 14 4 0.75 1 1 7 1 2 340 4072 1
1 18.82 0.41 1 8 4 0.165 0 1 1 0 2 200 2 0
0 44.33 0 2 8 4 2.5 1 0 0 0 2 0 1 1
1 23.33 1.5 2 8 8 1.415 1 0 0 0 2 422 201 1
1 35.25 3.16 2 14 8 3.75 1 0 0 1 2 680 1 0
0 22.5 8.46 1 14 4 2.46 0 0 0 0 2 164 1 1
1 22 0.79 2 9 4 0.29 0 1 1 0 2 420 284 0
0 30.67 12 2 8 4 2 1 1 1 0 2 220 20 1
0 55.75 7.08 2 4 8 6.75 1 1 3 1 2 100 51 0
1 40 6.5 2 6 5 3.5 1 1 1 0 2 0 501 1
1 19.17 0 1 7 5 0 0 0 0 1 1 500 2 1
0 57.08 0.33 2 3 5 1 1 0 0 1 2 252 2198 0
0 36 1 2 8 4 2 1 1 11 0 2 0 457 1
0 29.75 0.66 2 9 4 0.25 0 0 0 1 2 300 1 0
0 22.83 2.29 2 11 8 2.29 1 1 7 1 2 140 2385 1
1 41.17 1.33 2 2 4 0.165 0 0 0 0 2 168 1 0
1 55.92 11.5 2 1 1 5 1 1 5 0 2 0 8852 1
1 28.75 1.16 2 4 4 0.5 1 0 0 0 1 280 1 0
1 31.08 3.08 2 8 4 2.5 0 1 2 1 2 160 42 0
1 34 5.08 1 3 5 1.085 0 0 0 1 2 480 1 0
1 16 3.12 2 9 4 0.085 0 1 1 0 2 0 7 0
1 48.08 3.75 2 3 5 1 0 0 0 0 2 100 3 0
1 19.32 9.5 2 11 4 1 1 0 0 1 2 60 401 1
1 23.75 0.41 1 8 4 0.04 0 1 2 0 2 128 7 0

