0 18.42 9.25 2 11 4 1.21 1 1 4 0 2 60 541 1
0 47.75 8 2 8 4 7.875 1 1 6 1 2 0 1261 1
1 29.83 3.5 2 8 4 0.165 0 0 0 0 2 216 1 0
0 22.42 5.66 2 11 4 2.585 1 1 7 0 2 129 3258 1
1 23.42 1 2 8 4 0.5 0 0 0 1 1 280 1 0
0 23.75 0.71 2 9 4 0.25 0 1 1 1 2 240 5 0
0 17.57 9 2 6 4 1.375 1 0 0 1 2 0 1 1
0 25.75 0.5 2 8 8 0.875 1 0 0 1 2 491 1 1
0 36.58 0.28 2 1 1 0 0 1 10 0 2 200 19 0
0 19.67 0.21 2 11 8 0.29 1 1 11 0 2 80 100 1
1 76.75 22.29 2 10 9 12.75 1 1 1 1 2 0 110 1
1 32.08 4 2 7 4 2.5 1 0 0 1 2 360 1 1
1 25.17 3.5 2 13 4 0.625 1 1 7 0 2 0 7060 1
1 29.42 1.25 2 8 8 0.25 0 1 2 1 2 400 109 0
1 52.5 6.5 2 4 4 6.29 1 1 15 0 2 0 11203 1
1 21.67 1.16 1 4 4 2.5 1 1 1 0 2 180 21 0
1 28.75 1.5 1 8 4 1.5 1 0 0 1 2 0 226 0
0 20.42 7.5 2 4 4 1.5 1 1 1 0 2 160 235 1
0 25.58 0 2 8 4 0 0 0 0 0 3 184 1 1
1 26.17 12.5 1 4 8 1.25 0 0 0 1 2 0 18 0
0 27.33 1.66 2 1 1 0 0 0 0 0 2 340 2 0
0 27.58 3 2 7 4 2.79 0 1 1 1 2 280 11 0
1 54.42 0.5 1 4 8 3.96 1 0 0 0 2 180 315 1
0 58.33 10 2 11 4 4 1 1 14 0 2 0 1603 1
1 34.17 2.75 2 3 5 2.5 0 0 0 1 2 232 201 0
0 16.07 0.33 2 1 1 0 0 1 1 0 2 160 127 0
0 27.67 1.5 2 7 4 2 1 0 0 0 1 368 1 0
1 27.58 3.25 1 11 8 5.085 0 1 2 1 2 369 2 0
1 39.42 1.71 1 7 4 0.165 0 0 0 0 1 400 1 0
0 36 1 2 8 4 2 1 1 11 0 2 0 457 1
0 69.5 6 2 1 1 0 0 0 0 0 1 0 1 0
0 35.17 3.75 2 1 1 0 0 1 6 0 2 0 201 0
1 23 0.75 2 7 4 0.5 0 0 0 1 1 320 1 0
1 23.58 0.46 1 9 4 2.625 1 1 6 1 2 208 348 0
1 44.83 7 1 8 4 1.625 0 0 0 0 2 160 3 0
0 25.42 1.12 2 11 4 1.29 1 1 2 0 2 200 1 0
1 23.17 0 2 8 4 0 0 0 0 0 3 184 1 1
1 60.08 14.5 2 1 1 18 1 1 15 1 2 0 1001 1
1 18.67 5 2 11 4 0.375 1 1 2 0 2 0 39 0
1 17.92 0.2 2 6 4 0.04 0 0 0 0 2 280 751 0
1 27.67 13.75 2 9 4 5.75 1 0 0 1 2 487 501 1
1 24.08 0.87 2 7 4 0.085 0 1 4 0 2 254 1951 0
0 35.75 0.91 2 6 4 0.75 1 1 4 0 2 0 1584 1
0 38.92 1.66 2 6 4 0.25 0 0 0 0 2 0 391 0
1 22.33 11 2 9 4 2 1 1 1 0 2 80 279 1
1 40.92 2.25 1 14 8 10 1 0 0 1 2 176 1 0
1 41.17 1.33 2 2 4 0.165 0 0 0 0 2 168 1 0
1 16.17 0.04 2 8 4 0.04 0 0 0 0 2 0 1 1
1 18.25 0.16 2 2 4 0.25 0 0 0 1 1 280 1 0
1 16.25 0.83 2 7 4 0.085 1 0 0 0 1 200 1 0
0 18.07 0.37 3 13 1 10 0 0 0 1 1 300 1 1
1 54.83 15.5 2 10 9 0 1 1 20 0 2 152 131 0
1 38.67 0.21 2 4 4 0.085 1 0 0 1 2 280 1 1
1 47.33 6.5 2 8 4 1 0 0 0 1 2 0 229 0
0 24.5 2.41 1 8 4 0 0 0 0 0 2 120 1 0
0 28.5 3.04 1 14 8 2.54 1 1 1 0 2 70 1 1
1 29.67 0.75 1 8 4 0.04 0 0 0 0 2 240 1 0
1 49.58 19 2 1 1 0 1 1 1 0 2 94 1 0
0 31.92 3.12 2 1 1 3.04 0 1 2 1 2 200 5 0
1 26.92 2.25 2 3 5 0.5 0 0 0 1 2 640 4001 0
1 20.07 0.25 2 11 4 0.125 0 0 0 0 2 200 1 0
0 24.92 1.25 2 1 1 0 1 0 0 0 2 80 1 0
1 47.67 2.5 2 7 5 2.5 1 1 12 1 2 410 2511 1
1 18.17 10.25 2 8 8 1.085 0 0 0 0 2 320 14 0
0 24.08 0.5 2 11 8 1.25 1 1 1 0 2 0 679 1
1 48.33 12 2 7 4 16 1 0 0 0 1 110 1 1
1 22.17 12.12 2 8 4 3.335 0 1 2 1 2 180 174 0
1 26.67 1.75 1 8 4 1 1 1 5 1 2 160 5778 1
1 27 1.5 1 9 4 0.375 1 0 0 1 2 260 1066 1
1 23 0.62 1 6 4 0.125 1 0 0 0 2 180 2 0
1 31.57 3 1 3 5 7 0 0 0 0 2 0 2 0
0 41.33 1 2 3 5 2.25 1 0 0 1 2 0 301 1
1 36.42 0.75 1 2 4 0.585 0 0 0 0 2 240 4 0
1 57.42 8.5 2 10 8 7 1 1 3 0 2 0 1 1
1 33.58 0.25 2 3 5 4 0 0 0 1 1 420 1 0
1 44 2 2 7 4 1.75 1 1 2 1 2 0 16 1
0 29.5 2 1 10 8 2 0 0 0 0 2 256 18 0
0 56.83 4.25 1 1 1 5 0 0 0 1 2 0 5 0
1 22.58 10.03 2 14 4 0.04 1 1 9 0 2 60 397 1
1 17.42 6.5 2 3 4 0.125 0 0 0 0 2 60 101 0
1 40.58 3.29 2 7 4 3.5 0 0 0 1 1 400 1 0
1 42.5 4.91 1 9 4 3.165 1 0 0 1 2 52 1443 1
1 36.33 3.79 2 9 4 1.165 1 0 0 1 2 200 1 0
0 22.67 3.8 2 8 4 0.165 0 0 0 0 2 160 1 0
1 22.75 11.5 2 3 4 0.415 0 0 0 0 2 0 1 0
1 35.17 4.5 2 14 8 5.75 0 0 0 1 1 711 1 1
0 19.17 5.41 2 3 8 0.29 0 0 0 0 2 80 485 0
0 19.17 0.58 1 6 4 0.585 1 0 0 1 2 160 1 0
1 48.5 4.25 2 7 4 0.125 1 0 0 1 2 225 1 1
1 29.92 1.83 2 8 8 4.335 1 0 0 0 2 260 201 1
1 42.75 4.08 2 6 4 0.04 0 0 0 0 2 108 101 0
1 34.25 1.75 2 9 5 0.25 1 0 0 1 2 163 1 0
1 22.67 0.75 2 3 4 1.585 0 1 1 1 2 400 10 0
1 18.82 0.41 1 8 4 0.165 0 1 1 0 2 200 2 0
1 19.57 0.58 2 1 1 0 0 1 3 0 2 350 770 0
1 26.25 1.54 2 9 4 0.125 0 0 0 0 2 100 1 0
1 32.42 2.16 1 4 1 0 0 0 0 0 2 120 1 0
0 36.75 4.71 2 1 1 0 0 0 0 0 2 160 1 0
1 20 1.25 1 4 4 0.125 0 0 0 0 2 140 5 0
1 48.17 7.62 2 9 8 15.5 1 1 12 0 2 0 791 1
0 20.83 3 2 6 4 0.04 1 0 0 0 2 100 1 1
0 44.33 0 2 8 4 2.5 1 0 0 0 2 0 1 1
0 28.58 1.66 2 11 4 2.415 1 0 0 1 2 440 1 0
1 37.75 7 2 11 8 11.5 1 1 7 1 2 300 6 0
0 41.58 1.04 2 6 4 0.665 0 0 0 0 2 240 238 0
1 41.17 1.25 1 9 4 0.25 0 0 0 0 2 0 196 0
1 38.42 0.7 2 8 4 0.375 0 1 2 0 2 225 501 0
1 36.67 2 2 3 4 0.25 0 0 0 1 2 221 1 0
1 23.17 0 2 13 4 0.085 1 0 0 0 2 0 1 1
1 19.67 0.37 2 11 4 2 1 1 2 1 2 80 1 1

