0 53.33 0.16 2 1 1 0 0 0 0 1 1 62 28 0
1 34.17 2.75 2 3 5 2.5 0 0 0 1 2 232 201 0
1 26 1 2 11 4 1.75 1 0 0 1 2 280 1 1
1 22.83 3 2 7 4 1.29 1 1 1 0 2 260 801 1
1 23.08 0 2 4 4 1 0 1 11 0 1 0 1 0
0 28.58 3.54 2 3 5 0.5 1 0 0 1 2 171 1 0
0 27.67 2.04 2 9 4 0.25 0 0 0 1 2 180 51 0
1 32.33 3.5 2 4 4 0.5 0 0 0 1 2 232 1 0
1 62.75 7 2 10 9 0 0 0 0 0 2 0 13 0
1 23.75 0.41 1 8 4 0.04 0 1 2 0 2 128 7 0
0 21.75 1.75 1 5 3 0 0 0 0 0 2 160 1 0
0 28.5 1 2 11 4 1 1 1 2 1 2 167 501 0
1 29.83 3.5 2 8 4 0.165 0 0 0 0 2 216 1 0
1 22.08 11 2 13 4 0.665 1 0 0 0 2 100 1 1
1 25.67 12.5 2 13 4 1.21 1 1 67 1 2 140 259 1
1 31.25 2.83 2 1 1 0 0 1 5 0 2 176 147 0
1 73.42 17.75 2 1 1 0 1 0 0 1 2 0 1 1
1 74.83 19 1 1 1 0.04 0 1 2 0 2 0 352 0
0 21.08 5 1 1 1 0 0 0 0 0 2 0 1 0
0 28.5 3.04 1 14 8 2.54 1 1 1 0 2 70 1 1
1 76.75 22.29 2 10 9 12.75 1 1 1 1 2 0 110 1
0 25 11 1 6 4 4.5 1 0 0 0 2 120 1 0
1 23.92 1.5 2 2 8 1.875 1 1 6 0 2 200 328 1
1 33.75 2.75 2 3 5 0 0 0 0 0 2 180 1 0
1 17.07 0.25 2 11 4 0.335 0 1 4 0 2 160 9 0
1 39.83 0.5 2 7 4 0.25 1 0 0 0 1 288 1 0
1 39.5 4.25 2 8 5 6.5 1 1 16 0 2 117 1211 1
1 22.67 2.54 1 8 8 2.585 1 0 0 0 2 0 1 1
0 42.25 1.75 1 8 4 0 0 0 0 1 2 150 2 0
1 51.42 0.04 2 14 8 0.04 1 0 0 0 2 0 3001 1
1 48.08 6.04 2 4 4 0.04 0 0 0 0 2 0 2691 1
1 37.17 4 2 8 5 5 1 0 0 1 1 280 1 0
0 32 6 2 2 4 1.25 0 0 0 0 2 272 1 0
0 22.42 5.66 2 11 4 2.585 1 1 7 0 2 129 3258 1
1 56.75 12.25 2 7 4 1.25 1 1 4 1 2 200 1 1
1 34 5.5 1 8 4 1.5 0 0 0 1 2 60 1 0
1 47.67 0.28 2 8 5 15 1 1 20 0 2 0 15001 1
1.234 22.08 11.46 2 4 4 1.585 0 0 0 1 2 100 1213 0
1 36.75 0.12 1 8 4 1.5 0 0 0 1 2 232 114 1
1 21.92 0.54 1 14 4 0.04 1 1 1 1 2 840 60 1
1 29.92 1.83 2 8 8 4.335 1 0 0 0 2 260 201 1
1 25 11.25 2 8 4 2.5 1 1 17 0 2 200 1209 1
1 20.25 9.96 2 10 2 0 1 0 0 0 2 0 1 1
1 20.42 1.83 2 8 4 2.25 1 1 1 0 2 100 151 1
0 25 0.87 2 14 8 1.04 1 0 0 1 2 160 5861 1
0 24.75 3 2 11 8 1.835 1 1 19 0 2 0 501 1
0 20.32 10 2 8 8 1 1 1 4 0 2 50 1466 1
1 34.08 2.5 2 8 4 1 0 0 0 0 2 460 17 0
1 24.42 2 2 10 2 0.165 0 1 2 0 2 320 1301 0
0 19.57 0.66 1 8 4 1 0 1 1 0 2 2000 3 0
1 31.57 0.62 2 4 4 0.25 0 0 0 0 2 380 2011 0
0 23.25 5.87 2 11 4 3.17 1 1 10 0 2 120 246 1
1 39.92 5 2 3 5 0.21 0 0 0 0 2 550 1 0
1 35.17 4.5 2 14 8 5.75 0 0 0 1 1 711 1 1
1 44.25 11 1 2 4 1.5 1 0 0 0 1 0 1 0
0 35.75 0.91 2 6 4 0.75 1 1 4 0 2 0 1584 1
1 45 8.5 2 13 8 14 1 1 1 1 2 88 2001 1
1 48.25 25.08 2 9 4 1.75 1 1 3 0 2 120 15 1
1 16.5 0.12 2 8 4 0.165 0 0 0 0 2 132 1 0
1 22.92 3.16 1 8 4 0.165 0 0 0 0 2 160 1059 0
1 34.42 4.25 2 3 5 3.25 1 1 2 0 2 274 611 1
1 23.08 2.5 2 8 4 1.085 1 1 11 1 2 60 2185 1
0 38.75 1.5 2 1 1 0 0 0 0 0 2 76 1 0
1 42.5 4.91 1 9 4 3.165 1 0 0 1 2 52 1443 1
1 22.67 10.5 2 11 8 1.335 1 0 0 0 2 100 1 1
1 23.92 0.66 2 8 4 0.165 0 0 0 0 2 100 1 1
0 16.07 0.33 2 1 1 0 0 1 1 0 2 160 127 0
0 28.17 0.37 2 11 4 0.585 1 1 4 0 2 80 1 1
0 15.83 7.62 2 11 4 0.125 0 1 1 1 2 0 161 0
1 22.75 11 2 11 4 2.5 1 1 7 1 2 100 810 1
0 46.08 3 2 8 4 2.375 1 1 8 1 2 396 4160 1
0 41 2.04 1 11 8 0.125 1 1 23 1 2 455 1237 1
0 28.58 3.75 2 8 4 0.25 0 1 1 1 2 40 155 0
1 18.25 0.16 2 2 4 0.25 0 0 0 1 1 280 1 0
1 32.08 4 1 13 4 1.5 0 0 0 1 2 120 1 0
0 48.17 1.33 2 3 7 0.335 0 0 0 0 2 0 121 0
1 31.25 1.12 2 1 1 0 0 1 1 0 2 96 20 0
1 29.5 0.57 2 9 4 0.29 0 1 1 0 2 340 2804 0
0 33.08 4.62 2 11 8 1.625 1 1 2 0 2 0 1 1
1 25.83 12.83 2 13 4 0.5 0 0 0 0 2 0 3 0
1 22.17 2.25 2 3 4 0.125 0 0 0 0 2 160 11 0
1 36.33 3.79 2 9 4 1.165 1 0 0 1 2 200 1 0
1 48.58 6.5 2 11 8 6 1 0 0 1 2 350 1 1
1 25.67 2.21 1 6 4 4 1 0 0 0 2 188 1 0
0 58.42 21 2 3 5 10 1 1 13 0 2 0 6701 1
1 31.57 4 2 14 4 5 1 1 3 1 2 290 2280 1
0 17.57 9 2 6 4 1.375 1 0 0 1 2 0 1 1
1 18.82 3.54 1 1 1 0 0 0 0 1 2 180 2 0
0 28.17 0.58 2 6 4 0.04 0 0 0 0 2 260 1005 0
0 21.92 11.66 2 4 8 0.085 0 0 0 0 2 320 6 0
0 60.58 16.5 2 11 4 11 1 0 0 1 2 21 10562 1
1 31.57 3 1 3 5 7 0 0 0 0 2 0 2 0
1 27.75 1.29 2 4 8 0.25 0 0 0 1 1 140 1 0
0 35.17 3.75 2 1 1 0 0 1 6 0 2 0 201 0
1 37.42 2.04 2 9 4 0.04 1 0 0 1 2 400 5801 1
1 57.83 7.04 2 7 4 14 1 1 6 1 2 360 1333 1
1 16.25 0 1 6 4 0.25 0 0 0 0 2 60 1 0
0 26.08 8.66 2 6 4 1.415 1 0 0 0 2 160 151 1
1 29.42 1.25 2 9 4 1.75 0 0 0 0 2 200 1 0
0 25.25 13.5 1 1 1 2 0 1 1 1 2 200 2 0
0 20.83 0.5 1 10 2 1 0 0 0 0 2 260 1 0
0 49.83 13.58 2 4 8 8.5 1 0 0 1 2 0 1 1
0 41.17 6.5 2 11 4 0.5 1 1 3 1 2 145 1 1
1 36.17 18.12 2 9 4 0.085 0 0 0 0 2 320 3553 0
0 22.42 11.25 1 14 8 0.75 1 1 4 0 2 0 322 1
1 21.17 0 2 8 4 0.5 0 0 0 1 1 0 1 0
1 18.17 10.25 2 8 8 1.085 0 0 0 0 2 320 14 0
0 56.5 16 2 5 1 0 1 1 15 0 2 0 248 1
1 31.57 0.37 2 2 4 0.875 1 0 0 1 1 928 1 0
1 39.17 1.62 2 8 4 1.5 1 1 10 0 2 186 4701 1

