1 32.83 2.5 2 13 8 2.75 1 1 6 0 2 160 2073 1
1 29.83 1.25 1 4 4 0.25 0 0 0 0 2 224 1 0
1 27.83 1.5 2 9 4 2 1 1 11 1 2 434 36 1
1 42.75 4.08 2 6 4 0.04 0 0 0 0 2 108 101 0
1 26.92 2.25 2 3 5 0.5 0 0 0 1 2 640 4001 0
1 47.17 5.83 2 9 4 5.5 0 0 0 0 2 465 151 0
0 32.25 1.5 2 8 4 0.25 0 0 0 1 2 372 123 0
0 22.75 6.16 2 6 4 0.165 0 0 0 0 2 220 1001 0
1 80.25 5.5 2 8 4 0.54 1 0 0 0 2 0 341 0
1 18.07 5.5 2 4 4 0.5 1 0 0 0 2 80 1 1
1 31.33 19.5 2 8 4 7 1 1 16 0 2 0 5001 1
0 27.67 1.5 2 7 4 2 1 0 0 0 1 368 1 0
0 33.17 2.25 1 13 4 3.5 0 0 0 1 2 200 142 0
1 18 0.16 2 11 7 0.21 0 0 0 0 2 200 41 1
0 44.33 0 2 8 4 2.5 1 0 0 0 2 0 1 1
0 58.42 21 2 3 5 10 1 1 13 0 2 0 6701 1
1 51.58 15 2 8 4 8.5 1 1 9 0 2 0 1 1
1 27.58 3.25 1 11 8 5.085 0 1 2 1 2 369 2 0
1 18.5 2 2 3 4 1.5 1 1 2 0 2 120 301 1
1 27.75 0.58 1 13 4 0.25 1 1 2 0 2 260 501 1
0 31.75 3 1 5 3 0 0 0 0 0 2 160 21 0
1 31.83 0.04 1 7 4 0.04 0 0 0 0 2 0 1 0
1 39.42 1.71 1 7 4 0.165 0 0 0 0 1 400 1 0
0 30.5 6.5 2 8 5 4 1 1 7 1 2 0 3066 1
1 29.17 3.5 2 9 4 3.5 1 1 3 1 2 329 1 0
1 24.42 2 2 10 2 0.165 0 1 2 0 2 320 1301 0
1 21.92 0.54 1 14 4 0.04 1 1 1 1 2 840 60 1
1 32.42 3 2 2 4 0.165 0 0 0 1 2 120 1 0
1 25.42 0.54 2 9 4 0.165 0 1 1 0 2 272 445 0
1 31.08 1.5 1 9 4 0.04 0 0 0 0 1 160 1 0
1 34.5 4.04 1 3 5 8.5 1 1 7 1 2 195 1 1
1 26.67 14.58 2 3 5 0 0 0 0 1 2 178 1 0
1 34 5.08 1 3 5 1.085 0 0 0 1 2 480 1 0
0 45.33 1 2 11 4 0.125 0 0 0 1 2 263 1 0
1 73.42 17.75 2 1 1 0 1 0 0 1 2 0 1 1
0 27.33 1.66 2 1 1 0 0 0 0 0 2 340 2 0
1 56.42 28 1 8 4 28.5 1 1 40 0 2 0 16 1
0 15.83 7.62 2 11 4 0.125 0 1 1 1 2 0 161 0
1 48.58 6.5 2 11 8 6 1 0 0 1 2 350 1 1
0 24.5 2.41 1 8 4 0 0 0 0 0 2 120 1 0
1 18.32 1.21 1 10 2 0 0 0 0 0 2 100 1 0
1 51.83 3 1 1 1 1.5 0 0 0 0 2 180 5 0
1 28.33 5 2 9 4 11 1 0 0 1 2 70 1 1
0 20.83 0.5 1 10 2 1 0 0 0 0 2 260 1 0
1 28.67 14.5 2 2 4 0.125 0 0 0 0 2 0 287 0
0 28.67 1.04 2 8 4 2.5 1 1 5 1 2 300 1431 1
1 31.67 16.16 2 2 4 3 1 1 9 0 2 250 731 1
1 25 12.5 2 6 4 3 1 0 0 1 1 20 1 1
1 43.17 5 2 3 5 2.25 0 0 0 1 2 141 1 0
1 42.08 1.04 2 9 4 5 1 1 6 1 2 500 10001 1
1 23.58 1.79 2 8 4 0.54 0 0 0 1 2 136 2 0
1 20 0 2 2 4 0.5 0 0 0 0 2 144 1 0
1 32.08 4 1 13 4 1.5 0 0 0 1 2 120 1 0
1 41.17 1.25 1 9 4 0.25 0 0 0 0 2 0 196 0
1 20.42 7 2 8 4 1.625 1 1 3 0 2 200 1392 1
1 21.83 11 2 14 4 0.29 1 1 6 0 2 121 1 1
1 23.25 1 2 8 4 0.835 1 0 0 0 1 300 1 1
1 42.75 3 2 3 5 1 1 0 0 0 2 0 201 0
1 20 11.04 2 8 4 2 0 0 0 1 2 136 1 0
0 51.92 6.5 2 3 5 3.085 0 0 0 1 2 73 1 0
1 63.33 0.54 2 8 4 0.585 1 1 3 1 2 180 1 0
1 34.25 1.75 2 9 5 0.25 1 0 0 1 2 163 1 0
1 47.83 4.16 2 14 5 0.085 0 0 0 1 2 520 1 0
1 32.33 3.5 2 4 4 0.5 0 0 0 1 2 232 1 0
1 21.17 0.87 1 8 8 0.25 0 0 0 0 2 280 205 0
0 52.83 15 2 8 4 5.5 1 1 14 0 2 0 2201 1
1 17.25 3 2 4 4 0.04 0 0 0 1 2 160 41 0
1 49.17 2.29 2 1 1 0.29 0 0 0 0 2 200 4 0
0 26.5 2.71 1 8 4 0.085 0 0 0 0 1 80 1 0
1 41.75 0.96 2 14 4 2.5 1 0 0 0 2 510 601 1
1 31.58 0.75 1 6 4 3.5 0 0 0 1 2 320 1 0
0 69.5 6 2 1 1 0 0 0 0 0 1 0 1 0
0 38.92 1.66 2 6 4 0.25 0 0 0 0 2 0 391 0
1 30.17 6.5 2 13 4 3.125 1 1 8 0 2 330 1201 1
1 48.58 0.2 1 4 4 0.25 1 1 11 0 2 380 2733 1
1 34.17 5.25 2 9 4 0.085 0 0 0 1 2 290 7 1
0 24.58 0.67 2 6 8 1.75 1 0 0 0 2 400 1 0
1 26.17 0.83 2 13 4 1.165 0 0 0 0 2 100 1 0
1 52.42 1.5 2 2 4 3.75 0 0 0 1 2 0 351 0
1 39.33 5.87 2 13 8 10 1 1 14 1 2 399 1 1
1 36.17 0.42 1 9 4 0.29 0 0 0 1 2 309 3 0
0 27.67 2.04 2 9 4 0.25 0 0 0 1 2 180 51 0
1 21.25 1.5 2 9 4 1.5 0 0 0 0 2 150 9 1
0 29.5 0.46 2 4 4 0.54 1 1 4 0 2 380 501 1
1 31.57 10.5 2 14 4 6.5 1 0 0 0 2 0 1 1
1 23.5 3.16 1 4 4 0.415 0 1 1 1 2 280 81 0
0 46.08 3 2 8 4 2.375 1 1 8 1 2 396 4160 1
1 23.08 2.5 2 1 1 0.085 0 0 0 1 2 100 4209 0
1 45 8.5 2 13 8 14 1 1 1 1 2 88 2001 1
1 35.58 0.75 2 4 4 1.5 0 0 0 1 2 231 1 0
0 31.57 11.25 2 1 1 0 0 0 0 0 2 184 5201 0
0 57.58 2 2 1 1 6.5 0 1 1 0 2 0 11 0
0 35.17 3.75 2 1 1 0 0 1 6 0 2 0 201 0
0 16.07 0.33 2 1 1 0 0 1 1 0 2 160 127 0
1 40.58 3.29 2 7 4 3.5 0 0 0 1 1 400 1 0
1 27.83 1 1 2 8 3 0 0 0 0 2 176 538 0
0 20.67 1.83 2 11 4 2.085 1 1 5 0 2 220 2504 1
0 20.07 1.25 2 8 4 0 0 0 0 0 2 0 1 0
0 32.17 1.46 2 9 4 1.085 1 1 16 0 2 120 2080 1
0 18.82 4.41 1 8 8 3 1 0 0 0 2 240 1 1
1 37.5 1.75 1 8 5 0.25 1 0 0 1 2 164 401 0
0 42.25 1.75 1 8 4 0 0 0 0 1 2 150 2 0
1 19.42 6.5 2 9 8 1.46 1 1 7 0 2 80 2955 1
1 16.07 0.75 2 8 4 1.75 1 1 5 1 2 352 691 1
1 37.75 7 2 11 8 11.5 1 1 7 1 2 300 6 0
1 20.75 5.08 1 5 4 0.29 0 0 0 0 2 140 185 0
1 23.25 1.5 2 11 4 2.375 1 1 3 1 2 0 583 1
1 41.58 1.75 2 4 4 0.21 1 0 0 0 2 160 1 0
1 35.75 2.41 2 9 4 0.125 0 1 2 0 2 220 2 0
1 22.67 10.5 2 11 8 1.335 1 0 0 0 2 100 1 1

