1 20 0 2 2 4 0.5 0 0 0 0 2 144 1 0
1 29.83 2.04 1 14 8 0.04 0 0 0 0 2 128 2 0
1 21 4.79 1 9 4 2.25 1 1 1 1 2 80 301 1
1 17.07 3.29 2 3 4 0.335 0 0 0 1 2 140 3 0
1 76.75 22.29 2 10 9 12.75 1 1 1 1 2 0 110 1
1 19.42 1.5 1 13 4 2 1 0 0 1 2 100 21 0
0 68.67 15 2 10 9 0 1 1 14 0 2 0 3377 1
1 35.58 0.75 2 4 4 1.5 0 0 0 1 2 231 1 0
1 37.5 1.12 1 2 4 1.5 0 0 0 1 2 431 1 1
0 56.83 4.25 1 1 1 5 0 0 0 1 2 0 5 0
1 39.17 1.71 2 14 4 0.125 1 1 5 1 2 480 1 1
1 48.58 0.2 1 4 4 0.25 1 1 11 0 2 380 2733 1
1 20 7 2 8 4 0.5 0 0 0 0 2 0 1 0
1 17.92 0.2 2 6 4 0.04 0 0 0 0 2 280 751 0
1 31.25 2.83 2 1 1 0 0 1 5 0 2 176 147 0
0 33.08 1.62 2 2 4 0.54 0 0 0 1 2 0 1 0
1 25.67 12.5 2 13 4 1.21 1 1 67 1 2 140 259 1
1 52.33 1.37 1 8 8 9.46 1 0 0 1 2 200 101 0
1 22.58 10.03 2 14 4 0.04 1 1 9 0 2 60 397 1
1 51.58 15 2 8 4 8.5 1 1 9 0 2 0 1 1
1 23.92 0.66 2 8 4 0.165 0 0 0 0 2 100 1 1
0 38.33 4.41 2 8 4 0.125 0 0 0 0 2 160 1 0
1 21.92 0.54 1 14 4 0.04 1 1 1 1 2 840 60 1
0 18.17 10 1 11 8 0.165 0 0 0 0 2 340 1 0
0 21.75 11.75 2 8 4 0.25 0 0 0 1 2 180 1 0
0 52.83 15 2 8 4 5.5 1 1 14 0 2 0 2201 1
0 23.75 0.71 2 9 4 0.25 0 1 1 1 2 240 5 0
1 23.58 0.46 1 9 4 2.625 1 1 6 1 2 208 348 0
0 41.33 1 2 3 5 2.25 1 0 0 1 2 0 301 1
0 26.92 13.5 2 11 8 5 1 1 2 0 2 0 5001 1
0 20.75 10.25 2 11 4 0.71 1 1 2 1 2 49 1 1
0 55.75 7.08 2 4 8 6.75 1 1 3 1 2 100 51 0
1 26.67 4.25 2 13 4 4.29 1 1 1 1 2 120 1 1
1 36.5 4.25 2 11 4 3.5 0 0 0 0 2 454 51 0
0 20.83 8.5 2 8 4 0.165 0 0 0 0 2 0 352 0
1 37.42 2.04 2 9 4 0.04 1 0 0 1 2 400 5801 1
0 41.58 1.04 2 6 4 0.665 0 0 0 0 2 240 238 0
1 19.32 10.91 2 8 5 0.585 0 1 2 1 2 200 8 0
1 40.58 1.5 2 3 5 0 0 0 0 0 1 300 1 0
1 53.92 9.62 2 10 4 8.665 1 1 5 0 2 0 1 1
1 28.58 3.62 2 6 4 0.25 0 0 0 1 2 100 1 0
1 27.83 1.54 2 9 4 3.75 1 1 5 1 2 100 4 1
0 47.42 8 2 10 5 6.5 1 1 6 0 2 375 51101 1
1 18.5 2 2 3 4 1.5 1 1 2 0 2 120 301 1
1 25.75 0.75 2 8 5 0.25 1 0 0 0 2 349 24 1
1 37.33 2.66 2 13 4 0.165 0 0 0 1 2 0 502 0
0 19.57 0.66 2 9 4 1.665 0 0 0 0 2 220 6 0
1 42.5 4.91 1 9 4 3.165 1 0 0 1 2 52 1443 1
1 34.08 6.5 2 6 4 0.125 1 0 0 1 2 443 1 0
1 59.67 1.54 2 11 4 0.125 1 0 0 1 2 260 1 1
0 18.07 0.37 3 13 1 10 0 0 0 1 1 300 1 1
0 15.83 0.58 2 8 8 1.5 1 1 2 0 2 100 1 1
0 22.5 11 1 11 4 3 1 0 0 1 2 268 1 0
1 22.5 0.12 1 4 4 0.125 0 0 0 0 2 200 71 0
1 41.33 0 2 8 5 15 1 0 0 0 2 0 1 1
1 31.67 0.83 2 14 4 1.335 1 1 8 1 2 303 3291 1
1 24.83 2.75 2 8 4 2.25 1 1 6 0 2 184 601 1
1 23.42 1 2 8 4 0.5 0 0 0 1 1 280 1 0
0 71.58 0 2 8 4 0 0 0 0 0 3 184 1 1
0 23.58 0.83 2 11 4 0.415 0 1 1 1 2 200 12 0
0 25.08 2.54 1 6 4 0.25 1 0 0 1 2 370 1 1
1 34.75 15 2 12 7 5.375 1 1 9 1 2 0 135 1
1 48.08 6.04 2 4 4 0.04 0 0 0 0 2 0 2691 1
1 34 5.5 1 8 4 1.5 0 0 0 1 2 60 1 0
1 27.25 0.62 2 6 4 0.455 1 0 0 1 2 200 1 0
0 28.58 3.75 2 8 4 0.25 0 1 1 1 2 40 155 0
1 34.17 2.75 2 3 5 2.5 0 0 0 1 2 232 201 0
0 24.5 12.75 2 8 5 4.75 1 1 2 0 2 73 445 1
0 24.08 0.5 2 11 8 1.25 1 1 1 0 2 0 679 1
1 23.33 1.5 2 8 8 1.415 1 0 0 0 2 422 201 1
0 25.25 12.5 2 2 4 1 0 0 0 1 2 180 1063 0
0 32.17 1.46 2 9 4 1.085 1 1 16 0 2 120 2080 1
1 23.17 11.12 2 14 8 0.46 1 1 1 0 2 100 1 1
1 19.5 9.58 2 6 4 0.79 0 0 0 0 2 80 351 0
0 25.17 2.87 2 14 8 0.875 1 0 0 0 2 360 1 1
1 27.83 4 1 3 8 5.75 1 1 2 1 2 75 1 0
0 22.75 6.16 2 6 4 0.165 0 0 0 0 2 220 1001 0
0 40.83 10 2 11 8 1.75 1 0 0 0 2 29 838 1
1 22.17 12.12 2 8 4 3.335 0 1 2 1 2 180 174 0
1 37.75 7 2 11 8 11.5 1 1 7 1 2 300 6 0
1 32.92 2.5 2 6 4 1.75 0 1 2 1 2 720 1 0
0 20.32 10 2 8 8 1 1 1 4 0 2 50 1466 1
0 45.83 10.5 2 11 4 5 1 1 7 1 2 0 1 1
0 49 1.5 2 5 3 0 1 0 0 1 2 100 28 0
1 34 4.5 2 6 4 1 1 0 0 1 2 240 1 0
1 39 5 2 13 4 3.5 1 1 10 1 2 0 1 1
0 32.25 1.5 2 8 4 0.25 0 0 0 1 2 372 123 0
1 23.5 3.16 1 4 4 0.415 0 1 1 1 2 280 81 0
1 48.17 3.5 2 6 4 3.5 1 0 0 0 1 230 1 1
1 30.83 0 2 9 4 1.25 1 1 1 0 2 202 1 1
0 16.5 1.25 2 11 4 0.25 0 1 1 0 2 108 99 0
1 29.58 4.5 2 9 4 7.5 1 1 2 1 2 330 1 1
1 22.92 3.16 1 8 4 0.165 0 0 0 0 2 160 1059 0
1 32.25 0.16 1 8 8 3.25 1 1 1 1 2 432 8001 1
1 27.83 1.5 2 9 4 2.25 0 1 1 1 2 100 4 0
1 21.08 10.08 1 10 8 1.25 0 0 0 0 2 260 1 0
1 63.33 0.54 2 8 4 0.585 1 1 3 1 2 180 1 0
0 24.83 4.5 2 9 4 1 0 0 0 1 2 360 7 0
1 26.92 2.25 2 3 5 0.5 0 0 0 1 2 640 4001 0
1 24.08 0.87 2 7 4 0.085 0 1 4 0 2 254 1951 0
1 29.67 1.41 2 9 8 0.75 1 1 1 0 2 240 101 1
1 21.33 7.5 2 6 4 1.415 1 1 1 0 2 80 9801 1
1 25 12.5 2 6 4 3 1 0 0 1 1 20 1 1
0 29.58 1.75 1 4 4 1.25 0 0 0 1 2 280 1 0
0 28.58 1.66 2 11 4 2.415 1 0 0 1 2 440 1 0
1 20.42 1.08 2 11 4 1.5 0 0 0 0 2 108 8 0
0 27.33 1.66 2 1 1 0 0 0 0 0 2 340 2 0
0 45 4.58 2 4 8 1 0 0 0 1 1 240 1 0
1 27.67 2 2 14 8 1 1 1 4 0 2 140 7545 1
1 43.25 3 2 11 8 6 1 1 11 0 2 80 1 1

