1 45.17 1.5 2 8 4 2.5 1 0 0 1 2 140 1 0
1 27.67 2 2 14 8 1 1 1 4 0 2 140 7545 1
1 24.42 12.33 2 11 8 1.585 1 0 0 1 2 120 1 1
1 31.57 10.5 2 14 4 6.5 1 0 0 0 2 0 1 1
0 18.57 10 2 2 4 0.415 0 0 0 0 2 80 43 0
1 30.67 2.5 2 13 8 2.25 0 0 0 1 1 340 1 0
0 29.75 0.66 2 9 4 0.25 0 0 0 1 2 300 1 0
1 49.58 19 2 1 1 0 1 1 1 0 2 94 1 0
1 31.83 0.04 1 7 4 0.04 0 0 0 0 2 0 1 0
1 56 12.5 2 4 8 8 1 0 0 1 2 24 2029 1
0 23.5 9 2 11 4 8.5 1 1 5 1 2 120 1 1
0 55.75 7.08 2 4 8 6.75 1 1 3 1 2 100 51 0
1 32.25 14 1 1 1 0 0 1 2 0 2 160 2 0
1 30.75 1.58 2 2 4 0.585 0 0 0 1 1 0 1 0
1 31 2.08 2 8 4 0.085 0 0 0 0 2 300 1 0
1 32.33 2.5 2 8 4 1.25 0 0 0 1 2 280 1 0
1 31.25 2.83 2 1 1 0 0 1 5 0 2 176 147 0
1 35 2.5 2 3 4 1 0 0 0 1 2 210 1 0
1 40.25 21.5 2 10 9 20 1 1 11 0 2 0 1201 1
1 20.67 5.29 2 11 4 0.375 1 1 1 0 2 160 1 0
1 25.67 12.5 2 13 4 1.21 1 1 67 1 2 140 259 1
1 30.08 1.04 1 3 5 0.5 1 1 10 1 2 132 29 0
1 48.75 26.33 1 1 1 0 1 0 0 1 2 0 1 0
1 28 3 2 9 4 0.75 0 0 0 1 2 300 68 0
1 31.25 1.12 2 1 1 0 0 1 1 0 2 96 20 0
1 23.25 1 2 8 4 0.835 1 0 0 0 1 300 1 1
1 15.17 7 2 10 4 1 0 0 0 0 2 600 1 0
1 33.67 2.16 2 8 4 1.5 0 0 0 0 3 120 1 0
1 27.83 1.5 2 9 4 2 1 1 11 1 2 434 36 1
1 20.67 0.41 2 8 4 0.125 0 0 0 0 2 0 45 0
0 38.58 5 2 13 4 13.5 1 0 0 1 2 980 1 0
1 63.33 0.54 2 8 4 0.585 1 1 3 1 2 180 1 0
0 22.42 5.66 2 11 4 2.585 1 1 7 0 2 129 3258 1
1 21.17 0.87 1 8 8 0.25 0 0 0 0 2 280 205 0
1 18.57 10.29 2 1 1 0.415 0 0 0 0 2 80 1 0
1 52.5 6.5 2 4 4 6.29 1 1 15 0 2 0 11203 1
1 16.25 0 1 6 4 0.25 0 0 0 0 2 60 1 0
1 17.42 6.5 2 3 4 0.125 0 0 0 0 2 60 101 0
1 40.58 5 2 8 4 5 1 1 7 0 2 0 3066 1
0 36.58 0.28 2 1 1 0 0 1 10 0 2 200 19 0
1 49.5 7.58 2 3 5 7.585 1 1 15 1 2 0 5001 1
1 18.17 10.25 2 8 8 1.085 0 0 0 0 2 320 14 0
1 22.08 11 2 13 4 0.665 1 0 0 0 2 100 1 1
1 22.67 0.75 2 3 4 1.585 0 1 1 1 2 400 10 0
1 47.67 0.28 2 8 5 15 1 1 20 0 2 0 15001 1
1 31.57 4 1 3 4 0.085 0 0 0 1 2 411 1 0
1 29.83 3.5 2 8 4 0.165 0 0 0 0 2 216 1 0
1 43.17 5 2 3 5 2.25 0 0 0 1 2 141 1 0
1 22.67 0.16 2 8 3 2.25 0 0 0 1 1 0 1 1
0 57.08 19.5 2 8 4 5.5 1 1 7 0 2 0 3001 1
0 38.75 1.5 2 1 1 0 0 0 0 0 2 76 1 0
0 28.5 3.04 1 14 8 2.54 1 1 1 0 2 70 1 1
1 35.17 4.5 2 14 8 5.75 0 0 0 1 1 711 1 1
1 74.83 19 1 1 1 0.04 0 1 2 0 2 0 352 0
1 34.08 2.5 2 8 4 1 0 0 0 0 2 460 17 0
0 22.92 1.25 2 11 4 0.25 0 0 0 1 2 120 810 0
1 17.5 22 3 1 7 0 0 0 0 1 3 450 100001 1
1 21.92 0.54 1 14 4 0.04 1 1 1 1 2 840 60 1
1.234 22.08 11.46 2 4 4 1.585 0 0 0 1 2 100 1213 0
1 19.42 7.25 2 7 4 0.04 0 1 1 0 2 100 2 0
1 21.92 0.5 2 8 4 0.125 0 0 0 0 2 360 1 0
1 41.17 4.04 2 13 8 7 1 1 8 0 2 320 1 1
1 44.83 7 1 8 4 1.625 0 0 0 0 2 160 3 0
0 47.25 0.75 2 11 8 2.75 1 1 1 0 2 333 893 1
0 23.42 0.79 1 11 4 1.5 1 1 2 1 2 80 401 1
0 22.5 11 1 11 4 3 1 0 0 1 2 268 1 0
1 18.25 0.16 2 2 4 0.25 0 0 0 1 1 280 1 0
0 46.67 0.46 2 13 8 0.415 1 1 11 1 2 440 7 1
0 17.82 11 2 14 8 1 1 1 11 0 2 0 3001 1
1 29.25 14.79 2 6 4 5.04 1 1 5 1 2 168 1 1
1 57.42 8.5 2 10 8 7 1 1 3 0 2 0 1 1
1 28.75 1.16 2 4 4 0.5 1 0 0 0 1 280 1 0
1 41.5 1.54 2 3 5 3.5 0 0 0 0 2 216 1 1
1 17.25 3 2 4 4 0.04 0 0 0 1 2 160 41 0
0 20.75 10.33 2 13 8 0.335 1 1 1 1 2 80 51 1
1 27 1.5 1 9 4 0.375 1 0 0 1 2 260 1066 1
1 39.17 2.5 1 3 8 10 0 0 0 1 1 200 1 0
1 36.5 4.25 2 11 4 3.5 0 0 0 0 2 454 51 0
1 51.83 2.04 1 1 1 1.5 0 0 0 0 2 120 2 0
1 23 0.62 1 6 4 0.125 1 0 0 0 2 180 2 0
1 23.42 0.58 2 8 8 0.085 1 0 0 0 2 180 1 0
1 23.17 0 2 8 4 0 0 0 0 0 3 184 1 1
0 42.25 1.75 1 8 4 0 0 0 0 1 2 150 2 0
1 44.25 11 1 2 4 1.5 1 0 0 0 1 0 1 0
1 51.42 0.04 2 14 8 0.04 1 0 0 0 2 0 3001 1
0 41.33 1 2 3 5 2.25 1 0 0 1 2 0 301 1
1 19.32 10.91 2 8 5 0.585 0 1 2 1 2 200 8 0
1 37.58 0 2 8 4 0 0 0 0 0 3 184 1 1
1 67.75 5.5 2 10 9 13 1 1 1 1 2 0 1 1
1 26.17 12.5 1 4 8 1.25 0 0 0 1 2 0 18 0
1 18.82 3.54 1 1 1 0 0 0 0 1 2 180 2 0
1 31.57 5 1 6 4 8.5 1 0 0 0 2 0 1 0
1 21 3 1 2 4 1.085 1 1 8 1 2 160 2 1
0 24.5 12.75 2 8 5 4.75 1 1 2 0 2 73 445 1
1 34.17 9.17 2 8 4 4.5 1 1 12 1 2 0 222 1
1 27 0.75 2 8 8 4.25 1 1 3 1 2 312 151 1
1 34.42 1.33 2 3 5 0.125 0 0 0 1 2 440 4501 0
1 26.92 2.25 2 3 5 0.5 0 0 0 1 2 640 4001 0
1 23.08 0 2 4 4 1 0 1 11 0 1 0 1 0
0 47.42 8 2 10 5 6.5 1 1 6 0 2 375 51101 1
1 16.92 0.33 1 4 4 0.29 0 0 0 0 1 200 1 0
1 23.92 0.66 2 8 4 0.165 0 0 0 0 2 100 1 1
1 18.32 1.21 1 10 2 0 0 0 0 0 2 100 1 0
0 20.42 0.83 2 11 4 1.585 1 1 1 0 2 0 1 1
1 31.57 0.62 2 4 4 0.25 0 0 0 0 2 380 2011 0
1 26 1 2 11 4 1.75 1 0 0 1 2 280 1 1
1 17.07 0.25 2 11 4 0.335 0 1 4 0 2 160 9 0
1 39 5 2 13 4 3.5 1 1 10 1 2 0 1 1
0 31.25 3.75 2 13 8 0.625 1 1 9 1 2 181 1 1
1 39.33 5.87 2 13 8 10 1 1 14 1 2 399 1 1

