1 25 12 2 4 4 2.25 1 1 2 1 2 120 6 0
1 37.33 6.5 2 7 8 4.25 1 1 12 1 2 93 1 1
0 36.75 5.12 2 10 4 5 1 0 0 1 2 0 4001 1
1 37.33 2.66 2 13 4 0.165 0 0 0 1 2 0 502 0
1 53.92 9.62 2 10 4 8.665 1 1 5 0 2 0 1 1
1 41.92 0.42 2 8 8 0.21 1 1 6 0 2 220 949 1
0 33.08 1.62 2 2 4 0.54 0 0 0 1 2 0 1 0
1 23.17 0 2 8 4 0 0 0 0 0 3 184 1 1
0 39.08 4 2 8 4 3 0 0 0 0 2 480 1 0
1 26.75 4.5 1 8 5 2.5 0 0 0 0 2 200 1211 0
0 28.17 0.58 2 6 4 0.04 0 0 0 0 2 260 1005 0
1 17.25 3 2 4 4 0.04 0 0 0 1 2 160 41 0
1 27 1.5 1 9 4 0.375 1 0 0 1 2 260 1066 1
1 47.67 2.5 2 7 5 2.5 1 1 12 1 2 410 2511 1
1 21 4.79 1 9 4 2.25 1 1 1 1 2 80 301 1
1 29.42 1.25 2 9 4 1.75 0 0 0 0 2 200 1 0
1 23.25 12.62 2 8 4 0.125 0 1 2 0 2 0 5553 0
1 69.17 9 2 1 1 4 0 1 1 0 2 70 7 0
1 18.82 0.41 1 8 4 0.165 0 1 1 0 2 200 2 0
1 62.75 7 2 10 9 0 0 0 0 0 2 0 13 0
1 36.17 18.12 2 9 4 0.085 0 0 0 0 2 320 3553 0
1 26.67 1.75 1 8 4 1 1 1 5 1 2 160 5778 1
1 33.58 0.33 1 13 4 0.085 0 0 0 0 2 180 1 0
1 36.67 3.25 2 11 8 9 1 0 0 1 2 102 640 1
1 22.25 0.46 2 4 4 0.125 0 0 0 1 2 280 56 0
1 32.92 2.5 2 6 4 1.75 0 1 2 1 2 720 1 0
1 23.42 1 2 8 4 0.5 0 0 0 1 1 280 1 0
1 42.75 3 2 3 5 1 1 0 0 0 2 0 201 0
0 35.42 12 2 11 8 14 1 1 8 0 2 0 6591 1
1 21.83 0.25 2 2 8 0.665 1 0 0 1 2 0 1 1
1 41.33 0 2 8 5 15 1 0 0 0 2 0 1 1
1 36.67 2 2 3 4 0.25 0 0 0 1 2 221 1 0
0 24.5 0.5 2 11 8 1.5 1 0 0 0 2 280 825 1
1 22.08 0.83 2 8 8 2.165 0 0 0 1 2 128 1 1
1 19.42 6.5 2 9 8 1.46 1 1 7 0 2 80 2955 1
0 31.57 3.5 2 2 4 3 1 0 0 1 2 300 1 0
0 23.5 1.5 2 9 4 0.875 0 0 0 1 2 160 1 0
1 52.5 6.5 2 4 4 6.29 1 1 15 0 2 0 11203 1
1 44.33 0.5 2 3 8 5 1 0 0 1 2 320 1 1
1 28 2 2 4 8 4.165 1 1 2 1 2 181 1 1
0 22.67 0.79 2 3 4 0.085 0 0 0 0 2 144 1 0
0 19.17 5.41 2 3 8 0.29 0 0 0 0 2 80 485 0
1 25.83 12.83 2 13 4 0.5 0 0 0 0 2 0 3 0
1 35.58 0.75 2 4 4 1.5 0 0 0 1 2 231 1 0
1 28.92 15 2 8 8 5.335 1 1 11 0 2 0 2284 1
1 54.58 9.41 2 1 1 14.415 1 1 11 1 2 30 301 1
1 16.92 0.33 1 4 4 0.29 0 0 0 0 1 200 1 0
1 32.42 2.16 1 4 1 0 0 0 0 0 2 120 1 0
1 20.07 0.25 2 11 4 0.125 0 0 0 0 2 200 1 0
0 25.75 0.5 2 8 8 0.875 1 0 0 1 2 491 1 1
1 22.92 0.17 2 7 4 0.085 0 0 0 0 1 0 1 0
1 29.92 1.83 2 8 8 4.335 1 0 0 0 2 260 201 1
1 20.67 0.83 1 8 4 2 0 0 0 1 1 240 1 0
0 31.57 11.25 2 1 1 0 0 0 0 0 2 184 5201 0
0 31.25 3.75 2 13 8 0.625 1 1 9 1 2 181 1 1
1 24.58 12.5 2 9 4 0.875 1 0 0 1 2 260 1 0
1 45.17 1.5 2 8 4 2.5 1 0 0 1 2 140 1 0
1 29.42 1.25 2 8 8 0.25 0 1 2 1 2 400 109 0
1 33 2.5 1 9 4 7 0 0 0 1 2 280 1 0
1 20.67 0.41 2 8 4 0.125 0 0 0 0 2 0 45 0
1 32.75 2.33 2 2 8 5.75 0 0 0 1 2 292 1 0
0 15.83 7.62 2 11 4 0.125 0 1 1 1 2 0 161 0
1 31.57 4 2 14 4 5 1 1 3 1 2 290 2280 1
0 24.08 0.5 2 11 8 1.25 1 1 1 0 2 0 679 1
0 36 1 2 8 4 2 1 1 11 0 2 0 457 1
1 31.57 0.37 2 2 4 0.875 1 0 0 1 1 928 1 0
1 32 1.75 1 10 8 0.04 1 0 0 1 2 393 1 1
0 16 0.16 2 6 4 1 0 1 2 1 2 320 2 0
1 18.82 0 2 11 4 0.665 0 0 0 0 2 160 2 0
0 26.17 2 2 5 3 0 0 0 0 1 2 276 2 0
0 16.07 0.33 2 1 1 0 0 1 1 0 2 160 127 0
1 42.08 1.04 2 9 4 5 1 1 6 1 2 500 10001 1
0 26.58 2.54 1 1 1 0 0 0 0 1 2 180 61 0
0 20.42 10.5 1 14 8 0 0 0 0 1 2 154 33 0
0 19.57 0.66 1 8 4 1 0 1 1 0 2 2000 3 0
1 19 1.75 1 8 4 2.335 0 0 0 1 2 112 7 0
0 44.33 0 2 8 4 2.5 1 0 0 0 2 0 1 1
1 19.32 10.91 2 8 5 0.585 0 1 2 1 2 200 8 0
0 31.75 3 1 5 3 0 0 0 0 0 2 160 21 0
1 28.92 0.37 2 8 4 0.29 0 0 0 0 2 220 141 0
1 22.58 1.5 1 6 4 0.54 0 0 0 1 2 120 68 0
0 60.92 5 2 6 4 4 1 1 4 0 2 0 100 1
0 47.25 0.75 2 11 8 2.75 1 1 1 0 2 333 893 1
0 18.82 9.53 2 6 4 0.085 1 0 0 0 2 100 1 1
1 25.42 0.54 2 9 4 0.165 0 1 1 0 2 272 445 0
1 48.75 8.5 2 8 8 12.5 1 1 9 0 2 181 1656 1
0 40.83 10 2 11 8 1.75 1 0 0 0 2 29 838 1
0 32.17 1.46 2 9 4 1.085 1 1 16 0 2 120 2080 1
1 36.75 0.12 1 8 4 1.5 0 0 0 1 2 232 114 1
1 21.67 1.16 1 4 4 2.5 1 1 1 0 2 180 21 0
1 21.33 7.5 2 6 4 1.415 1 1 1 0 2 80 9801 1
1 34.75 15 2 12 7 5.375 1 1 9 1 2 0 135 1
1 33.17 3.16 1 14 4 3.165 1 1 3 1 2 380 1 1
1 27.75 1.29 2 4 8 0.25 0 0 0 1 1 140 1 0
1 19.32 9.5 2 11 4 1 1 0 0 1 2 60 401 1
1 24.58 1.25 2 8 4 0.25 0 0 0 0 2 110 1 0
0 22.75 6.16 2 6 4 0.165 0 0 0 0 2 220 1001 0
1 34.42 4.25 2 3 5 3.25 1 1 2 0 2 274 611 1
0 20.67 1.83 2 11 4 2.085 1 1 5 0 2 220 2504 1
1 34.5 4.04 1 3 5 8.5 1 1 7 1 2 195 1 1
1 28.25 5.12 2 14 4 4.75 1 1 2 0 2 420 8 1
1 34.08 2.5 2 8 4 1 0 0 0 0 2 460 17 0
0 16.92 0.5 2 3 4 0.165 0 1 6 1 2 240 36 0
1 32.33 7.5 2 10 5 1.585 1 0 0 1 1 420 1 0
0 25.33 2.08 2 8 8 2.75 1 0 0 1 2 360 2 0
1 36.25 5 2 8 5 2.5 1 1 6 0 2 0 368 1
1 28.25 5.04 1 8 5 1.5 1 1 8 1 2 144 8 1
1 31.83 0.04 1 7 4 0.04 0 0 0 0 2 0 1 0
1 23.25 4 2 8 5 0.25 1 0 0 1 2 160 1 1
0 22.67 0.75 2 8 4 2 0 1 2 1 2 200 395 0

