0 20.42 7.5 2 4 4 1.5 1 1 1 0 2 160 235 1
1 18.07 5.5 2 4 4 0.5 1 0 0 0 2 80 1 1
0 37.75 5.5 2 11 4 0.125 1 0 0 1 2 228 1 1
0 22.5 8.5 2 11 4 1.75 1 1 10 0 2 80 991 0
0 23.58 0.58 1 1 1 0.125 0 0 0 0 2 120 88 0
0 23.75 0.71 2 9 4 0.25 0 1 1 1 2 240 5 0
1 31 2.08 2 8 4 0.085 0 0 0 0 2 300 1 0
0 32.17 1.46 2 9 4 1.085 1 1 16 0 2 120 2080 1
1 36.5 4.25 2 11 4 3.5 0 0 0 0 2 454 51 0
0 19.75 0.75 2 8 4 0.795 1 1 5 1 2 140 6 0
1 23 0.75 2 7 4 0.5 0 0 0 1 1 320 1 0
1 31.33 19.5 2 8 4 7 1 1 16 0 2 0 5001 1
1 21 4.79 1 9 4 2.25 1 1 1 1 2 80 301 1
0 31.75 3 1 5 3 0 0 0 0 0 2 160 21 0
1 19.42 7.25 2 7 4 0.04 0 1 1 0 2 100 2 0
0 32.25 1.5 2 8 4 0.25 0 0 0 1 2 372 123 0
0 28.58 3.75 2 8 4 0.25 0 1 1 1 2 40 155 0
1 22.92 3.16 1 8 4 0.165 0 0 0 0 2 160 1059 0
1 33.58 0.33 1 13 4 0.085 0 0 0 0 2 180 1 0
1 34.75 2.5 2 13 5 0.5 0 0 0 0 2 348 1 0
0 23.5 9 2 11 4 8.5 1 1 5 1 2 120 1 1
1 20.42 1.08 2 11 4 1.5 0 0 0 0 2 108 8 0
0 71.58 0 2 8 4 0 0 0 0 0 3 184 1 1
0 52.5 7 2 6 8 3 0 0 0 0 2 0 1 0
0 52.83 15 2 8 4 5.5 1 1 14 0 2 0 2201 1
0 25 0.87 2 14 8 1.04 1 0 0 1 2 160 5861 1
1 19.17 4 1 3 4 1 0 0 0 1 2 360 1001 0
0 24.08 0.5 2 11 8 1.25 1 1 1 0 2 0 679 1
1 27.58 2.04 1 6 4 2 1 1 3 1 2 370 561 1
1 34.17 5.25 2 9 4 0.085 0 0 0 1 2 290 7 1
1 31.57 0.04 1 2 4 4.25 0 0 0 1 2 460 1 0
0 30.67 12 2 8 4 2 1 1 1 0 2 220 20 1
1 20.75 5.08 1 5 4 0.29 0 0 0 0 2 140 185 0
1 21.33 10.5 2 8 4 3 1 0 0 1 2 0 1 1
1 40 6.5 2 6 5 3.5 1 1 1 0 2 0 501 1
0 22.5 0.41 2 3 4 0.335 0 0 0 1 1 144 1 0
1 20 7 2 8 4 0.5 0 0 0 0 2 0 1 0
1 34.42 1.33 2 3 5 0.125 0 0 0 1 2 440 4501 0
0 35.17 3.75 2 1 1 0 0 1 6 0 2 0 201 0
0 33.75 0.75 2 4 5 1 1 1 3 1 2 212 1 0
1 23.58 0.46 1 9 4 2.625 1 1 6 1 2 208 348 0
1 49.58 19 2 1 1 0 1 1 1 0 2 94 1 0
1 44.25 11 1 2 4 1.5 1 0 0 0 1 0 1 0
0 45.83 10.5 2 11 4 5 1 1 7 1 2 0 1 1
1 26.17 0.83 2 13 4 1.165 0 0 0 0 2 100 1 0
0 25.75 0.5 2 8 8 0.875 1 0 0 1 2 491 1 1
1 48.33 12 2 7 4 16 1 0 0 0 1 110 1 1
0 36 1 2 8 4 2 1 1 11 0 2 0 457 1
0 25.58 0 2 8 4 0 0 0 0 0 3 184 1 1
0 57.58 2 2 1 1 6.5 0 1 1 0 2 0 11 0
1 19.42 1.5 1 13 4 2 1 0 0 1 2 100 21 0
1 59.5 2.75 2 9 4 1.75 1 1 5 1 2 60 59 1
1 36.17 5.5 2 3 5 5 0 0 0 0 2 210 688 0
1 34.83 2.5 1 9 4 3 0 0 0 0 1 200 1 0
0 60.58 16.5 2 11 4 11 1 0 0 1 2 21 10562 1
1 30.33 0.5 2 2 8 0.085 0 0 0 1 1 252 1 0
1 42.83 4.62 2 11 4 4.58 1 0 0 0 1 0 1 1
0 30 5.29 2 10 2 2.25 1 1 5 1 2 99 501 1
1 34 5.08 1 3 5 1.085 0 0 0 1 2 480 1 0
0 26.08 8.66 2 6 4 1.415 1 0 0 0 2 160 151 1
1 24.5 13.33 1 6 4 0.04 0 0 0 1 2 120 476 0
0 22.83 2.29 2 11 8 2.29 1 1 7 1 2 140 2385 1
0 41.17 6.5 2 11 4 0.5 1 1 3 1 2 145 1 1
1 34.92 5 2 14 8 7.5 1 1 6 1 2 0 1001 1
1 22.75 11.5 2 3 4 0.415 0 0 0 0 2 0 1 0
1 17.42 6.5 2 3 4 0.125 0 0 0 0 2 60 101 0
1 63.33 0.54 2 8 4 0.585 1 1 3 1 2 180 1 0
1 18.42 10.41 1 6 4 0.125 1 0 0 0 2 120 376 0
0 19.17 8.58 2 13 8 0.75 1 1 7 0 2 96 1 1
1 17.07 3.29 2 3 4 0.335 0 0 0 1 2 140 3 0
0 28.17 0.37 2 11 4 0.585 1 1 4 0 2 80 1 1
1 37.33 6.5 2 7 8 4.25 1 1 12 1 2 93 1 1
1 20.5 2.41 2 8 4 2 1 1 11 1 2 200 3001 1
0 24.5 0.5 2 11 8 1.5 1 0 0 0 2 280 825 1
1 42.75 4.08 2 6 4 0.04 0 0 0 0 2 108 101 0
1 20.67 0.83 1 8 4 2 0 0 0 1 1 240 1 0
1 26.83 0.54 2 4 1 0 0 0 0 0 2 100 1 0
0 47 13 2 3 5 5.165 1 1 9 1 2 0 1 1
0 38.92 1.66 2 6 4 0.25 0 0 0 0 2 0 391 0
0 26.58 2.54 1 1 1 0 0 0 0 1 2 180 61 0
1 19.17 0 1 7 5 0 0 0 0 1 1 500 2 1
0 40.83 10 2 11 8 1.75 1 0 0 0 2 29 838 1
0 36.58 0.28 2 1 1 0 0 1 10 0 2 200 19 0
1 33.17 3.16 1 14 4 3.165 1 1 3 1 2 380 1 1
1 51.33 10 2 3 5 0 1 1 11 0 2 0 1250 1
0 17.92 0.54 2 8 4 1.75 0 1 1 1 2 80 6 0
1 18.82 0.41 1 8 4 0.165 0 1 1 0 2 200 2 0
0 30.58 10.66 2 11 8 0.085 0 1 12 1 2 129 4 0
1 47.67 2.5 2 7 5 2.5 1 1 12 1 2 410 2511 1
1 65.42 11 2 10 9 20 1 1 7 1 2 22 1 1
1 21.92 0.5 2 8 4 0.125 0 0 0 0 2 360 1 0
1 32.92 2.5 2 6 4 1.75 0 1 2 1 2 720 1 0
1 23.92 0.58 1 13 8 0.125 0 0 0 0 2 240 2 0
1 39.17 1.71 2 14 4 0.125 1 1 5 1 2 480 1 1
1 38.92 1.75 2 4 4 0.5 0 0 0 1 2 300 3 0
0 21.75 11.75 2 8 4 0.25 0 0 0 1 2 180 1 0
0 29.5 0.46 2 4 4 0.54 1 1 4 0 2 380 501 1
1 18.17 10.25 2 8 8 1.085 0 0 0 0 2 320 14 0
1 25.17 6 2 8 4 1 1 1 3 0 2 0 1 1
0 27.33 1.66 2 1 1 0 0 0 0 0 2 340 2 0
1 48.75 26.33 1 1 1 0 1 0 0 1 2 0 1 0
0 15.92 2.87 2 11 4 0.085 0 0 0 0 2 120 1 0
0 41 2.04 1 11 8 0.125 1 1 23 1 2 455 1237 1
1 23.5 2.75 2 1 1 4.5 0 0 0 0 2 160 26 0
1 21.83 0.25 2 2 8 0.665 1 0 0 1 2 0 1 1
1 20.07 0.25 2 11 4 0.125 0 0 0 0 2 200 1 0
1 38.58 3.33 2 9 4 4 1 1 14 0 2 383 1345 1
1 21.83 11 2 14 4 0.29 1 1 6 0 2 121 1 1
1 35 3.37 2 8 8 8.29 0 0 0 1 2 0 1 0
1 41.17 4.04 2 13 8 7 1 1 8 0 2 320 1 1

