1 31.08 1.5 1 9 4 0.04 0 0 0 0 1 160 1 0
1 20 11.04 2 8 4 2 0 0 0 1 2 136 1 0
0 23 11.75 2 14 8 0.5 1 1 2 1 2 300 552 1
1 25.67 2.21 1 6 4 4 1 0 0 0 2 188 1 0
1 32.42 2.16 1 4 1 0 0 0 0 0 2 120 1 0
0 40.83 3.5 2 3 5 0.5 0 0 0 0 1 1160 1 0
1 41.17 1.25 1 9 4 0.25 0 0 0 0 2 0 196 0
1 22.83 3 2 7 4 1.29 1 1 1 0 2 260 801 1
0 26.5 2.71 1 8 4 0.085 0 0 0 0 1 80 1 0
0 40.33 8.12 1 4 4 0.165 0 1 2 0 2 184 19 0
1 36.08 2.54 2 1 1 0 0 0 0 0 2 0 1001 0
1 19.17 0 1 7 5 0 0 0 0 1 1 500 2 1
0 35.42 12 2 11 8 14 1 1 8 0 2 0 6591 1
1 49.17 2.29 2 1 1 0.29 0 0 0 0 2 200 4 0
0 34.83 1.25 1 3 8 0.5 0 0 0 1 2 160 1 0
1 29.83 1.25 1 4 4 0.25 0 0 0 0 2 224 1 0
1 39 5 2 13 4 3.5 1 1 10 1 2 0 1 1
1 48.5 4.25 2 7 4 0.125 1 0 0 1 2 225 1 1
1 34.42 4.25 2 3 5 3.25 1 1 2 0 2 274 611 1
0 36.75 5.12 2 10 4 5 1 0 0 1 2 0 4001 1
1 28.25 5.04 1 8 5 1.5 1 1 8 1 2 144 8 1
1 38.42 0.7 2 8 4 0.375 0 1 2 0 2 225 501 0
1 51.58 15 2 8 4 8.5 1 1 9 0 2 0 1 1
0 27.17 1.25 2 1 1 0 0 1 1 0 2 92 301 0
1 23 0.75 2 7 4 0.5 0 0 0 1 1 320 1 0
0 36 1 2 8 4 2 1 1 11 0 2 0 457 1
0 27.33 1.66 2 1 1 0 0 0 0 0 2 340 2 0
1 20 0 2 2 4 0.5 0 0 0 0 2 144 1 0
1 32.08 4 1 13 4 1.5 0 0 0 1 2 120 1 0
1 45.17 1.5 2 8 4 2.5 1 0 0 1 2 140 1 0
0 28.42 3.5 2 9 4 0.835 1 0 0 0 1 280 1 1
1 21.08 4.12 1 3 8 0.04 0 0 0 0 2 140 101 0
0 49.83 13.58 2 4 8 8.5 1 0 0 1 2 0 1 1
1 34.42 1.33 2 3 5 0.125 0 0 0 1 2 440 4501 0
1 27.83 4 1 3 8 5.75 1 1 2 1 2 75 1 0
1 27.58 2.04 1 6 4 2 1 1 3 1 2 370 561 1
1 21.42 0.75 1 12 7 0.75 0 0 0 1 2 132 3 0
1 29.25 13 2 2 8 0.5 0 0 0 0 2 228 1 0
1 31.57 0.5 2 8 5 0.835 1 0 0 1 1 320 1 0
0 35.17 3.75 2 1 1 0 0 1 6 0 2 0 201 0
0 21.25 2.33 2 3 5 0.5 1 1 4 0 1 80 1 1
1 38.25 10.12 1 4 4 0.125 0 0 0 0 2 160 1 0
1 27.25 1.66 2 13 8 5.085 1 1 9 0 2 399 828 1
1 17.5 22 3 1 7 0 0 0 0 1 3 450 100001 1
0 58.42 21 2 3 5 10 1 1 13 0 2 0 6701 1
0 58.67 4.46 2 11 8 3.04 1 1 6 0 2 43 561 1
1 48.17 7.62 2 9 8 15.5 1 1 12 0 2 0 791 1
0 30.42 1.37 2 9 8 0.04 0 1 3 0 2 0 34 0
1 23.33 1.5 2 8 8 1.415 1 0 0 0 2 422 201 1
0 25.42 1.12 2 11 4 1.29 1 1 2 0 2 200 1 0
1 28.75 1.5 1 8 4 1.5 1 0 0 1 2 0 226 0
0 71.58 0 2 8 4 0 0 0 0 0 3 184 1 1
1 27.25 1.58 2 13 8 1.835 1 1 12 1 2 583 714 1
1 23.58 1.79 2 8 4 0.54 0 0 0 1 2 136 2 0
0 24.5 0.5 2 11 8 1.5 1 0 0 0 2 280 825 1
0 64.08 0.16 2 1 1 0 1 1 1 0 2 232 101 1
1 30.83 0 2 9 4 1.25 1 1 1 0 2 202 1 1
1 31.57 10.5 2 14 4 6.5 1 0 0 0 2 0 1 1
1 22.67 2.54 1 8 8 2.585 1 0 0 0 2 0 1 1
1 36.33 2.12 1 9 4 0.085 1 1 1 0 2 50 1188 1
1 26.67 14.58 2 3 5 0 0 0 0 1 2 178 1 0
1 16.17 0.04 2 8 4 0.04 0 0 0 0 2 0 1 1
0 32.17 1.46 2 9 4 1.085 1 1 16 0 2 120 2080 1
1 54.83 15.5 2 10 9 0 1 1 20 0 2 152 131 0
0 37.33 2.5 2 3 8 0.21 0 0 0 0 2 260 247 0
1 22.58 10.03 2 14 4 0.04 1 1 9 0 2 60 397 1
1 27.83 1.5 2 9 4 2 1 1 11 1 2 434 36 1
1 37.33 2.66 2 13 4 0.165 0 0 0 1 2 0 502 0
1 38.17 10.12 2 14 4 2.5 1 1 6 0 2 520 197 1
0 18.25 10 2 9 4 1 0 1 1 0 2 120 2 0
1 37.17 4 2 8 5 5 1 0 0 1 1 280 1 0
1 27.83 1 1 2 8 3 0 0 0 0 2 176 538 0
1 56 12.5 2 4 8 8 1 0 0 1 2 24 2029 1
0 23.5 1.5 2 9 4 0.875 0 0 0 1 2 160 1 0
1 52.42 1.5 2 2 4 3.75 0 0 0 1 2 0 351 0
1 26.67 2.71 1 13 4 5.25 1 1 1 0 2 211 1 1
0 33.92 1.58 1 1 1 0 1 0 0 0 2 320 1 0
1 26 1 2 11 4 1.75 1 0 0 1 2 280 1 1
1 25.17 3.5 2 13 4 0.625 1 1 7 0 2 0 7060 1
1 40.25 21.5 2 10 9 20 1 1 11 0 2 0 1201 1
1 34.5 4.04 1 3 5 8.5 1 1 7 1 2 195 1 1
1 23.17 0 2 8 4 0 0 0 0 0 3 184 1 1
1 17.42 6.5 2 3 4 0.125 0 0 0 0 2 60 101 0
1 26.75 1.12 2 14 8 1.25 1 0 0 0 2 0 5299 1
0 24.5 2.41 1 8 4 0 0 0 0 0 2 120 1 0
1 19.67 0.37 2 11 4 2 1 1 2 1 2 80 1 1
0 45 4.58 2 4 8 1 0 0 0 1 1 240 1 0
1 44.25 0.5 2 7 4 10.75 1 0 0 0 1 400 1 0
1 33.75 2.75 2 3 5 0 0 0 0 0 2 180 1 0
0 49 1.5 2 5 3 0 1 0 0 1 2 100 28 0
0 18.82 9.5 2 9 4 1.625 1 1 6 1 2 40 601 1
1 21 3 1 2 4 1.085 1 1 8 1 2 160 2 1
1 36.25 5 2 8 5 2.5 1 1 6 0 2 0 368 1
1 28.67 9.33 2 11 8 5.665 1 1 6 0 2 381 169 1
1 22.17 2.25 2 3 4 0.125 0 0 0 0 2 160 11 0
0 27.58 3 2 7 4 2.79 0 1 1 1 2 280 11 0
0 35.75 0.91 2 6 4 0.75 1 1 4 0 2 0 1584 1
1 28.17 0.12 1 4 4 0.085 0 0 0 0 2 216 2101 0
1 47.67 0.28 2 8 5 15 1 1 20 0 2 0 15001 1
1 29.58 4.5 2 9 4 7.5 1 1 2 1 2 330 1 1
1 39.5 1.62 2 8 4 1.5 0 0 0 0 2 0 317 0
1 33.67 1.25 2 9 4 1.165 0 0 0 0 2 120 1 0
0 58.33 10 2 11 4 4 1 1 14 0 2 0 1603 1
0 20.75 10.25 2 11 4 0.71 1 1 2 1 2 49 1 1
1 41.92 0.42 2 8 8 0.21 1 1 6 0 2 220 949 1
1 22.67 0.75 2 3 4 1.585 0 1 1 1 2 400 10 0
1 20.42 0 2 8 4 0 0 0 0 0 3 184 1 0
0 25.08 2.54 1 6 4 0.25 1 0 0 1 2 370 1 1
1 19.42 1.5 1 13 4 2 1 0 0 1 2 100 21 0
1 42.83 1.25 2 7 4 13.875 0 1 1 1 2 352 113 0

