1 21.17 0.25 1 8 8 0.25 0 0 0 0 2 280 205 0
1 30.67 2.5 2 13 8 2.25 0 0 0 1 1 340 1 0
1 35.17 25.12 2 14 8 1.625 1 1 1 1 2 515 501 1
1 34.17 2.75 2 3 5 2.5 0 0 0 1 2 232 201 0
0 22.5 8.46 1 14 4 2.46 0 0 0 0 2 164 1 1
1 32.67 5.5 2 11 8 5.5 1 1 12 1 2 408 1001 1
1 27.58 2.04 1 6 4 2 1 1 3 1 2 370 561 1
1 48.75 26.33 1 1 1 0 1 0 0 1 2 0 1 0
1 34.58 0 2 8 4 0 0 0 0 0 3 184 1 0
1 20 11.04 2 8 4 2 0 0 0 1 2 136 1 0
0 41.33 1 2 3 5 2.25 1 0 0 1 2 0 301 1
0 24.33 2.5 1 3 5 4.5 0 0 0 0 2 200 457 0
1 21.83 1.54 2 4 4 0.085 0 0 0 1 2 356 1 0
1 34.67 1.08 2 7 4 1.165 0 0 0 0 1 28 1 0
0 20.5 11.83 2 8 8 6 1 0 0 0 2 340 1 1
1 50.75 0.58 2 1 1 0 0 0 0 0 2 145 1 0
1 22 0.79 2 9 4 0.29 0 1 1 0 2 420 284 0
1 23.08 11.5 2 9 8 2.125 1 1 11 1 2 290 285 1
1 23.25 1 2 8 4 0.835 1 0 0 0 1 300 1 1
1 24.83 2.75 2 8 4 2.25 1 1 6 0 2 184 601 1
1 19.5 9.58 2 6 4 0.79 0 0 0 0 2 80 351 0
1 35.75 2.41 2 9 4 0.125 0 1 2 0 2 220 2 0
1 22.17 12.12 2 8 4 3.335 0 1 2 1 2 180 174 0
0 24.5 12.75 2 8 5 4.75 1 1 2 0 2 73 445 1
0 26.17 2 2 5 3 0 0 0 0 1 2 276 2 0
1 17.5 22 3 1 7 0 0 0 0 1 3 450 100001 1
1 30.17 1.08 1 8 4 0.04 0 0 0 0 2 170 180 0
1 76.75 22.29 2 10 9 12.75 1 1 1 1 2 0 110 1
1 47.33 6.5 2 8 4 1 0 0 0 1 2 0 229 0
1 38.17 10.12 2 14 4 2.5 1 1 6 0 2 520 197 1
1 22.17 2.25 2 3 4 0.125 0 0 0 0 2 160 11 0
0 25.17 2.87 2 14 8 0.875 1 0 0 0 2 360 1 1
1 19.67 10 1 4 8 0.835 1 0 0 1 2 140 1 0
1 48.17 3.5 2 6 4 3.5 1 0 0 0 1 230 1 1
0 38.92 1.66 2 6 4 0.25 0 0 0 0 2 0 391 0
1 25.75 0.5 2 8 4 1.46 1 1 5 1 2 312 1 1
0 24.58 0.67 2 6 8 1.75 1 0 0 0 2 400 1 0
1 31.67 0.83 2 14 4 1.335 1 1 8 1 2 303 3291 1
1 20.17 9.25 2 8 4 1.665 1 1 3 1 2 40 29 1
1 40 6.5 2 6 5 3.5 1 1 1 0 2 0 501 1
0 36.75 4.71 2 1 1 0 0 0 0 0 2 160 1 0
1 48.08 6.04 2 4 4 0.04 0 0 0 0 2 0 2691 1
1 41.17 4.04 2 13 8 7 1 1 8 0 2 320 1 1
1 44.83 7 1 8 4 1.625 0 0 0 0 2 160 3 0
1 21.33 7.5 2 6 4 1.415 1 1 1 0 2 80 9801 1
1 18.17 10.25 2 8 8 1.085 0 0 0 0 2 320 14 0
1 48.17 7.62 2 9 8 15.5 1 1 12 0 2 0 791 1
1 20.67 5.29 2 11 4 0.375 1 1 1 0 2 160 1 0
1 31.57 0.5 2 8 5 0.835 1 0 0 1 1 320 1 0
0 22.5 11 1 11 4 3 1 0 0 1 2 268 1 0
1 19.57 0.58 2 1 1 0 0 1 3 0 2 350 770 0
1 53.92 9.62 2 10 4 8.665 1 1 5 0 2 0 1 1
1 40.92 0.5 1 7 4 0.5 0 0 0 1 2 130 1 0
0 28.17 0.58 2 6 4 0.04 0 0 0 0 2 260 1005 0
1 19.17 9.5 2 9 4 1.5 1 0 0 0 2 120 2207 1
1 18.07 5.5 2 4 4 0.5 1 0 0 0 2 80 1 1
1 32.08 4 2 7 4 2.5 1 0 0 1 2 360 1 1
1 21.17 0.87 1 8 8 0.25 0 0 0 0 2 280 205 0
1 39.92 6.21 2 11 4 0.04 1 1 1 0 2 200 301 1
1 28.67 9.33 2 11 8 5.665 1 1 6 0 2 381 169 1
1 69.17 9 2 1 1 4 0 1 1 0 2 70 7 0
0 44.33 0 2 8 4 2.5 1 0 0 0 2 0 1 1
1 29.25 13 2 2 8 0.5 0 0 0 0 2 228 1 0
0 33.17 2.25 1 13 4 3.5 0 0 0 1 2 200 142 0
0 28.5 3.04 1 14 8 2.54 1 1 1 0 2 70 1 1
0 50.08 12.54 2 6 4 2.29 1 1 3 1 2 156 1 1
0 64.08 0.16 2 1 1 0 1 1 1 0 2 232 101 1
0 29.5 1.08 1 14 4 1 0 0 0 0 2 280 14 0
0 47.42 8 2 10 5 6.5 1 1 6 0 2 375 51101 1
0 22.42 11.25 1 14 8 0.75 1 1 4 0 2 0 322 1
1 31.42 15.5 2 8 4 0.5 1 0 0 0 2 120 1 0
1 42 0.2 2 3 8 5.125 1 0 0 0 2 400 1 1
1 24.08 9 2 6 4 0.25 0 0 0 1 2 0 1 0
0 21.67 11.5 1 5 3 0 1 1 11 1 2 0 1 1
0 17.82 11 2 14 8 1 1 1 11 0 2 0 3001 1
0 20.42 10.5 1 14 8 0 0 0 0 1 2 154 33 0
0 50.25 0.83 2 6 4 0.5 0 0 0 1 2 240 118 0
1 51.33 10 2 3 5 0 1 1 11 0 2 0 1250 1
1 23.92 0.66 2 8 4 0.165 0 0 0 0 2 100 1 1
1 26.67 2.71 1 13 4 5.25 1 1 1 0 2 211 1 1
1 29.25 14.79 2 6 4 5.04 1 1 5 1 2 168 1 1
1 48.08 3.75 2 3 5 1 0 0 0 0 2 100 3 0
1 26.92 2.25 2 3 5 0.5 0 0 0 1 2 640 4001 0
1 21.58 0.79 1 13 4 0.665 0 0 0 0 2 160 1 0
0 53.33 0.16 2 1 1 0 0 0 0 1 1 62 28 0
1 13.75 4 1 9 4 1.75 1 1 2 1 2 120 1001 1
0 28.5 1 2 11 4 1 1 1 2 1 2 167 501 0
1 19.5 0.28 2 4 4 0.29 0 0 0 0 2 280 365 0
1 52.42 1.5 2 2 4 3.75 0 0 0 1 2 0 351 0
0 35.17 3.75 2 1 1 0 0 1 6 0 2 0 201 0
1 28.33 5 2 9 4 11 1 0 0 1 2 70 1 1
1 25.75 0.75 2 8 5 0.25 1 0 0 0 2 349 24 1
1 36.33 3.79 2 9 4 1.165 1 0 0 1 2 200 1 0
1 18.82 0.41 1 8 4 0.165 0 1 1 0 2 200 2 0
1 29.83 3.5 2 8 4 0.165 0 0 0 0 2 216 1 0
0 19.75 0.75 2 8 4 0.795 1 1 5 1 2 140 6 0
1 39.33 5.87 2 13 8 10 1 1 14 1 2 399 1 1
1 23.58 0.83 2 3 8 0.085 0 0 0 1 2 220 6 0
1 22.67 0.75 2 3 4 1.585 0 1 1 1 2 400 10 0
1 33.58 0.33 1 13 4 0.085 0 0 0 0 2 180 1 0
1 48.5 4.25 2 7 4 0.125 1 0 0 1 2 225 1 1
1 27.25 1.66 2 13 8 5.085 1 1 9 0 2 399 828 1
1 24.33 6.62 1 2 4 5.5 1 0 0 1 1 100 1 1
1 40.58 1.5 2 3 5 0 0 0 0 0 1 300 1 0
0 41.58 1.04 2 6 4 0.665 0 0 0 0 2 240 238 0
0 24.92 1.25 2 1 1 0 1 0 0 0 2 80 1 0
0 33.08 1.62 2 2 4 0.54 0 0 0 1 2 0 1 0
1 29.83 2.04 1 14 8 0.04 0 0 0 0 2 128 2 0
1 20.5 10 1 8 4 2.5 1 0 0 0 1 40 1 1
1 28.17 0.12 1 4 4 0.085 0 0 0 0 2 216 2101 0

