0 31.57 3.5 2 2 4 3 1 0 0 1 2 300 1 0
1 16.32 2.75 2 6 4 0.665 0 1 1 0 2 80 22 0
1 32.67 5.5 2 11 8 5.5 1 1 12 1 2 408 1001 1
1 56.58 18.5 2 2 5 15 1 1 17 1 2 0 1 1
1 39.17 1.71 2 14 4 0.125 1 1 5 1 2 480 1 1
1 20.5 10 1 8 4 2.5 1 0 0 0 1 40 1 1
0 64.08 0.16 2 1 1 0 1 1 1 0 2 232 101 1
0 41 2.04 1 11 8 0.125 1 1 23 1 2 455 1237 1
1 51.83 3 1 1 1 1.5 0 0 0 0 2 180 5 0
1 19.17 9.5 2 9 4 1.5 1 0 0 0 2 120 2207 1
1 20.07 0.25 2 11 4 0.125 0 0 0 0 2 200 1 0
0 32 6 2 2 4 1.25 0 0 0 0 2 272 1 0
1 31.57 0.37 2 2 4 0.875 1 0 0 1 1 928 1 0
1 59.5 2.75 2 9 4 1.75 1 1 5 1 2 60 59 1
1 33.17 1 2 14 4 0.75 1 1 7 1 2 340 4072 1
1 26.17 0.25 2 3 5 0 1 0 0 1 2 0 1 1
1 36.67 4.41 1 4 4 0.25 1 1 10 1 2 320 1 1
1 30.33 0.5 2 2 8 0.085 0 0 0 1 1 252 1 0
1 31.57 10.5 2 14 4 6.5 1 0 0 0 2 0 1 1
0 17.32 9.5 2 6 4 1.75 0 1 10 1 2 0 11 0
1 44.25 11 1 2 4 1.5 1 0 0 0 1 0 1 0
0 23.5 1.5 2 9 4 0.875 0 0 0 1 2 160 1 0
0 28.5 3.04 1 14 8 2.54 1 1 1 0 2 70 1 1
1 16 3.12 2 9 4 0.085 0 1 1 0 2 0 7 0
1 29.5 0.57 2 9 4 0.29 0 1 1 0 2 340 2804 0
1 30.17 1.08 1 8 4 0.04 0 0 0 0 2 170 180 0
1 22.5 0.12 1 4 4 0.125 0 0 0 0 2 200 71 0
1 21.92 0.5 2 8 4 0.125 0 0 0 0 2 360 1 0
1 34.75 15 2 12 7 5.375 1 1 9 1 2 0 135 1
0 25 0.87 2 14 8 1.04 1 0 0 1 2 160 5861 1
1 44.33 0.5 2 3 8 5 1 0 0 1 2 320 1 1
1 27.58 2.04 1 6 4 2 1 1 3 1 2 370 561 1
1 39.17 2.5 1 3 8 10 0 0 0 1 1 200 1 0
1 21.17 0 2 8 4 0.5 0 0 0 1 1 0 1 0
1 33.5 1.75 2 14 8 4.5 1 1 4 1 2 253 858 1
0 39.08 4 2 8 4 3 0 0 0 0 2 480 1 0
1 34.17 2.75 2 3 5 2.5 0 0 0 1 2 232 201 0
1 26.25 1.54 2 9 4 0.125 0 0 0 0 2 100 1 0
0 28.67 1.04 2 8 4 2.5 1 1 5 1 2 300 1431 1
1 34.42 1.33 2 3 5 0.125 0 0 0 1 2 440 4501 0
0 22.25 1.25 1 1 1 3.25 0 0 0 0 2 280 1 0
0 47 13 2 3 5 5.165 1 1 9 1 2 0 1 1
1 43.08 0.37 1 8 4 0.375 1 1 8 1 2 300 163 1
0 26.5 2.71 1 8 4 0.085 0 0 0 0 1 80 1 0
1 27.83 1.54 2 9 4 3.75 1 1 5 1 2 100 4 1
1 62.75 7 2 10 9 0 0 0 0 0 2 0 13 0
1 43 0.28 1 13 8 1.75 1 1 8 0 2 100 376 1
0 25.25 13.5 1 1 1 2 0 1 1 1 2 200 2 0
1 22.75 11.5 2 3 4 0.415 0 0 0 0 2 0 1 0
1 74.83 19 1 1 1 0.04 0 1 2 0 2 0 352 0
1 21.33 10.5 2 8 4 3 1 0 0 1 2 0 1 1
1 34 5.5 1 8 4 1.5 0 0 0 1 2 60 1 0
0 27.17 1.25 2 1 1 0 0 1 1 0 2 92 301 0
1 19.42 6.5 2 9 8 1.46 1 1 7 0 2 80 2955 1
0 28.42 3.5 2 9 4 0.835 1 0 0 0 1 280 1 1
0 36.58 0.28 2 1 1 0 0 1 10 0 2 200 19 0
1 25.17 3.5 2 13 4 0.625 1 1 7 0 2 0 7060 1
1 33.58 0.25 2 3 5 4 0 0 0 1 1 420 1 0
1 19.67 0.37 2 11 4 2 1 1 2 1 2 80 1 1
1 27.67 0.75 2 11 8 0.165 0 0 0 1 2 220 252 0
0 29.5 1.08 1 14 4 1 0 0 0 0 2 280 14 0
1 25.17 6 2 8 4 1 1 1 3 0 2 0 1 1
0 23 1.83 2 5 3 0 0 1 1 0 2 200 54 0
1 18.82 0.41 1 8 4 0.165 0 1 1 0 2 200 2 0
1 23.75 12 2 8 4 2.085 0 0 0 0 1 80 1 0
1 42.83 4.62 2 11 4 4.58 1 0 0 0 1 0 1 1
0 26.08 8.66 2 6 4 1.415 1 0 0 0 2 160 151 1
0 22.67 0.79 2 3 4 0.085 0 0 0 0 2 144 1 0
0 18.92 9 2 6 4 0.75 1 1 2 0 2 88 592 1
1 20.17 5.62 2 9 4 1.71 1 0 0 0 1 120 1 1
1 39.25 9.5 2 7 4 6.5 1 1 14 0 2 240 4608 1
0 15.92 2.87 2 11 4 0.085 0 0 0 0 2 120 1 0
1 20.25 9.96 2 10 2 0 1 0 0 0 2 0 1 1
1 26.17 0.83 2 13 4 1.165 0 0 0 0 2 100 1 0
0 17.57 9 2 6 4 1.375 1 0 0 1 2 0 1 1
0 21.08 5 1 1 1 0 0 0 0 0 2 0 1 0
1 40.58 3.29 2 7 4 3.5 0 0 0 1 1 400 1 0
1 39.42 1.71 1 7 4 0.165 0 0 0 0 1 400 1 0
0 29.58 1.75 1 4 4 1.25 0 0 0 1 2 280 1 0
0 34.83 1.25 1 3 8 0.5 0 0 0 1 2 160 1 0
1 40.92 2.25 1 14 8 10 1 0 0 1 2 176 1 0
1 36.17 5.5 2 3 5 5 0 0 0 0 2 210 688 0
1 39.17 1.62 2 8 4 1.5 1 1 10 0 2 186 4701 1
0 47.42 8 2 10 5 6.5 1 1 6 0 2 375 51101 1
1 16.25 0.83 2 7 4 0.085 1 0 0 0 1 200 1 0
0 26.58 2.54 1 1 1 0 0 0 0 1 2 180 61 0
1 20 11.04 2 8 4 2 0 0 0 1 2 136 1 0
1 31.25 2.83 2 1 1 0 0 1 5 0 2 176 147 0
1 29.83 1.25 1 4 4 0.25 0 0 0 0 2 224 1 0
0 20.32 10 2 8 8 1 1 1 4 0 2 50 1466 1
1 29.42 1.25 2 9 4 1.75 0 0 0 0 2 200 1 0
1 28.17 0.12 1 4 4 0.085 0 0 0 0 2 216 2101 0
0 52.5 7 2 6 8 3 0 0 0 0 2 0 1 0
0 30.58 10.66 2 11 8 0.085 0 1 12 1 2 129 4 0
0 28.17 0.37 2 11 4 0.585 1 1 4 0 2 80 1 1
1 39.92 0.54 1 6 4 0.5 1 1 3 0 2 200 1001 1
0 37.75 5.5 2 11 4 0.125 1 0 0 1 2 228 1 1
0 25 12.33 2 13 8 3.5 1 1 6 0 2 400 459 1
1 54.33 6.75 2 8 8 2.625 1 1 11 1 2 0 285 1
0 28.17 0.58 2 6 4 0.04 0 0 0 0 2 260 1005 0
1 25.42 0.54 2 9 4 0.165 0 1 1 0 2 272 445 0
0 19.17 8.58 2 13 8 0.75 1 1 7 0 2 96 1 1
1 32.33 3.5 2 4 4 0.5 0 0 0 1 2 232 1 0
1 47.83 4.16 2 14 5 0.085 0 0 0 1 2 520 1 0
1 26.17 12.5 1 4 8 1.25 0 0 0 1 2 0 18 0
1 54.83 15.5 2 10 9 0 1 1 20 0 2 152 131 0
0 27.67 2.04 2 9 4 0.25 0 0 0 1 2 180 51 0
1 20 7 2 8 4 0.5 0 0 0 0 2 0 1 0
1 18 0.16 2 11 7 0.21 0 0 0 0 2 200 41 1
1 47.33 6.5 2 8 4 1 0 0 0 1 2 0 229 0

