0 30.25 5.5 2 4 4 5.5 0 0 0 1 1 100 1 0
0 18.25 10 2 9 4 1 0 1 1 0 2 120 2 0
1 35 3.37 2 8 8 8.29 0 0 0 1 2 0 1 0
0 19.57 0.66 1 8 4 1 0 1 1 0 2 2000 3 0
1 37.33 2.66 2 13 4 0.165 0 0 0 1 2 0 502 0
0 65.17 14 2 1 1 0 1 1 11 1 2 0 1401 1
0 33.75 0.75 2 4 5 1 1 1 3 1 2 212 1 0
1 26.33 13 2 10 2 0 0 0 0 1 2 140 1111 0
1 27.42 12.5 2 6 5 0.25 0 0 0 1 2 720 1 0
1 18.82 0 2 11 4 0.665 0 0 0 0 2 160 2 0
1 28.33 5 2 9 4 11 1 0 0 1 2 70 1 1
1 40.58 1.5 2 3 5 0 0 0 0 0 1 300 1 0
1 39.5 1.62 2 8 4 1.5 0 0 0 0 2 0 317 0
1 36.17 0.42 1 9 4 0.29 0 0 0 1 2 309 3 0
1 53.92 9.62 2 10 4 8.665 1 1 5 0 2 0 1 1
0 46.08 3 2 8 4 2.375 1 1 8 1 2 396 4160 1
0 48.17 1.33 2 3 7 0.335 0 0 0 0 2 0 121 0
0 33.08 1.62 2 2 4 0.54 0 0 0 1 2 0 1 0
1 22 0.79 2 9 4 0.29 0 1 1 0 2 420 284 0
0 25.17 2.87 2 14 8 0.875 1 0 0 0 2 360 1 1
0 19.57 0.66 2 9 4 1.665 0 0 0 0 2 220 6 0
1 41.17 1.33 2 2 4 0.165 0 0 0 0 2 168 1 0
1 32.42 2.16 1 4 1 0 0 0 0 0 2 120 1 0
1 21.83 1.54 2 4 4 0.085 0 0 0 1 2 356 1 0
1 39.17 1.71 2 14 4 0.125 1 1 5 1 2 480 1 1
1 32.33 7.5 2 10 5 1.585 1 0 0 1 1 420 1 0
1 17.5 22 3 1 7 0 0 0 0 1 3 450 100001 1
1 23.58 0.46 1 9 4 2.625 1 1 6 1 2 208 348 0
1 52.5 6.5 2 4 4 6.29 1 1 15 0 2 0 11203 1
0 25.25 13.5 1 1 1 2 0 1 1 1 2 200 2 0
0 17.82 11 2 14 8 1 1 1 11 0 2 0 3001 1
1 50.75 0.58 2 1 1 0 0 0 0 0 2 145 1 0
0 35.75 0.91 2 6 4 0.75 1 1 4 0 2 0 1584 1
1 21.67 1.16 1 4 4 2.5 1 1 1 0 2 180 21 0
1 20.42 0 2 8 4 0 0 0 0 0 3 184 1 0
0 22.75 6.16 2 6 4 0.165 0 0 0 0 2 220 1001 0
1 23.33 11.62 1 9 4 0.835 1 0 0 1 2 160 301 1
0 18.92 9.25 1 8 4 1 1 1 4 1 2 80 501 1
1 37.5 1.12 1 2 4 1.5 0 0 0 1 2 431 1 1
1 64.08 20 2 14 8 17.5 1 1 9 1 2 0 1001 1
1 27.75 0.58 1 13 4 0.25 1 1 2 0 2 260 501 1
0 55.75 7.08 2 4 8 6.75 1 1 3 1 2 100 51 0
0 25.75 0.5 2 8 8 0.875 1 0 0 1 2 491 1 1
1 25.08 1.71 2 14 4 1.665 1 1 1 1 2 395 21 1
0 24.75 3 2 11 8 1.835 1 1 19 0 2 0 501 1
0 24.5 1.75 1 8 4 0.165 0 0 0 0 2 132 1 0
1 30.58 2.71 1 7 4 0.125 0 0 0 1 1 80 1 0
1 30.08 1.04 1 3 5 0.5 1 1 10 1 2 132 29 0
0 36.75 5.12 2 10 4 5 1 0 0 1 2 0 4001 1
0 21.5 6 2 6 4 2.5 1 1 3 0 2 80 919 1
1 44.33 0.5 2 3 8 5 1 0 0 1 2 320 1 1
1 39.25 9.5 2 7 4 6.5 1 1 14 0 2 240 4608 1
1 17.07 0.08 1 8 4 0.04 0 0 0 0 2 140 723 0
1 31.92 4.46 2 13 8 6.04 1 1 3 0 2 311 301 1
0 27.17 1.25 2 1 1 0 0 1 1 0 2 92 301 0
1 38.25 10.12 1 4 4 0.125 0 0 0 0 2 160 1 0
0 23.25 5.87 2 11 4 3.17 1 1 10 0 2 120 246 1
0 24.5 0.5 2 11 8 1.5 1 0 0 0 2 280 825 1
1 39 5 2 13 4 3.5 1 1 10 1 2 0 1 1
1 33.17 3.16 1 14 4 3.165 1 1 3 1 2 380 1 1
1 31.57 0.04 1 2 4 4.25 0 0 0 1 2 460 1 0
0 28.67 1.04 2 8 4 2.5 1 1 5 1 2 300 1431 1
1 23.33 1.5 2 8 8 1.415 1 0 0 0 2 422 201 1
1 26.67 4.25 2 13 4 4.29 1 1 1 1 2 120 1 1
1 24.5 13.33 1 6 4 0.04 0 0 0 1 2 120 476 0
0 19.17 0.58 1 6 4 0.585 1 0 0 1 2 160 1 0
0 22.67 0.79 2 3 4 0.085 0 0 0 0 2 144 1 0
1 36.75 0.12 1 8 4 1.5 0 0 0 1 2 232 114 1
1 30.33 0.5 2 2 8 0.085 0 0 0 1 1 252 1 0
1 28 3 2 9 4 0.75 0 0 0 1 2 300 68 0
1 22 7.83 1 3 5 0.165 0 0 0 1 2 184 1 0
1 22.67 2.54 1 8 8 2.585 1 0 0 0 2 0 1 1
1 60.08 14.5 2 1 1 18 1 1 15 1 2 0 1001 1
0 31.57 1.5 2 1 1 0 0 1 2 1 2 200 106 0
0 47.75 8 2 8 4 7.875 1 1 6 1 2 0 1261 1
0 38.75 1.5 2 1 1 0 0 0 0 0 2 76 1 0
1 34.75 15 2 12 7 5.375 1 1 9 1 2 0 135 1
1 52.33 1.37 1 8 8 9.46 1 0 0 1 2 200 101 0
1 28.92 0.37 2 8 4 0.29 0 0 0 0 2 220 141 0
1 22.08 11 2 13 4 0.665 1 0 0 0 2 100 1 1
1 33.17 3.04 1 8 8 2.04 1 1 1 1 2 180 18028 1
1 32.67 5.5 2 11 8 5.5 1 1 12 1 2 408 1001 1
0 20.42 7.5 2 4 4 1.5 1 1 1 0 2 160 235 1
0 25.08 2.54 1 6 4 0.25 1 0 0 1 2 370 1 1
1 35.17 25.12 2 14 8 1.625 1 1 1 1 2 515 501 1
1 22.17 0.58 1 1 1 0 0 0 0 0 2 100 1 0
0 44.33 0 2 8 4 2.5 1 0 0 0 2 0 1 1
1 27.67 2 2 14 8 1 1 1 4 0 2 140 7545 1
0 53.33 0.16 2 1 1 0 0 0 0 1 1 62 28 0
0 22.92 1.25 2 11 4 0.25 0 0 0 1 2 120 810 0
1 33.17 1.04 2 12 8 6.5 1 0 0 1 2 164 31286 1
0 20.75 10.33 2 13 8 0.335 1 1 1 1 2 80 51 1
1 28.58 3.62 2 6 4 0.25 0 0 0 1 2 100 1 0
1 22.92 0.17 2 7 4 0.085 0 0 0 0 1 0 1 0
0 27.58 3 2 7 4 2.79 0 1 1 1 2 280 11 0
1 34.25 1.75 2 9 5 0.25 1 0 0 1 2 163 1 0
1 18.57 10.29 2 1 1 0.415 0 0 0 0 2 80 1 0
1 40.92 2.25 1 14 8 10 1 0 0 1 2 176 1 0
1 34.75 2.5 2 13 5 0.5 0 0 0 0 2 348 1 0
1 24.83 2.75 2 8 4 2.25 1 1 6 0 2 184 601 1
0 26.17 2 2 5 3 0 0 0 0 1 2 276 2 0
1 22.08 2.33 2 4 4 0.75 0 0 0 0 2 180 1 0
1 20.42 7 2 8 4 1.625 1 1 3 0 2 200 1392 1
1 47.67 2.5 2 7 5 2.5 1 1 12 1 2 410 2511 1
1 23.58 1.79 2 8 4 0.54 0 0 0 1 2 136 2 0
1 35 2.5 2 3 4 1 0 0 0 1 2 210 1 0
0 56.83 4.25 1 1 1 5 0 0 0 1 2 0 5 0
1 33 2.5 1 9 4 7 0 0 0 1 2 280 1 0
0 35.17 3.75 2 1 1 0 0 1 6 0 2 0 201 0
1 21.17 0.25 1 8 8 0.25 0 0 0 0 2 280 205 0

