1 25.83 12.83 2 13 4 0.5 0 0 0 0 2 0 3 0
1 22.17 12.12 2 8 4 3.335 0 1 2 1 2 180 174 0
0 30.42 1.37 2 9 8 0.04 0 1 3 0 2 0 34 0
1 27.75 1.29 2 4 8 0.25 0 0 0 1 1 140 1 0
0 20.42 7.5 2 4 4 1.5 1 1 1 0 2 160 235 1
1 42 9.78 2 14 8 7.96 1 1 8 0 2 0 1 1
0 24.5 0.5 2 11 8 1.5 1 0 0 0 2 280 825 1
1 23.25 1.5 2 11 4 2.375 1 1 3 1 2 0 583 1
1 22.17 2.25 2 3 4 0.125 0 0 0 0 2 160 11 0
1 32.25 14 1 1 1 0 0 1 2 0 2 160 2 0
0 23.58 0.83 2 11 4 0.415 0 1 1 1 2 200 12 0
1 26.67 1.75 1 8 4 1 1 1 5 1 2 160 5778 1
1 28.75 1.5 1 8 4 1.5 1 0 0 1 2 0 226 0
0 27.42 14.5 2 14 8 3.085 1 1 1 0 2 120 12 1
1 39.92 6.21 2 11 4 0.04 1 1 1 0 2 200 301 1
0 18.82 9.5 2 9 4 1.625 1 1 6 1 2 40 601 1
1 16.32 4.08 2 3 8 0.415 0 0 0 1 2 120 1 0
0 25 0.87 2 14 8 1.04 1 0 0 1 2 160 5861 1
0 28.67 1.04 2 8 4 2.5 1 1 5 1 2 300 1431 1
1 41.17 4.04 2 13 8 7 1 1 8 0 2 320 1 1
1 18.82 3.54 1 1 1 0 0 0 0 1 2 180 2 0
1 27.58 3.25 1 11 8 5.085 0 1 2 1 2 369 2 0
1 39.25 9.5 2 7 4 6.5 1 1 14 0 2 240 4608 1
1 21.25 1.5 2 9 4 1.5 0 0 0 0 2 150 9 1
0 21.92 11.66 2 4 8 0.085 0 0 0 0 2 320 6 0
1 32.42 3 2 2 4 0.165 0 0 0 1 2 120 1 0
1 47.67 2.5 2 7 5 2.5 1 1 12 1 2 410 2511 1
1 29.17 3.5 2 9 4 3.5 1 1 3 1 2 329 1 0
1 65.42 11 2 10 9 20 1 1 7 1 2 22 1 1
1 35.17 2.5 2 4 4 4.5 1 1 7 0 2 150 1271 1
0 28.58 3.75 2 8 4 0.25 0 1 1 1 2 40 155 0
1 26.67 4.25 2 13 4 4.29 1 1 1 1 2 120 1 1
1 24.33 6.62 1 2 4 5.5 1 0 0 1 1 100 1 1
0 24.5 12.75 2 8 5 4.75 1 1 2 0 2 73 445 1
1 30.17 1.08 1 8 4 0.04 0 0 0 0 2 170 180 0
1 28.67 14.5 2 2 4 0.125 0 0 0 0 2 0 287 0
0 37.33 2.5 2 3 8 0.21 0 0 0 0 2 260 247 0
1 29.67 0.75 1 8 4 0.04 0 0 0 0 2 240 1 0
1 52.33 1.37 1 8 8 9.46 1 0 0 1 2 200 101 0
0 27.67 1.5 2 7 4 2 1 0 0 0 1 368 1 0
0 24.58 0.67 2 6 8 1.75 1 0 0 0 2 400 1 0
1 26.75 4.5 1 8 5 2.5 0 0 0 0 2 200 1211 0
0 28.08 15 1 10 9 0 1 0 0 0 2 0 13213 1
1 23.08 11.5 2 3 4 3.5 1 1 9 0 2 56 743 1
1 24.58 1.25 2 8 4 0.25 0 0 0 0 2 110 1 0
1 26.67 2.71 1 13 4 5.25 1 1 1 0 2 211 1 1
0 47.25 0.75 2 11 8 2.75 1 1 1 0 2 333 893 1
1 39.17 1.62 2 8 4 1.5 1 1 10 0 2 186 4701 1
1 41.75 0.96 2 14 4 2.5 1 0 0 0 2 510 601 1
1 23.92 0.58 1 13 8 0.125 0 0 0 0 2 240 2 0
1 45 8.5 2 13 8 14 1 1 1 1 2 88 2001 1
1 41.92 0.42 2 8 8 0.21 1 1 6 0 2 220 949 1
1 38.58 3.33 2 9 4 4 1 1 14 0 2 383 1345 1
1 21 3 1 2 4 1.085 1 1 8 1 2 160 2 1
1 31.57 4 1 3 4 0.085 0 0 0 1 2 411 1 0
0 20.07 0.12 2 11 4 1 0 1 1 0 2 240 769 1
0 56.83 4.25 1 1 1 5 0 0 0 1 2 0 5 0
1 33.67 1.25 2 9 4 1.165 0 0 0 0 2 120 1 0
0 16.92 0.5 2 3 4 0.165 0 1 6 1 2 240 36 0
1 30.67 2.5 2 13 8 2.25 0 0 0 1 1 340 1 0
0 24.75 13.66 2 11 8 1.5 0 0 0 0 2 280 2 0
0 40.33 8.12 1 4 4 0.165 0 1 2 0 2 184 19 0
0 20.67 3 2 11 4 0.165 1 1 3 0 2 100 7 1
1 39.5 1.62 2 8 4 1.5 0 0 0 0 2 0 317 0
1 59.67 1.54 2 11 4 0.125 1 0 0 1 2 260 1 1
0 36.58 0.28 2 1 1 0 0 1 10 0 2 200 19 0
1 39.83 0.5 2 7 4 0.25 1 0 0 0 1 288 1 0
1 28.58 3.62 2 6 4 0.25 0 0 0 1 2 100 1 0
1 20 11.04 2 8 4 2 0 0 0 1 2 136 1 0
0 58.67 4.46 2 11 8 3.04 1 1 6 0 2 43 561 1
0 30.25 5.5 2 4 4 5.5 0 0 0 1 1 100 1 0
1 23.08 0 2 4 4 1 0 1 11 0 1 0 1 0
1 43.25 25.21 2 11 8 0.21 1 1 1 0 2 760 91 0
1 21.83 1.54 2 4 4 0.085 0 0 0 1 2 356 1 0
0 33.25 2.5 1 8 4 2.5 0 0 0 1 2 0 3 0
0 20.83 3 2 6 4 0.04 1 0 0 0 2 100 1 1
1 31.33 19.5 2 8 4 7 1 1 16 0 2 0 5001 1
1 33.75 2.75 2 3 5 0 0 0 0 0 2 180 1 0
0 25.17 2.87 2 14 8 0.875 1 0 0 0 2 360 1 1
1 39.58 13.91 2 9 4 8.625 1 1 6 1 2 70 1 1
1 36.17 5.5 2 3 5 5 0 0 0 0 2 210 688 0
1 23.75 0.41 1 8 4 0.04 0 1 2 0 2 128 7 0
0 23.25 5.87 2 11 4 3.17 1 1 10 0 2 120 246 1
0 20.5 11.83 2 8 8 6 1 0 0 0 2 340 1 1
1 33.17 1 2 14 4 0.75 1 1 7 1 2 340 4072 1
0 15.75 0.37 2 8 4 1 0 0 0 0 2 120 19 0
0 23.58 11.5 1 4 8 3 0 0 0 1 2 20 17 0
1 21.33 7.5 2 6 4 1.415 1 1 1 0 2 80 9801 1
1 40.58 1.5 2 3 5 0 0 0 0 0 1 300 1 0
1 23.08 11.5 2 9 8 2.125 1 1 11 1 2 290 285 1
0 32.25 1.5 2 8 4 0.25 0 0 0 1 2 372 123 0
1 25 11.25 2 8 4 2.5 1 1 17 0 2 200 1209 1
1 18.5 2 2 3 4 1.5 1 1 2 0 2 120 301 1
1 22.75 11 2 11 4 2.5 1 1 7 1 2 100 810 1
0 18.92 9.25 1 8 4 1 1 1 4 1 2 80 501 1
1.234 22.08 11.46 2 4 4 1.585 0 0 0 1 2 100 1213 0
0 27.58 3 2 7 4 2.79 0 1 1 1 2 280 11 0
0 47.42 8 2 10 5 6.5 1 1 6 0 2 375 51101 1
1 29.25 14.79 2 6 4 5.04 1 1 5 1 2 168 1 1
1 25.67 3.25 2 8 8 2.29 0 1 1 1 2 416 22 0
1 40.92 2.25 1 14 8 10 1 0 0 1 2 176 1 0
1 27.25 0.62 2 6 4 0.455 1 0 0 1 2 200 1 0
1 35.75 2.41 2 9 4 0.125 0 1 2 0 2 220 2 0
0 33.67 0.37 2 13 4 0.375 0 0 0 0 2 300 45 1
0 33.75 0.75 2 4 5 1 1 1 3 1 2 212 1 0
1 22.83 3 2 7 4 1.29 1 1 1 0 2 260 801 1
1 20.67 1.25 1 8 8 1.375 1 1 3 1 2 140 211 0
1 39.42 1.71 1 7 4 0.165 0 0 0 0 1 400 1 0
0 16.07 0.33 2 1 1 0 0 1 1 0 2 160 127 0
1 16.07 0.75 2 8 4 1.75 1 1 5 1 2 352 691 1

