0 23 1.83 2 5 3 0 0 1 1 0 2 200 54 0
1 31.57 0.62 2 4 4 0.25 0 0 0 0 2 380 2011 0
0 38.25 6 2 4 4 1 1 0 0 1 2 0 1 1
1 28.25 5.04 1 8 5 1.5 1 1 8 1 2 144 8 1
1 22.5 11.5 1 7 4 1.5 0 0 0 1 2 0 4001 0
1 17.25 3 2 4 4 0.04 0 0 0 1 2 160 41 0
1 18 0.16 2 11 7 0.21 0 0 0 0 2 200 41 1
0 56.83 4.25 1 1 1 5 0 0 0 1 2 0 5 0
1 21.33 10.5 2 8 4 3 1 0 0 1 2 0 1 1
0 60.58 16.5 2 11 4 11 1 0 0 1 2 21 10562 1
0 29.5 0.46 2 4 4 0.54 1 1 4 0 2 380 501 1
0 20.75 10.25 2 11 4 0.71 1 1 2 1 2 49 1 1
0 37.33 2.5 2 3 8 0.21 0 0 0 0 2 260 247 0
0 52.17 0 1 1 1 0 0 0 0 0 2 0 1 0
0 18.42 9.25 2 11 4 1.21 1 1 4 0 2 60 541 1
0 16.92 0.5 2 3 4 0.165 0 1 6 1 2 240 36 0
1 27 1.5 1 9 4 0.375 1 0 0 1 2 260 1066 1
1 49.17 2.29 2 1 1 0.29 0 0 0 0 2 200 4 0
1 47.67 2.5 2 7 5 2.5 1 1 12 1 2 410 2511 1
1 42.75 4.08 2 6 4 0.04 0 0 0 0 2 108 101 0
0 40.83 3.5 2 3 5 0.5 0 0 0 0 1 1160 1 0
1 22.25 9 2 6 4 0.085 0 0 0 0 2 0 1 0
1 37.33 6.5 2 7 8 4.25 1 1 12 1 2 93 1 1
1 41.58 1.75 2 4 4 0.21 1 0 0 0 2 160 1 0
1 26 1 2 11 4 1.75 1 0 0 1 2 280 1 1
1 47.83 4.16 2 14 5 0.085 0 0 0 1 2 520 1 0
0 28.42 3.5 2 9 4 0.835 1 0 0 0 1 280 1 1
1 16.5 0.12 2 8 4 0.165 0 0 0 0 2 132 1 0
0 24.75 13.66 2 11 8 1.5 0 0 0 0 2 280 2 0
0 35.42 12 2 11 8 14 1 1 8 0 2 0 6591 1
1 26.67 2.71 1 13 4 5.25 1 1 1 0 2 211 1 1
1 21.83 1.54 2 4 4 0.085 0 0 0 1 2 356 1 0
1 20.25 9.96 2 10 2 0 1 0 0 0 2 0 1 1
1 20.5 2.41 2 8 4 2 1 1 11 1 2 200 3001 1
1 23.25 1 2 8 4 0.835 1 0 0 0 1 300 1 1
0 47.25 0.75 2 11 8 2.75 1 1 1 0 2 333 893 1
1 37.75 7 2 11 8 11.5 1 1 7 1 2 300 6 0
0 56.5 16 2 5 1 0 1 1 15 0 2 0 248 1
1 25.5 0.37 2 7 4 0.25 1 1 3 0 2 260 15109 1
1 19.32 10.91 2 8 5 0.585 0 1 2 1 2 200 8 0
1 33 2.5 1 9 4 7 0 0 0 1 2 280 1 0
1 31 2.08 2 8 4 0.085 0 0 0 0 2 300 1 0
0 57.58 2 2 1 1 6.5 0 1 1 0 2 0 11 0
1 39.17 2.5 1 3 8 10 0 0 0 1 1 200 1 0
1.234 22.08 11.46 2 4 4 1.585 0 0 0 1 2 100 1213 0
0 31.57 3.5 2 2 4 3 1 0 0 1 2 300 1 0
0 55.75 7.08 2 4 8 6.75 1 1 3 1 2 100 51 0
1 35.17 2.5 2 4 4 4.5 1 1 7 0 2 150 1271 1
0 69.5 6 2 1 1 0 0 0 0 0 1 0 1 0
1 52.33 1.37 1 8 8 9.46 1 0 0 1 2 200 101 0
1 34.42 4.25 2 3 5 3.25 1 1 2 0 2 274 611 1
0 23.58 0.58 1 1 1 0.125 0 0 0 0 2 120 88 0
1 25.42 0.54 2 9 4 0.165 0 1 1 0 2 272 445 0
0 45.33 1 2 11 4 0.125 0 0 0 1 2 263 1 0
0 18.57 10 2 2 4 0.415 0 0 0 0 2 80 43 0
1 48.58 6.5 2 11 8 6 1 0 0 1 2 350 1 1
1 34.75 2.5 2 13 5 0.5 0 0 0 0 2 348 1 0
1 27.83 4 1 3 8 5.75 1 1 2 1 2 75 1 0
1 27.83 1.5 2 9 4 2.25 0 1 1 1 2 100 4 0
1 28 2 2 4 8 4.165 1 1 2 1 2 181 1 1
0 23.5 1.5 2 9 4 0.875 0 0 0 1 2 160 1 0
1 27.75 1.29 2 4 8 0.25 0 0 0 1 1 140 1 0
1 23.08 11.5 2 3 4 3.5 1 1 9 0 2 56 743 1
1 20.75 5.08 1 5 4 0.29 0 0 0 0 2 140 185 0
1 48.33 12 2 7 4 16 1 0 0 0 1 110 1 1
1 53.92 9.62 2 10 4 8.665 1 1 5 0 2 0 1 1
0 27.33 1.66 2 1 1 0 0 0 0 0 2 340 2 0
1 41.42 5 2 11 8 5 1 1 6 1 2 470 1 1
1 13.75 4 1 9 4 1.75 1 1 2 1 2 120 1001 1
1 22.92 0.17 2 7 4 0.085 0 0 0 0 1 0 1 0
1 40.92 0.83 2 1 1 0 1 0 0 0 2 130 2 0
1 23.5 2.75 2 1 1 4.5 0 0 0 0 2 160 26 0
0 31.75 3 1 5 3 0 0 0 0 0 2 160 21 0
1 29.58 4.75 2 7 4 2 0 1 1 1 2 460 69 0
1 40.58 3.29 2 7 4 3.5 0 0 0 1 1 400 1 0
0 38.33 4.41 2 8 4 0.125 0 0 0 0 2 160 1 0
1 27.67 2 2 14 8 1 1 1 4 0 2 140 7545 1
1 36.17 0.42 1 9 4 0.29 0 0 0 1 2 309 3 0
0 23.25 5.87 2 11 4 3.17 1 1 10 0 2 120 246 1
0 20.42 10.5 1 14 8 0 0 0 0 1 2 154 33 0
1 31.92 4.46 2 13 8 6.04 1 1 3 0 2 311 301 1
1 19.32 9.5 2 11 4 1 1 0 0 1 2 60 401 1
1 19.17 4 1 3 4 1 0 0 0 1 2 360 1001 0
0 20.83 0.5 1 10 2 1 0 0 0 0 2 260 1 0
1 44.83 7 1 8 4 1.625 0 0 0 0 2 160 3 0
0 28.17 0.37 2 11 4 0.585 1 1 4 0 2 80 1 1
1 18.17 10.25 2 8 8 1.085 0 0 0 0 2 320 14 0
0 25 11 1 6 4 4.5 1 0 0 0 2 120 1 0
0 24.5 2.41 1 8 4 0 0 0 0 0 2 120 1 0
1 32.08 4 1 13 4 1.5 0 0 0 1 2 120 1 0
1 41.17 1.25 1 9 4 0.25 0 0 0 0 2 0 196 0
1 18.57 5.71 2 2 4 0.54 0 0 0 0 2 120 1 0
1 41.75 0.96 2 14 4 2.5 1 0 0 0 2 510 601 1
1 23.92 0.58 1 13 8 0.125 0 0 0 0 2 240 2 0
1 23 0.75 2 7 4 0.5 0 0 0 1 1 320 1 0
1 31.08 1.5 1 9 4 0.04 0 0 0 0 1 160 1 0
1 18.32 1.21 1 10 2 0 0 0 0 0 2 100 1 0
1 20.67 0.41 2 8 4 0.125 0 0 0 0 2 0 45 0
0 18.82 9.53 2 6 4 0.085 1 0 0 0 2 100 1 1
1 56 12.5 2 4 8 8 1 0 0 1 2 24 2029 1
1 29.83 1.25 1 4 4 0.25 0 0 0 0 2 224 1 0
1 35.25 3.16 2 14 8 3.75 1 0 0 1 2 680 1 0
0 25.42 1.12 2 11 4 1.29 1 1 2 0 2 200 1 0
1 20.42 1.83 2 8 4 2.25 1 1 1 0 2 100 151 1
0 15.83 7.62 2 11 4 0.125 0 1 1 1 2 0 161 0
1 18.07 5.5 2 4 4 0.5 1 0 0 0 2 80 1 1
1 23.25 4 2 8 5 0.25 1 0 0 1 2 160 1 1
0 23 11.75 2 14 8 0.5 1 1 2 1 2 300 552 1
1 15.17 7 2 10 4 1 0 0 0 0 2 600 1 0
1 37.42 2.04 2 9 4 0.04 1 0 0 1 2 400 5801 1

