1 48.25 25.08 2 9 4 1.75 1 1 3 0 2 120 15 1
1 33.5 1.75 2 14 8 4.5 1 1 4 1 2 253 858 1
1 22 7.83 1 3 5 0.165 0 0 0 1 2 184 1 0
1 17.07 3.29 2 3 4 0.335 0 0 0 1 2 140 3 0
1 37.5 0.83 2 10 4 0.04 0 0 0 0 2 120 6 0
0 21.67 11.5 1 5 3 0 1 1 11 1 2 0 1 1
1 31.08 3.08 2 8 4 2.5 0 1 2 1 2 160 42 0
1 27.67 2 2 14 8 1 1 1 4 0 2 140 7545 1
0 38.33 4.41 2 8 4 0.125 0 0 0 0 2 160 1 0
0 33.92 1.58 1 1 1 0 1 0 0 0 2 320 1 0
0 25.08 2.54 1 6 4 0.25 1 0 0 1 2 370 1 1
0 29.5 2 1 10 8 2 0 0 0 0 2 256 18 0
1 21.83 1.54 2 4 4 0.085 0 0 0 1 2 356 1 0
1 16.5 0.12 2 8 4 0.165 0 0 0 0 2 132 1 0
1 65.42 11 2 10 9 20 1 1 7 1 2 22 1 1
1 42 0.2 2 3 8 5.125 1 0 0 0 2 400 1 1
1 34.92 2.5 2 9 4 0 1 0 0 1 2 239 201 1
0 28.08 15 1 10 9 0 1 0 0 0 2 0 13213 1
0 28.42 3.5 2 9 4 0.835 1 0 0 0 1 280 1 1
1 17.57 10 2 9 8 0.165 0 1 1 0 2 120 2 0
1 29.42 1.25 2 9 4 1.75 0 0 0 0 2 200 1 0
1 30.67 2.5 2 13 8 2.25 0 0 0 1 1 340 1 0
1 28.25 5.04 1 8 5 1.5 1 1 8 1 2 144 8 1
1 57.42 8.5 2 10 8 7 1 1 3 0 2 0 1 1
1 18.25 0.16 2 2 4 0.25 0 0 0 1 1 280 1 0
1 32.25 14 1 1 1 0 0 1 2 0 2 160 2 0
1 19.5 9.58 2 6 4 0.79 0 0 0 0 2 80 351 0
0 31.25 3.75 2 13 8 0.625 1 1 9 1 2 181 1 1
0 27.67 1.5 2 7 4 2 1 0 0 0 1 368 1 0
1 43.17 5 2 3 5 2.25 0 0 0 1 2 141 1 0
1 25.5 0.37 2 7 4 0.25 1 1 3 0 2 260 15109 1
0 45.33 1 2 11 4 0.125 0 0 0 1 2 263 1 0
0 31.92 3.12 2 1 1 3.04 0 1 2 1 2 200 5 0
1 31.92 4.46 2 13 8 6.04 1 1 3 0 2 311 301 1
1 25.67 3.25 2 8 8 2.29 0 1 1 1 2 416 22 0
1 34.42 4.25 2 3 5 3.25 1 1 2 0 2 274 611 1
0 25.33 2.08 2 8 8 2.75 1 0 0 1 2 360 2 0
1 34.75 2.5 2 13 5 0.5 0 0 0 0 2 348 1 0
1 24.42 2 2 10 2 0.165 0 1 2 0 2 320 1301 0
0 28.17 0.37 2 11 4 0.585 1 1 4 0 2 80 1 1
1 22.75 11.5 2 3 4 0.415 0 0 0 0 2 0 1 0
1 25.42 0.54 2 9 4 0.165 0 1 1 0 2 272 445 0
1 31.58 0.75 1 6 4 3.5 0 0 0 1 2 320 1 0
1 34 5.5 1 8 4 1.5 0 0 0 1 2 60 1 0
1 36.42 0.75 1 2 4 0.585 0 0 0 0 2 240 4 0
1 30.33 0.5 2 2 8 0.085 0 0 0 1 1 252 1 0
0 20.42 7.5 2 4 4 1.5 1 1 1 0 2 160 235 1
1 42.75 4.08 2 6 4 0.04 0 0 0 0 2 108 101 0
0 18.75 7.5 2 11 4 2.71 1 1 5 0 2 184 26727 1
1 32.33 7.5 2 10 5 1.585 1 0 0 1 1 420 1 0
1 56.75 12.25 2 7 4 1.25 1 1 4 1 2 200 1 1
1 25.67 12.5 2 13 4 1.21 1 1 67 1 2 140 259 1
1 55.92 11.5 2 1 1 5 1 1 5 0 2 0 8852 1
1 41.92 0.42 2 8 8 0.21 1 1 6 0 2 220 949 1
0 40.33 8.12 1 4 4 0.165 0 1 2 0 2 184 19 0
0 28.5 1 2 11 4 1 1 1 2 1 2 167 501 0
1 34.25 1.75 2 9 5 0.25 1 0 0 1 2 163 1 0
0 22.92 11.58 2 13 4 0.04 1 0 0 0 2 80 1350 1
1 24.17 0.87 2 11 4 4.625 1 1 2 1 2 520 2001 1
0 60.92 5 2 6 4 4 1 1 4 0 2 0 100 1
1 22.67 2.54 1 8 8 2.585 1 0 0 0 2 0 1 1
1 31.57 0.37 2 2 4 0.875 1 0 0 1 1 928 1 0
1 29.67 0.75 1 8 4 0.04 0 0 0 0 2 240 1 0
1 27 1.5 1 9 4 0.375 1 0 0 1 2 260 1066 1
0 29.5 0.46 2 4 4 0.54 1 1 4 0 2 380 501 1
1 42.83 1.25 2 7 4 13.875 0 1 1 1 2 352 113 0
1 29.83 1.25 1 4 4 0.25 0 0 0 0 2 224 1 0
1 26.75 4.5 1 8 5 2.5 0 0 0 0 2 200 1211 0
0 24.5 1.75 1 8 4 0.165 0 0 0 0 2 132 1 0
0 19.17 8.58 2 13 8 0.75 1 1 7 0 2 96 1 1
1 51.58 15 2 8 4 8.5 1 1 9 0 2 0 1 1
0 56.83 4.25 1 1 1 5 0 0 0 1 2 0 5 0
1 33.17 1 2 14 4 0.75 1 1 7 1 2 340 4072 1
1 22.25 0.46 2 4 4 0.125 0 0 0 1 2 280 56 0
0 46 4 2 5 3 0 1 0 0 0 2 100 961 1
1 31.33 19.5 2 8 4 7 1 1 16 0 2 0 5001 1
1 59.5 2.75 2 9 4 1.75 1 1 5 1 2 60 59 1
1 56 12.5 2 4 8 8 1 0 0 1 2 24 2029 1
1 40.92 0.5 1 7 4 0.5 0 0 0 1 2 130 1 0
0 19.75 0.75 2 8 4 0.795 1 1 5 1 2 140 6 0
1 23.58 1.79 2 8 4 0.54 0 0 0 1 2 136 2 0
1 21.58 0.79 1 13 4 0.665 0 0 0 0 2 160 1 0
1 30.58 2.71 1 7 4 0.125 0 0 0 1 1 80 1 0
0 22.67 3.8 2 8 4 0.165 0 0 0 0 2 160 1 0
1 33.58 2.75 2 7 4 4.25 1 1 6 0 2 204 1 1
0 47.42 3 2 14 4 13.875 1 1 2 1 2 519 1705 1
1 31.08 1.5 1 9 4 0.04 0 0 0 0 1 160 1 0
1 23.25 4 2 8 5 0.25 1 0 0 1 2 160 1 1
1 42.83 4.62 2 11 4 4.58 1 0 0 0 1 0 1 1
1 31.67 0.83 2 14 4 1.335 1 1 8 1 2 303 3291 1
1 38.17 10.12 2 14 4 2.5 1 1 6 0 2 520 197 1
1 19.42 7.25 2 7 4 0.04 0 1 1 0 2 100 2 0
0 24.33 2.5 1 3 5 4.5 0 0 0 0 2 200 457 0
1 42.5 4.91 1 9 4 3.165 1 0 0 1 2 52 1443 1
1 34.67 1.08 2 7 4 1.165 0 0 0 0 1 28 1 0
0 32.25 1.5 2 8 4 0.25 0 0 0 1 2 372 123 0
0 25 12.33 2 13 8 3.5 1 1 6 0 2 400 459 1
1 17.5 22 3 1 7 0 0 0 0 1 3 450 100001 1
0 18.17 10 1 11 8 0.165 0 0 0 0 2 340 1 0
1 33.58 0.25 2 3 5 4 0 0 0 1 1 420 1 0
1 23.17 0 2 8 4 0 0 0 0 0 3 184 1 1
0 38.25 6 2 4 4 1 1 0 0 1 2 0 1 1
0 15.83 0.58 2 8 8 1.5 1 1 2 0 2 100 1 1
1 35.25 3.16 2 14 8 3.75 1 0 0 1 2 680 1 0
1 23.08 0 2 4 4 1 0 1 11 0 1 0 1 0
1 39.42 1.71 1 7 4 0.165 0 0 0 0 1 400 1 0
0 22.5 0.41 2 3 4 0.335 0 0 0 1 1 144 1 0
0 22.75 6.16 2 6 4 0.165 0 0 0 0 2 220 1001 0
1 23.25 1.5 2 11 4 2.375 1 1 3 1 2 0 583 1
0 22.92 1.25 2 11 4 0.25 0 0 0 1 2 120 810 0

