0 18.82 4.41 1 8 8 3 1 0 0 0 2 240 1 1
1 29.25 14.79 2 6 4 5.04 1 1 5 1 2 168 1 1
1 20.67 0.83 1 8 4 2 0 0 0 1 1 240 1 0
1 22.92 0.17 2 7 4 0.085 0 0 0 0 1 0 1 0
1 38.67 0.21 2 4 4 0.085 1 0 0 1 2 280 1 1
1 18.32 1.21 1 10 2 0 0 0 0 0 2 100 1 0
1 22.67 1.58 1 9 4 3.085 1 1 6 0 2 80 1 1
1 20.42 7 2 8 4 1.625 1 1 3 0 2 200 1392 1
0 21.92 11.66 2 4 8 0.085 0 0 0 0 2 320 6 0
0 20.75 10.33 2 13 8 0.335 1 1 1 1 2 80 51 1
1 49.58 19 2 1 1 0 1 1 1 0 2 94 1 0
1 52.33 1.37 1 8 8 9.46 1 0 0 1 2 200 101 0
0 38.33 4.41 2 8 4 0.125 0 0 0 0 2 160 1 0
1 25.67 12.5 2 13 4 1.21 1 1 67 1 2 140 259 1
1 22.67 10.5 2 11 8 1.335 1 0 0 0 2 100 1 1
1 28.25 5.12 2 14 4 4.75 1 1 2 0 2 420 8 1
1 28.67 14.5 2 2 4 0.125 0 0 0 0 2 0 287 0
1 35.17 25.12 2 14 8 1.625 1 1 1 1 2 515 501 1
1 24.42 12.33 2 11 8 1.585 1 0 0 1 2 120 1 1
1 28.92 15 2 8 8 5.335 1 1 11 0 2 0 2284 1
1 47.67 2.5 2 7 5 2.5 1 1 12 1 2 410 2511 1
1 26.75 2 2 2 4 0.75 0 0 0 1 2 80 1 0
1 26.17 0.83 2 13 4 1.165 0 0 0 0 2 100 1 0
1 25.75 0.5 2 8 4 1.46 1 1 5 1 2 312 1 1
1 47.83 4.16 2 14 5 0.085 0 0 0 1 2 520 1 0
1 27.83 1.5 2 9 4 2 1 1 11 1 2 434 36 1
1 40.58 3.29 2 7 4 3.5 0 0 0 1 1 400 1 0
0 20.32 10 2 8 8 1 1 1 4 0 2 50 1466 1
1 28.75 1.16 2 4 4 0.5 1 0 0 0 1 280 1 0
0 44.33 0 2 8 4 2.5 1 0 0 0 2 0 1 1
1 16 3.12 2 9 4 0.085 0 1 1 0 2 0 7 0
1 39.5 1.62 2 8 4 1.5 0 0 0 0 2 0 317 0
1 21.42 0.75 1 12 7 0.75 0 0 0 1 2 132 3 0
1 19 1.75 1 8 4 2.335 0 0 0 1 2 112 7 0
0 47.42 3 2 14 4 13.875 1 1 2 1 2 519 1705 1
0 22.5 8.5 2 11 4 1.75 1 1 10 0 2 80 991 0
1 32.42 3 2 2 4 0.165 0 0 0 1 2 120 1 0
1 23.5 2.75 2 1 1 4.5 0 0 0 0 2 160 26 0
1 32.33 7.5 2 10 5 1.585 1 0 0 1 1 420 1 0
0 27.58 3 2 7 4 2.79 0 1 1 1 2 280 11 0
1 21.33 10.5 2 8 4 3 1 0 0 1 2 0 1 1
1 27.67 2 2 14 8 1 1 1 4 0 2 140 7545 1
1 19.67 10 1 4 8 0.835 1 0 0 1 2 140 1 0
1 48.58 6.5 2 11 8 6 1 0 0 1 2 350 1 1
1 31.57 5 1 6 4 8.5 1 0 0 0 2 0 1 0
1 23.92 1.5 2 2 8 1.875 1 1 6 0 2 200 328 1
1 43.17 2.25 2 3 5 0.75 1 0 0 0 2 560 1 0
0 32.33 0.54 2 13 4 0.04 1 0 0 0 2 440 11178 1
1 27.75 1.29 2 4 8 0.25 0 0 0 1 1 140 1 0
1 28 3 2 9 4 0.75 0 0 0 1 2 300 68 0
1 27.75 0.58 1 13 4 0.25 1 1 2 0 2 260 501 1
1 19.57 0.58 2 1 1 0 0 1 3 0 2 350 770 0
1 23.75 12 2 8 4 2.085 0 0 0 0 1 80 1 0
1 19.42 6.5 2 9 8 1.46 1 1 7 0 2 80 2955 1
1 62.5 12.75 1 8 8 5 1 0 0 0 2 112 1 0
1 29.83 2.04 1 14 8 0.04 0 0 0 0 2 128 2 0
1 26.33 13 2 10 2 0 0 0 0 1 2 140 1111 0
0 38.75 1.5 2 1 1 0 0 0 0 0 2 76 1 0
1 27.67 13.75 2 9 4 5.75 1 0 0 1 2 487 501 1
1 32.33 3.5 2 4 4 0.5 0 0 0 1 2 232 1 0
1 39.33 5.87 2 13 8 10 1 1 14 1 2 399 1 1
1 23.92 0.58 1 13 8 0.125 0 0 0 0 2 240 2 0
1 23 0.75 2 7 4 0.5 1 0 0 1 1 320 1 0
0 50.25 0.83 2 6 4 0.5 0 0 0 1 2 240 118 0
0 22.5 8.46 1 14 4 2.46 0 0 0 0 2 164 1 1
0 18.82 9.5 2 9 4 1.625 1 1 6 1 2 40 601 1
1 42 0.2 2 3 8 5.125 1 0 0 0 2 400 1 1
1 20 7 2 8 4 0.5 0 0 0 0 2 0 1 0
1 29.58 4.75 2 7 4 2 0 1 1 1 2 460 69 0
1 18.82 3.54 1 1 1 0 0 0 0 1 2 180 2 0
1 27.42 12.5 2 6 5 0.25 0 0 0 1 2 720 1 0
1 23.08 0 2 4 4 1 0 1 11 0 1 0 1 0
1 31.57 0.04 1 2 4 4.25 0 0 0 1 2 460 1 0
0 28.67 1.04 2 8 4 2.5 1 1 5 1 2 300 1431 1
1 42.17 5.04 2 11 8 12.75 1 0 0 1 2 92 1 1
1 31 2.08 2 8 4 0.085 0 0 0 0 2 300 1 0
1 36.33 3.79 2 9 4 1.165 1 0 0 1 2 200 1 0
1 42.08 1.04 2 9 4 5 1 1 6 1 2 500 10001 1
0 30.67 12 2 8 4 2 1 1 1 0 2 220 20 1
1 32.33 2.5 2 8 4 1.25 0 0 0 1 2 280 1 0
1 19.32 10.91 2 8 5 0.585 0 1 2 1 2 200 8 0
1 20.42 1.08 2 11 4 1.5 0 0 0 0 2 108 8 0
0 33.92 1.58 1 1 1 0 1 0 0 0 2 320 1 0
0 24.5 2.41 1 8 4 0 0 0 0 0 2 120 1 0
1 30.75 1.58 2 2 4 0.585 0 0 0 1 1 0 1 0
1 25.75 0.75 2 8 5 0.25 1 0 0 0 2 349 24 1
1 31.57 0.62 2 4 4 0.25 0 0 0 0 2 380 2011 0
0 21.25 2.33 2 3 5 0.5 1 1 4 0 1 80 1 1
1 26.25 1.54 2 9 4 0.125 0 0 0 0 2 100 1 0
0 29.58 1.75 1 4 4 1.25 0 0 0 1 2 280 1 0
1 33.67 2.16 2 8 4 1.5 0 0 0 0 3 120 1 0
1 15.17 7 2 10 4 1 0 0 0 0 2 600 1 0
0 49 1.5 2 5 3 0 1 0 0 1 2 100 28 0
1 42.5 4.91 1 9 4 3.165 1 0 0 1 2 52 1443 1
0 17.57 9 2 6 4 1.375 1 0 0 1 2 0 1 1
0 16.07 0.33 2 1 1 0 0 1 1 0 2 160 127 0
1 23.33 1.5 2 8 8 1.415 1 0 0 0 2 422 201 1
1 34.08 6.5 2 6 4 0.125 1 0 0 1 2 443 1 0
1 26 1 2 11 4 1.75 1 0 0 1 2 280 1 1
1 33.58 0.33 1 13 4 0.085 0 0 0 0 2 180 1 0
1 16.17 0.04 2 8 4 0.04 0 0 0 0 2 0 1 1
0 44.17 6.66 2 11 4 7.375 1 1 3 1 2 0 1 1
1 32.42 2.16 1 4 1 0 0 0 0 0 2 120 1 0
1 32.75 2.33 2 2 8 5.75 0 0 0 1 2 292 1 0
1 44.83 7 1 8 4 1.625 0 0 0 0 2 160 3 0
1 16.5 0.12 2 8 4 0.165 0 0 0 0 2 132 1 0
1 41.17 1.33 2 2 4 0.165 0 0 0 0 2 168 1 0
1 25 11.25 2 8 4 2.5 1 1 17 0 2 200 1209 1
0 53.33 0.16 2 1 1 0 0 0 0 1 1 62 28 0
0 26.58 2.54 1 1 1 0 0 0 0 1 2 180 61 0

