0 21.75 11.75 2 8 4 0.25 0 0 0 1 2 180 1 0
0 19.17 0.58 1 6 4 0.585 1 0 0 1 2 160 1 0
0 22.92 11.58 2 13 4 0.04 1 0 0 0 2 80 1350 1
1 25.83 12.83 2 13 4 0.5 0 0 0 0 2 0 3 0
0 19.17 8.58 2 13 8 0.75 1 1 7 0 2 96 1 1
1 31.83 2.5 2 6 4 7.5 1 0 0 1 2 523 1 0
0 58.42 21 2 3 5 10 1 1 13 0 2 0 6701 1
0 22.5 8.46 1 14 4 2.46 0 0 0 0 2 164 1 1
1 36.25 5 2 8 5 2.5 1 1 6 0 2 0 368 1
1 34.42 1.33 2 3 5 0.125 0 0 0 1 2 440 4501 0
0 17.57 9 2 6 4 1.375 1 0 0 1 2 0 1 1
1 24.58 1.25 2 8 4 0.25 0 0 0 0 2 110 1 0
1 44.25 0.5 2 7 4 10.75 1 0 0 0 1 400 1 0
1 60.08 14.5 2 1 1 18 1 1 15 1 2 0 1001 1
1 48.08 3.75 2 3 5 1 0 0 0 0 2 100 3 0
1 22.92 0.17 2 7 4 0.085 0 0 0 0 1 0 1 0
1 22.25 9 2 6 4 0.085 0 0 0 0 2 0 1 0
1 23.92 0.58 1 13 8 0.125 0 0 0 0 2 240 2 0
1 31.57 10.5 2 14 4 6.5 1 0 0 0 2 0 1 1
1 34.67 1.08 2 7 4 1.165 0 0 0 0 1 28 1 0
1 54.33 6.75 2 8 8 2.625 1 1 11 1 2 0 285 1
1 47.33 6.5 2 8 4 1 0 0 0 1 2 0 229 0
1 56.75 12.25 2 7 4 1.25 1 1 4 1 2 200 1 1
0 19.17 5.41 2 3 8 0.29 0 0 0 0 2 80 485 0
1 39.92 6.21 2 11 4 0.04 1 1 1 0 2 200 301 1
1 39.17 2.5 1 3 8 10 0 0 0 1 1 200 1 0
0 33.08 1.62 2 2 4 0.54 0 0 0 1 2 0 1 0
0 15.83 0.58 2 8 8 1.5 1 1 2 0 2 100 1 1
1 36.67 4.41 1 4 4 0.25 1 1 10 1 2 320 1 1
1 18.57 5.71 2 2 4 0.54 0 0 0 0 2 120 1 0
1 55.92 11.5 2 1 1 5 1 1 5 0 2 0 8852 1
1 25.42 0.54 2 9 4 0.165 0 1 1 0 2 272 445 0
0 40.83 3.5 2 3 5 0.5 0 0 0 0 1 1160 1 0
1 31.25 2.83 2 1 1 0 0 1 5 0 2 176 147 0
1 28 3 2 9 4 0.75 0 0 0 1 2 300 68 0
1 34.58 0 2 8 4 0 0 0 0 0 3 184 1 0
1 38.92 1.75 2 4 4 0.5 0 0 0 1 2 300 3 0
1 23 0.62 1 6 4 0.125 1 0 0 0 2 180 2 0
1 47.83 4.16 2 14 5 0.085 0 0 0 1 2 520 1 0
1 32.67 9 1 9 8 5.25 1 0 0 1 2 154 1 1
1 18.07 6.75 1 7 4 0.04 0 0 0 0 2 140 1 0
1 25.17 6 2 8 4 1 1 1 3 0 2 0 1 1
1 39.17 1.71 2 14 4 0.125 1 1 5 1 2 480 1 1
0 58.67 4.46 2 11 8 3.04 1 1 6 0 2 43 561 1
1 30.33 0.5 2 2 8 0.085 0 0 0 1 1 252 1 0
1 45.17 1.5 2 8 4 2.5 1 0 0 1 2 140 1 0
0 33.08 4.62 2 11 8 1.625 1 1 2 0 2 0 1 1
1 21.17 0 2 8 4 0.5 0 0 0 1 1 0 1 0
0 20.83 0.5 1 10 2 1 0 0 0 0 2 260 1 0
0 65.17 14 2 1 1 0 1 1 11 1 2 0 1401 1
1 54.42 0.5 1 4 8 3.96 1 0 0 0 2 180 315 1
1 23.17 0 2 8 4 0 0 0 0 0 3 184 1 1
1 26.33 13 2 10 2 0 0 0 0 1 2 140 1111 0
0 56.5 16 2 5 1 0 1 1 15 0 2 0 248 1
1.234 22.08 11.46 2 4 4 1.585 0 0 0 1 2 100 1213 0
0 52.83 15 2 8 4 5.5 1 1 14 0 2 0 2201 1
1 21.58 0.79 1 13 4 0.665 0 0 0 0 2 160 1 0
0 26.58 2.54 1 1 1 0 0 0 0 1 2 180 61 0
1 43.08 0.37 1 8 4 0.375 1 1 8 1 2 300 163 1
1 19.17 0 1 7 5 0 0 0 0 1 1 500 2 1
0 26.08 8.66 2 6 4 1.415 1 0 0 0 2 160 151 1
0 21.67 11.5 1 5 3 0 1 1 11 1 2 0 1 1
1 19.5 0.28 2 4 4 0.29 0 0 0 0 2 280 365 0
1 30.17 1.08 1 8 4 0.04 0 0 0 0 2 170 180 0
1 34.75 2.5 2 13 5 0.5 0 0 0 0 2 348 1 0
1 74.83 19 1 1 1 0.04 0 1 2 0 2 0 352 0
0 26.92 13.5 2 11 8 5 1 1 2 0 2 0 5001 1
1 38.42 0.7 2 8 4 0.375 0 1 2 0 2 225 501 0
0 57.08 19.5 2 8 4 5.5 1 1 7 0 2 0 3001 1
1 50.75 0.58 2 1 1 0 0 0 0 0 2 145 1 0
1 39.5 1.62 2 8 4 1.5 0 0 0 0 2 0 317 0
1 34 5.08 1 3 5 1.085 0 0 0 1 2 480 1 0
1 28 2 2 4 8 4.165 1 1 2 1 2 181 1 1
1 19.42 7.25 2 7 4 0.04 0 1 1 0 2 100 2 0
1 64.08 20 2 14 8 17.5 1 1 9 1 2 0 1001 1
1 23.58 0.83 2 3 8 0.085 0 0 0 1 2 220 6 0
1 26 1 2 11 4 1.75 1 0 0 1 2 280 1 1
1 33.5 1.75 2 14 8 4.5 1 1 4 1 2 253 858 1
0 25 12.33 2 13 8 3.5 1 1 6 0 2 400 459 1
1 36.17 0.42 1 9 4 0.29 0 0 0 1 2 309 3 0
1 25.5 0.37 2 7 4 0.25 1 1 3 0 2 260 15109 1
1 31.57 0.5 2 8 5 0.835 1 0 0 1 1 320 1 0
1 26.67 14.58 2 3 5 0 0 0 0 1 2 178 1 0
1 49.5 7.58 2 3 5 7.585 1 1 15 1 2 0 5001 1
1 27.67 2 2 14 8 1 1 1 4 0 2 140 7545 1
0 39.08 4 2 8 4 3 0 0 0 0 2 480 1 0
1 56.42 28 1 8 4 28.5 1 1 40 0 2 0 16 1
1 21.67 1.16 1 4 4 2.5 1 1 1 0 2 180 21 0
0 21.5 6 2 6 4 2.5 1 1 3 0 2 80 919 1
1 21.5 11.5 2 3 4 0.5 1 0 0 1 2 100 69 0
0 23.42 0.79 1 11 4 1.5 1 1 2 1 2 80 401 1
0 30.25 5.5 2 4 4 5.5 0 0 0 1 1 100 1 0
1 34.25 3 2 13 8 7.415 1 0 0 1 2 0 1 1
1 31.57 5 1 6 4 8.5 1 0 0 0 2 0 1 0
1 38.67 0.21 2 4 4 0.085 1 0 0 1 2 280 1 1
1 16.25 0.83 2 7 4 0.085 1 0 0 0 1 200 1 0
1 41.17 1.25 1 9 4 0.25 0 0 0 0 2 0 196 0
1 25.58 0.33 2 4 8 3.5 0 0 0 1 2 340 1 0
0 16.5 1.25 2 11 4 0.25 0 1 1 0 2 108 99 0
1 29.25 13 2 2 8 0.5 0 0 0 0 2 228 1 0
0 44.17 6.66 2 11 4 7.375 1 1 3 1 2 0 1 1
1 35.75 2.41 2 9 4 0.125 0 1 2 0 2 220 2 0
0 22.67 0.33 2 11 4 0.75 0 0 0 0 1 160 1 0
1 49.17 2.29 2 1 1 0.29 0 0 0 0 2 200 4 0
1 18.82 0 2 11 4 0.665 0 0 0 0 2 160 2 0
0 17.67 0 1 5 1 0 0 0 0 0 2 86 1 0
0 25.33 2.08 2 8 8 2.75 1 0 0 1 2 360 2 0
1 36.17 18.12 2 9 4 0.085 0 0 0 0 2 320 3553 0
0 31.25 3.75 2 13 8 0.625 1 1 9 1 2 181 1 1
0 19.57 0.66 2 9 4 1.665 0 0 0 0 2 220 6 0

