1 18.57 5.71 2 2 4 0.54 0 0 0 0 2 120 1 0
0 33.67 0.37 2 13 4 0.375 0 0 0 0 2 300 45 1
1 22.17 0.58 1 1 1 0 0 0 0 0 2 100 1 0
1 22.08 2.33 2 4 4 0.75 0 0 0 0 2 180 1 0
1 23.17 11.12 2 14 8 0.46 1 1 1 0 2 100 1 1
1 48.17 7.62 2 9 8 15.5 1 1 12 0 2 0 791 1
1 21.83 0.25 2 2 8 0.665 1 0 0 1 2 0 1 1
1 42.75 3 2 3 5 1 1 0 0 0 2 0 201 0
1 42.17 5.04 2 11 8 12.75 1 0 0 1 2 92 1 1
1 25.58 0.33 2 4 8 3.5 0 0 0 1 2 340 1 0
0 23.42 0.79 1 11 4 1.5 1 1 2 1 2 80 401 1
1 36.5 4.25 2 11 4 3.5 0 0 0 0 2 454 51 0
0 47.75 8 2 8 4 7.875 1 1 6 1 2 0 1261 1
0 20.83 3 2 6 4 0.04 1 0 0 0 2 100 1 1
1 56.75 12.25 2 7 4 1.25 1 1 4 1 2 200 1 1
1 42.08 1.04 2 9 4 5 1 1 6 1 2 500 10001 1
1 49.5 7.58 2 3 5 7.585 1 1 15 1 2 0 5001 1
0 52.83 15 2 8 4 5.5 1 1 14 0 2 0 2201 1
1 47.67 2.5 2 7 5 2.5 1 1 12 1 2 410 2511 1
1 32.67 5.5 2 11 8 5.5 1 1 12 1 2 408 1001 1
0 21.92 11.66 2 4 8 0.085 0 0 0 0 2 320 6 0
1 21.17 0 2 8 4 0.5 0 0 0 1 1 0 1 0
1 39.08 6 2 7 4 1.29 1 1 5 1 2 108 1098 1
1 29.25 14.79 2 6 4 5.04 1 1 5 1 2 168 1 1
1 37.58 0 2 8 4 0 0 0 0 0 3 184 1 1
1 40.25 21.5 2 10 9 20 1 1 11 0 2 0 1201 1
1 40.92 0.83 2 1 1 0 1 0 0 0 2 130 2 0
0 52.17 0 1 1 1 0 0 0 0 0 2 0 1 0
1 37.75 7 2 11 8 11.5 1 1 7 1 2 300 6 0
1 25.75 0.75 2 8 5 0.25 1 0 0 0 2 349 24 1
1 22.92 3.16 1 8 4 0.165 0 0 0 0 2 160 1059 0
1 28.67 9.33 2 11 8 5.665 1 1 6 0 2 381 169 1
0 58.67 4.46 2 11 8 3.04 1 1 6 0 2 43 561 1
1 33.67 1.25 2 9 4 1.165 0 0 0 0 2 120 1 0
1 50.75 0.58 2 1 1 0 0 0 0 0 2 145 1 0
1 29.67 1.41 2 9 8 0.75 1 1 1 0 2 240 101 1
0 46.08 3 2 8 4 2.375 1 1 8 1 2 396 4160 1
0 41.33 1 2 3 5 2.25 1 0 0 1 2 0 301 1
0 36 1 2 8 4 2 1 1 11 0 2 0 457 1
1 25.67 3.25 2 8 8 2.29 0 1 1 1 2 416 22 0
1 23.33 1.5 2 8 8 1.415 1 0 0 0 2 422 201 1
1 39.83 0.5 2 7 4 0.25 1 0 0 0 1 288 1 0
1 29.67 0.75 1 8 4 0.04 0 0 0 0 2 240 1 0
0 22.42 5.66 2 11 4 2.585 1 1 7 0 2 129 3258 1
0 42.25 1.75 1 8 4 0 0 0 0 1 2 150 2 0
1 36.33 2.12 1 9 4 0.085 1 1 1 0 2 50 1188 1
1 20.67 1.25 1 8 8 1.375 1 1 3 1 2 140 211 0
1 34 5.5 1 8 4 1.5 0 0 0 1 2 60 1 0
1 35.17 25.12 2 14 8 1.625 1 1 1 1 2 515 501 1
0 46 4 2 5 3 0 1 0 0 0 2 100 961 1
1 19.32 10.91 2 8 5 0.585 0 1 2 1 2 200 8 0
0 22.5 8.5 2 11 4 1.75 1 1 10 0 2 80 991 0
1 57.83 7.04 2 7 4 14 1 1 6 1 2 360 1333 1
1 13.75 4 1 9 4 1.75 1 1 2 1 2 120 1001 1
1 23.25 12.62 2 8 4 0.125 0 1 2 0 2 0 5553 0
1 43.08 0.37 1 8 4 0.375 1 1 8 1 2 300 163 1
1 20.17 5.62 2 9 4 1.71 1 0 0 0 1 120 1 1
1 41.5 1.54 2 3 5 3.5 0 0 0 0 2 216 1 1
1 38.17 10.12 2 14 4 2.5 1 1 6 0 2 520 197 1
1 28.58 3.62 2 6 4 0.25 0 0 0 1 2 100 1 0
0 22.25 1.25 1 1 1 3.25 0 0 0 0 2 280 1 0
0 33.25 3 1 6 4 2 0 0 0 0 2 180 1 0
0 20.75 10.33 2 13 8 0.335 1 1 1 1 2 80 51 1
1 27 0.75 2 8 8 4.25 1 1 3 1 2 312 151 1
1 33.17 1 2 14 4 0.75 1 1 7 1 2 340 4072 1
1 31.57 0.62 2 4 4 0.25 0 0 0 0 2 380 2011 0
0 22.75 6.16 2 6 4 0.165 0 0 0 0 2 220 1001 0
1 27.67 13.75 2 9 4 5.75 1 0 0 1 2 487 501 1
1 23.08 2.5 2 1 1 0.085 0 0 0 1 2 100 4209 0
1 18.25 0.16 2 2 4 0.25 0 0 0 1 1 280 1 0
1 28.92 0.37 2 8 4 0.29 0 0 0 0 2 220 141 0
1 26.75 2 2 2 4 0.75 0 0 0 1 2 80 1 0
0 33.17 2.25 1 13 4 3.5 0 0 0 1 2 200 142 0
0 18.92 9.25 1 8 4 1 1 1 4 1 2 80 501 1
1 36.67 2 2 3 4 0.25 0 0 0 1 2 221 1 0
1 17.5 22 3 1 7 0 0 0 0 1 3 450 100001 1
0 38.75 1.5 2 1 1 0 0 0 0 0 2 76 1 0
0 27.17 1.25 2 1 1 0 0 1 1 0 2 92 301 0
1 31.57 4 2 14 4 5 1 1 3 1 2 290 2280 1
1 37.33 6.5 2 7 8 4.25 1 1 12 1 2 93 1 1
1 43.17 2.25 2 3 5 0.75 1 0 0 0 2 560 1 0
1 34.75 15 2 12 7 5.375 1 1 9 1 2 0 135 1
0 29.5 0.46 2 4 4 0.54 1 1 4 0 2 380 501 1
1 22.25 0.46 2 4 4 0.125 0 0 0 1 2 280 56 0
0 26.08 8.66 2 6 4 1.415 1 0 0 0 2 160 151 1
0 18.07 0.37 3 13 1 10 0 0 0 1 1 300 1 1
0 56.83 4.25 1 1 1 5 0 0 0 1 2 0 5 0
1 18 0.16 2 11 7 0.21 0 0 0 0 2 200 41 1
1 43.17 5 2 3 5 2.25 0 0 0 1 2 141 1 0
1 40.92 2.25 1 14 8 10 1 0 0 1 2 176 1 0
0 30.5 6.5 2 8 5 4 1 1 7 1 2 0 3066 1
1 20 11.04 2 8 4 2 0 0 0 1 2 136 1 0
1 36.17 5.5 2 3 5 5 0 0 0 0 2 210 688 0
0 64.08 0.16 2 1 1 0 1 1 1 0 2 232 101 1
1 21.17 0.87 1 8 8 0.25 0 0 0 0 2 280 205 0
1 21.92 0.5 2 8 4 0.125 0 0 0 0 2 360 1 0
0 24.75 3 2 11 8 1.835 1 1 19 0 2 0 501 1
1 31.92 4.46 2 13 8 6.04 1 1 3 0 2 311 301 1
1 26.33 13 2 10 2 0 0 0 0 1 2 140 1111 0
0 24.33 2.5 1 3 5 4.5 0 0 0 0 2 200 457 0
1 22.08 0.83 2 8 8 2.165 0 0 0 1 2 128 1 1
1 20.67 5.29 2 11 4 0.375 1 1 1 0 2 160 1 0
1 18.17 10.25 2 8 8 1.085 0 0 0 0 2 320 14 0
1 35.25 16.5 1 8 4 4 1 0 0 0 2 80 1 0
1 23.92 0.58 1 13 8 0.125 0 0 0 0 2 240 2 0
1 34.17 9.17 2 8 4 4.5 1 1 12 1 2 0 222 1
1 40 6.5 2 6 5 3.5 1 1 1 0 2 0 501 1
1 49.17 2.29 2 1 1 0.29 0 0 0 0 2 200 4 0
1 39.92 0.54 1 6 4 0.5 1 1 3 0 2 200 1001 1
0 20.5 11.83 2 8 8 6 1 0 0 0 2 340 1 1

