1 20.42 1.83 2 8 4 2.25 1 1 1 0 2 100 151 1
1 31.57 0.37 2 2 4 0.875 1 0 0 1 1 928 1 0
1 19.67 10 1 4 8 0.835 1 0 0 1 2 140 1 0
1 23.92 1.5 2 2 8 1.875 1 1 6 0 2 200 328 1
1 34.25 1.75 2 9 5 0.25 1 0 0 1 2 163 1 0
0 18.42 9.25 2 11 4 1.21 1 1 4 0 2 60 541 1
0 46.67 0.46 2 13 8 0.415 1 1 11 1 2 440 7 1
0 18.25 10 2 9 4 1 0 1 1 0 2 120 2 0
0 38.92 1.66 2 6 4 0.25 0 0 0 0 2 0 391 0
1 50.75 0.58 2 1 1 0 0 0 0 0 2 145 1 0
1 27.83 4 1 3 8 5.75 1 1 2 1 2 75 1 0
1 30.83 0 2 9 4 1.25 1 1 1 0 2 202 1 1
1 17.07 0.25 2 11 4 0.335 0 1 4 0 2 160 9 0
0 68.67 15 2 10 9 0 1 1 14 0 2 0 3377 1
1 27.75 0.58 1 13 4 0.25 1 1 2 0 2 260 501 1
1 54.42 0.5 1 4 8 3.96 1 0 0 0 2 180 315 1
1 32.42 2.16 1 4 1 0 0 0 0 0 2 120 1 0
1 20.67 1.25 1 8 8 1.375 1 1 3 1 2 140 211 0
1 22.08 2.33 2 4 4 0.75 0 0 0 0 2 180 1 0
1 49.17 2.29 2 1 1 0.29 0 0 0 0 2 200 4 0
1 23.08 11.5 2 3 4 3.5 1 1 9 0 2 56 743 1
1 76.75 22.29 2 10 9 12.75 1 1 1 1 2 0 110 1
0 18.82 9.5 2 9 4 1.625 1 1 6 1 2 40 601 1
1 34.83 2.5 1 9 4 3 0 0 0 0 1 200 1 0
1 22.08 11 2 13 4 0.665 1 0 0 0 2 100 1 1
0 28.42 3.5 2 9 4 0.835 1 0 0 0 1 280 1 1
1 24.58 12.5 2 9 4 0.875 1 0 0 1 2 260 1 0
1 41.58 1.75 2 4 4 0.21 1 0 0 0 2 160 1 0
1 31.42 15.5 2 8 4 0.5 1 0 0 0 2 120 1 0
1 17.92 0.2 2 6 4 0.04 0 0 0 0 2 280 751 0
1 25.67 12.5 2 13 4 1.21 1 1 67 1 2 140 259 1
1 27.83 1.5 2 9 4 2.25 0 1 1 1 2 100 4 0
1 19.42 7.25 2 7 4 0.04 0 1 1 0 2 100 2 0
1 25.5 0.37 2 7 4 0.25 1 1 3 0 2 260 15109 1
0 23.5 9 2 11 4 8.5 1 1 5 1 2 120 1 1
1 34.92 5 2 14 8 7.5 1 1 6 1 2 0 1001 1
0 40.33 7.54 1 11 8 8 1 1 14 0 2 0 2301 1
0 32.17 1.46 2 9 4 1.085 1 1 16 0 2 120 2080 1
1 35.17 4.5 2 14 8 5.75 0 0 0 1 1 711 1 1
1 19.42 1.5 1 13 4 2 1 0 0 1 2 100 21 0
0 31.75 3 1 5 3 0 0 0 0 0 2 160 21 0
1 31.67 0.83 2 14 4 1.335 1 1 8 1 2 303 3291 1
0 16.92 0.5 2 3 4 0.165 0 1 6 1 2 240 36 0
0 24.92 1.25 2 1 1 0 1 0 0 0 2 80 1 0
1 44.83 7 1 8 4 1.625 0 0 0 0 2 160 3 0
1 21.83 1.54 2 4 4 0.085 0 0 0 1 2 356 1 0
0 16.32 0.21 2 6 4 0.125 0 0 0 0 2 200 2 0
1 44.33 0.5 2 3 8 5 1 0 0 1 2 320 1 1
1 41.75 0.96 2 14 4 2.5 1 0 0 0 2 510 601 1
0 33.17 2.25 1 13 4 3.5 0 0 0 1 2 200 142 0
1 49.5 7.58 2 3 5 7.585 1 1 15 1 2 0 5001 1
0 18.75 7.5 2 11 4 2.71 1 1 5 0 2 184 26727 1
1 35.25 3.16 2 14 8 3.75 1 0 0 1 2 680 1 0
0 49.83 13.58 2 4 8 8.5 1 0 0 1 2 0 1 1
1 24.83 2.75 2 8 4 2.25 1 1 6 0 2 184 601 1
0 17.32 9.5 2 6 4 1.75 0 1 10 1 2 0 11 0
1 28.33 5 2 9 4 11 1 0 0 1 2 70 1 1
1 23.33 11.62 1 9 4 0.835 1 0 0 1 2 160 301 1
1 56 12.5 2 4 8 8 1 0 0 1 2 24 2029 1
1 21.25 1.5 2 9 4 1.5 0 0 0 0 2 150 9 1
0 27.58 3 2 7 4 2.79 0 1 1 1 2 280 11 0
0 23 1.83 2 5 3 0 0 1 1 0 2 200 54 0
1 27.67 0.75 2 11 8 0.165 0 0 0 1 2 220 252 0
1 36.67 4.41 1 4 4 0.25 1 1 10 1 2 320 1 1
0 36 1 2 8 4 2 1 1 11 0 2 0 457 1
1 26.67 2.71 1 13 4 5.25 1 1 1 0 2 211 1 1
0 46.08 3 2 8 4 2.375 1 1 8 1 2 396 4160 1
0 16.07 0.33 2 1 1 0 0 1 1 0 2 160 127 0
1 18.5 2 2 3 4 1.5 1 1 2 0 2 120 301 1
1 23.58 1.79 2 8 4 0.54 0 0 0 1 2 136 2 0
1 17.67 4.46 2 8 4 0.25 0 0 0 0 1 80 1 0
0 58.33 10 2 11 4 4 1 1 14 0 2 0 1603 1
1 22.75 11 2 11 4 2.5 1 1 7 1 2 100 810 1
1 34.42 1.33 2 3 5 0.125 0 0 0 1 2 440 4501 0
1 16.92 0.33 1 4 4 0.29 0 0 0 0 1 200 1 0
0 21.75 11.75 2 8 4 0.25 0 0 0 1 2 180 1 0
1 39.92 6.21 2 11 4 0.04 1 1 1 0 2 200 301 1
1 24.08 9 2 6 4 0.25 0 0 0 1 2 0 1 0
1 38.25 10.12 1 4 4 0.125 0 0 0 0 2 160 1 0
1 36.33 2.12 1 9 4 0.085 1 1 1 0 2 50 1188 1
1 23.92 0.66 2 8 4 0.165 0 0 0 0 2 100 1 1
1 23.17 11.12 2 14 8 0.46 1 1 1 0 2 100 1 1
1 51.83 3 1 1 1 1.5 0 0 0 0 2 180 5 0
1 48.58 0.2 1 4 4 0.25 1 1 11 0 2 380 2733 1
0 58.42 21 2 3 5 10 1 1 13 0 2 0 6701 1
1 28.25 0.87 2 7 4 0.96 1 1 3 1 2 396 1 1
0 19.5 0.16 2 11 4 0.04 0 0 0 1 2 380 1 0
1 17.07 3.29 2 3 4 0.335 0 0 0 1 2 140 3 0
1 28 2 2 4 8 4.165 1 1 2 1 2 181 1 1
0 16.5 1.25 2 11 4 0.25 0 1 1 0 2 108 99 0
1 17.25 3 2 4 4 0.04 0 0 0 1 2 160 41 0
0 23.58 0.58 1 1 1 0.125 0 0 0 0 2 120 88 0
1 29.5 0.57 2 9 4 0.29 0 1 1 0 2 340 2804 0
0 41.17 6.5 2 11 4 0.5 1 1 3 1 2 145 1 1
0 50.25 0.83 2 6 4 0.5 0 0 0 1 2 240 118 0
0 20.75 10.25 2 11 4 0.71 1 1 2 1 2 49 1 1
1 31.08 3.08 2 8 4 2.5 0 1 2 1 2 160 42 0
1 25.67 3.25 2 8 8 2.29 0 1 1 1 2 416 22 0
1 48.5 4.25 2 7 4 0.125 1 0 0 1 2 225 1 1
1 31.57 0.62 2 4 4 0.25 0 0 0 0 2 380 2011 0
1 23.75 12 2 8 4 2.085 0 0 0 0 1 80 1 0
1 48.75 26.33 1 1 1 0 1 0 0 1 2 0 1 0
0 37.33 2.5 2 3 8 0.21 0 0 0 0 2 260 247 0
1 27.25 0.62 2 6 4 0.455 1 0 0 1 2 200 1 0
1 19.32 9.5 2 11 4 1 1 0 0 1 2 60 401 1
1 42.5 4.91 1 9 4 3.165 1 0 0 1 2 52 1443 1
1 20.07 0.25 2 11 4 0.125 0 0 0 0 2 200 1 0
1 28.25 5.04 1 8 5 1.5 1 1 8 1 2 144 8 1
0 50.08 12.54 2 6 4 2.29 1 1 3 1 2 156 1 1
0 20.32 10 2 8 8 1 1 1 4 0 2 50 1466 1

