1 25.17 3.5 2 13 4 0.625 1 1 7 0 2 0 7060 1
1 43 0.28 1 13 8 1.75 1 1 8 0 2 100 376 1
1 36.42 0.75 1 2 4 0.585 0 0 0 0 2 240 4 0
1 29.83 1.25 1 4 4 0.25 0 0 0 0 2 224 1 0
1 41 0.04 2 10 4 0.04 0 1 1 0 1 560 1 1
1 37.33 2.66 2 13 4 0.165 0 0 0 1 2 0 502 0
1 33.67 1.25 2 9 4 1.165 0 0 0 0 2 120 1 0
1 19.67 0.37 2 11 4 2 1 1 2 1 2 80 1 1
1 28.75 1.16 2 4 4 0.5 1 0 0 0 1 280 1 0
1 31.57 0.5 2 8 5 0.835 1 0 0 1 1 320 1 0
1 23.25 1 2 8 4 0.835 1 0 0 0 1 300 1 1
0 24.5 1.75 1 8 4 0.165 0 0 0 0 2 132 1 0
0 26.92 13.5 2 11 8 5 1 1 2 0 2 0 5001 1
1 34.08 0.08 1 7 5 0.04 1 1 1 1 2 280 2001 1
1 39.17 1.71 2 14 4 0.125 1 1 5 1 2 480 1 1
1 35.75 2.41 2 9 4 0.125 0 1 2 0 2 220 2 0
1 20.17 5.62 2 9 4 1.71 1 0 0 0 1 120 1 1
1 16.07 0.75 2 8 4 1.75 1 1 5 1 2 352 691 1
0 46.67 0.46 2 13 8 0.415 1 1 11 1 2 440 7 1
1 48.75 8.5 2 8 8 12.5 1 1 9 0 2 181 1656 1
0 25.17 2.87 2 14 8 0.875 1 0 0 0 2 360 1 1
1 32.75 1.5 2 13 8 5.5 1 1 3 1 2 0 1 1
1 64.08 20 2 14 8 17.5 1 1 9 1 2 0 1001 1
1 21.83 1.54 2 4 4 0.085 0 0 0 1 2 356 1 0
1 17.07 3.29 2 3 4 0.335 0 0 0 1 2 140 3 0
0 27.17 1.25 2 1 1 0 0 1 1 0 2 92 301 0
1 15.17 7 2 10 4 1 0 0 0 0 2 600 1 0
1 54.58 9.41 2 1 1 14.415 1 1 11 1 2 30 301 1
1 23.08 2.5 2 8 4 1.085 1 1 11 1 2 60 2185 1
1 47.67 0.28 2 8 5 15 1 1 20 0 2 0 15001 1
1 28 2 2 4 8 4.165 1 1 2 1 2 181 1 1
1 69.17 9 2 1 1 4 0 1 1 0 2 70 7 0
0 20.83 3 2 6 4 0.04 1 0 0 0 2 100 1 1
0 23.25 5.87 2 11 4 3.17 1 1 10 0 2 120 246 1
1 16.5 0.12 2 8 4 0.165 0 0 0 0 2 132 1 0
1 23.17 0 2 8 4 0 0 0 0 0 3 184 1 1
1 26.67 4.25 2 13 4 4.29 1 1 1 1 2 120 1 1
0 33.67 0.37 2 13 4 0.375 0 0 0 0 2 300 45 1
0 26.5 2.71 1 8 4 0.085 0 0 0 0 1 80 1 0
1 28.33 5 2 9 4 11 1 0 0 1 2 70 1 1
1 57.42 8.5 2 10 8 7 1 1 3 0 2 0 1 1
0 22.42 11.25 1 14 8 0.75 1 1 4 0 2 0 322 1
1 35.17 4.5 2 14 8 5.75 0 0 0 1 1 711 1 1
1 42.83 4.62 2 11 4 4.58 1 0 0 0 1 0 1 1
1 20.42 1.83 2 8 4 2.25 1 1 1 0 2 100 151 1
1 47.17 5.83 2 9 4 5.5 0 0 0 0 2 465 151 0
0 31.25 3.75 2 13 8 0.625 1 1 9 1 2 181 1 1
1 76.75 22.29 2 10 9 12.75 1 1 1 1 2 0 110 1
0 25 11 1 6 4 4.5 1 0 0 0 2 120 1 0
1 36.25 5 2 8 5 2.5 1 1 6 0 2 0 368 1
0 24.5 0.5 2 11 8 1.5 1 0 0 0 2 280 825 1
0 25.25 13.5 1 1 1 2 0 1 1 1 2 200 2 0
1 27.83 1.54 2 9 4 3.75 1 1 5 1 2 100 4 1
1 27.83 1.5 2 9 4 2 1 1 11 1 2 434 36 1
0 22.67 0.79 2 3 4 0.085 0 0 0 0 2 144 1 0
1 25.08 1.71 2 14 4 1.665 1 1 1 1 2 395 21 1
1 23.17 0 2 13 4 0.085 1 0 0 0 2 0 1 1
0 31.57 1.5 2 1 1 0 0 1 2 1 2 200 106 0
1 32.67 5.5 2 11 8 5.5 1 1 12 1 2 408 1001 1
1 26.92 2.25 2 3 5 0.5 0 0 0 1 2 640 4001 0
0 24.58 0.67 2 6 8 1.75 1 0 0 0 2 400 1 0
0 49.83 13.58 2 4 8 8.5 1 0 0 1 2 0 1 1
1 19.32 10.91 2 8 5 0.585 0 1 2 1 2 200 8 0
1 31.08 1.5 1 9 4 0.04 0 0 0 0 1 160 1 0
1 25.67 12.5 2 13 4 1.21 1 1 67 1 2 140 259 1
1 24.75 0.54 2 7 4 1 0 0 0 1 2 120 2 0
1 48.17 7.62 2 9 8 15.5 1 1 12 0 2 0 791 1
1 30.67 2.5 2 13 8 2.25 0 0 0 1 1 340 1 0
1 22.08 0.83 2 8 8 2.165 0 0 0 1 2 128 1 1
0 25 12.33 2 13 8 3.5 1 1 6 0 2 400 459 1
1 23.08 11.5 2 3 4 3.5 1 1 9 0 2 56 743 1
0 22.67 0.33 2 11 4 0.75 0 0 0 0 1 160 1 0
1 22 0.79 2 9 4 0.29 0 1 1 0 2 420 284 0
1 55.92 11.5 2 1 1 5 1 1 5 0 2 0 8852 1
0 33.25 3 1 6 4 2 0 0 0 0 2 180 1 0
0 16.07 0.33 2 1 1 0 0 1 1 0 2 160 127 0
0 41.33 1 2 3 5 2.25 1 0 0 1 2 0 301 1
1 42 9.78 2 14 8 7.96 1 1 8 0 2 0 1 1
1 52.5 6.5 2 4 4 6.29 1 1 15 0 2 0 11203 1
0 52.5 7 2 6 8 3 0 0 0 0 2 0 1 0
1 34.25 1.75 2 9 5 0.25 1 0 0 1 2 163 1 0
1 19.17 4 1 3 4 1 0 0 0 1 2 360 1001 0
0 20.83 8.5 2 8 4 0.165 0 0 0 0 2 0 352 0
1 28.92 15 2 8 8 5.335 1 1 11 0 2 0 2284 1
1 20.17 8.17 2 6 4 1.96 1 1 14 0 2 60 159 1
0 24.75 13.66 2 11 8 1.5 0 0 0 0 2 280 2 0
0 45 4.58 2 4 8 1 0 0 0 1 1 240 1 0
1 22.17 12.12 2 8 4 3.335 0 1 2 1 2 180 174 0
0 18.57 10 2 2 4 0.415 0 0 0 0 2 80 43 0
0 25.42 1.12 2 11 4 1.29 1 1 2 0 2 200 1 0
1 21.17 0 2 8 4 0.5 0 0 0 1 1 0 1 0
0 20.42 0.83 2 11 4 1.585 1 1 1 0 2 0 1 1
1 32.08 4 2 7 4 2.5 1 0 0 1 2 360 1 1
1 38.92 1.75 2 4 4 0.5 0 0 0 1 2 300 3 0
1 43.25 25.21 2 11 8 0.21 1 1 1 0 2 760 91 0
0 28.58 3.75 2 8 4 0.25 0 1 1 1 2 40 155 0
0 35.17 3.75 2 1 1 0 0 1 6 0 2 0 201 0
1 29.92 1.83 2 8 8 4.335 1 0 0 0 2 260 201 1
0 52.17 0 1 1 1 0 0 0 0 0 2 0 1 0
1 20.42 7 2 8 4 1.625 1 1 3 0 2 200 1392 1
1 27 0.75 2 8 8 4.25 1 1 3 1 2 312 151 1
1 36.75 0.12 1 8 4 1.5 0 0 0 1 2 232 114 1
1 31.83 2.5 2 6 4 7.5 1 0 0 1 2 523 1 0
0 31.92 3.12 2 1 1 3.04 0 1 2 1 2 200 5 0
1 23.75 12 2 8 4 2.085 0 0 0 0 1 80 1 0
1 24.08 0.87 2 7 4 0.085 0 1 4 0 2 254 1951 0
1 31.57 5 1 6 4 8.5 1 0 0 0 2 0 1 0
1 31 2.08 2 8 4 0.085 0 0 0 0 2 300 1 0
1 39.33 5.87 2 13 8 10 1 1 14 1 2 399 1 1
1 24.83 2.75 2 8 4 2.25 1 1 6 0 2 184 601 1

