1 19.42 6.5 2 9 8 1.46 1 1 7 0 2 80 2955 1
1 39.42 1.71 1 7 4 0.165 0 0 0 0 1 400 1 0
1 20.67 0.41 2 8 4 0.125 0 0 0 0 2 0 45 0
0 27.67 2.04 2 9 4 0.25 0 0 0 1 2 180 51 0
1 18.42 10.41 1 6 4 0.125 1 0 0 0 2 120 376 0
1 18.07 6.75 1 7 4 0.04 0 0 0 0 2 140 1 0
0 18.82 9.53 2 6 4 0.085 1 0 0 0 2 100 1 1
0 29.5 2 1 10 8 2 0 0 0 0 2 256 18 0
0 17.67 0 1 5 1 0 0 0 0 0 2 86 1 0
1 29.25 13 2 2 8 0.5 0 0 0 0 2 228 1 0
1 20.25 9.96 2 10 2 0 1 0 0 0 2 0 1 1
1 26.17 0.83 2 13 4 1.165 0 0 0 0 2 100 1 0
1 20.17 9.25 2 8 4 1.665 1 1 3 1 2 40 29 1
0 36.75 5.12 2 10 4 5 1 0 0 1 2 0 4001 1
0 29.5 1.08 1 14 4 1 0 0 0 0 2 280 14 0
0 23 11.75 2 14 8 0.5 1 1 2 1 2 300 552 1
1 51.58 15 2 8 4 8.5 1 1 9 0 2 0 1 1
0 20.07 1.25 2 8 4 0 0 0 0 0 2 0 1 0
1 25.17 3.5 2 13 4 0.625 1 1 7 0 2 0 7060 1
0 51.92 6.5 2 3 5 3.085 0 0 0 1 2 73 1 0
0 33.17 2.25 1 13 4 3.5 0 0 0 1 2 200 142 0
1 32.08 4 2 7 4 2.5 1 0 0 1 2 360 1 1
1 43.17 2.25 2 3 5 0.75 1 0 0 0 2 560 1 0
1 29.83 3.5 2 8 4 0.165 0 0 0 0 2 216 1 0
1 25.67 12.5 2 13 4 1.21 1 1 67 1 2 140 259 1
1 51.83 2.04 1 1 1 1.5 0 0 0 0 2 120 2 0
1 76.75 22.29 2 10 9 12.75 1 1 1 1 2 0 110 1
1 26.33 13 2 10 2 0 0 0 0 1 2 140 1111 0
1 34.58 0 2 8 4 0 0 0 0 0 3 184 1 0
0 26.08 8.66 2 6 4 1.415 1 0 0 0 2 160 151 1
1 28.58 3.62 2 6 4 0.25 0 0 0 1 2 100 1 0
1 36.17 5.5 2 3 5 5 0 0 0 0 2 210 688 0
1 18.82 0 2 11 4 0.665 0 0 0 0 2 160 2 0
0 29.75 0.66 2 9 4 0.25 0 0 0 1 2 300 1 0
1 28 2 2 4 8 4.165 1 1 2 1 2 181 1 1
1 37.5 0.83 2 10 4 0.04 0 0 0 0 2 120 6 0
1 19.5 0.28 2 4 4 0.29 0 0 0 0 2 280 365 0
0 18.92 9 2 6 4 0.75 1 1 2 0 2 88 592 1
1 26 1 2 11 4 1.75 1 0 0 1 2 280 1 1
1 32.25 0.16 1 8 8 3.25 1 1 1 1 2 432 8001 1
0 28.08 15 1 10 9 0 1 0 0 0 2 0 13213 1
1 32.33 3.5 2 4 4 0.5 0 0 0 1 2 232 1 0
1 18.82 3.54 1 1 1 0 0 0 0 1 2 180 2 0
1 19.17 0 1 7 5 0 0 0 0 1 1 500 2 1
1 25 11.25 2 8 4 2.5 1 1 17 0 2 200 1209 1
1 15.17 7 2 10 4 1 0 0 0 0 2 600 1 0
0 56.5 16 2 5 1 0 1 1 15 0 2 0 248 1
1 26.92 2.25 2 3 5 0.5 0 0 0 1 2 640 4001 0
1 22.75 11.5 2 3 4 0.415 0 0 0 0 2 0 1 0
1 28.67 9.33 2 11 8 5.665 1 1 6 0 2 381 169 1
1 22.75 11 2 11 4 2.5 1 1 7 1 2 100 810 1
1 39.83 0.5 2 7 4 0.25 1 0 0 0 1 288 1 0
1 26.67 1.75 1 8 4 1 1 1 5 1 2 160 5778 1
1 25.17 6 2 8 4 1 1 1 3 0 2 0 1 1
1 19.17 9.5 2 9 4 1.5 1 0 0 0 2 120 2207 1
1 31.42 15.5 2 8 4 0.5 1 0 0 0 2 120 1 0
1 22.08 2.33 2 4 4 0.75 0 0 0 0 2 180 1 0
1 42.83 1.25 2 7 4 13.875 0 1 1 1 2 352 113 0
1 37.75 7 2 11 8 11.5 1 1 7 1 2 300 6 0
1 43 0.28 1 13 8 1.75 1 1 8 0 2 100 376 1
1 20 0 2 2 4 0.5 0 0 0 0 2 144 1 0
1 33.5 1.75 2 14 8 4.5 1 1 4 1 2 253 858 1
0 19.5 0.16 2 11 4 0.04 0 0 0 1 2 380 1 0
1 34.08 2.5 2 8 4 1 0 0 0 0 2 460 17 0
1 23.17 0 2 8 4 0 0 0 0 0 3 184 1 1
1 39 5 2 13 4 3.5 1 1 10 1 2 0 1 1
1 34.83 4 2 2 5 12.5 1 0 0 1 2 184 1 0
1 24.08 0.87 2 7 4 0.085 0 1 4 0 2 254 1951 0
1 40.58 5 2 8 4 5 1 1 7 0 2 0 3066 1
0 26.92 13.5 2 11 8 5 1 1 2 0 2 0 5001 1
0 36 1 2 8 4 2 1 1 11 0 2 0 457 1
1 29.67 1.41 2 9 8 0.75 1 1 1 0 2 240 101 1
1 28.33 5 2 9 4 11 1 0 0 1 2 70 1 1
0 25.08 2.54 1 6 4 0.25 1 0 0 1 2 370 1 1
0 41 2.04 1 11 8 0.125 1 1 23 1 2 455 1237 1
1 20.42 7 2 8 4 1.625 1 1 3 0 2 200 1392 1
1 63.33 0.54 2 8 4 0.585 1 1 3 1 2 180 1 0
1 20.07 0.25 2 11 4 0.125 0 0 0 0 2 200 1 0
1 23 0.75 2 7 4 0.5 0 0 0 1 1 320 1 0
1 30.58 2.71 1 7 4 0.125 0 0 0 1 1 80 1 0
0 46.67 0.46 2 13 8 0.415 1 1 11 1 2 440 7 1
0 27.17 1.25 2 1 1 0 0 1 1 0 2 92 301 0
1 59.5 2.75 2 9 4 1.75 1 1 5 1 2 60 59 1
0 69.5 6 2 1 1 0 0 0 0 0 1 0 1 0
1 20.42 0 2 8 4 0 0 0 0 0 3 184 1 0
1 32.42 3 2 2 4 0.165 0 0 0 1 2 120 1 0
1 51.83 3 1 1 1 1.5 0 0 0 0 2 180 5 0
0 31.75 3 1 5 3 0 0 0 0 0 2 160 21 0
1 28.92 15 2 8 8 5.335 1 1 11 0 2 0 2284 1
1 27.83 1.5 2 9 4 2 1 1 11 1 2 434 36 1
1 34.75 15 2 12 7 5.375 1 1 9 1 2 0 135 1
1 24.58 13.5 1 1 1 0 0 0 0 0 2 184 1 0
1 28.75 1.5 1 8 4 1.5 1 0 0 1 2 0 226 0
1 22.17 0.58 1 1 1 0 0 0 0 0 2 100 1 0
0 22.67 3.8 2 8 4 0.165 0 0 0 0 2 160 1 0
1 27.83 4 1 3 8 5.75 1 1 2 1 2 75 1 0
1 48.17 7.62 2 9 8 15.5 1 1 12 0 2 0 791 1
0 52.17 0 1 1 1 0 0 0 0 0 2 0 1 0
0 23.58 0.58 1 1 1 0.125 0 0 0 0 2 120 88 0
1 30.83 0 2 9 4 1.25 1 1 1 0 2 202 1 1
1 18.82 0.41 1 8 4 0.165 0 1 1 0 2 200 2 0
1 35.17 25.12 2 14 8 1.625 1 1 1 1 2 515 501 1
1 22.5 11.5 1 7 4 1.5 0 0 0 1 2 0 4001 0
0 25.75 0.5 2 8 8 0.875 1 0 0 1 2 491 1 1
1 43.08 0.37 1 8 4 0.375 1 1 8 1 2 300 163 1
1 27 0.75 2 8 8 4.25 1 1 3 1 2 312 151 1
1 35.75 2.41 2 9 4 0.125 0 1 2 0 2 220 2 0
1 28.75 1.16 2 4 4 0.5 1 0 0 0 1 280 1 0
1 28.25 5.04 1 8 5 1.5 1 1 8 1 2 144 8 1
1 24.17 0.87 2 11 4 4.625 1 1 2 1 2 520 2001 1

