1 37.58 0 2 8 4 0 0 0 0 0 3 184 1 1
0 25 11 1 6 4 4.5 1 0 0 0 2 120 1 0
1 52.33 1.37 1 8 8 9.46 1 0 0 1 2 200 101 0
0 27.67 1.5 2 7 4 2 1 0 0 0 1 368 1 0
1 16 3.12 2 9 4 0.085 0 1 1 0 2 0 7 0
1 27.75 1.29 2 4 8 0.25 0 0 0 1 1 140 1 0
1 25.67 12.5 2 13 4 1.21 1 1 67 1 2 140 259 1
1 43.08 0.37 1 8 4 0.375 1 1 8 1 2 300 163 1
1 21.5 11.5 2 3 4 0.5 1 0 0 1 2 100 69 0
1 57.83 7.04 2 7 4 14 1 1 6 1 2 360 1333 1
1 32 1.75 1 10 8 0.04 1 0 0 1 2 393 1 1
1 56.75 12.25 2 7 4 1.25 1 1 4 1 2 200 1 1
1 20.5 10 1 8 4 2.5 1 0 0 0 1 40 1 1
1 23.17 0 2 8 4 0 0 0 0 0 3 184 1 1
1 47.33 6.5 2 8 4 1 0 0 0 1 2 0 229 0
1 32.33 3.5 2 4 4 0.5 0 0 0 1 2 232 1 0
1 41.17 1.25 1 9 4 0.25 0 0 0 0 2 0 196 0
1 31.25 1.12 2 1 1 0 0 1 1 0 2 96 20 0
0 41.58 1.04 2 6 4 0.665 0 0 0 0 2 240 238 0
1 29.17 3.5 2 9 4 3.5 1 1 3 1 2 329 1 0
1 48.58 6.5 2 11 8 6 1 0 0 1 2 350 1 1
0 17.92 10.21 2 1 1 0 0 0 0 0 2 0 51 0
1 25.67 3.25 2 8 8 2.29 0 1 1 1 2 416 22 0
0 19.57 0.66 1 8 4 1 0 1 1 0 2 2000 3 0
1 25.17 3 2 8 4 1.25 0 1 1 0 2 0 23 0
1 29.25 14.79 2 6 4 5.04 1 1 5 1 2 168 1 1
1 33.67 1.25 2 9 4 1.165 0 0 0 0 2 120 1 0
1 43.25 3 2 11 8 6 1 1 11 0 2 80 1 1
1 22.58 10.03 2 14 4 0.04 1 1 9 0 2 60 397 1
1 27.25 0.62 2 6 4 0.455 1 0 0 1 2 200 1 0
0 17.32 9.5 2 6 4 1.75 0 1 10 1 2 0 11 0
0 26.08 8.66 2 6 4 1.415 1 0 0 0 2 160 151 1
1 27.42 12.5 2 6 5 0.25 0 0 0 1 2 720 1 0
0 60.58 16.5 2 11 4 11 1 0 0 1 2 21 10562 1
0 28.5 3.04 1 14 8 2.54 1 1 1 0 2 70 1 1
1 23 0.75 2 7 4 0.5 1 0 0 1 1 320 1 0
0 20.67 3 2 11 4 0.165 1 1 3 0 2 100 7 1
1 20.17 8.17 2 6 4 1.96 1 1 14 0 2 60 159 1
0 23.25 5.87 2 11 4 3.17 1 1 10 0 2 120 246 1
1 42.08 1.04 2 9 4 5 1 1 6 1 2 500 10001 1
1 34.17 9.17 2 8 4 4.5 1 1 12 1 2 0 222 1
1 42 9.78 2 14 8 7.96 1 1 8 0 2 0 1 1
1 21.08 10.08 1 10 8 1.25 0 0 0 0 2 260 1 0
1 35 2.5 2 3 4 1 0 0 0 1 2 210 1 0
0 27.58 3 2 7 4 2.79 0 1 1 1 2 280 11 0
1 18.07 6.75 1 7 4 0.04 0 0 0 0 2 140 1 0
1 36.42 0.75 1 2 4 0.585 0 0 0 0 2 240 4 0
0 33.67 0.37 2 13 4 0.375 0 0 0 0 2 300 45 1
1 24.33 6.62 1 2 4 5.5 1 0 0 1 1 100 1 1
0 32 6 2 2 4 1.25 0 0 0 0 2 272 1 0
0 52.5 7 2 6 8 3 0 0 0 0 2 0 1 0
1 34 5.08 1 3 5 1.085 0 0 0 1 2 480 1 0
1 27.75 0.58 1 13 4 0.25 1 1 2 0 2 260 501 1
1 27.25 1.66 2 13 8 5.085 1 1 9 0 2 399 828 1
1 23.08 2.5 2 1 1 0.085 0 0 0 1 2 100 4209 0
1 32.67 9 1 9 8 5.25 1 0 0 1 2 154 1 1
1 41.5 1.54 2 3 5 3.5 0 0 0 0 2 216 1 1
1 23.17 11.12 2 14 8 0.46 1 1 1 0 2 100 1 1
1 38.58 3.33 2 9 4 4 1 1 14 0 2 383 1345 1
1 33.17 3.16 1 14 4 3.165 1 1 3 1 2 380 1 1
0 22.92 1.25 2 11 4 0.25 0 0 0 1 2 120 810 0
1 22.75 11 2 11 4 2.5 1 1 7 1 2 100 810 1
1 48.5 4.25 2 7 4 0.125 1 0 0 1 2 225 1 1
0 31.25 3.75 2 13 8 0.625 1 1 9 1 2 181 1 1
1 16.5 0.12 2 8 4 0.165 0 0 0 0 2 132 1 0
1 48.17 3.5 2 6 4 3.5 1 0 0 0 1 230 1 1
1 74.83 19 1 1 1 0.04 0 1 2 0 2 0 352 0
0 34.83 1.25 1 3 8 0.5 0 0 0 1 2 160 1 0
0 25 12.33 2 13 8 3.5 1 1 6 0 2 400 459 1
1 45.17 1.5 2 8 4 2.5 1 0 0 1 2 140 1 0
1 32.25 0.16 1 8 8 3.25 1 1 1 1 2 432 8001 1
1 39.17 1.71 2 14 4 0.125 1 1 5 1 2 480 1 1
0 52.83 15 2 8 4 5.5 1 1 14 0 2 0 2201 1
1 26.17 0.25 2 3 5 0 1 0 0 1 2 0 1 1
1 38.17 10.12 2 14 4 2.5 1 1 6 0 2 520 197 1
1 35.25 16.5 1 8 4 4 1 0 0 0 2 80 1 0
1 31.83 2.5 2 6 4 7.5 1 0 0 1 2 523 1 0
0 52.17 0 1 1 1 0 0 0 0 0 2 0 1 0
0 21.75 11.75 2 8 4 0.25 0 0 0 1 2 180 1 0
1 31.67 16.16 2 2 4 3 1 1 9 0 2 250 731 1
1 33.17 1.04 2 12 8 6.5 1 0 0 1 2 164 31286 1
1 31.57 5 1 6 4 8.5 1 0 0 0 2 0 1 0
1 32.33 2.5 2 8 4 1.25 0 0 0 1 2 280 1 0
0 32.33 0.54 2 13 4 0.04 1 0 0 0 2 440 11178 1
0 47 13 2 3 5 5.165 1 1 9 1 2 0 1 1
0 22.5 8.46 1 14 4 2.46 0 0 0 0 2 164 1 1
0 49 1.5 2 5 3 0 1 0 0 1 2 100 28 0
1 37.5 1.75 1 8 5 0.25 1 0 0 1 2 164 401 0
1 27.67 13.75 2 9 4 5.75 1 0 0 1 2 487 501 1
0 16.07 0.33 2 1 1 0 0 1 1 0 2 160 127 0
1 67.75 5.5 2 10 9 13 1 1 1 1 2 0 1 1
1 31.57 0.62 2 4 4 0.25 0 0 0 0 2 380 2011 0
1 17.07 0.08 1 8 4 0.04 0 0 0 0 2 140 723 0
1 34.83 4 2 2 5 12.5 1 0 0 1 2 184 1 0
1 44 2 2 7 4 1.75 1 1 2 1 2 0 16 1
1.234 22.08 11.46 2 4 4 1.585 0 0 0 1 2 100 1213 0
1 26.67 1.75 1 8 4 1 1 1 5 1 2 160 5778 1
0 41 2.04 1 11 8 0.125 1 1 23 1 2 455 1237 1
1 25.92 0.87 2 4 4 0.375 0 1 2 1 2 174 4 0
1 43.17 5 2 3 5 2.25 0 0 0 1 2 141 1 0
0 71.58 0 2 8 4 0 0 0 0 0 3 184 1 1
1 80.25 5.5 2 8 4 0.54 1 0 0 0 2 0 341 0
0 20.32 10 2 8 8 1 1 1 4 0 2 50 1466 1
1 24.08 9 2 6 4 0.25 0 0 0 1 2 0 1 0
1 23 0.75 2 7 4 0.5 0 0 0 1 1 320 1 0
0 23.5 1.5 2 9 4 0.875 0 0 0 1 2 160 1 0
1 23.25 1.5 2 11 4 2.375 1 1 3 1 2 0 583 1
0 25.58 0 2 8 4 0 0 0 0 0 3 184 1 1
1 23.58 1.79 2 8 4 0.54 0 0 0 1 2 136 2 0
1 22.08 11 2 13 4 0.665 1 0 0 0 2 100 1 1

