1 16 3.12 2 9 4 0.085 0 1 1 0 2 0 7 0
1 22.58 1.5 1 6 4 0.54 0 0 0 1 2 120 68 0
0 25 11 1 6 4 4.5 1 0 0 0 2 120 1 0
0 24.33 2.5 1 3 5 4.5 0 0 0 0 2 200 457 0
0 19.57 0.66 1 8 4 1 0 1 1 0 2 2000 3 0
1 34.42 4.25 2 3 5 3.25 1 1 2 0 2 274 611 1
1 29.25 14.79 2 6 4 5.04 1 1 5 1 2 168 1 1
1 23.25 12.62 2 8 4 0.125 0 1 2 0 2 0 5553 0
1 18.57 5.71 2 2 4 0.54 0 0 0 0 2 120 1 0
1 42.83 1.25 2 7 4 13.875 0 1 1 1 2 352 113 0
1 21.83 11 2 14 4 0.29 1 1 6 0 2 121 1 1
0 58.33 10 2 11 4 4 1 1 14 0 2 0 1603 1
0 19.17 8.58 2 13 8 0.75 1 1 7 0 2 96 1 1
0 25.33 2.08 2 8 8 2.75 1 0 0 1 2 360 2 0
1 27.83 1 1 2 8 3 0 0 0 0 2 176 538 0
0 35.75 0.91 2 6 4 0.75 1 1 4 0 2 0 1584 1
1 36.08 2.54 2 1 1 0 0 0 0 0 2 0 1001 0
0 69.5 6 2 1 1 0 0 0 0 0 1 0 1 0
1 43.08 0.37 1 8 4 0.375 1 1 8 1 2 300 163 1
1 65.42 11 2 10 9 20 1 1 7 1 2 22 1 1
1 21.67 1.16 1 4 4 2.5 1 1 1 0 2 180 21 0
1 31.83 0.04 1 7 4 0.04 0 0 0 0 2 0 1 0
1 37.17 4 2 8 5 5 1 0 0 1 1 280 1 0
1 27.75 1.29 2 4 8 0.25 0 0 0 1 1 140 1 0
1 41.5 1.54 2 3 5 3.5 0 0 0 0 2 216 1 1
1 30.67 2.5 2 13 8 2.25 0 0 0 1 1 340 1 0
0 20.83 0.5 1 10 2 1 0 0 0 0 2 260 1 0
1 27.83 1.5 2 9 4 2.25 0 1 1 1 2 100 4 0
1 20.5 2.41 2 8 4 2 1 1 11 1 2 200 3001 1
1 32.25 0.16 1 8 8 3.25 1 1 1 1 2 432 8001 1
0 22.42 11.25 1 14 8 0.75 1 1 4 0 2 0 322 1
0 22.5 8.46 1 14 4 2.46 0 0 0 0 2 164 1 1
1 16.25 0 1 6 4 0.25 0 0 0 0 2 60 1 0
0 26.58 2.54 1 1 1 0 0 0 0 1 2 180 61 0
0 35.17 3.75 2 1 1 0 0 1 6 0 2 0 201 0
1 29.25 13 2 2 8 0.5 0 0 0 0 2 228 1 0
0 20.75 9.53 2 3 4 0.04 0 0 0 0 2 200 1001 0
0 31.75 3 1 5 3 0 0 0 0 0 2 160 21 0
0 27.67 2.04 2 9 4 0.25 0 0 0 1 2 180 51 0
1 43.17 5 2 3 5 2.25 0 0 0 1 2 141 1 0
1 28.17 0.12 1 4 4 0.085 0 0 0 0 2 216 2101 0
1 19.42 6.5 2 9 8 1.46 1 1 7 0 2 80 2955 1
1 33.17 3.04 1 8 8 2.04 1 1 1 1 2 180 18028 1
1 28.92 15 2 8 8 5.335 1 1 11 0 2 0 2284 1
1 35.17 4.5 2 14 8 5.75 0 0 0 1 1 711 1 1
1 51.83 2.04 1 1 1 1.5 0 0 0 0 2 120 2 0
0 33.17 2.25 1 13 4 3.5 0 0 0 1 2 200 142 0
1 20.17 9.25 2 8 4 1.665 1 1 3 1 2 40 29 1
1 37.33 6.5 2 7 8 4.25 1 1 12 1 2 93 1 1
0 37.33 2.5 2 3 8 0.21 0 0 0 0 2 260 247 0
1 24.33 6.62 1 2 4 5.5 1 0 0 1 1 100 1 1
1 19.32 10.91 2 8 5 0.585 0 1 2 1 2 200 8 0
0 28.42 3.5 2 9 4 0.835 1 0 0 0 1 280 1 1
1 27.67 13.75 2 9 4 5.75 1 0 0 1 2 487 501 1
1 16.32 2.75 2 6 4 0.665 0 1 1 0 2 80 22 0
1 37.75 7 2 11 8 11.5 1 1 7 1 2 300 6 0
1 23 0.75 2 7 4 0.5 1 0 0 1 1 320 1 0
1 20 7 2 8 4 0.5 0 0 0 0 2 0 1 0
1 56.75 12.25 2 7 4 1.25 1 1 4 1 2 200 1 1
1 23.08 2.5 2 1 1 0.085 0 0 0 1 2 100 4209 0
0 32 6 2 2 4 1.25 0 0 0 0 2 272 1 0
1 21.08 10.08 1 10 8 1.25 0 0 0 0 2 260 1 0
0 36.75 4.71 2 1 1 0 0 0 0 0 2 160 1 0
1 28.75 1.5 1 8 4 1.5 1 0 0 1 2 0 226 0
1 33.5 1.75 2 14 8 4.5 1 1 4 1 2 253 858 1
1 25.67 0.28 1 8 4 1.5 0 0 0 1 2 160 1 0
0 27.58 3 2 7 4 2.79 0 1 1 1 2 280 11 0
1 47.67 0.28 2 8 5 15 1 1 20 0 2 0 15001 1
1 35.25 16.5 1 8 4 4 1 0 0 0 2 80 1 0
0 34.83 1.25 1 3 8 0.5 0 0 0 1 2 160 1 0
1 80.25 5.5 2 8 4 0.54 1 0 0 0 2 0 341 0
1 28.75 1.16 2 4 4 0.5 1 0 0 0 1 280 1 0
0 28.5 3.04 1 14 8 2.54 1 1 1 0 2 70 1 1
0 33.25 3 1 6 4 2 0 0 0 0 2 180 1 0
1 47.83 4.16 2 14 5 0.085 0 0 0 1 2 520 1 0
1 31.57 0.04 1 2 4 4.25 0 0 0 1 2 460 1 0
1 56.58 18.5 2 2 5 15 1 1 17 1 2 0 1 1
1 62.75 7 2 10 9 0 0 0 0 0 2 0 13 0
1 18.17 2.46 2 8 7 0.96 0 1 2 1 2 160 588 0
1 27.42 12.5 2 6 5 0.25 0 0 0 1 2 720 1 0
1 22.08 11 2 13 4 0.665 1 0 0 0 2 100 1 1
0 20.67 1.83 2 11 4 2.085 1 1 5 0 2 220 2504 1
0 20.67 3 2 11 4 0.165 1 1 3 0 2 100 7 1
0 28.5 1 2 11 4 1 1 1 2 1 2 167 501 0
1 34.17 2.75 2 3 5 2.5 0 0 0 1 2 232 201 0
1 18.67 5 2 11 4 0.375 1 1 2 0 2 0 39 0
1 20.25 9.96 2 10 2 0 1 0 0 0 2 0 1 1
1 34.67 1.08 2 7 4 1.165 0 0 0 0 1 28 1 0
1 39.42 1.71 1 7 4 0.165 0 0 0 0 1 400 1 0
1 36.33 2.12 1 9 4 0.085 1 1 1 0 2 50 1188 1
1 38.58 3.33 2 9 4 4 1 1 14 0 2 383 1345 1
1.234 22.08 11.46 2 4 4 1.585 0 0 0 1 2 100 1213 0
0 17.82 11 2 14 8 1 1 1 11 0 2 0 3001 1
1 17.67 4.46 2 8 4 0.25 0 0 0 0 1 80 1 0
0 38.92 1.66 2 6 4 0.25 0 0 0 0 2 0 391 0
0 24.58 0.67 2 6 8 1.75 1 0 0 0 2 400 1 0
1 21.5 9.75 2 8 4 0.25 1 0 0 0 2 140 1 0
0 38.25 6 2 4 4 1 1 0 0 1 2 0 1 1
1 30.17 1.08 1 8 4 0.04 0 0 0 0 2 170 180 0
1 23.17 0 2 13 4 0.085 1 0 0 0 2 0 1 1
1 42 9.78 2 14 8 7.96 1 1 8 0 2 0 1 1
1 36.67 4.41 1 4 4 0.25 1 1 10 1 2 320 1 1
1 40.92 0.5 1 7 4 0.5 0 0 0 1 2 130 1 0
1 17.42 6.5 2 3 4 0.125 0 0 0 0 2 60 101 0
1 31.57 0.5 2 8 5 0.835 1 0 0 1 1 320 1 0
1 26.17 0.25 2 3 5 0 1 0 0 1 2 0 1 1
1 31.83 2.5 2 6 4 7.5 1 0 0 1 2 523 1 0
0 33.92 1.58 1 1 1 0 1 0 0 0 2 320 1 0
0 32.17 1.46 2 9 4 1.085 1 1 16 0 2 120 2080 1
0 23 11.75 2 14 8 0.5 1 1 2 1 2 300 552 1

