1 25.67 3.25 2 8 8 2.29 0 1 1 1 2 416 22 0
0 39.08 4 2 8 4 3 0 0 0 0 2 480 1 0
1 30.08 1.04 1 3 5 0.5 1 1 10 1 2 132 29 0
1 19.67 0.37 2 11 4 2 1 1 2 1 2 80 1 1
1 28.75 1.5 1 8 4 1.5 1 0 0 1 2 0 226 0
1 22.08 11 2 13 4 0.665 1 0 0 0 2 100 1 1
1 24.42 2 2 10 2 0.165 0 1 2 0 2 320 1301 0
1 31.57 0.04 1 2 4 4.25 0 0 0 1 2 460 1 0
1 16.17 0.04 2 8 4 0.04 0 0 0 0 2 0 1 1
0 58.67 4.46 2 11 8 3.04 1 1 6 0 2 43 561 1
1 38.25 10.12 1 4 4 0.125 0 0 0 0 2 160 1 0
1 34.92 2.5 2 9 4 0 1 0 0 1 2 239 201 1
1 27.83 1 1 2 8 3 0 0 0 0 2 176 538 0
1 29.83 2.04 1 14 8 0.04 0 0 0 0 2 128 2 0
1 37.33 2.66 2 13 4 0.165 0 0 0 1 2 0 502 0
1 25 12 2 4 4 2.25 1 1 2 1 2 120 6 0
1 40.92 0.83 2 1 1 0 1 0 0 0 2 130 2 0
1 33.67 1.25 2 9 4 1.165 0 0 0 0 2 120 1 0
1 22.58 1.5 1 6 4 0.54 0 0 0 1 2 120 68 0
1 23.92 0.66 2 8 4 0.165 0 0 0 0 2 100 1 1
1 18.32 1.21 1 10 2 0 0 0 0 0 2 100 1 0
1 35 2.5 2 3 4 1 0 0 0 1 2 210 1 0
1 44.33 0.5 2 3 8 5 1 0 0 1 2 320 1 1
0 17.92 0.54 2 8 4 1.75 0 1 1 1 2 80 6 0
1 17.25 3 2 4 4 0.04 0 0 0 1 2 160 41 0
1 23.08 11.5 2 9 8 2.125 1 1 11 1 2 290 285 1
1 28.75 1.16 2 4 4 0.5 1 0 0 0 1 280 1 0
1 27.42 12.5 2 6 5 0.25 0 0 0 1 2 720 1 0
1 47.83 4.16 2 14 5 0.085 0 0 0 1 2 520 1 0
1 29.25 14.79 2 6 4 5.04 1 1 5 1 2 168 1 1
0 15.75 0.37 2 8 4 1 0 0 0 0 2 120 19 0
0 45.33 1 2 11 4 0.125 0 0 0 1 2 263 1 0
0 40.33 8.12 1 4 4 0.165 0 1 2 0 2 184 19 0
0 24.5 1.75 1 8 4 0.165 0 0 0 0 2 132 1 0
0 25.58 0 2 8 4 0 0 0 0 0 3 184 1 1
0 32.17 1.46 2 9 4 1.085 1 1 16 0 2 120 2080 1
0 52.17 0 1 1 1 0 0 0 0 0 2 0 1 0
1 21.42 0.75 1 12 7 0.75 0 0 0 1 2 132 3 0
0 23.25 5.87 2 11 4 3.17 1 1 10 0 2 120 246 1
0 22.67 0.33 2 11 4 0.75 0 0 0 0 1 160 1 0
0 47 13 2 3 5 5.165 1 1 9 1 2 0 1 1
1 20.67 0.41 2 8 4 0.125 0 0 0 0 2 0 45 0
1 37.58 0 2 8 4 0 0 0 0 0 3 184 1 1
1 25.83 12.83 2 13 4 0.5 0 0 0 0 2 0 3 0
1 35 3.37 2 8 8 8.29 0 0 0 1 2 0 1 0
1 20.17 9.25 2 8 4 1.665 1 1 3 1 2 40 29 1
0 20.83 3 2 6 4 0.04 1 0 0 0 2 100 1 1
1 43.25 25.21 2 11 8 0.21 1 1 1 0 2 760 91 0
1 36.5 4.25 2 11 4 3.5 0 0 0 0 2 454 51 0
1 20.67 1.25 1 8 8 1.375 1 1 3 1 2 140 211 0
1 39.58 5 2 1 1 0 0 1 2 0 2 17 2 0
1 39.17 1.62 2 8 4 1.5 1 1 10 0 2 186 4701 1
0 42.25 1.75 1 8 4 0 0 0 0 1 2 150 2 0
0 24.5 1.04 1 1 1 0.5 1 1 3 0 2 180 148 0
0 40.83 10 2 11 8 1.75 1 0 0 0 2 29 838 1
1 21.33 7.5 2 6 4 1.415 1 1 1 0 2 80 9801 1
0 38.92 1.66 2 6 4 0.25 0 0 0 0 2 0 391 0
1 27.75 0.58 1 13 4 0.25 1 1 2 0 2 260 501 1
0 22.42 11.25 1 14 8 0.75 1 1 4 0 2 0 322 1
1 17.07 0.08 1 8 4 0.04 0 0 0 0 2 140 723 0
0 31.75 3 1 5 3 0 0 0 0 0 2 160 21 0
0 20.07 0.12 2 11 4 1 0 1 1 0 2 240 769 1
0 28.17 0.37 2 11 4 0.585 1 1 4 0 2 80 1 1
1 26.33 13 2 10 2 0 0 0 0 1 2 140 1111 0
0 58.42 21 2 3 5 10 1 1 13 0 2 0 6701 1
0 18.75 7.5 2 11 4 2.71 1 1 5 0 2 184 26727 1
1 24.17 0.87 2 11 4 4.625 1 1 2 1 2 520 2001 1
0 30.58 10.66 2 11 8 0.085 0 1 12 1 2 129 4 0
1 32.33 2.5 2 8 4 1.25 0 0 0 1 2 280 1 0
0 46 4 2 5 3 0 1 0 0 0 2 100 961 1
1 23.42 0.58 2 8 8 0.085 1 0 0 0 2 180 1 0
1 23.25 1 2 8 4 0.835 1 0 0 0 1 300 1 1
0 24.75 13.66 2 11 8 1.5 0 0 0 0 2 280 2 0
1 26.92 2.25 2 3 5 0.5 0 0 0 1 2 640 4001 0
1 34.75 15 2 12 7 5.375 1 1 9 1 2 0 135 1
1 37.75 7 2 11 8 11.5 1 1 7 1 2 300 6 0
0 25.08 2.54 1 6 4 0.25 1 0 0 1 2 370 1 1
1 20.5 10 1 8 4 2.5 1 0 0 0 1 40 1 1
1 34.25 3 2 13 8 7.415 1 0 0 1 2 0 1 1
1 49.5 7.58 2 3 5 7.585 1 1 15 1 2 0 5001 1
1 22.75 11.5 2 3 4 0.415 0 0 0 0 2 0 1 0
0 33.25 2.5 1 8 4 2.5 0 0 0 1 2 0 3 0
0 18.92 9.25 1 8 4 1 1 1 4 1 2 80 501 1
1 43.17 5 2 3 5 2.25 0 0 0 1 2 141 1 0
0 22.25 1.25 1 1 1 3.25 0 0 0 0 2 280 1 0
0 25.17 2.87 2 14 8 0.875 1 0 0 0 2 360 1 1
1 34.17 9.17 2 8 4 4.5 1 1 12 1 2 0 222 1
1 32.67 9 1 9 8 5.25 1 0 0 1 2 154 1 1
1 37.5 1.75 1 8 5 0.25 1 0 0 1 2 164 401 0
1 26.67 14.58 2 3 5 0 0 0 0 1 2 178 1 0
1 19.67 10 1 4 8 0.835 1 0 0 1 2 140 1 0
0 22.5 8.5 2 11 4 1.75 1 1 10 0 2 80 991 0
1 18.42 10.41 1 6 4 0.125 1 0 0 0 2 120 376 0
1 34.83 2.5 1 9 4 3 0 0 0 0 1 200 1 0
1 31.57 10.5 2 14 4 6.5 1 0 0 0 2 0 1 1
1 56 12.5 2 4 8 8 1 0 0 1 2 24 2029 1
1 22.75 11 2 11 4 2.5 1 1 7 1 2 100 810 1
1 31.08 1.5 1 9 4 0.04 0 0 0 0 1 160 1 0
1 23.25 4 2 8 5 0.25 1 0 0 1 2 160 1 1
1 20.5 2.41 2 8 4 2 1 1 11 1 2 200 3001 1
1 40.92 0.5 1 7 4 0.5 0 0 0 1 2 130 1 0
1 32.25 0.16 1 8 8 3.25 1 1 1 1 2 432 8001 1
1 23.08 11.5 2 3 4 3.5 1 1 9 0 2 56 743 1
1 54.33 6.75 2 8 8 2.625 1 1 11 1 2 0 285 1
1 18.07 5.5 2 4 4 0.5 1 0 0 0 2 80 1 1
0 27.25 0.28 2 7 8 0.125 0 1 1 1 2 272 109 0
1 35.17 2.5 2 4 4 4.5 1 1 7 0 2 150 1271 1
1 52.42 1.5 2 2 4 3.75 0 0 0 1 2 0 351 0
1 24.5 13.33 1 6 4 0.04 0 0 0 1 2 120 476 0
1 19.57 0.58 2 1 1 0 0 1 3 0 2 350 770 0

