1 34.58 0 2 8 4 0 0 0 0 0 3 184 1 0
1 28.75 1.5 1 8 4 1.5 1 0 0 1 2 0 226 0
1 18.5 2 2 3 4 1.5 1 1 2 0 2 120 301 1
1 20.17 9.25 2 8 4 1.665 1 1 3 1 2 40 29 1
1 31.57 0.5 2 8 5 0.835 1 0 0 1 1 320 1 0
0 28.67 1.04 2 8 4 2.5 1 1 5 1 2 300 1431 1
0 20.07 1.25 2 8 4 0 0 0 0 0 2 0 1 0
1 50.75 0.58 2 1 1 0 0 0 0 0 2 145 1 0
0 23.42 0.79 1 11 4 1.5 1 1 2 1 2 80 401 1
0 31.92 3.12 2 1 1 3.04 0 1 2 1 2 200 5 0
1 32.67 9 1 9 8 5.25 1 0 0 1 2 154 1 1
1 44 2 2 7 4 1.75 1 1 2 1 2 0 16 1
1 23.25 1 2 8 4 0.835 1 0 0 0 1 300 1 1
0 29.58 1.75 1 4 4 1.25 0 0 0 1 2 280 1 0
0 22.58 10.75 2 11 4 0.415 1 1 5 1 2 0 561 1
1 34 5.08 1 3 5 1.085 0 0 0 1 2 480 1 0
0 29.75 0.66 2 9 4 0.25 0 0 0 1 2 300 1 0
0 33.17 2.25 1 13 4 3.5 0 0 0 1 2 200 142 0
1 32.08 4 2 7 4 2.5 1 0 0 1 2 360 1 1
1 39.83 0.5 2 7 4 0.25 1 0 0 0 1 288 1 0
1 26.67 4.25 2 13 4 4.29 1 1 1 1 2 120 1 1
0 47.42 3 2 14 4 13.875 1 1 2 1 2 519 1705 1
1 42.75 3 2 3 5 1 1 0 0 0 2 0 201 0
1 23.25 4 2 8 5 0.25 1 0 0 1 2 160 1 1
1 34.92 2.5 2 9 4 0 1 0 0 1 2 239 201 1
0 23.58 11.5 1 4 8 3 0 0 0 1 2 20 17 0
1 30.08 1.04 1 3 5 0.5 1 1 10 1 2 132 29 0
1 20.67 5.29 2 11 4 0.375 1 1 1 0 2 160 1 0
1 21.83 0.25 2 2 8 0.665 1 0 0 1 2 0 1 1
0 24.5 12.75 2 8 5 4.75 1 1 2 0 2 73 445 1
1 24.08 9 2 6 4 0.25 0 0 0 1 2 0 1 0
1 29.25 14.79 2 6 4 5.04 1 1 5 1 2 168 1 1
1 48.5 4.25 2 7 4 0.125 1 0 0 1 2 225 1 1
1 23.17 11.12 2 14 8 0.46 1 1 1 0 2 100 1 1
1 22.08 11 2 13 4 0.665 1 0 0 0 2 100 1 1
1 23.08 2.5 2 1 1 0.085 0 0 0 1 2 100 4209 0
1 34.17 9.17 2 8 4 4.5 1 1 12 1 2 0 222 1
1 25.58 0.33 2 4 8 3.5 0 0 0 1 2 340 1 0
0 37.33 2.5 2 3 8 0.21 0 0 0 0 2 260 247 0
1 22.08 0.83 2 8 8 2.165 0 0 0 1 2 128 1 1
1 38.17 10.12 2 14 4 2.5 1 1 6 0 2 520 197 1
1 38.42 0.7 2 8 4 0.375 0 1 2 0 2 225 501 0
1 38.92 1.75 2 4 4 0.5 0 0 0 1 2 300 3 0
0 71.58 0 2 8 4 0 0 0 0 0 3 184 1 1
1 45.17 1.5 2 8 4 2.5 1 0 0 1 2 140 1 0
1 18.07 5.5 2 4 4 0.5 1 0 0 0 2 80 1 1
1 63.33 0.54 2 8 4 0.585 1 1 3 1 2 180 1 0
1 41.75 0.96 2 14 4 2.5 1 0 0 0 2 510 601 1
0 32 6 2 2 4 1.25 0 0 0 0 2 272 1 0
0 21.67 11.5 1 5 3 0 1 1 11 1 2 0 1 1
1 33.5 1.75 2 14 8 4.5 1 1 4 1 2 253 858 1
0 31.57 3.5 2 2 4 3 1 0 0 1 2 300 1 0
0 23.5 1.5 2 9 4 0.875 0 0 0 1 2 160 1 0
1 18.82 0.41 1 8 4 0.165 0 1 1 0 2 200 2 0
0 25.25 13.5 1 1 1 2 0 1 1 1 2 200 2 0
0 32.33 0.54 2 13 4 0.04 1 0 0 0 2 440 11178 1
1 34.75 2.5 2 13 5 0.5 0 0 0 0 2 348 1 0
1 27 0.75 2 8 8 4.25 1 1 3 1 2 312 151 1
1 18.57 5.71 2 2 4 0.54 0 0 0 0 2 120 1 0
1 32.75 1.5 2 13 8 5.5 1 1 3 1 2 0 1 1
1 23.17 0 2 13 4 0.085 1 0 0 0 2 0 1 1
0 42.25 1.75 1 8 4 0 0 0 0 1 2 150 2 0
1 25.08 1.71 2 14 4 1.665 1 1 1 1 2 395 21 1
1 37.75 7 2 11 8 11.5 1 1 7 1 2 300 6 0
0 20.83 3 2 6 4 0.04 1 0 0 0 2 100 1 1
0 56.83 4.25 1 1 1 5 0 0 0 1 2 0 5 0
1 19.42 6.5 2 9 8 1.46 1 1 7 0 2 80 2955 1
1 27.83 4 1 3 8 5.75 1 1 2 1 2 75 1 0
0 27.33 1.66 2 1 1 0 0 0 0 0 2 340 2 0
1 31.57 3 1 3 5 7 0 0 0 0 2 0 2 0
1 35.17 25.12 2 14 8 1.625 1 1 1 1 2 515 501 1
0 28.58 3.54 2 3 5 0.5 1 0 0 1 2 171 1 0
0 30.58 10.66 2 11 8 0.085 0 1 12 1 2 129 4 0
1 20.42 0 2 8 4 0 0 0 0 0 3 184 1 0
0 29.5 2 1 10 8 2 0 0 0 0 2 256 18 0
0 16.5 1.25 2 11 4 0.25 0 1 1 0 2 108 99 0
0 50.08 12.54 2 6 4 2.29 1 1 3 1 2 156 1 1
1 64.08 20 2 14 8 17.5 1 1 9 1 2 0 1001 1
1 28.58 3.62 2 6 4 0.25 0 0 0 1 2 100 1 0
0 27.67 2.04 2 9 4 0.25 0 0 0 1 2 180 51 0
1 60.08 14.5 2 1 1 18 1 1 15 1 2 0 1001 1
0 33.75 0.75 2 4 5 1 1 1 3 1 2 212 1 0
1 32.08 4 1 13 4 1.5 0 0 0 1 2 120 1 0
1 29.67 1.41 2 9 8 0.75 1 1 1 0 2 240 101 1
1 17.92 0.2 2 6 4 0.04 0 0 0 0 2 280 751 0
0 23.58 0.83 2 11 4 0.415 0 1 1 1 2 200 12 0
0 25.33 2.08 2 8 8 2.75 1 0 0 1 2 360 2 0
0 27.67 1.5 2 7 4 2 1 0 0 0 1 368 1 0
1 56.42 28 1 8 4 28.5 1 1 40 0 2 0 16 1
1 35 2.5 2 3 4 1 0 0 0 1 2 210 1 0
1 20.17 5.62 2 9 4 1.71 1 0 0 0 1 120 1 1
1 26.75 2 2 2 4 0.75 0 0 0 1 2 80 1 0
0 22.5 8.46 1 14 4 2.46 0 0 0 0 2 164 1 1
1 23.75 12 2 8 4 2.085 0 0 0 0 1 80 1 0
1 23.33 1.5 2 8 8 1.415 1 0 0 0 2 422 201 1
0 23.75 0.71 2 9 4 0.25 0 1 1 1 2 240 5 0
1 31.25 1.12 2 1 1 0 0 1 1 0 2 96 20 0
0 23.5 9 2 11 4 8.5 1 1 5 1 2 120 1 1
1 32.25 14 1 1 1 0 0 1 2 0 2 160 2 0
1 39.08 6 2 7 4 1.29 1 1 5 1 2 108 1098 1
1 32.42 2.16 1 4 1 0 0 0 0 0 2 120 1 0
0 22.67 3.8 2 8 4 0.165 0 0 0 0 2 160 1 0
0 31.57 11.25 2 1 1 0 0 0 0 0 2 184 5201 0
1 23 0.75 2 7 4 0.5 0 0 0 1 1 320 1 0
1 42.83 1.25 2 7 4 13.875 0 1 1 1 2 352 113 0
1 24.33 6.62 1 2 4 5.5 1 0 0 1 1 100 1 1
1 27.67 2 2 14 8 1 1 1 4 0 2 140 7545 1
1 15.17 7 2 10 4 1 0 0 0 0 2 600 1 0
1 30.17 1.08 1 8 4 0.04 0 0 0 0 2 170 180 0
0 21.75 1.75 1 5 3 0 0 0 0 0 2 160 1 0

