1 25 12 2 4 4 2.25 1 1 2 1 2 120 6 0
1 34.67 1.08 2 7 4 1.165 0 0 0 0 1 28 1 0
1 24.08 0.87 2 7 4 0.085 0 1 4 0 2 254 1951 0
0 49 1.5 2 5 3 0 1 0 0 1 2 100 28 0
0 25.75 0.5 2 8 8 0.875 1 0 0 1 2 491 1 1
0 24.5 0.5 2 11 8 1.5 1 0 0 0 2 280 825 1
1 33 2.5 1 9 4 7 0 0 0 1 2 280 1 0
0 37.75 5.5 2 11 4 0.125 1 0 0 1 2 228 1 1
1 42 0.2 2 3 8 5.125 1 0 0 0 2 400 1 1
1 18.07 6.75 1 7 4 0.04 0 0 0 0 2 140 1 0
1 29.83 2.04 1 14 8 0.04 0 0 0 0 2 128 2 0
1 33.67 1.25 2 9 4 1.165 0 0 0 0 2 120 1 0
1 40.25 21.5 2 10 9 20 1 1 11 0 2 0 1201 1
1 20.67 0.41 2 8 4 0.125 0 0 0 0 2 0 45 0
1 27.58 2.04 1 6 4 2 1 1 3 1 2 370 561 1
0 21.08 5 1 1 1 0 0 0 0 0 2 0 1 0
0 20.32 10 2 8 8 1 1 1 4 0 2 50 1466 1
1 37.75 7 2 11 8 11.5 1 1 7 1 2 300 6 0
1 20.17 5.62 2 9 4 1.71 1 0 0 0 1 120 1 1
0 22.42 5.66 2 11 4 2.585 1 1 7 0 2 129 3258 1
0 18.92 9 2 6 4 0.75 1 1 2 0 2 88 592 1
1 43.08 0.37 1 8 4 0.375 1 1 8 1 2 300 163 1
1 24.17 0.87 2 11 4 4.625 1 1 2 1 2 520 2001 1
1 28.58 3.62 2 6 4 0.25 0 0 0 1 2 100 1 0
1 16 3.12 2 9 4 0.085 0 1 1 0 2 0 7 0
1 31.67 16.16 2 2 4 3 1 1 9 0 2 250 731 1
1 34.83 4 2 2 5 12.5 1 0 0 1 2 184 1 0
1 43.25 3 2 11 8 6 1 1 11 0 2 80 1 1
1 36.42 0.75 1 2 4 0.585 0 0 0 0 2 240 4 0
1 32.42 3 2 2 4 0.165 0 0 0 1 2 120 1 0
0 64.08 0.16 2 1 1 0 1 1 1 0 2 232 101 1
1 26.83 0.54 2 4 1 0 0 0 0 0 2 100 1 0
1 32.33 2.5 2 8 4 1.25 0 0 0 1 2 280 1 0
1 67.75 5.5 2 10 9 13 1 1 1 1 2 0 1 1
1 44.25 0.5 2 7 4 10.75 1 0 0 0 1 400 1 0
1 21.83 1.54 2 4 4 0.085 0 0 0 1 2 356 1 0
1 37.5 1.75 1 8 5 0.25 1 0 0 1 2 164 401 0
0 58.67 4.46 2 11 8 3.04 1 1 6 0 2 43 561 1
1 27.25 1.66 2 13 8 5.085 1 1 9 0 2 399 828 1
1 20.42 7 2 8 4 1.625 1 1 3 0 2 200 1392 1
1 41.17 1.33 2 2 4 0.165 0 0 0 0 2 168 1 0
1 54.33 6.75 2 8 8 2.625 1 1 11 1 2 0 285 1
0 19.5 0.16 2 11 4 0.04 0 0 0 1 2 380 1 0
1 24.75 0.54 2 7 4 1 0 0 0 1 2 120 2 0
0 17.92 0.54 2 8 4 1.75 0 1 1 1 2 80 6 0
0 36.75 4.71 2 1 1 0 0 0 0 0 2 160 1 0
0 22.5 8.5 2 11 4 1.75 1 1 10 0 2 80 991 0
1 22.58 1.5 1 6 4 0.54 0 0 0 1 2 120 68 0
1 48.25 25.08 2 9 4 1.75 1 1 3 0 2 120 15 1
1 20.25 9.96 2 10 2 0 1 0 0 0 2 0 1 1
1 36.25 5 2 8 5 2.5 1 1 6 0 2 0 368 1
0 52.83 15 2 8 4 5.5 1 1 14 0 2 0 2201 1
1 21.08 4.12 1 3 8 0.04 0 0 0 0 2 140 101 0
1 20.67 5.29 2 11 4 0.375 1 1 1 0 2 160 1 0
1 52.42 1.5 2 2 4 3.75 0 0 0 1 2 0 351 0
1 18.67 5 2 11 4 0.375 1 1 2 0 2 0 39 0
1 54.42 0.5 1 4 8 3.96 1 0 0 0 2 180 315 1
1 39.17 2.5 1 3 8 10 0 0 0 1 1 200 1 0
1 23.92 0.66 2 8 4 0.165 0 0 0 0 2 100 1 1
1 56.75 12.25 2 7 4 1.25 1 1 4 1 2 200 1 1
1 27.83 4 1 3 8 5.75 1 1 2 1 2 75 1 0
1 22.17 12.12 2 8 4 3.335 0 1 2 1 2 180 174 0
1 40.92 2.25 1 14 8 10 1 0 0 1 2 176 1 0
1 22.92 3.16 1 8 4 0.165 0 0 0 0 2 160 1059 0
0 25.25 12.5 2 2 4 1 0 0 0 1 2 180 1063 0
1 29.42 1.25 2 8 8 0.25 0 1 2 1 2 400 109 0
1 37.58 0 2 8 4 0 0 0 0 0 3 184 1 1
1 20.42 1.08 2 11 4 1.5 0 0 0 0 2 108 8 0
1 22.08 0.83 2 8 8 2.165 0 0 0 1 2 128 1 1
0 26.08 8.66 2 6 4 1.415 1 0 0 0 2 160 151 1
1 40.92 0.5 1 7 4 0.5 0 0 0 1 2 130 1 0
1 31.57 10.5 2 14 4 6.5 1 0 0 0 2 0 1 1
0 16.07 0.33 2 1 1 0 0 1 1 0 2 160 127 0
1 15.17 7 2 10 4 1 0 0 0 0 2 600 1 0
1 60.08 14.5 2 1 1 18 1 1 15 1 2 0 1001 1
1 23.17 11.12 2 14 8 0.46 1 1 1 0 2 100 1 1
1 41.75 0.96 2 14 4 2.5 1 0 0 0 2 510 601 1
1 25.67 3.25 2 8 8 2.29 0 1 1 1 2 416 22 0
1 23.25 1 2 8 4 0.835 1 0 0 0 1 300 1 1
0 33.08 4.62 2 11 8 1.625 1 1 2 0 2 0 1 1
1 18.17 2.46 2 8 7 0.96 0 1 2 1 2 160 588 0
1 30.33 0.5 2 2 8 0.085 0 0 0 1 1 252 1 0
1 21 3 1 2 4 1.085 1 1 8 1 2 160 2 1
1 25.33 0.57 2 8 4 0.29 1 1 7 1 2 96 5125 1
1 43.17 5 2 3 5 2.25 0 0 0 1 2 141 1 0
0 22.67 0.75 2 8 4 2 0 1 2 1 2 200 395 0
1 32.25 14 1 1 1 0 0 1 2 0 2 160 2 0
1 26.67 1.75 1 8 4 1 1 1 5 1 2 160 5778 1
1 25.83 12.83 2 13 4 0.5 0 0 0 0 2 0 3 0
1 26.67 14.58 2 3 5 0 0 0 0 1 2 178 1 0
1 31.57 5 1 6 4 8.5 1 0 0 0 2 0 1 0
0 29.58 1.75 1 4 4 1.25 0 0 0 1 2 280 1 0
1 40 6.5 2 6 5 3.5 1 1 1 0 2 0 501 1
0 25.33 2.08 2 8 8 2.75 1 0 0 1 2 360 2 0
0 35.17 3.75 2 1 1 0 0 1 6 0 2 0 201 0
1 32.08 4 1 13 4 1.5 0 0 0 1 2 120 1 0
0 40.83 10 2 11 8 1.75 1 0 0 0 2 29 838 1
0 23.5 1.5 2 9 4 0.875 0 0 0 1 2 160 1 0
1 19 1.75 1 8 4 2.335 0 0 0 1 2 112 7 0
1 44 2 2 7 4 1.75 1 1 2 1 2 0 16 1
1 34.08 2.5 2 8 4 1 0 0 0 0 2 460 17 0
0 18.57 10 2 2 4 0.415 0 0 0 0 2 80 43 0
1 31.57 3 1 3 5 7 0 0 0 0 2 0 2 0
1 25.92 0.87 2 4 4 0.375 0 1 2 1 2 174 4 0
0 31.57 1.5 2 1 1 0 0 1 2 1 2 200 106 0
1 38.58 3.33 2 9 4 4 1 1 14 0 2 383 1345 1
1 29.67 1.41 2 9 8 0.75 1 1 1 0 2 240 101 1
1 57.42 8.5 2 10 8 7 1 1 3 0 2 0 1 1
1 21.08 10.08 1 10 8 1.25 0 0 0 0 2 260 1 0
1 27.67 13.75 2 9 4 5.75 1 0 0 1 2 487 501 1

