1 23.92 1.5 2 2 8 1.875 1 1 6 0 2 200 328 1
1 42.83 1.25 2 7 4 13.875 0 1 1 1 2 352 113 0
1 73.42 17.75 2 1 1 0 1 0 0 1 2 0 1 1
1 33.17 3.04 1 8 8 2.04 1 1 1 1 2 180 18028 1
1 31.25 2.83 2 1 1 0 0 1 5 0 2 176 147 0
1 31.58 0.75 1 6 4 3.5 0 0 0 1 2 320 1 0
1 17.07 0.08 1 8 4 0.04 0 0 0 0 2 140 723 0
1 43.17 2.25 2 3 5 0.75 1 0 0 0 2 560 1 0
1 17.42 6.5 2 3 4 0.125 0 0 0 0 2 60 101 0
1 37.5 1.75 1 8 5 0.25 1 0 0 1 2 164 401 0
1 36.67 2 2 3 4 0.25 0 0 0 1 2 221 1 0
1 18.17 2.46 2 8 7 0.96 0 1 2 1 2 160 588 0
1 34.83 4 2 2 5 12.5 1 0 0 1 2 184 1 0
0 25.25 12.5 2 2 4 1 0 0 0 1 2 180 1063 0
1 27 1.5 1 9 4 0.375 1 0 0 1 2 260 1066 1
0 28.67 1.04 2 8 4 2.5 1 1 5 1 2 300 1431 1
1 18.32 1.21 1 10 2 0 0 0 0 0 2 100 1 0
1 20.17 9.25 2 8 4 1.665 1 1 3 1 2 40 29 1
1 20.5 10 1 8 4 2.5 1 0 0 0 1 40 1 1
0 27.25 0.28 2 7 8 0.125 0 1 1 1 2 272 109 0
1 34.83 2.5 1 9 4 3 0 0 0 0 1 200 1 0
1 48.75 26.33 1 1 1 0 1 0 0 1 2 0 1 0
0 39.08 4 2 8 4 3 0 0 0 0 2 480 1 0
0 22.67 0.33 2 11 4 0.75 0 0 0 0 1 160 1 0
1 21.92 0.5 2 8 4 0.125 0 0 0 0 2 360 1 0
1 17.5 22 3 1 7 0 0 0 0 1 3 450 100001 1
1 24.08 0.87 2 7 4 0.085 0 1 4 0 2 254 1951 0
1 59.67 1.54 2 11 4 0.125 1 0 0 1 2 260 1 1
1 24.83 2.75 2 8 4 2.25 1 1 6 0 2 184 601 1
1 22.58 1.5 1 6 4 0.54 0 0 0 1 2 120 68 0
1 34.08 0.08 1 7 5 0.04 1 1 1 1 2 280 2001 1
0 51.92 6.5 2 3 5 3.085 0 0 0 1 2 73 1 0
1 22.17 2.25 2 3 4 0.125 0 0 0 0 2 160 11 0
0 22.92 11.58 2 13 4 0.04 1 0 0 0 2 80 1350 1
0 23.75 0.71 2 9 4 0.25 0 1 1 1 2 240 5 0
1 49.58 19 2 1 1 0 1 1 1 0 2 94 1 0
1 18.82 0.41 1 8 4 0.165 0 1 1 0 2 200 2 0
1 34.92 5 2 14 8 7.5 1 1 6 1 2 0 1001 1
1 20.67 0.41 2 8 4 0.125 0 0 0 0 2 0 45 0
1 23.17 0 2 13 4 0.085 1 0 0 0 2 0 1 1
0 15.83 7.62 2 11 4 0.125 0 1 1 1 2 0 161 0
0 33.75 0.75 2 4 5 1 1 1 3 1 2 212 1 0
1 33.17 1.04 2 12 8 6.5 1 0 0 1 2 164 31286 1
1 25.42 0.54 2 9 4 0.165 0 1 1 0 2 272 445 0
0 22.92 1.25 2 11 4 0.25 0 0 0 1 2 120 810 0
0 29.5 0.46 2 4 4 0.54 1 1 4 0 2 380 501 1
1 37.33 2.66 2 13 4 0.165 0 0 0 1 2 0 502 0
1 33.67 1.25 2 9 4 1.165 0 0 0 0 2 120 1 0
1 39.92 5 2 3 5 0.21 0 0 0 0 2 550 1 0
1 62.5 12.75 1 8 8 5 1 0 0 0 2 112 1 0
0 18.17 10 1 11 8 0.165 0 0 0 0 2 340 1 0
0 52.17 0 1 1 1 0 0 0 0 0 2 0 1 0
1 31 2.08 2 8 4 0.085 0 0 0 0 2 300 1 0
1 23.58 1.79 2 8 4 0.54 0 0 0 1 2 136 2 0
0 34.83 1.25 1 3 8 0.5 0 0 0 1 2 160 1 0
1 29.25 14.79 2 6 4 5.04 1 1 5 1 2 168 1 1
1 23 0.75 2 7 4 0.5 0 0 0 1 1 320 1 0
0 58.42 21 2 3 5 10 1 1 13 0 2 0 6701 1
0 32.17 1.46 2 9 4 1.085 1 1 16 0 2 120 2080 1
0 23.25 5.87 2 11 4 3.17 1 1 10 0 2 120 246 1
1 20.67 5.29 2 11 4 0.375 1 1 1 0 2 160 1 0
1 33.58 0.25 2 3 5 4 0 0 0 1 1 420 1 0
1 26.67 2.71 1 13 4 5.25 1 1 1 0 2 211 1 1
1 19.17 0 1 7 5 0 0 0 0 1 1 500 2 1
1 47.17 5.83 2 9 4 5.5 0 0 0 0 2 465 151 0
0 35.42 12 2 11 8 14 1 1 8 0 2 0 6591 1
1 22.67 0.16 2 8 3 2.25 0 0 0 1 1 0 1 1
1 35 2.5 2 3 4 1 0 0 0 1 2 210 1 0
1 32.25 14 1 1 1 0 0 1 2 0 2 160 2 0
0 24.5 2.41 1 8 4 0 0 0 0 0 2 120 1 0
0 37.33 2.5 2 3 8 0.21 0 0 0 0 2 260 247 0
1 21.83 1.54 2 4 4 0.085 0 0 0 1 2 356 1 0
1 69.17 9 2 1 1 4 0 1 1 0 2 70 7 0
1 26.17 12.5 1 4 8 1.25 0 0 0 1 2 0 18 0
0 38.25 6 2 4 4 1 1 0 0 1 2 0 1 1
1 28.92 0.37 2 8 4 0.29 0 0 0 0 2 220 141 0
0 20.67 1.83 2 11 4 2.085 1 1 5 0 2 220 2504 1
0 40.33 8.12 1 4 4 0.165 0 1 2 0 2 184 19 0
0 40.83 10 2 11 8 1.75 1 0 0 0 2 29 838 1
0 27.17 1.25 2 1 1 0 0 1 1 0 2 92 301 0
0 60.58 16.5 2 11 4 11 1 0 0 1 2 21 10562 1
0 20.42 10.5 1 14 8 0 0 0 0 1 2 154 33 0
1 52.5 6.5 2 4 4 6.29 1 1 15 0 2 0 11203 1
0 64.08 0.16 2 1 1 0 1 1 1 0 2 232 101 1
1 29.83 3.5 2 8 4 0.165 0 0 0 0 2 216 1 0
1 28.25 5.12 2 14 4 4.75 1 1 2 0 2 420 8 1
1 34.25 3 2 13 8 7.415 1 0 0 1 2 0 1 1
1 18.17 10.25 2 8 8 1.085 0 0 0 0 2 320 14 0
0 24.83 4.5 2 9 4 1 0 0 0 1 2 360 7 0
1 22.08 2.33 2 4 4 0.75 0 0 0 0 2 180 1 0
1 41.5 1.54 2 3 5 3.5 0 0 0 0 2 216 1 1
0 69.5 6 2 1 1 0 0 0 0 0 1 0 1 0
0 25 11 1 6 4 4.5 1 0 0 0 2 120 1 0
0 27.33 1.66 2 1 1 0 0 0 0 0 2 340 2 0
1 22.83 3 2 7 4 1.29 1 1 1 0 2 260 801 1
1 20.42 7 2 8 4 1.625 1 1 3 0 2 200 1392 1
1 26.67 1.75 1 8 4 1 1 1 5 1 2 160 5778 1
0 16.92 0.5 2 3 4 0.165 0 1 6 1 2 240 36 0
0 25.75 0.5 2 8 8 0.875 1 0 0 1 2 491 1 1
1 39 5 2 13 4 3.5 1 1 10 1 2 0 1 1
1 21.33 10.5 2 8 4 3 1 0 0 1 2 0 1 1
1 25 12.5 2 6 4 3 1 0 0 1 1 20 1 1
1 32.83 2.5 2 13 8 2.75 1 1 6 0 2 160 2073 1
1 21.5 9.75 2 8 4 0.25 1 0 0 0 2 140 1 0
1 26.75 2 2 2 4 0.75 0 0 0 1 2 80 1 0
1 26 1 2 11 4 1.75 1 0 0 1 2 280 1 1
0 24.5 0.5 2 11 8 1.5 1 0 0 0 2 280 825 1
0 56.5 16 2 5 1 0 1 1 15 0 2 0 248 1
1 17.92 0.2 2 6 4 0.04 0 0 0 0 2 280 751 0
1 22.75 11.5 2 3 4 0.415 0 0 0 0 2 0 1 0

