1 20.67 1.25 1 8 8 1.375 1 1 3 1 2 140 211 0
0 31.57 3.5 2 2 4 3 1 0 0 1 2 300 1 0
1 23.75 12 2 8 4 2.085 0 0 0 0 1 80 1 0
1 26.67 4.25 2 13 4 4.29 1 1 1 1 2 120 1 1
1 26.33 13 2 10 2 0 0 0 0 1 2 140 1111 0
1 19.42 1.5 1 13 4 2 1 0 0 1 2 100 21 0
1 23.17 11.12 2 14 8 0.46 1 1 1 0 2 100 1 1
1 22 7.83 1 3 5 0.165 0 0 0 1 2 184 1 0
1 48.08 6.04 2 4 4 0.04 0 0 0 0 2 0 2691 1
1 34.75 2.5 2 13 5 0.5 0 0 0 0 2 348 1 0
1 16.5 0.12 2 8 4 0.165 0 0 0 0 2 132 1 0
0 58.67 4.46 2 11 8 3.04 1 1 6 0 2 43 561 1
1 23.58 1.79 2 8 4 0.54 0 0 0 1 2 136 2 0
0 23.5 9 2 11 4 8.5 1 1 5 1 2 120 1 1
0 25.08 2.54 1 6 4 0.25 1 0 0 1 2 370 1 1
1 41.58 1.75 2 4 4 0.21 1 0 0 0 2 160 1 0
1 36.33 2.12 1 9 4 0.085 1 1 1 0 2 50 1188 1
1 29.58 4.75 2 7 4 2 0 1 1 1 2 460 69 0
0 20.75 10.33 2 13 8 0.335 1 1 1 1 2 80 51 1
1 34 4.5 2 6 4 1 1 0 0 1 2 240 1 0
0 31.92 3.12 2 1 1 3.04 0 1 2 1 2 200 5 0
1 31.57 0.5 2 8 5 0.835 1 0 0 1 1 320 1 0
0 38.25 6 2 4 4 1 1 0 0 1 2 0 1 1
1 22.33 11 2 9 4 2 1 1 1 0 2 80 279 1
0 16.32 0.21 2 6 4 0.125 0 0 0 0 2 200 2 0
1 30.75 1.58 2 2 4 0.585 0 0 0 1 1 0 1 0
1 30.83 0 2 9 4 1.25 1 1 1 0 2 202 1 1
0 28.17 0.37 2 11 4 0.585 1 1 4 0 2 80 1 1
0 20.83 0.5 1 10 2 1 0 0 0 0 2 260 1 0
0 30.42 1.37 2 9 8 0.04 0 1 3 0 2 0 34 0
0 20.42 0.83 2 11 4 1.585 1 1 1 0 2 0 1 1
1 22.83 3 2 7 4 1.29 1 1 1 0 2 260 801 1
0 68.67 15 2 10 9 0 1 1 14 0 2 0 3377 1
1 22.58 10.03 2 14 4 0.04 1 1 9 0 2 60 397 1
1 41.92 0.42 2 8 8 0.21 1 1 6 0 2 220 949 1
1 16.25 0.83 2 7 4 0.085 1 0 0 0 1 200 1 0
1 21.5 9.75 2 8 4 0.25 1 0 0 0 2 140 1 0
1 25.17 3.5 2 13 4 0.625 1 1 7 0 2 0 7060 1
0 24.75 13.66 2 11 8 1.5 0 0 0 0 2 280 2 0
1 33.17 1.04 2 12 8 6.5 1 0 0 1 2 164 31286 1
0 29.58 1.75 1 4 4 1.25 0 0 0 1 2 280 1 0
0 21.25 2.33 2 3 5 0.5 1 1 4 0 1 80 1 1
1 28.17 0.12 1 4 4 0.085 0 0 0 0 2 216 2101 0
0 22.5 11 1 11 4 3 1 0 0 1 2 268 1 0
1 31.57 10.5 2 14 4 6.5 1 0 0 0 2 0 1 1
0 21.67 11.5 1 5 3 0 1 1 11 1 2 0 1 1
1 41.33 0 2 8 5 15 1 0 0 0 2 0 1 1
1 63.33 0.54 2 8 4 0.585 1 1 3 1 2 180 1 0
1 25.75 0.75 2 8 5 0.25 1 0 0 0 2 349 24 1
1 18.57 5.71 2 2 4 0.54 0 0 0 0 2 120 1 0
0 23.5 1.5 2 9 4 0.875 0 0 0 1 2 160 1 0
1 32.33 2.5 2 8 4 1.25 0 0 0 1 2 280 1 0
0 26.58 2.54 1 1 1 0 0 0 0 1 2 180 61 0
0 23.42 0.79 1 11 4 1.5 1 1 2 1 2 80 401 1
0 27.58 3 2 7 4 2.79 0 1 1 1 2 280 11 0
1 33.58 2.75 2 7 4 4.25 1 1 6 0 2 204 1 1
1 27.25 1.58 2 13 8 1.835 1 1 12 1 2 583 714 1
1 31.25 1.12 2 1 1 0 0 1 1 0 2 96 20 0
0 38.33 4.41 2 8 4 0.125 0 0 0 0 2 160 1 0
0 30.67 12 2 8 4 2 1 1 1 0 2 220 20 1
0 57.58 2 2 1 1 6.5 0 1 1 0 2 0 11 0
1 18.57 10.29 2 1 1 0.415 0 0 0 0 2 80 1 0
1 33.75 2.75 2 3 5 0 0 0 0 0 2 180 1 0
1 25.5 0.37 2 7 4 0.25 1 1 3 0 2 260 15109 1
0 19.17 0.58 1 6 4 0.585 1 0 0 1 2 160 1 0
1 41.5 1.54 2 3 5 3.5 0 0 0 0 2 216 1 1
0 50.25 0.83 2 6 4 0.5 0 0 0 1 2 240 118 0
1 24.58 12.5 2 9 4 0.875 1 0 0 1 2 260 1 0
1 32.25 14 1 1 1 0 0 1 2 0 2 160 2 0
1 18.82 3.54 1 1 1 0 0 0 0 1 2 180 2 0
1 27 0.75 2 8 8 4.25 1 1 3 1 2 312 151 1
0 36.75 4.71 2 1 1 0 0 0 0 0 2 160 1 0
0 17.92 0.54 2 8 4 1.75 0 1 1 1 2 80 6 0
0 20.67 1.83 2 11 4 2.085 1 1 5 0 2 220 2504 1
1 21.42 0.75 1 12 7 0.75 0 0 0 1 2 132 3 0
1 67.75 5.5 2 10 9 13 1 1 1 1 2 0 1 1
0 27.67 2.04 2 9 4 0.25 0 0 0 1 2 180 51 0
1 38.17 10.12 2 14 4 2.5 1 1 6 0 2 520 197 1
0 23 11.75 2 14 8 0.5 1 1 2 1 2 300 552 1
0 33.08 4.62 2 11 8 1.625 1 1 2 0 2 0 1 1
1 40.92 0.83 2 1 1 0 1 0 0 0 2 130 2 0
1 74.83 19 1 1 1 0.04 0 1 2 0 2 0 352 0
1 38.58 3.33 2 9 4 4 1 1 14 0 2 383 1345 1
1 28.58 3.62 2 6 4 0.25 0 0 0 1 2 100 1 0
1 23.92 0.66 2 8 4 0.165 0 0 0 0 2 100 1 1
1 24.08 0.87 2 7 4 0.085 0 1 4 0 2 254 1951 0
0 21.08 5 1 1 1 0 0 0 0 0 2 0 1 0
1 20.42 0 2 8 4 0 0 0 0 0 3 184 1 0
1 23.5 2.75 2 1 1 4.5 0 0 0 0 2 160 26 0
1 62.5 12.75 1 8 8 5 1 0 0 0 2 112 1 0
1 20.25 9.96 2 10 2 0 1 0 0 0 2 0 1 1
0 41.33 1 2 3 5 2.25 1 0 0 1 2 0 301 1
0 26.5 2.71 1 8 4 0.085 0 0 0 0 1 80 1 0
0 17.92 10.21 2 1 1 0 0 0 0 0 2 0 51 0
1 39.58 13.91 2 9 4 8.625 1 1 6 1 2 70 1 1
1 51.58 15 2 8 4 8.5 1 1 9 0 2 0 1 1
1 56.75 12.25 2 7 4 1.25 1 1 4 1 2 200 1 1
1 42.08 1.04 2 9 4 5 1 1 6 1 2 500 10001 1
0 47.25 0.75 2 11 8 2.75 1 1 1 0 2 333 893 1
1 22.67 10.5 2 11 8 1.335 1 0 0 0 2 100 1 1
1 59.5 2.75 2 9 4 1.75 1 1 5 1 2 60 59 1
0 21.92 11.66 2 4 8 0.085 0 0 0 0 2 320 6 0
0 35.17 3.75 2 1 1 0 0 1 6 0 2 0 201 0
1 44.25 11 1 2 4 1.5 1 0 0 0 1 0 1 0
1 39.33 5.87 2 13 8 10 1 1 14 1 2 399 1 1
1 36.17 5.5 2 3 5 5 0 0 0 0 2 210 688 0
1 50.75 0.58 2 1 1 0 0 0 0 0 2 145 1 0
0 46.08 3 2 8 4 2.375 1 1 8 1 2 396 4160 1
0 53.33 0.16 2 1 1 0 0 0 0 1 1 62 28 0
1 28 2 2 4 8 4.165 1 1 2 1 2 181 1 1

