0 57.08 0.33 2 3 5 1 1 0 0 1 2 252 2198 0
1 22.67 0.16 2 8 3 2.25 0 0 0 1 1 0 1 1
0 38.75 1.5 2 1 1 0 0 0 0 0 2 76 1 0
0 33.17 2.25 1 13 4 3.5 0 0 0 1 2 200 142 0
1 21.33 10.5 2 8 4 3 1 0 0 1 2 0 1 1
1 25.83 12.83 2 13 4 0.5 0 0 0 0 2 0 3 0
1 21.58 0.79 1 13 4 0.665 0 0 0 0 2 160 1 0
1 43.08 0.37 1 8 4 0.375 1 1 8 1 2 300 163 1
1 31.83 0.04 1 7 4 0.04 0 0 0 0 2 0 1 0
1 54.58 9.41 2 1 1 14.415 1 1 11 1 2 30 301 1
0 47.75 8 2 8 4 7.875 1 1 6 1 2 0 1261 1
0 24.5 1.04 1 1 1 0.5 1 1 3 0 2 180 148 0
1 19.42 1.5 1 13 4 2 1 0 0 1 2 100 21 0
1 36.67 3.25 2 11 8 9 1 0 0 1 2 102 640 1
0 68.67 15 2 10 9 0 1 1 14 0 2 0 3377 1
1 25.5 0.37 2 7 4 0.25 1 1 3 0 2 260 15109 1
0 32.33 0.54 2 13 4 0.04 1 0 0 0 2 440 11178 1
1 42.5 4.91 1 9 4 3.165 1 0 0 1 2 52 1443 1
1 32.33 2.5 2 8 4 1.25 0 0 0 1 2 280 1 0
1 37.5 1.12 1 2 4 1.5 0 0 0 1 2 431 1 1
1 38.67 0.21 2 4 4 0.085 1 0 0 1 2 280 1 1
1 26.17 12.5 1 4 8 1.25 0 0 0 1 2 0 18 0
1 29.67 0.75 1 8 4 0.04 0 0 0 0 2 240 1 0
1 34.17 1.54 2 13 4 1.54 1 1 1 1 2 520 50001 1
1 39.5 1.62 2 8 4 1.5 0 0 0 0 2 0 317 0
1 40.25 21.5 2 10 9 20 1 1 11 0 2 0 1201 1
1 28.75 1.16 2 4 4 0.5 1 0 0 0 1 280 1 0
1 45.17 1.5 2 8 4 2.5 1 0 0 1 2 140 1 0
1 32.92 2.5 2 6 4 1.75 0 1 2 1 2 720 1 0
1 36.25 5 2 8 5 2.5 1 1 6 0 2 0 368 1
1 22.75 11.5 2 3 4 0.415 0 0 0 0 2 0 1 0
1 21.08 10.08 1 10 8 1.25 0 0 0 0 2 260 1 0
1 32.67 9 1 9 8 5.25 1 0 0 1 2 154 1 1
1 57.42 8.5 2 10 8 7 1 1 3 0 2 0 1 1
1 37.5 1.75 1 8 5 0.25 1 0 0 1 2 164 401 0
0 22.42 5.66 2 11 4 2.585 1 1 7 0 2 129 3258 1
1 20.67 1.25 1 8 8 1.375 1 1 3 1 2 140 211 0
1 41.17 4.04 2 13 8 7 1 1 8 0 2 320 1 1
1 32 1.75 1 10 8 0.04 1 0 0 1 2 393 1 1
0 20.75 10.25 2 11 4 0.71 1 1 2 1 2 49 1 1
1 37.33 6.5 2 7 8 4.25 1 1 12 1 2 93 1 1
0 20.67 3 2 11 4 0.165 1 1 3 0 2 100 7 1
1 34.08 2.5 2 8 4 1 0 0 0 0 2 460 17 0
1 23.92 0.66 2 8 4 0.165 0 0 0 0 2 100 1 1
1 27.25 1.58 2 13 8 1.835 1 1 12 1 2 583 714 1
1 51.42 0.04 2 14 8 0.04 1 0 0 0 2 0 3001 1
1 27 0.75 2 8 8 4.25 1 1 3 1 2 312 151 1
1 36.67 4.41 1 4 4 0.25 1 1 10 1 2 320 1 1
0 20.67 1.83 2 11 4 2.085 1 1 5 0 2 220 2504 1
1 28.67 9.33 2 11 8 5.665 1 1 6 0 2 381 169 1
0 22.92 11.58 2 13 4 0.04 1 0 0 0 2 80 1350 1
1 22 7.83 1 3 5 0.165 0 0 0 1 2 184 1 0
0 28.67 1.04 2 8 4 2.5 1 1 5 1 2 300 1431 1
1 40.92 0.83 2 1 1 0 1 0 0 0 2 130 2 0
0 23.5 9 2 11 4 8.5 1 1 5 1 2 120 1 1
1 25.17 3 2 8 4 1.25 0 1 1 0 2 0 23 0
0 15.75 0.37 2 8 4 1 0 0 0 0 2 120 19 0
1 25.67 3.25 2 8 8 2.29 0 1 1 1 2 416 22 0
1 27.25 0.62 2 6 4 0.455 1 0 0 1 2 200 1 0
0 36.58 0.28 2 1 1 0 0 1 10 0 2 200 19 0
0 27.17 1.25 2 1 1 0 0 1 1 0 2 92 301 0
1 41.42 5 2 11 8 5 1 1 6 1 2 470 1 1
1 37.42 2.04 2 9 4 0.04 1 0 0 1 2 400 5801 1
0 22.83 2.29 2 11 8 2.29 1 1 7 1 2 140 2385 1
1 39.58 5 2 1 1 0 0 1 2 0 2 17 2 0
0 31.57 11.25 2 1 1 0 0 0 0 0 2 184 5201 0
0 45.33 1 2 11 4 0.125 0 0 0 1 2 263 1 0
1 22 0.79 2 9 4 0.29 0 1 1 0 2 420 284 0
1 31.92 4.46 2 13 8 6.04 1 1 3 0 2 311 301 1
0 28.08 15 1 10 9 0 1 0 0 0 2 0 13213 1
1 33.17 1 2 14 4 0.75 1 1 7 1 2 340 4072 1
0 40.83 3.5 2 3 5 0.5 0 0 0 0 1 1160 1 0
0 30 5.29 2 10 2 2.25 1 1 5 1 2 99 501 1
0 33.25 2.5 1 8 4 2.5 0 0 0 1 2 0 3 0
0 31.57 3.5 2 2 4 3 1 0 0 1 2 300 1 0
1 21.92 0.5 2 8 4 0.125 0 0 0 0 2 360 1 0
1 17.07 0.25 2 11 4 0.335 0 1 4 0 2 160 9 0
1 54.42 0.5 1 4 8 3.96 1 0 0 0 2 180 315 1
1 63.33 0.54 2 8 4 0.585 1 1 3 1 2 180 1 0
1 31.33 19.5 2 8 4 7 1 1 16 0 2 0 5001 1
1 39.33 5.87 2 13 8 10 1 1 14 1 2 399 1 1
1 48.33 12 2 7 4 16 1 0 0 0 1 110 1 1
1 19.17 9.5 2 9 4 1.5 1 0 0 0 2 120 2207 1
1 47.67 2.5 2 7 5 2.5 1 1 12 1 2 410 2511 1
1 52.42 1.5 2 2 4 3.75 0 0 0 1 2 0 351 0
1 31.25 2.83 2 1 1 0 0 1 5 0 2 176 147 0
1 22.5 11.5 1 7 4 1.5 0 0 0 1 2 0 4001 0
0 19.17 8.58 2 13 8 0.75 1 1 7 0 2 96 1 1
0 17.92 0.54 2 8 4 1.75 0 1 1 1 2 80 6 0
0 21.75 11.75 2 8 4 0.25 0 0 0 1 2 180 1 0
1 39.92 6.21 2 11 4 0.04 1 1 1 0 2 200 301 1
1 20.17 5.62 2 9 4 1.71 1 0 0 0 1 120 1 1
0 18.42 9.25 2 11 4 1.21 1 1 4 0 2 60 541 1
1 22.08 11 2 13 4 0.665 1 0 0 0 2 100 1 1
1 34.58 0 2 8 4 0 0 0 0 0 3 184 1 0
1 23.17 0 2 8 4 0 0 0 0 0 3 184 1 1
1 25.25 1 2 6 4 0.5 0 0 0 0 2 200 1 0
1 38.25 10.12 1 4 4 0.125 0 0 0 0 2 160 1 0
0 20.83 8.5 2 8 4 0.165 0 0 0 0 2 0 352 0
1 27.83 1.54 2 9 4 3.75 1 1 5 1 2 100 4 1
1 18.57 5.71 2 2 4 0.54 0 0 0 0 2 120 1 0
1 31.83 2.5 2 6 4 7.5 1 0 0 1 2 523 1 0
0 25.25 13.5 1 1 1 2 0 1 1 1 2 200 2 0
1 47.33 6.5 2 8 4 1 0 0 0 1 2 0 229 0
0 46 4 2 5 3 0 1 0 0 0 2 100 961 1
1 27.58 2.04 1 6 4 2 1 1 3 1 2 370 561 1
1 31.57 0.04 1 2 4 4.25 0 0 0 1 2 460 1 0
1 31 2.08 2 8 4 0.085 0 0 0 0 2 300 1 0
1 28.92 0.37 2 8 4 0.29 0 0 0 0 2 220 141 0
0 52.17 0 1 1 1 0 0 0 0 0 2 0 1 0

