1 43.25 3 2 11 8 6 1 1 11 0 2 80 1 1
1 26.67 4.25 2 13 4 4.29 1 1 1 1 2 120 1 1
0 35.17 3.75 2 1 1 0 0 1 6 0 2 0 201 0
1 20.67 5.29 2 11 4 0.375 1 1 1 0 2 160 1 0
1 37.5 1.12 1 2 4 1.5 0 0 0 1 2 431 1 1
1 31.57 4 2 14 4 5 1 1 3 1 2 290 2280 1
1 37.33 6.5 2 7 8 4.25 1 1 12 1 2 93 1 1
0 40.33 7.54 1 11 8 8 1 1 14 0 2 0 2301 1
1 31.92 4.46 2 13 8 6.04 1 1 3 0 2 311 301 1
1 57.42 8.5 2 10 8 7 1 1 3 0 2 0 1 1
0 17.92 0.54 2 8 4 1.75 0 1 1 1 2 80 6 0
1 40.25 21.5 2 10 9 20 1 1 11 0 2 0 1201 1
1 42 9.78 2 14 8 7.96 1 1 8 0 2 0 1 1
1 34.25 1.75 2 9 5 0.25 1 0 0 1 2 163 1 0
1 23.75 12 2 8 4 2.085 0 0 0 0 1 80 1 0
0 20.42 7.5 2 4 4 1.5 1 1 1 0 2 160 235 1
1 29.58 4.75 2 7 4 2 0 1 1 1 2 460 69 0
1 40 6.5 2 6 5 3.5 1 1 1 0 2 0 501 1
1 20.17 5.62 2 9 4 1.71 1 0 0 0 1 120 1 1
1 30.33 0.5 2 2 8 0.085 0 0 0 1 1 252 1 0
1 45 8.5 2 13 8 14 1 1 1 1 2 88 2001 1
0 25 11 1 6 4 4.5 1 0 0 0 2 120 1 0
1 21.92 0.54 1 14 4 0.04 1 1 1 1 2 840 60 1
1 26.83 0.54 2 4 1 0 0 0 0 0 2 100 1 0
1 33.58 2.75 2 7 4 4.25 1 1 6 0 2 204 1 1
1 21.67 1.16 1 4 4 2.5 1 1 1 0 2 180 21 0
0 17.57 9 2 6 4 1.375 1 0 0 1 2 0 1 1
1 27.58 3.25 1 11 8 5.085 0 1 2 1 2 369 2 0
1 22.25 0.46 2 4 4 0.125 0 0 0 1 2 280 56 0
1 34 5.5 1 8 4 1.5 0 0 0 1 2 60 1 0
1 22.75 11.5 2 3 4 0.415 0 0 0 0 2 0 1 0
1 28.75 1.16 2 4 4 0.5 1 0 0 0 1 280 1 0
1 33.5 1.75 2 14 8 4.5 1 1 4 1 2 253 858 1
1 28.58 3.62 2 6 4 0.25 0 0 0 1 2 100 1 0
1 20.17 5.62 2 9 4 1.71 1 0 0 0 1 120 1 1
1 33.17 1.04 2 12 8 6.5 1 0 0 1 2 164 31286 1
1 41.42 5 2 11 8 5 1 1 6 1 2 470 1 1
0 58.67 4.46 2 11 8 3.04 1 1 6 0 2 43 561 1
1 23.58 1.79 2 8 4 0.54 0 0 0 1 2 136 2 0
1 19.57 0.58 2 1 1 0 0 1 3 0 2 350 770 0
1 39 5 2 13 4 3.5 1 1 10 1 2 0 1 1
1 42.83 4.62 2 11 4 4.58 1 0 0 0 1 0 1 1
0 44.17 6.66 2 11 4 7.375 1 1 3 1 2 0 1 1
0 22.83 2.29 2 11 8 2.29 1 1 7 1 2 140 2385 1
0 19.5 0.16 2 11 4 0.04 0 0 0 1 2 380 1 0
1 42.83 1.25 2 7 4 13.875 0 1 1 1 2 352 113 0
1 32.33 7.5 2 10 5 1.585 1 0 0 1 1 420 1 0
1 32.83 2.5 2 13 8 2.75 1 1 6 0 2 160 2073 1
0 24.5 12.75 2 8 5 4.75 1 1 2 0 2 73 445 1
1 21.25 1.5 2 9 4 1.5 0 0 0 0 2 150 9 1
1 56.75 12.25 2 7 4 1.25 1 1 4 1 2 200 1 1
1 38.92 1.75 2 4 4 0.5 0 0 0 1 2 300 3 0
0 27.67 1.5 2 7 4 2 1 0 0 0 1 368 1 0
1 23.33 1.5 2 8 8 1.415 1 0 0 0 2 422 201 1
0 26.92 13.5 2 11 8 5 1 1 2 0 2 0 5001 1
1 41.42 5 2 11 8 5 1 1 6 1 2 470 1 1
0 20.07 1.25 2 8 4 0 0 0 0 0 2 0 1 0
1 21 3 1 2 4 1.085 1 1 8 1 2 160 2 1
0 23.75 0.71 2 9 4 0.25 0 1 1 1 2 240 5 0
1 20.42 1.08 2 11 4 1.5 0 0 0 0 2 108 8 0
0 18.25 10 2 9 4 1 0 1 1 0 2 120 2 0
1 21 4.79 1 9 4 2.25 1 1 1 1 2 80 301 1
0 58.42 21 2 3 5 10 1 1 13 0 2 0 6701 1
0 58.42 21 2 3 5 10 1 1 13 0 2 0 6701 1
1 32.75 1.5 2 13 8 5.5 1 1 3 1 2 0 1 1
1 21.5 9.75 2 8 4 0.25 1 0 0 0 2 140 1 0
1 26.17 12.5 1 4 8 1.25 0 0 0 1 2 0 18 0
1 48.08 6.04 2 4 4 0.04 0 0 0 0 2 0 2691 1
1 52.33 1.37 1 8 8 9.46 1 0 0 1 2 200 101 0
1 31.83 0.04 1 7 4 0.04 0 0 0 0 2 0 1 0
1 27.25 1.58 2 13 8 1.835 1 1 12 1 2 583 714 1
0 18.42 9.25 2 11 4 1.21 1 1 4 0 2 60 541 1
1 25.67 0.28 1 8 4 1.5 0 0 0 1 2 160 1 0
1 18.82 0 2 11 4 0.665 0 0 0 0 2 160 2 0
1 26.17 0.25 2 3 5 0 1 0 0 1 2 0 1 1
0 22.42 11.25 1 14 8 0.75 1 1 4 0 2 0 322 1
1 31.08 3.08 2 8 4 2.5 0 1 2 1 2 160 42 0
1 23.17 11.12 2 14 8 0.46 1 1 1 0 2 100 1 1
1 22.25 0.46 2 4 4 0.125 0 0 0 1 2 280 56 0
0 33.08 1.62 2 2 4 0.54 0 0 0 1 2 0 1 0
0 42.25 1.75 1 8 4 0 0 0 0 1 2 150 2 0
1 26.17 0.25 2 3 5 0 1 0 0 1 2 0 1 1
1 27.83 1 1 2 8 3 0 0 0 0 2 176 538 0
0 23.58 0.83 2 11 4 0.415 0 1 1 1 2 200 12 0
1 31.08 3.08 2 8 4 2.5 0 1 2 1 2 160 42 0
1 27.75 0.58 1 13 4 0.25 1 1 2 0 2 260 501 1
0 35.75 0.91 2 6 4 0.75 1 1 4 0 2 0 1584 1
0 36.75 5.12 2 10 4 5 1 0 0 1 2 0 4001 1
1 36.33 2.12 1 9 4 0.085 1 1 1 0 2 50 1188 1
1 57.83 7.04 2 7 4 14 1 1 6 1 2 360 1333 1
1 36.17 0.42 1 9 4 0.29 0 0 0 1 2 309 3 0
1 69.17 9 2 1 1 4 0 1 1 0 2 70 7 0
1 36.08 2.54 2 1 1 0 0 0 0 0 2 0 1001 0
1 55.92 11.5 2 1 1 5 1 1 5 0 2 0 8852 1
1 28.25 5.04 1 8 5 1.5 1 1 8 1 2 144 8 1
1 51.33 10 2 3 5 0 1 1 11 0 2 0 1250 1
0 28.08 15 1 10 9 0 1 0 0 0 2 0 13213 1
1 22.67 2.54 1 8 8 2.585 1 0 0 0 2 0 1 1
1 32.25 0.16 1 8 8 3.25 1 1 1 1 2 432 8001 1
1 32.08 4 2 7 4 2.5 1 0 0 1 2 360 1 1
0 20.07 1.25 2 8 4 0 0 0 0 0 2 0 1 0
1 31.08 3.08 2 8 4 2.5 0 1 2 1 2 160 42 0
1 20.5 2.41 2 8 4 2 1 1 11 1 2 200 3001 1
1 25.67 2.21 1 6 4 4 1 0 0 0 2 188 1 0
1 17.07 3.29 2 3 4 0.335 0 0 0 1 2 140 3 0
1 22.08 0.83 2 8 8 2.165 0 0 0 1 2 128 1 1
1 56 12.5 2 4 8 8 1 0 0 1 2 24 2029 1
1 39.33 5.87 2 13 8 10 1 1 14 1 2 399 1 1
1 34.83 4 2 2 5 12.5 1 0 0 1 2 184 1 0
1 23.25 4 2 8 5 0.25 1 0 0 1 2 160 1 1
1 31.08 1.5 1 9 4 0.04 0 0 0 0 1 160 1 0
0 33.17 2.25 1 13 4 3.5 0 0 0 1 2 200 142 0
1 33.17 3.16 1 14 4 3.165 1 1 3 1 2 380 1 1
1 18.82 0 2 11 4 0.665 0 0 0 0 2 160 2 0
1 38.42 0.7 2 8 4 0.375 0 1 2 0 2 225 501 0
0 36.75 5.12 2 10 4 5 1 0 0 1 2 0 4001 1
1 22.25 0.46 2 4 4 0.125 0 0 0 1 2 280 56 0
1 51.83 2.04 1 1 1 1.5 0 0 0 0 2 120 2 0
1 55.92 11.5 2 1 1 5 1 1 5 0 2 0 8852 1
0 21.75 11.75 2 8 4 0.25 0 0 0 1 2 180 1 0
1 34.83 4 2 2 5 12.5 1 0 0 1 2 184 1 0
1 33.75 2.75 2 3 5 0 0 0 0 0 2 180 1 0
0 19.17 8.58 2 13 8 0.75 1 1 7 0 2 96 1 1
1 29.83 2.04 1 14 8 0.04 0 0 0 0 2 128 2 0
1 25.08 1.71 2 14 4 1.665 1 1 1 1 2 395 21 1
1 33.58 2.75 2 7 4 4.25 1 1 6 0 2 204 1 1
1 20.42 1.08 2 11 4 1.5 0 0 0 0 2 108 8 0
1 31.58 0.75 1 6 4 3.5 0 0 0 1 2 320 1 0
1 20.67 0.41 2 8 4 0.125 0 0 0 0 2 0 45 0
1 62.75 7 2 10 9 0 0 0 0 0 2 0 13 0
1 20.07 0.25 2 11 4 0.125 0 0 0 0 2 200 1 0
1 40.92 0.83 2 1 1 0 1 0 0 0 2 130 2 0
1 48.17 3.5 2 6 4 3.5 1 0 0 0 1 230 1 1
1 36.67 2 2 3 4 0.25 0 0 0 1 2 221 1 0
1 33.67 1.25 2 9 4 1.165 0 0 0 0 2 120 1 0
1 20.07 0.25 2 11 4 0.125 0 0 0 0 2 200 1 0
1 25.67 2.21 1 6 4 4 1 0 0 0 2 188 1 0
1 40.58 5 2 8 4 5 1 1 7 0 2 0 3066 1
1 37.17 4 2 8 5 5 1 0 0 1 1 280 1 0
0 18.25 10 2 9 4 1 0 1 1 0 2 120 2 0
1 28.75 1.5 1 8 4 1.5 1 0 0 1 2 0 226 0
0 30.25 5.5 2 4 4 5.5 0 0 0 1 1 100 1 0
1 16 3.12 2 9 4 0.085 0 1 1 0 2 0 7 0
0 23.42 0.79 1 11 4 1.5 1 1 2 1 2 80 401 1
0 16.5 1.25 2 11 4 0.25 0 1 1 0 2 108 99 0
1 25.67 3.25 2 8 8 2.29 0 1 1 1 2 416 22 0
1 36.25 5 2 8 5 2.5 1 1 6 0 2 0 368 1
1 20.07 0.25 2 11 4 0.125 0 0 0 0 2 200 1 0
1 24.42 12.33 2 11 8 1.585 1 0 0 1 2 120 1 1
0 58.33 10 2 11 4 4 1 1 14 0 2 0 1603 1
1 31.83 2.5 2 6 4 7.5 1 0 0 1 2 523 1 0
1 64.08 20 2 14 8 17.5 1 1 9 1 2 0 1001 1
0 23.58 11.5 1 4 8 3 0 0 0 1 2 20 17 0
0 28.75 3.75 2 8 4 1.085 1 1 1 1 2 371 1 1
0 41.58 1.04 2 6 4 0.665 0 0 0 0 2 240 238 0
1 54.33 6.75 2 8 8 2.625 1 1 11 1 2 0 285 1
1 47.17 5.83 2 9 4 5.5 0 0 0 0 2 465 151 0
1 24.83 2.75 2 8 4 2.25 1 1 6 0 2 184 601 1
1 23.92 0.66 2 8 4 0.165 0 0 0 0 2 100 1 1
0 19.75 0.75 2 8 4 0.795 1 1 5 1 2 140 6 0
1 20 1.25 1 4 4 0.125 0 0 0 0 2 140 5 0
1 30.17 1.08 1 8 4 0.04 0 0 0 0 2 170 180 0
1 36.42 0.75 1 2 4 0.585 0 0 0 0 2 240 4 0
1 59.67 1.54 2 11 4 0.125 1 0 0 1 2 260 1 1
1 39.83 0.5 2 7 4 0.25 1 0 0 0 1 288 1 0
0 64.08 0.16 2 1 1 0 1 1 1 0 2 232 101 1
1 34.83 2.5 1 9 4 3 0 0 0 0 1 200 1 0
1 25 12 2 4 4 2.25 1 1 2 1 2 120 6 0
0 18.25 10 2 9 4 1 0 1 1 0 2 120 2 0
1 36.08 2.54 2 1 1 0 0 0 0 0 2 0 1001 0
1 58.58 2.71 2 8 4 2.415 0 0 0 1 2 320 1 0
1 23.33 1.5 2 8 8 1.415 1 0 0 0 2 422 201 1
1 18.82 0.41 1 8 4 0.165 0 1 1 0 2 200 2 0
0 23.5 9 2 11 4 8.5 1 1 5 1 2 120 1 1
0 27.58 3 2 7 4 2.79 0 1 1 1 2 280 11 0
0 50.08 12.54 2 6 4 2.29 1 1 3 1 2 156 1 1
1 31.57 0.62 2 4 4 0.25 0 0 0 0 2 380 2011 0
1 22.08 2.33 2 4 4 0.75 0 0 0 0 2 180 1 0
1 41.5 1.54 2 3 5 3.5 0 0 0 0 2 216 1 1
1 25.92 0.87 2 4 4 0.375 0 1 2 1 2 174 4 0
1 27.83 1 1 2 8 3 0 0 0 0 2 176 538 0
0 47.75 8 2 8 4 7.875 1 1 6 1 2 0 1261 1
0 33.67 0.37 2 13 4 0.375 0 0 0 0 2 300 45 1
0 22.5 0.41 2 3 4 0.335 0 0 0 1 1 144 1 0
1 22.08 0.83 2 8 8 2.165 0 0 0 1 2 128 1 1
1 56 12.5 2 4 8 8 1 0 0 1 2 24 2029 1
1 39.92 0.54 1 6 4 0.5 1 1 3 0 2 200 1001 1
0 33.08 4.62 2 11 8 1.625 1 1 2 0 2 0 1 1
1 32.08 4 2 7 4 2.5 1 0 0 1 2 360 1 1
1 25.5 0.37 2 7 4 0.25 1 1 3 0 2 260 15109 1
1 30.58 2.71 1 7 4 0.125 0 0 0 1 1 80 1 0
1 32 1.75 1 10 8 0.04 1 0 0 1 2 393 1 1
1 23 0.62 1 6 4 0.125 1 0 0 0 2 180 2 0
1 24.58 12.5 2 9 4 0.875 1 0 0 1 2 260 1 0
1 27.67 0.75 2 11 8 0.165 0 0 0 1 2 220 252 0
1 22.67 0.16 2 8 3 2.25 0 0 0 1 1 0 1 1
0 30.42 1.37 2 9 8 0.04 0 1 3 0 2 0 34 0
1 36.5 4.25 2 11 4 3.5 0 0 0 0 2 454 51 0
1 34 5.08 1 3 5 1.085 0 0 0 1 2 480 1 0
1 27.83 1.5 2 9 4 2.25 0 1 1 1 2 100 4 0
1 15.17 7 2 10 4 1 0 0 0 0 2 600 1 0
1 43.17 2.25 2 3 5 0.75 1 0 0 0 2 560 1 0
1 34 5.08 1 3 5 1.085 0 0 0 1 2 480 1 0
0 38.58 5 2 13 4 13.5 1 0 0 1 2 980 1 0
0 20.67 3 2 11 4 0.165 1 1 3 0 2 100 7 1
1 25.67 2.21 1 6 4 4 1 0 0 0 2 188 1 0
0 20.83 0.5 1 10 2 1 0 0 0 0 2 260 1 0
1 44.25 0.5 2 7 4 10.75 1 0 0 0 1 400 1 0
1 24.83 2.75 2 8 4 2.25 1 1 6 0 2 184 601 1
1 34.42 1.33 2 3 5 0.125 0 0 0 1 2 440 4501 0
0 18.57 10 2 2 4 0.415 0 0 0 0 2 80 43 0
1 22.58 10.03 2 14 4 0.04 1 1 9 0 2 60 397 1
1 37.5 1.75 1 8 5 0.25 1 0 0 1 2 164 401 0
1 43 0.28 1 13 8 1.75 1 1 8 0 2 100 376 1
0 26.17 2 2 5 3 0 0 0 0 1 2 276 2 0
0 20.07 1.25 2 8 4 0 0 0 0 0 2 0 1 0
0 28.08 15 1 10 9 0 1 0 0 0 2 0 13213 1
1 39.33 5.87 2 13 8 10 1 1 14 1 2 399 1 1
1 27.83 1 1 2 8 3 0 0 0 0 2 176 538 0
1 15.17 7 2 10 4 1 0 0 0 0 2 600 1 0
1 25.67 0.28 1 8 4 1.5 0 0 0 1 2 160 1 0
1 34 5.5 1 8 4 1.5 0 0 0 1 2 60 1 0
1 32.75 2.33 2 2 8 5.75 0 0 0 1 2 292 1 0
1 41.17 1.25 1 9 4 0.25 0 0 0 0 2 0 196 0
1 64.08 20 2 14 8 17.5 1 1 9 1 2 0 1001 1
0 26.08 8.66 2 6 4 1.415 1 0 0 0 2 160 151 1
1 22.17 0.58 1 1 1 0 0 0 0 0 2 100 1 0
1 32.75 2.33 2 2 8 5.75 0 0 0 1 2 292 1 0
1 23.08 0 2 4 4 1 0 1 11 0 1 0 1 0
1 20 1.25 1 4 4 0.125 0 0 0 0 2 140 5 0
0 22.67 0.75 2 8 4 2 0 1 2 1 2 200 395 0
1 33.58 0.33 1 13 4 0.085 0 0 0 0 2 180 1 0
1 29.42 1.25 2 8 8 0.25 0 1 2 1 2 400 109 0
1 24.17 0.87 2 11 4 4.625 1 1 2 1 2 520 2001 1
0 23.42 0.79 1 11 4 1.5 1 1 2 1 2 80 401 1
1 21.33 10.5 2 8 4 3 1 0 0 1 2 0 1 1
1 30.33 0.5 2 2 8 0.085 0 0 0 1 1 252 1 0
1 52.33 1.37 1 8 8 9.46 1 0 0 1 2 200 101 0
0 71.58 0 2 8 4 0 0 0 0 0 3 184 1 1
1 28.58 3.62 2 6 4 0.25 0 0 0 1 2 100 1 0
1 22.67 0.75 2 3 4 1.585 0 1 1 1 2 400 10 0
1 31.57 5 1 6 4 8.5 1 0 0 0 2 0 1 0
1 21.83 11 2 14 4 0.29 1 1 6 0 2 121 1 1
1 64.08 20 2 14 8 17.5 1 1 9 1 2 0 1001 1
0 25.17 2.87 2 14 8 0.875 1 0 0 0 2 360 1 1
0 22.92 11.58 2 13 4 0.04 1 0 0 0 2 80 1350 1
0 31.75 3 1 5 3 0 0 0 0 0 2 160 21 0
0 36.75 5.12 2 10 4 5 1 0 0 1 2 0 4001 1
1 35.25 16.5 1 8 4 4 1 0 0 0 2 80 1 0
1 33.75 2.75 2 3 5 0 0 0 0 0 2 180 1 0
0 33.08 4.62 2 11 8 1.625 1 1 2 0 2 0 1 1
1 31.08 1.5 1 9 4 0.04 0 0 0 0 1 160 1 0
1 27.75 0.58 1 13 4 0.25 1 1 2 0 2 260 501 1
1 21.58 0.79 1 13 4 0.665 0 0 0 0 2 160 1 0
1 19.67 0.37 2 11 4 2 1 1 2 1 2 80 1 1
1 57.83 7.04 2 7 4 14 1 1 6 1 2 360 1333 1
1 26.75 1.12 2 14 8 1.25 1 0 0 0 2 0 5299 1
1 17.67 4.46 2 8 4 0.25 0 0 0 0 1 80 1 0
1 25 12 2 4 4 2.25 1 1 2 1 2 120 6 0
1 31.67 16.16 2 2 4 3 1 1 9 0 2 250 731 1
0 46 4 2 5 3 0 1 0 0 0 2 100 961 1
1 19.5 0.28 2 4 4 0.29 0 0 0 0 2 280 365 0
0 57.58 2 2 1 1 6.5 0 1 1 0 2 0 11 0
0 24.08 0.5 2 11 8 1.25 1 1 1 0 2 0 679 1
1 26.67 2.71 1 13 4 5.25 1 1 1 0 2 211 1 1
1 31.08 1.5 1 9 4 0.04 0 0 0 0 1 160 1 0
0 16 0.16 2 6 4 1 0 1 2 1 2 320 2 0
1 27 1.5 1 9 4 0.375 1 0 0 1 2 260 1066 1
1 23.17 0 2 13 4 0.085 1 0 0 0 2 0 1 1
1 28 3 2 9 4 0.75 0 0 0 1 2 300 68 0
0 30 5.29 2 10 2 2.25 1 1 5 1 2 99 501 1
1 41 0.04 2 10 4 0.04 0 1 1 0 1 560 1 1
0 19.67 0.21 2 11 8 0.29 1 1 11 0 2 80 100 1
1 39.42 1.71 1 7 4 0.165 0 0 0 0 1 400 1 0
1 23.92 1.5 2 2 8 1.875 1 1 6 0 2 200 328 1
1 33.17 3.04 1 8 8 2.04 1 1 1 1 2 180 18028 1
0 17.57 9 2 6 4 1.375 1 0 0 1 2 0 1 1
1 23 0.75 2 7 4 0.5 0 0 0 1 1 320 1 0
0 22.67 0.33 2 11 4 0.75 0 0 0 0 1 160 1 0
0 23.25 5.87 2 11 4 3.17 1 1 10 0 2 120 246 1
0 20.32 10 2 8 8 1 1 1 4 0 2 50 1466 1
0 24.33 2.5 1 3 5 4.5 0 0 0 0 2 200 457 0
1 25.25 1 2 6 4 0.5 0 0 0 0 2 200 1 0
1 32.33 7.5 2 10 5 1.585 1 0 0 1 1 420 1 0
1 18.5 2 2 3 4 1.5 1 1 2 0 2 120 301 1
1 36.75 0.12 1 8 4 1.5 0 0 0 1 2 232 114 1
1 29.58 4.5 2 9 4 7.5 1 1 2 1 2 330 1 1
1 31.57 0.04 1 2 4 4.25 0 0 0 1 2 460 1 0
1 41.92 0.42 2 8 8 0.21 1 1 6 0 2 220 949 1
0 17.82 11 2 14 8 1 1 1 11 0 2 0 3001 1
1 23 0.75 2 7 4 0.5 0 0 0 1 1 320 1 0
1 18.17 2.46 2 8 7 0.96 0 1 2 1 2 160 588 0
0 31.75 3 1 5 3 0 0 0 0 0 2 160 21 0
1 32.25 14 1 1 1 0 0 1 2 0 2 160 2 0
0 27.67 1.5 2 7 4 2 1 0 0 0 1 368 1 0
1 23.92 0.66 2 8 4 0.165 0 0 0 0 2 100 1 1
0 25.25 13.5 1 1 1 2 0 1 1 1 2 200 2 0
0 33.17 2.25 1 13 4 3.5 0 0 0 1 2 200 142 0
1 18.5 2 2 3 4 1.5 1 1 2 0 2 120 301 1
0 20.42 0.83 2 11 4 1.585 1 1 1 0 2 0 1 1
1 57.83 7.04 2 7 4 14 1 1 6 1 2 360 1333 1
1 24.58 1.25 2 8 4 0.25 0 0 0 0 2 110 1 0
0 25.25 13.5 1 1 1 2 0 1 1 1 2 200 2 0
1 32.25 0.16 1 8 8 3.25 1 1 1 1 2 432 8001 1
0 22.67 3.8 2 8 4 0.165 0 0 0 0 2 160 1 0
1 47.67 0.28 2 8 5 15 1 1 20 0 2 0 15001 1
1 31.57 0.62 2 4 4 0.25 0 0 0 0 2 380 2011 0
0 22.67 0.33 2 11 4 0.75 0 0 0 0 1 160 1 0
0 33.75 0.75 2 4 5 1 1 1 3 1 2 212 1 0
1 73.42 17.75 2 1 1 0 1 0 0 1 2 0 1 1
1 25.92 0.87 2 4 4 0.375 0 1 2 1 2 174 4 0
0 22.5 0.41 2 3 4 0.335 0 0 0 1 1 144 1 0
1 23.17 0 2 13 4 0.085 1 0 0 0 2 0 1 1
1 44.25 0.5 2 7 4 10.75 1 0 0 0 1 400 1 0
0 18.82 4.41 1 8 8 3 1 0 0 0 2 240 1 1
1 25.67 3.25 2 8 8 2.29 0 1 1 1 2 416 22 0
1 25.75 0.75 2 8 5 0.25 1 0 0 0 2 349 24 1
1 36.5 4.25 2 11 4 3.5 0 0 0 0 2 454 51 0
1 37.5 1.75 1 8 5 0.25 1 0 0 1 2 164 401 0
0 45.33 1 2 11 4 0.125 0 0 0 1 2 263 1 0
1 21.83 0.25 2 2 8 0.665 1 0 0 1 2 0 1 1
1 80.25 5.5 2 8 4 0.54 1 0 0 0 2 0 341 0
0 36.75 4.71 2 1 1 0 0 0 0 0 2 160 1 0
1 16.17 0.04 2 8 4 0.04 0 0 0 0 2 0 1 1
0 24.5 1.75 1 8 4 0.165 0 0 0 0 2 132 1 0
1 42.17 5.04 2 11 8 12.75 1 0 0 1 2 92 1 1
0 20.07 0.12 2 11 4 1 0 1 1 0 2 240 769 1
0 39.08 4 2 8 4 3 0 0 0 0 2 480 1 0
1 22.25 0.46 2 4 4 0.125 0 0 0 1 2 280 56 0
0 36 1 2 8 4 2 1 1 11 0 2 0 457 1
1 31.67 16.16 2 2 4 3 1 1 9 0 2 250 731 1
0 22.42 11.25 1 14 8 0.75 1 1 4 0 2 0 322 1
1 28.58 3.62 2 6 4 0.25 0 0 0 1 2 100 1 0
1 27.83 1 1 2 8 3 0 0 0 0 2 176 538 0
1 58.58 2.71 2 8 4 2.415 0 0 0 1 2 320 1 0
1 21.92 0.5 2 8 4 0.125 0 0 0 0 2 360 1 0
0 24.33 2.5 1 3 5 4.5 0 0 0 0 2 200 457 0
1 29.83 3.5 2 8 4 0.165 0 0 0 0 2 216 1 0
1 37.33 6.5 2 7 8 4.25 1 1 12 1 2 93 1 1
0 27.67 2.04 2 9 4 0.25 0 0 0 1 2 180 51 0
1 47.67 2.5 2 7 5 2.5 1 1 12 1 2 410 2511 1
1 21 3 1 2 4 1.085 1 1 8 1 2 160 2 1
1 24.58 13.5 1 1 1 0 0 0 0 0 2 184 1 0
0 21.75 1.75 1 5 3 0 0 0 0 0 2 160 1 0
0 69.5 6 2 1 1 0 0 0 0 0 1 0 1 0
1 29.92 1.83 2 8 8 4.335 1 0 0 0 2 260 201 1
1 39.17 1.71 2 14 4 0.125 1 1 5 1 2 480 1 1
0 47.42 8 2 10 5 6.5 1 1 6 0 2 375 51101 1
0 21.08 5 1 1 1 0 0 0 0 0 2 0 1 0
1 24.5 13.33 1 6 4 0.04 0 0 0 1 2 120 476 0
0 49.83 13.58 2 4 8 8.5 1 0 0 1 2 0 1 1
1 32.08 4 1 13 4 1.5 0 0 0 1 2 120 1 0
1 36.67 2 2 3 4 0.25 0 0 0 1 2 221 1 0
1 18.42 10.41 1 6 4 0.125 1 0 0 0 2 120 376 0
0 32 6 2 2 4 1.25 0 0 0 0 2 272 1 0
0 19.17 5.41 2 3 8 0.29 0 0 0 0 2 80 485 0
1 26.67 1.75 1 8 4 1 1 1 5 1 2 160 5778 1
0 22.67 3.8 2 8 4 0.165 0 0 0 0 2 160 1 0
1 25.17 3 2 8 4 1.25 0 1 1 0 2 0 23 0
1 20 7 2 8 4 0.5 0 0 0 0 2 0 1 0
0 25.58 0 2 8 4 0 0 0 0 0 3 184 1 1
0 40.83 3.5 2 3 5 0.5 0 0 0 0 1 1160 1 0
1 16.17 0.04 2 8 4 0.04 0 0 0 0 2 0 1 1
1 27.25 1.58 2 13 8 1.835 1 1 12 1 2 583 714 1
1 39 5 2 13 4 3.5 1 1 10 1 2 0 1 1
1 21.5 9.75 2 8 4 0.25 1 0 0 0 2 140 1 0
1 33.58 0.25 2 3 5 4 0 0 0 1 1 420 1 0
0 17.92 0.54 2 8 4 1.75 0 1 1 1 2 80 6 0
1 16.25 0 1 6 4 0.25 0 0 0 0 2 60 1 0
1 29.5 0.57 2 9 4 0.29 0 1 1 0 2 340 2804 0
1 18.82 0 2 11 4 0.665 0 0 0 0 2 160 2 0
1 32.08 4 1 13 4 1.5 0 0 0 1 2 120 1 0
1 43.08 0.37 1 8 4 0.375 1 1 8 1 2 300 163 1
0 20.67 1.83 2 11 4 2.085 1 1 5 0 2 220 2504 1
0 18.07 0.37 3 13 1 10 0 0 0 1 1 300 1 1
1 31.42 15.5 2 8 4 0.5 1 0 0 0 2 120 1 0
1 20 0 2 2 4 0.5 0 0 0 0 2 144 1 0
0 41 2.04 1 11 8 0.125 1 1 23 1 2 455 1237 1
1 23.42 1 2 8 4 0.5 0 0 0 1 1 280 1 0
1 31.08 3.08 2 8 4 2.5 0 1 2 1 2 160 42 0
1 29.67 0.75 1 8 4 0.04 0 0 0 0 2 240 1 0
0 23.58 0.58 1 1 1 0.125 0 0 0 0 2 120 88 0
0 15.83 7.62 2 11 4 0.125 0 1 1 1 2 0 161 0
0 40.83 10 2 11 8 1.75 1 0 0 0 2 29 838 1
1 22 7.83 1 3 5 0.165 0 0 0 1 2 184 1 0
1 28 2 2 4 8 4.165 1 1 2 1 2 181 1 1

