1 23.42 0.58 2 8 8 0.085 1 0 0 0 2 180 1 0
1 31.57 0.04 1 2 4 4.25 0 0 0 1 2 460 1 0
0 22.67 0.33 2 11 4 0.75 0 0 0 0 1 160 1 0
1 23.17 0 2 8 4 0 0 0 0 0 3 184 1 1
1 36.17 0.42 1 9 4 0.29 0 0 0 1 2 309 3 0
1 40.92 0.83 2 1 1 0 1 0 0 0 2 130 2 0
0 30.42 1.37 2 9 8 0.04 0 1 3 0 2 0 34 0
1 29.67 1.41 2 9 8 0.75 1 1 1 0 2 240 101 1
0 38.75 1.5 2 1 1 0 0 0 0 0 2 76 1 0
1 21.33 7.5 2 6 4 1.415 1 1 1 0 2 80 9801 1
0 22.83 2.29 2 11 8 2.29 1 1 7 1 2 140 2385 1
0 20.07 0.12 2 11 4 1 0 1 1 0 2 240 769 1
1 39.92 0.54 1 6 4 0.5 1 1 3 0 2 200 1001 1
1 36.5 4.25 2 11 4 3.5 0 0 0 0 2 454 51 0
1 27.42 12.5 2 6 5 0.25 0 0 0 1 2 720 1 0
1 17.07 3.29 2 3 4 0.335 0 0 0 1 2 140 3 0
0 50.08 12.54 2 6 4 2.29 1 1 3 1 2 156 1 1
0 37.33 2.5 2 3 8 0.21 0 0 0 0 2 260 247 0
1 15.17 7 2 10 4 1 0 0 0 0 2 600 1 0
1 69.17 9 2 1 1 4 0 1 1 0 2 70 7 0
0 19.75 0.75 2 8 4 0.795 1 1 5 1 2 140 6 0
1 16.25 0 1 6 4 0.25 0 0 0 0 2 60 1 0
1 31.57 4 2 14 4 5 1 1 3 1 2 290 2280 1
1 37.42 2.04 2 9 4 0.04 1 0 0 1 2 400 5801 1
0 27.67 1.5 2 7 4 2 1 0 0 0 1 368 1 0
0 22.5 8.5 2 11 4 1.75 1 1 10 0 2 80 991 0
1 31.08 1.5 1 9 4 0.04 0 0 0 0 1 160 1 0
1 32.33 2.5 2 8 4 1.25 0 0 0 1 2 280 1 0
1 25.92 0.87 2 4 4 0.375 0 1 2 1 2 174 4 0
1 40 6.5 2 6 5 3.5 1 1 1 0 2 0 501 1
1 21 4.79 1 9 4 2.25 1 1 1 1 2 80 301 1
0 24.5 12.75 2 8 5 4.75 1 1 2 0 2 73 445 1
1 31.57 5 1 6 4 8.5 1 0 0 0 2 0 1 0
0 23.58 0.83 2 11 4 0.415 0 1 1 1 2 200 12 0
1 19.5 0.28 2 4 4 0.29 0 0 0 0 2 280 365 0
0 41 2.04 1 11 8 0.125 1 1 23 1 2 455 1237 1
1 64.08 20 2 14 8 17.5 1 1 9 1 2 0 1001 1
1 34.17 9.17 2 8 4 4.5 1 1 12 1 2 0 222 1
1 19.42 7.25 2 7 4 0.04 0 1 1 0 2 100 2 0
1 34.17 9.17 2 8 4 4.5 1 1 12 1 2 0 222 1
1 31.57 10.5 2 14 4 6.5 1 0 0 0 2 0 1 1
1 30.83 0 2 9 4 1.25 1 1 1 0 2 202 1 1
1 31.92 4.46 2 13 8 6.04 1 1 3 0 2 311 301 1
1 22.67 0.16 2 8 3 2.25 0 0 0 1 1 0 1 1
1 52.5 6.5 2 4 4 6.29 1 1 15 0 2 0 11203 1
1 22.25 0.46 2 4 4 0.125 0 0 0 1 2 280 56 0
1 16.92 0.33 1 4 4 0.29 0 0 0 0 1 200 1 0
1 26.75 2 2 2 4 0.75 0 0 0 1 2 80 1 0
0 27.25 0.28 2 7 8 0.125 0 1 1 1 2 272 109 0
0 28.17 0.37 2 11 4 0.585 1 1 4 0 2 80 1 1
1 19.5 0.28 2 4 4 0.29 0 0 0 0 2 280 365 0
0 41.58 1.04 2 6 4 0.665 0 0 0 0 2 240 238 0
1 42.75 3 2 3 5 1 1 0 0 0 2 0 201 0
1 39.17 2.5 1 3 8 10 0 0 0 1 1 200 1 0
1 23.08 11.5 2 3 4 3.5 1 1 9 0 2 56 743 1
0 20.42 10.5 1 14 8 0 0 0 0 1 2 154 33 0
0 23.75 0.71 2 9 4 0.25 0 1 1 1 2 240 5 0
0 23.58 0.58 1 1 1 0.125 0 0 0 0 2 120 88 0
1 28.33 5 2 9 4 11 1 0 0 1 2 70 1 1
1 39.17 1.62 2 8 4 1.5 1 1 10 0 2 186 4701 1
1 47.67 2.5 2 7 5 2.5 1 1 12 1 2 410 2511 1
0 22.25 1.25 1 1 1 3.25 0 0 0 0 2 280 1 0
1 35.25 3.16 2 14 8 3.75 1 0 0 1 2 680 1 0
1 39.83 0.5 2 7 4 0.25 1 0 0 0 1 288 1 0
1 20.42 0 2 8 4 0 0 0 0 0 3 184 1 0
1 34 5.08 1 3 5 1.085 0 0 0 1 2 480 1 0
1 37.5 1.75 1 8 5 0.25 1 0 0 1 2 164 401 0
1 29.25 14.79 2 6 4 5.04 1 1 5 1 2 168 1 1
0 20.42 7.5 2 4 4 1.5 1 1 1 0 2 160 235 1
1 23.92 1.5 2 2 8 1.875 1 1 6 0 2 200 328 1
0 24.5 2.41 1 8 4 0 0 0 0 0 2 120 1 0
1 22.67 0.75 2 3 4 1.585 0 1 1 1 2 400 10 0
1 34.67 1.08 2 7 4 1.165 0 0 0 0 1 28 1 0
1 36.08 2.54 2 1 1 0 0 0 0 0 2 0 1001 0
1 27.58 3.25 1 11 8 5.085 0 1 2 1 2 369 2 0
1 17.07 0.08 1 8 4 0.04 0 0 0 0 2 140 723 0
1 24.5 13.33 1 6 4 0.04 0 0 0 1 2 120 476 0
1 41.92 0.42 2 8 8 0.21 1 1 6 0 2 220 949 1
1 18.42 10.41 1 6 4 0.125 1 0 0 0 2 120 376 0
0 36 1 2 8 4 2 1 1 11 0 2 0 457 1
1 49.58 19 2 1 1 0 1 1 1 0 2 94 1 0
1 23.58 1.79 2 8 4 0.54 0 0 0 1 2 136 2 0
1 51.58 15 2 8 4 8.5 1 1 9 0 2 0 1 1
1 22.75 11.5 2 3 4 0.415 0 0 0 0 2 0 1 0
1 53.92 9.62 2 10 4 8.665 1 1 5 0 2 0 1 1
1 22.92 3.16 1 8 4 0.165 0 0 0 0 2 160 1059 0
0 15.83 0.58 2 8 8 1.5 1 1 2 0 2 100 1 1
1 20 11.04 2 8 4 2 0 0 0 1 2 136 1 0
1 34.83 4 2 2 5 12.5 1 0 0 1 2 184 1 0
1.234 22.08 11.46 2 4 4 1.585 0 0 0 1 2 100 1213 0
0 47 13 2 3 5 5.165 1 1 9 1 2 0 1 1
1 23.5 3.16 1 4 4 0.415 0 1 1 1 2 280 81 0
1 33.17 3.04 1 8 8 2.04 1 1 1 1 2 180 18028 1
1 25 12.5 2 6 4 3 1 0 0 1 1 20 1 1
0 29.5 1.08 1 14 4 1 0 0 0 0 2 280 14 0
1 32.33 2.5 2 8 4 1.25 0 0 0 1 2 280 1 0
1 36.08 2.54 2 1 1 0 0 0 0 0 2 0 1001 0
0 34.83 1.25 1 3 8 0.5 0 0 0 1 2 160 1 0
1 24.17 0.87 2 11 4 4.625 1 1 2 1 2 520 2001 1
0 18.82 9.53 2 6 4 0.085 1 0 0 0 2 100 1 1
0 27.67 2.04 2 9 4 0.25 0 0 0 1 2 180 51 0
1 59.67 1.54 2 11 4 0.125 1 0 0 1 2 260 1 1
1 23.08 0 2 4 4 1 0 1 11 0 1 0 1 0
1 31.08 3.08 2 8 4 2.5 0 1 2 1 2 160 42 0
0 52.5 7 2 6 8 3 0 0 0 0 2 0 1 0
0 71.58 0 2 8 4 0 0 0 0 0 3 184 1 1
1 21 4.79 1 9 4 2.25 1 1 1 1 2 80 301 1
1 29.67 0.75 1 8 4 0.04 0 0 0 0 2 240 1 0
0 45.83 10.5 2 11 4 5 1 1 7 1 2 0 1 1
1 55.92 11.5 2 1 1 5 1 1 5 0 2 0 8852 1
0 24.75 13.66 2 11 8 1.5 0 0 0 0 2 280 2 0
1 41.42 5 2 11 8 5 1 1 6 1 2 470 1 1
1 28.25 5.12 2 14 4 4.75 1 1 2 0 2 420 8 1
1 27.83 1.5 2 9 4 2.25 0 1 1 1 2 100 4 0
1 44.83 7 1 8 4 1.625 0 0 0 0 2 160 3 0
1 31.33 19.5 2 8 4 7 1 1 16 0 2 0 5001 1
1 34.42 1.33 2 3 5 0.125 0 0 0 1 2 440 4501 0
0 36.75 4.71 2 1 1 0 0 0 0 0 2 160 1 0
1 43.25 25.21 2 11 8 0.21 1 1 1 0 2 760 91 0
1 39.92 6.21 2 11 4 0.04 1 1 1 0 2 200 301 1
1 21.83 0.25 2 2 8 0.665 1 0 0 1 2 0 1 1
1 56.75 12.25 2 7 4 1.25 1 1 4 1 2 200 1 1
0 23.58 11.5 1 4 8 3 0 0 0 1 2 20 17 0
1 27.83 1.54 2 9 4 3.75 1 1 5 1 2 100 4 1
0 15.83 0.58 2 8 8 1.5 1 1 2 0 2 100 1 1
1 35.75 2.41 2 9 4 0.125 0 1 2 0 2 220 2 0
1 33.58 2.75 2 7 4 4.25 1 1 6 0 2 204 1 1
1 47.33 6.5 2 8 4 1 0 0 0 1 2 0 229 0
0 29.5 2 1 10 8 2 0 0 0 0 2 256 18 0
0 22.25 1.25 1 1 1 3.25 0 0 0 0 2 280 1 0
1 19 1.75 1 8 4 2.335 0 0 0 1 2 112 7 0
0 52.83 15 2 8 4 5.5 1 1 14 0 2 0 2201 1
1 80.25 5.5 2 8 4 0.54 1 0 0 0 2 0 341 0
0 47.42 8 2 10 5 6.5 1 1 6 0 2 375 51101 1
1 24.33 6.62 1 2 4 5.5 1 0 0 1 1 100 1 1
1 56.42 28 1 8 4 28.5 1 1 40 0 2 0 16 1
0 50.25 0.83 2 6 4 0.5 0 0 0 1 2 240 118 0
1 37.5 0.83 2 10 4 0.04 0 0 0 0 2 120 6 0
0 24.75 3 2 11 8 1.835 1 1 19 0 2 0 501 1
0 23 11.75 2 14 8 0.5 1 1 2 1 2 300 552 1
0 26.08 8.66 2 6 4 1.415 1 0 0 0 2 160 151 1
1 17.07 3.29 2 3 4 0.335 0 0 0 1 2 140 3 0
1 25.67 0.28 1 8 4 1.5 0 0 0 1 2 160 1 0
0 15.83 7.62 2 11 4 0.125 0 1 1 1 2 0 161 0
1 29.58 4.5 2 9 4 7.5 1 1 2 1 2 330 1 1
1 25.67 3.25 2 8 8 2.29 0 1 1 1 2 416 22 0
1 42 9.78 2 14 8 7.96 1 1 8 0 2 0 1 1
1 35.25 16.5 1 8 4 4 1 0 0 0 2 80 1 0
0 49.83 13.58 2 4 8 8.5 1 0 0 1 2 0 1 1
1 16.32 2.75 2 6 4 0.665 0 1 1 0 2 80 22 0
1 25 12.5 2 6 4 3 1 0 0 1 1 20 1 1
1 35.75 2.41 2 9 4 0.125 0 1 2 0 2 220 2 0
1 34.42 4.25 2 3 5 3.25 1 1 2 0 2 274 611 1
1 42.75 4.08 2 6 4 0.04 0 0 0 0 2 108 101 0
0 16.5 1.25 2 11 4 0.25 0 1 1 0 2 108 99 0
0 58.42 21 2 3 5 10 1 1 13 0 2 0 6701 1
0 28.5 3.04 1 14 8 2.54 1 1 1 0 2 70 1 1
1 28.75 1.5 1 8 4 1.5 1 0 0 1 2 0 226 0
1 27.67 0.75 2 11 8 0.165 0 0 0 1 2 220 252 0
1 39.42 1.71 1 7 4 0.165 0 0 0 0 1 400 1 0
0 35.17 3.75 2 1 1 0 0 1 6 0 2 0 201 0
0 33.92 1.58 1 1 1 0 1 0 0 0 2 320 1 0
1 53.92 9.62 2 10 4 8.665 1 1 5 0 2 0 1 1
1 21 3 1 2 4 1.085 1 1 8 1 2 160 2 1
1 36.25 5 2 8 5 2.5 1 1 6 0 2 0 368 1
1 24.58 13.5 1 1 1 0 0 0 0 0 2 184 1 0
1 44.83 7 1 8 4 1.625 0 0 0 0 2 160 3 0
1 19 0 1 1 1 0 0 1 4 0 2 45 2 0
1 49.17 2.29 2 1 1 0.29 0 0 0 0 2 200 4 0
1 25 12.5 2 6 4 3 1 0 0 1 1 20 1 1
1 23.08 11.5 2 3 4 3.5 1 1 9 0 2 56 743 1
0 19.67 0.21 2 11 8 0.29 1 1 11 0 2 80 100 1
0 20.5 11.83 2 8 8 6 1 0 0 0 2 340 1 1
1 21.25 1.5 2 9 4 1.5 0 0 0 0 2 150 9 1
1 24.58 1.25 2 8 4 0.25 0 0 0 0 2 110 1 0
0 28.5 1 2 11 4 1 1 1 2 1 2 167 501 0
1 25.67 0.28 1 8 4 1.5 0 0 0 1 2 160 1 0
0 37.33 2.5 2 3 8 0.21 0 0 0 0 2 260 247 0
1 40.92 0.83 2 1 1 0 1 0 0 0 2 130 2 0
1 20.67 5.29 2 11 4 0.375 1 1 1 0 2 160 1 0
1 37.5 1.12 1 2 4 1.5 0 0 0 1 2 431 1 1
1 28.75 1.5 1 8 4 1.5 1 0 0 1 2 0 226 0
0 19.5 0.16 2 11 4 0.04 0 0 0 1 2 380 1 0
1 56.75 12.25 2 7 4 1.25 1 1 4 1 2 200 1 1
1 49.58 19 2 1 1 0 1 1 1 0 2 94 1 0
1 23.08 0 2 4 4 1 0 1 11 0 1 0 1 0
0 33.08 4.62 2 11 8 1.625 1 1 2 0 2 0 1 1
1 36.25 5 2 8 5 2.5 1 1 6 0 2 0 368 1
0 23 11.75 2 14 8 0.5 1 1 2 1 2 300 552 1
1 34.92 2.5 2 9 4 0 1 0 0 1 2 239 201 1
1 22.25 0.46 2 4 4 0.125 0 0 0 1 2 280 56 0
1 38.42 0.7 2 8 4 0.375 0 1 2 0 2 225 501 0
0 22.5 0.41 2 3 4 0.335 0 0 0 1 1 144 1 0
0 33.08 4.62 2 11 8 1.625 1 1 2 0 2 0 1 1
0 23.25 5.87 2 11 4 3.17 1 1 10 0 2 120 246 1
1 39.17 1.71 2 14 4 0.125 1 1 5 1 2 480 1 1
1 17.67 4.46 2 8 4 0.25 0 0 0 0 1 80 1 0
1 43.17 2.25 2 3 5 0.75 1 0 0 0 2 560 1 0
1 25.42 0.54 2 9 4 0.165 0 1 1 0 2 272 445 0
1 36.25 5 2 8 5 2.5 1 1 6 0 2 0 368 1
1 31.08 1.5 1 9 4 0.04 0 0 0 0 1 160 1 0
1 34.17 2.75 2 3 5 2.5 0 0 0 1 2 232 201 0
1 21.67 1.16 1 4 4 2.5 1 1 1 0 2 180 21 0
1 26.67 2.71 1 13 4 5.25 1 1 1 0 2 211 1 1
1 28 3 2 9 4 0.75 0 0 0 1 2 300 68 0
0 60.58 16.5 2 11 4 11 1 0 0 1 2 21 10562 1
1 34.42 1.33 2 3 5 0.125 0 0 0 1 2 440 4501 0
1 39.17 1.71 2 14 4 0.125 1 1 5 1 2 480 1 1
1 18.17 2.46 2 8 7 0.96 0 1 2 1 2 160 588 0
0 19.5 0.16 2 11 4 0.04 0 0 0 1 2 380 1 0
1 35.17 2.5 2 4 4 4.5 1 1 7 0 2 150 1271 1
0 17.92 10.21 2 1 1 0 0 0 0 0 2 0 51 0
1 28.75 1.5 1 8 4 1.5 1 0 0 1 2 0 226 0
0 35.17 3.75 2 1 1 0 0 1 6 0 2 0 201 0
1 31.08 1.5 1 9 4 0.04 0 0 0 0 1 160 1 0
1 17.07 0.08 1 8 4 0.04 0 0 0 0 2 140 723 0
1 21.83 0.25 2 2 8 0.665 1 0 0 1 2 0 1 1
1 55.92 11.5 2 1 1 5 1 1 5 0 2 0 8852 1
1 31.57 4 1 3 4 0.085 0 0 0 1 2 411 1 0
0 16.32 0.21 2 6 4 0.125 0 0 0 0 2 200 2 0
0 24.75 12.5 2 6 4 1.5 1 1 12 1 2 120 568 1
1 23.25 4 2 8 5 0.25 1 0 0 1 2 160 1 1
1 52.33 1.37 1 8 8 9.46 1 0 0 1 2 200 101 0
1 34.42 4.25 2 3 5 3.25 1 1 2 0 2 274 611 1
0 52.5 7 2 6 8 3 0 0 0 0 2 0 1 0
0 33.92 1.58 1 1 1 0 1 0 0 0 2 320 1 0
0 28.17 0.37 2 11 4 0.585 1 1 4 0 2 80 1 1
0 37.75 5.5 2 11 4 0.125 1 0 0 1 2 228 1 1
1 28.25 5.12 2 14 4 4.75 1 1 2 0 2 420 8 1
1 29.25 13 2 2 8 0.5 0 0 0 0 2 228 1 0
0 19.17 5.41 2 3 8 0.29 0 0 0 0 2 80 485 0
0 32.25 1.5 2 8 4 0.25 0 0 0 1 2 372 123 0
0 22.25 1.25 1 1 1 3.25 0 0 0 0 2 280 1 0
1 74.83 19 1 1 1 0.04 0 1 2 0 2 0 352 0
0 27.25 0.28 2 7 8 0.125 0 1 1 1 2 272 109 0
1 19.17 4 1 3 4 1 0 0 0 1 2 360 1001 0
1 31.57 4 1 3 4 0.085 0 0 0 1 2 411 1 0
1 42 0.2 2 3 8 5.125 1 0 0 0 2 400 1 1
0 18.82 9.53 2 6 4 0.085 1 0 0 0 2 100 1 1
1 22.17 12.12 2 8 4 3.335 0 1 2 1 2 180 174 0
1 31 2.08 2 8 4 0.085 0 0 0 0 2 300 1 0
1 22.17 12.12 2 8 4 3.335 0 1 2 1 2 180 174 0
0 69.5 6 2 1 1 0 0 0 0 0 1 0 1 0
0 34.83 1.25 1 3 8 0.5 0 0 0 1 2 160 1 0
0 25.25 13.5 1 1 1 2 0 1 1 1 2 200 2 0
1 26.67 2.71 1 13 4 5.25 1 1 1 0 2 211 1 1
1 25.75 0.75 2 8 5 0.25 1 0 0 0 2 349 24 1
0 46.67 0.46 2 13 8 0.415 1 1 11 1 2 440 7 1
0 40.83 3.5 2 3 5 0.5 0 0 0 0 1 1160 1 0
0 36.75 5.12 2 10 4 5 1 0 0 1 2 0 4001 1
0 58.33 10 2 11 4 4 1 1 14 0 2 0 1603 1
1 22.17 12.12 2 8 4 3.335 0 1 2 1 2 180 174 0
1 17.07 0.08 1 8 4 0.04 0 0 0 0 2 140 723 0
0 21.08 5 1 1 1 0 0 0 0 0 2 0 1 0
0 19.17 5.41 2 3 8 0.29 0 0 0 0 2 80 485 0
1 31.08 1.5 1 9 4 0.04 0 0 0 0 1 160 1 0
0 22.58 10.75 2 11 4 0.415 1 1 5 1 2 0 561 1
1 19 1.75 1 8 4 2.335 0 0 0 1 2 112 7 0
0 22.92 11.58 2 13 4 0.04 1 0 0 0 2 80 1350 1
1 21.25 1.5 2 9 4 1.5 0 0 0 0 2 150 9 1
0 44.33 0 2 8 4 2.5 1 0 0 0 2 0 1 1
1 33.58 2.75 2 7 4 4.25 1 1 6 0 2 204 1 1
1 32.75 2.33 2 2 8 5.75 0 0 0 1 2 292 1 0
1 31.57 3 1 3 5 7 0 0 0 0 2 0 2 0
0 23 1.83 2 5 3 0 0 1 1 0 2 200 54 0
1 32.25 14 1 1 1 0 0 1 2 0 2 160 2 0
1 31.08 1.5 1 9 4 0.04 0 0 0 0 1 160 1 0
0 42.25 1.75 1 8 4 0 0 0 0 1 2 150 2 0
1 44.33 0.5 2 3 8 5 1 0 0 1 2 320 1 1
1 40 6.5 2 6 5 3.5 1 1 1 0 2 0 501 1
1 21.08 10.08 1 10 8 1.25 0 0 0 0 2 260 1 0
0 50.08 12.54 2 6 4 2.29 1 1 3 1 2 156 1 1
0 22.67 0.33 2 11 4 0.75 0 0 0 0 1 160 1 0
0 33.08 4.62 2 11 8 1.625 1 1 2 0 2 0 1 1
1 31.57 5 1 6 4 8.5 1 0 0 0 2 0 1 0
1 28.75 1.5 1 8 4 1.5 1 0 0 1 2 0 226 0
1 52.42 1.5 2 2 4 3.75 0 0 0 1 2 0 351 0
1 21 4.79 1 9 4 2.25 1 1 1 1 2 80 301 1
1 20.67 1.25 1 8 8 1.375 1 1 3 1 2 140 211 0
0 44.17 6.66 2 11 4 7.375 1 1 3 1 2 0 1 1
1 41.17 1.25 1 9 4 0.25 0 0 0 0 2 0 196 0
0 18.07 0.37 3 13 1 10 0 0 0 1 1 300 1 1
0 23 1.83 2 5 3 0 0 1 1 0 2 200 54 0
1 18.07 5.5 2 4 4 0.5 1 0 0 0 2 80 1 1
1 42.83 4.62 2 11 4 4.58 1 0 0 0 1 0 1 1
0 20.07 0.12 2 11 4 1 0 1 1 0 2 240 769 1
0 45.83 10.5 2 11 4 5 1 1 7 1 2 0 1 1
0 27.67 1.5 2 7 4 2 1 0 0 0 1 368 1 0
1 67.75 5.5 2 10 9 13 1 1 1 1 2 0 1 1
1 41.17 4.04 2 13 8 7 1 1 8 0 2 320 1 1
1 18.32 1.21 1 10 2 0 0 0 0 0 2 100 1 0
1 52.33 1.37 1 8 8 9.46 1 0 0 1 2 200 101 0
1 16 3.12 2 9 4 0.085 0 1 1 0 2 0 7 0
1 28.58 3.62 2 6 4 0.25 0 0 0 1 2 100 1 0
0 30.25 5.5 2 4 4 5.5 0 0 0 1 1 100 1 0
0 17.92 10.21 2 1 1 0 0 0 0 0 2 0 51 0
1 21.5 9.75 2 8 4 0.25 1 0 0 0 2 140 1 0
1 20.42 7 2 8 4 1.625 1 1 3 0 2 200 1392 1
1 39.83 0.5 2 7 4 0.25 1 0 0 0 1 288 1 0
1 23.75 12 2 8 4 2.085 0 0 0 0 1 80 1 0
1 21.92 0.5 2 8 4 0.125 0 0 0 0 2 360 1 0
0 58.33 10 2 11 4 4 1 1 14 0 2 0 1603 1
1 42.17 5.04 2 11 8 12.75 1 0 0 1 2 92 1 1
0 21.5 6 2 6 4 2.5 1 1 3 0 2 80 919 1
0 18.75 7.5 2 11 4 2.71 1 1 5 0 2 184 26727 1
0 52.5 7 2 6 8 3 0 0 0 0 2 0 1 0
0 16 0.16 2 6 4 1 0 1 2 1 2 320 2 0
1 16 3.12 2 9 4 0.085 0 1 1 0 2 0 7 0
1 38.42 0.7 2 8 4 0.375 0 1 2 0 2 225 501 0
1 23.25 1 2 8 4 0.835 1 0 0 0 1 300 1 1
1 31.57 4 2 14 4 5 1 1 3 1 2 290 2280 1
1 23.17 11.12 2 14 8 0.46 1 1 1 0 2 100 1 1
1.234 22.08 11.46 2 4 4 1.585 0 0 0 1 2 100 1213 0
0 47.42 8 2 10 5 6.5 1 1 6 0 2 375 51101 1
1 19.42 7.25 2 7 4 0.04 0 1 1 0 2 100 2 0
0 28.17 0.37 2 11 4 0.585 1 1 4 0 2 80 1 1
1 25.67 12.5 2 13 4 1.21 1 1 67 1 2 140 259 1
1 56.42 28 1 8 4 28.5 1 1 40 0 2 0 16 1
0 19.75 0.75 2 8 4 0.795 1 1 5 1 2 140 6 0
1 31.57 4 2 14 4 5 1 1 3 1 2 290 2280 1
1 28.33 5 2 9 4 11 1 0 0 1 2 70 1 1
1 62.75 7 2 10 9 0 0 0 0 0 2 0 13 0
1 32.33 7.5 2 10 5 1.585 1 0 0 1 1 420 1 0
1 23.92 0.58 1 13 8 0.125 0 0 0 0 2 240 2 0
0 46.67 0.46 2 13 8 0.415 1 1 11 1 2 440 7 1
1 21.58 0.79 1 13 4 0.665 0 0 0 0 2 160 1 0
1 42 9.78 2 14 8 7.96 1 1 8 0 2 0 1 1
1 31.92 4.46 2 13 8 6.04 1 1 3 0 2 311 301 1
1 17.07 0.08 1 8 4 0.04 0 0 0 0 2 140 723 0
1 34.08 6.5 2 6 4 0.125 1 0 0 1 2 443 1 0
0 18.75 7.5 2 11 4 2.71 1 1 5 0 2 184 26727 1
1 39.33 5.87 2 13 8 10 1 1 14 1 2 399 1 1
0 22.67 0.79 2 3 4 0.085 0 0 0 0 2 144 1 0
0 38.58 5 2 13 4 13.5 1 0 0 1 2 980 1 0
1 38.92 1.75 2 4 4 0.5 0 0 0 1 2 300 3 0
1 33.58 0.25 2 3 5 4 0 0 0 1 1 420 1 0
0 25.75 0.5 2 8 8 0.875 1 0 0 1 2 491 1 1
1 29.5 0.57 2 9 4 0.29 0 1 1 0 2 340 2804 0
0 15.83 0.58 2 8 8 1.5 1 1 2 0 2 100 1 1
0 30.25 5.5 2 4 4 5.5 0 0 0 1 1 100 1 0
1 21 3 1 2 4 1.085 1 1 8 1 2 160 2 1
0 39.08 4 2 8 4 3 0 0 0 0 2 480 1 0
1 42.75 4.08 2 6 4 0.04 0 0 0 0 2 108 101 0
0 50.08 12.54 2 6 4 2.29 1 1 3 1 2 156 1 1
1 23.5 3.16 1 4 4 0.415 0 1 1 1 2 280 81 0
0 18.82 9.53 2 6 4 0.085 1 0 0 0 2 100 1 1
1 22.67 0.75 2 3 4 1.585 0 1 1 1 2 400 10 0
0 28.58 3.54 2 3 5 0.5 1 0 0 1 2 171 1 0
1 36.75 0.12 1 8 4 1.5 0 0 0 1 2 232 114 1
1 29.67 0.75 1 8 4 0.04 0 0 0 0 2 240 1 0
1 25.42 0.54 2 9 4 0.165 0 1 1 0 2 272 445 0
1 44.25 0.5 2 7 4 10.75 1 0 0 0 1 400 1 0
1 28.67 9.33 2 11 8 5.665 1 1 6 0 2 381 169 1
1 19.57 0.58 2 1 1 0 0 1 3 0 2 350 770 0
1 27.83 1.5 2 9 4 2.25 0 1 1 1 2 100 4 0
1 23.92 0.58 1 13 8 0.125 0 0 0 0 2 240 2 0
1 57.42 8.5 2 10 8 7 1 1 3 0 2 0 1 1
1 23 0.62 1 6 4 0.125 1 0 0 0 2 180 2 0
0 36 1 2 8 4 2 1 1 11 0 2 0 457 1
1 23.75 12 2 8 4 2.085 0 0 0 0 1 80 1 0
1 22.17 12.12 2 8 4 3.335 0 1 2 1 2 180 174 0
1 31.92 4.46 2 13 8 6.04 1 1 3 0 2 311 301 1
0 30.58 10.66 2 11 8 0.085 0 1 12 1 2 129 4 0
1 39.17 2.5 1 3 8 10 0 0 0 1 1 200 1 0
1 49.17 2.29 2 1 1 0.29 0 0 0 0 2 200 4 0
0 22.67 0.33 2 11 4 0.75 0 0 0 0 1 160 1 0
0 22.67 0.33 2 11 4 0.75 0 0 0 0 1 160 1 0
1 48.17 3.5 2 6 4 3.5 1 0 0 0 1 230 1 1
1 20.67 0.41 2 8 4 0.125 0 0 0 0 2 0 45 0
1 31.58 0.75 1 6 4 3.5 0 0 0 1 2 320 1 0
0 47.75 8 2 8 4 7.875 1 1 6 1 2 0 1261 1
0 23 1.83 2 5 3 0 0 1 1 0 2 200 54 0
1 51.33 10 2 3 5 0 1 1 11 0 2 0 1250 1
0 69.5 6 2 1 1 0 0 0 0 0 1 0 1 0
1 21 3 1 2 4 1.085 1 1 8 1 2 160 2 1
1 30.17 0.5 2 8 4 1.75 1 1 11 0 2 32 541 1
0 52.5 7 2 6 8 3 0 0 0 0 2 0 1 0
1 22.92 0.17 2 7 4 0.085 0 0 0 0 1 0 1 0
0 33.75 0.75 2 4 5 1 1 1 3 1 2 212 1 0
0 21.67 11.5 1 5 3 0 1 1 11 1 2 0 1 1
0 20.75 10.25 2 11 4 0.71 1 1 2 1 2 49 1 1
1 25.75 0.75 2 8 5 0.25 1 0 0 0 2 349 24 1
1 42.83 1.25 2 7 4 13.875 0 1 1 1 2 352 113 0
1 18.07 5.5 2 4 4 0.5 1 0 0 0 2 80 1 1
1 30.83 0 2 9 4 1.25 1 1 1 0 2 202 1 1
0 58.42 21 2 3 5 10 1 1 13 0 2 0 6701 1

