1 20.42 1.83 2 8 4 2.25 1 1 1 0 2 100 151 1
1 21.5 9.75 2 8 4 0.25 1 0 0 0 2 140 1 0
0 30.42 1.37 2 9 8 0.04 0 1 3 0 2 0 34 0
1 23 0.75 2 7 4 0.5 1 0 0 1 1 320 1 0
1 23.58 1.79 2 8 4 0.54 0 0 0 1 2 136 2 0
1 25.92 0.87 2 4 4 0.375 0 1 2 1 2 174 4 0
1 22.58 10.03 2 14 4 0.04 1 1 9 0 2 60 397 1
0 20.83 0.5 1 10 2 1 0 0 0 0 2 260 1 0
1 24.08 0.87 2 7 4 0.085 0 1 4 0 2 254 1951 0
0 16.32 0.21 2 6 4 0.125 0 0 0 0 2 200 2 0
0 53.33 0.16 2 1 1 0 0 0 0 1 1 62 28 0
1 38.58 3.33 2 9 4 4 1 1 14 0 2 383 1345 1
1 23.33 11.62 1 9 4 0.835 1 0 0 1 2 160 301 1
1 18.57 5.71 2 2 4 0.54 0 0 0 0 2 120 1 0
1 28.67 9.33 2 11 8 5.665 1 1 6 0 2 381 169 1
1 54.33 6.75 2 8 8 2.625 1 1 11 1 2 0 285 1
1 34.08 0.08 1 7 5 0.04 1 1 1 1 2 280 2001 1
1 23.25 12.62 2 8 4 0.125 0 1 2 0 2 0 5553 0
1 58.58 2.71 2 8 4 2.415 0 0 0 1 2 320 1 0
0 50.25 0.83 2 6 4 0.5 0 0 0 1 2 240 118 0
1 43.08 0.37 1 8 4 0.375 1 1 8 1 2 300 163 1
1 24.08 9 2 6 4 0.25 0 0 0 1 2 0 1 0
0 28.58 1.66 2 11 4 2.415 1 0 0 1 2 440 1 0
0 45.33 1 2 11 4 0.125 0 0 0 1 2 263 1 0
0 24.5 1.75 1 8 4 0.165 0 0 0 0 2 132 1 0
1 29.17 3.5 2 9 4 3.5 1 1 3 1 2 329 1 0
0 22.5 8.5 2 11 4 1.75 1 1 10 0 2 80 991 0
1 21 4.79 1 9 4 2.25 1 1 1 1 2 80 301 1
1 56.75 12.25 2 7 4 1.25 1 1 4 1 2 200 1 1
0 19.17 8.58 2 13 8 0.75 1 1 7 0 2 96 1 1
1 17.42 6.5 2 3 4 0.125 0 0 0 0 2 60 101 0
1 16.25 0.83 2 7 4 0.085 1 0 0 0 1 200 1 0
0 15.92 2.87 2 11 4 0.085 0 0 0 0 2 120 1 0
0 20.42 10.5 1 14 8 0 0 0 0 1 2 154 33 0
0 49 1.5 2 5 3 0 1 0 0 1 2 100 28 0
1 13.75 4 1 9 4 1.75 1 1 2 1 2 120 1001 1
0 46.08 3 2 8 4 2.375 1 1 8 1 2 396 4160 1
1 18.82 0.41 1 8 4 0.165 0 1 1 0 2 200 2 0
1 41.17 1.25 1 9 4 0.25 0 0 0 0 2 0 196 0
1 17.92 0.2 2 6 4 0.04 0 0 0 0 2 280 751 0
1 33.58 0.25 2 3 5 4 0 0 0 1 1 420 1 0
0 22.92 1.25 2 11 4 0.25 0 0 0 1 2 120 810 0
1 17.57 10 2 9 8 0.165 0 1 1 0 2 120 2 0
0 48.17 1.33 2 3 7 0.335 0 0 0 0 2 0 121 0
1 38.25 10.12 1 4 4 0.125 0 0 0 0 2 160 1 0
0 18.92 9 2 6 4 0.75 1 1 2 0 2 88 592 1
1 26 1 2 11 4 1.75 1 0 0 1 2 280 1 1
0 57.08 19.5 2 8 4 5.5 1 1 7 0 2 0 3001 1
1 32.25 0.16 1 8 8 3.25 1 1 1 1 2 432 8001 1
1 19.17 9.5 2 9 4 1.5 1 0 0 0 2 120 2207 1
1 39.42 1.71 1 7 4 0.165 0 0 0 0 1 400 1 0
1 31.67 16.16 2 2 4 3 1 1 9 0 2 250 731 1
1 22.25 0.46 2 4 4 0.125 0 0 0 1 2 280 56 0
1 33.67 1.25 2 9 4 1.165 0 0 0 0 2 120 1 0
0 15.83 0.58 2 8 8 1.5 1 1 2 0 2 100 1 1
1 17.07 0.08 1 8 4 0.04 0 0 0 0 2 140 723 0
1 56.42 28 1 8 4 28.5 1 1 40 0 2 0 16 1
1 32 1.75 1 10 8 0.04 1 0 0 1 2 393 1 1
0 35.75 0.91 2 6 4 0.75 1 1 4 0 2 0 1584 1
0 40.83 3.5 2 3 5 0.5 0 0 0 0 1 1160 1 0
1 18.32 1.21 1 10 2 0 0 0 0 0 2 100 1 0
1 30.83 0 2 9 4 1.25 1 1 1 0 2 202 1 1
1 25.83 12.83 2 13 4 0.5 0 0 0 0 2 0 3 0
1 29.83 2.04 1 14 8 0.04 0 0 0 0 2 128 2 0
1 48.33 12 2 7 4 16 1 0 0 0 1 110 1 1
1 35.25 16.5 1 8 4 4 1 0 0 0 2 80 1 0
0 16.5 1.25 2 11 4 0.25 0 1 1 0 2 108 99 0
0 45.83 10.5 2 11 4 5 1 1 7 1 2 0 1 1
1 23.5 3.16 1 4 4 0.415 0 1 1 1 2 280 81 0
1 19.5 0.28 2 4 4 0.29 0 0 0 0 2 280 365 0
1 33.75 2.75 2 3 5 0 0 0 0 0 2 180 1 0
0 22.5 11 1 11 4 3 1 0 0 1 2 268 1 0
0 30.58 10.66 2 11 8 0.085 0 1 12 1 2 129 4 0
0 28.42 3.5 2 9 4 0.835 1 0 0 0 1 280 1 1
1 23.17 11.12 2 14 8 0.46 1 1 1 0 2 100 1 1
1 23.08 2.5 2 8 4 1.085 1 1 11 1 2 60 2185 1
1 44.25 11 1 2 4 1.5 1 0 0 0 1 0 1 0
0 20.07 0.12 2 11 4 1 0 1 1 0 2 240 769 1
1 34.92 2.5 2 9 4 0 1 0 0 1 2 239 201 1
1 20.17 9.25 2 8 4 1.665 1 1 3 1 2 40 29 1
0 24.75 12.5 2 6 4 1.5 1 1 12 1 2 120 568 1
1 30.08 1.04 1 3 5 0.5 1 1 10 1 2 132 29 0
0 19.57 0.66 2 9 4 1.665 0 0 0 0 2 220 6 0
1 22 7.83 1 3 5 0.165 0 0 0 1 2 184 1 0
1 34 5.5 1 8 4 1.5 0 0 0 1 2 60 1 0
0 19.5 0.16 2 11 4 0.04 0 0 0 1 2 380 1 0
1 19 0 1 1 1 0 0 1 4 0 2 45 2 0
0 21.5 6 2 6 4 2.5 1 1 3 0 2 80 919 1
1 21.83 1.54 2 4 4 0.085 0 0 0 1 2 356 1 0
1 32.75 2.33 2 2 8 5.75 0 0 0 1 2 292 1 0
1 35.17 2.5 2 4 4 4.5 1 1 7 0 2 150 1271 1
0 29.5 0.46 2 4 4 0.54 1 1 4 0 2 380 501 1
1 25.75 0.75 2 8 5 0.25 1 0 0 0 2 349 24 1
1 35 2.5 2 3 4 1 0 0 0 1 2 210 1 0
1 21.25 1.5 2 9 4 1.5 0 0 0 0 2 150 9 1
1 29.25 13 2 2 8 0.5 0 0 0 0 2 228 1 0
1 20.5 2.41 2 8 4 2 1 1 11 1 2 200 3001 1
1 44.33 0.5 2 3 8 5 1 0 0 1 2 320 1 1
1 39.83 0.5 2 7 4 0.25 1 0 0 0 1 288 1 0
0 21.75 11.75 2 8 4 0.25 0 0 0 1 2 180 1 0
0 21.92 11.66 2 4 8 0.085 0 0 0 0 2 320 6 0
1 36.67 3.25 2 11 8 9 1 0 0 1 2 102 640 1
0 25 12.33 2 13 8 3.5 1 1 6 0 2 400 459 1
0 23.58 0.83 2 11 4 0.415 0 1 1 1 2 200 12 0
0 18.42 9.25 2 11 4 1.21 1 1 4 0 2 60 541 1
1 21.17 0.25 1 8 8 0.25 0 0 0 0 2 280 205 0
1 29.42 1.25 2 8 8 0.25 0 1 2 1 2 400 109 0
1 18.5 2 2 3 4 1.5 1 1 2 0 2 120 301 1
1 32.33 2.5 2 8 4 1.25 0 0 0 1 2 280 1 0
0 58.42 21 2 3 5 10 1 1 13 0 2 0 6701 1
1 30.67 2.5 2 13 8 2.25 0 0 0 1 1 340 1 0
1 39.17 1.62 2 8 4 1.5 1 1 10 0 2 186 4701 1
1 30.17 0.5 2 8 4 1.75 1 1 11 0 2 32 541 1
1 15.17 7 2 10 4 1 0 0 0 0 2 600 1 0
1 28.92 0.37 2 8 4 0.29 0 0 0 0 2 220 141 0
1 73.42 17.75 2 1 1 0 1 0 0 1 2 0 1 1
0 40.33 8.12 1 4 4 0.165 0 1 2 0 2 184 19 0
1 24.5 13.33 1 6 4 0.04 0 0 0 1 2 120 476 0
1 28.17 0.12 1 4 4 0.085 0 0 0 0 2 216 2101 0
0 22.25 1.25 1 1 1 3.25 0 0 0 0 2 280 1 0
1 22.17 2.25 2 3 4 0.125 0 0 0 0 2 160 11 0
1 23.75 0.41 1 8 4 0.04 0 1 2 0 2 128 7 0
1 48.58 0.2 1 4 4 0.25 1 1 11 0 2 380 2733 1
1 28.33 5 2 9 4 11 1 0 0 1 2 70 1 1
1 30.75 1.58 2 2 4 0.585 0 0 0 1 1 0 1 0
0 32.25 1.5 2 8 4 0.25 0 0 0 1 2 372 123 0
1 63.33 0.54 2 8 4 0.585 1 1 3 1 2 180 1 0
1 22.17 0.58 1 1 1 0 0 0 0 0 2 100 1 0
1 20 11.04 2 8 4 2 0 0 0 1 2 136 1 0
1 57.42 8.5 2 10 8 7 1 1 3 0 2 0 1 1
0 19.67 0.21 2 11 8 0.29 1 1 11 0 2 80 100 1
0 47.42 8 2 10 5 6.5 1 1 6 0 2 375 51101 1
0 25.58 0 2 8 4 0 0 0 0 0 3 184 1 1
1 34.25 1.75 2 9 5 0.25 1 0 0 1 2 163 1 0
1 23.08 11.5 2 9 8 2.125 1 1 11 1 2 290 285 1
1 34.83 4 2 2 5 12.5 1 0 0 1 2 184 1 0
1 16 3.12 2 9 4 0.085 0 1 1 0 2 0 7 0
1 20.67 0.83 1 8 4 2 0 0 0 1 1 240 1 0
1 51.42 0.04 2 14 8 0.04 1 0 0 0 2 0 3001 1
1 39.92 5 2 3 5 0.21 0 0 0 0 2 550 1 0
1 28.67 14.5 2 2 4 0.125 0 0 0 0 2 0 287 0
0 33.08 1.62 2 2 4 0.54 0 0 0 1 2 0 1 0
0 47.75 8 2 8 4 7.875 1 1 6 1 2 0 1261 1
0 18.82 9.5 2 9 4 1.625 1 1 6 1 2 40 601 1
1 54.42 0.5 1 4 8 3.96 1 0 0 0 2 180 315 1
1 18.17 2.46 2 8 7 0.96 0 1 2 1 2 160 588 0
1 31 2.08 2 8 4 0.085 0 0 0 0 2 300 1 0
0 20.32 10 2 8 8 1 1 1 4 0 2 50 1466 1
1 27.25 0.62 2 6 4 0.455 1 0 0 1 2 200 1 0
0 20.75 10.25 2 11 4 0.71 1 1 2 1 2 49 1 1
0 52.5 7 2 6 8 3 0 0 0 0 2 0 1 0
0 52.17 0 1 1 1 0 0 0 0 0 2 0 1 0
1 16.07 0.75 2 8 4 1.75 1 1 5 1 2 352 691 1
1 20.17 5.62 2 9 4 1.71 1 0 0 0 1 120 1 1
1 25.75 0.5 2 8 4 1.46 1 1 5 1 2 312 1 1
1 26.67 4.25 2 13 4 4.29 1 1 1 1 2 120 1 1
1 39.25 9.5 2 7 4 6.5 1 1 14 0 2 240 4608 1
0 18.82 4.41 1 8 8 3 1 0 0 0 2 240 1 1
1 48.75 8.5 2 8 8 12.5 1 1 9 0 2 181 1656 1
0 24.08 0.5 2 11 8 1.25 1 1 1 0 2 0 679 1
1 42.5 4.91 1 9 4 3.165 1 0 0 1 2 52 1443 1
1 32.08 4 2 7 4 2.5 1 0 0 1 2 360 1 1
1 28.92 15 2 8 8 5.335 1 1 11 0 2 0 2284 1
0 24.5 2.41 1 8 4 0 0 0 0 0 2 120 1 0
0 31.57 1.5 2 1 1 0 0 1 2 1 2 200 106 0
0 38.25 6 2 4 4 1 1 0 0 1 2 0 1 1
1 38.17 10.12 2 14 4 2.5 1 1 6 0 2 520 197 1
1 21.33 10.5 2 8 4 3 1 0 0 1 2 0 1 1
1 21.83 11 2 14 4 0.29 1 1 6 0 2 121 1 1
0 41 2.04 1 11 8 0.125 1 1 23 1 2 455 1237 1
0 26.08 8.66 2 6 4 1.415 1 0 0 0 2 160 151 1
1 27.75 0.58 1 13 4 0.25 1 1 2 0 2 260 501 1
1 19.32 9.5 2 11 4 1 1 0 0 1 2 60 401 1
0 28.17 0.58 2 6 4 0.04 0 0 0 0 2 260 1005 0
1 26.17 0.25 2 3 5 0 1 0 0 1 2 0 1 1
0 20.5 11.83 2 8 8 6 1 0 0 0 2 340 1 1
1 21.67 1.16 1 4 4 2.5 1 1 1 0 2 180 21 0
1 40.25 21.5 2 10 9 20 1 1 11 0 2 0 1201 1
1 29.92 1.83 2 8 8 4.335 1 0 0 0 2 260 201 1
1 22.58 1.5 1 6 4 0.54 0 0 0 1 2 120 68 0
1 23.08 11.5 2 3 4 3.5 1 1 9 0 2 56 743 1
0 24.5 1.04 1 1 1 0.5 1 1 3 0 2 180 148 0
1 37.75 7 2 11 8 11.5 1 1 7 1 2 300 6 0
0 28.08 15 1 10 9 0 1 0 0 0 2 0 13213 1
1 24.42 2 2 10 2 0.165 0 1 2 0 2 320 1301 0
1 28.58 3.62 2 6 4 0.25 0 0 0 1 2 100 1 0
1 18.67 5 2 11 4 0.375 1 1 2 0 2 0 39 0
1 27.58 2.04 1 6 4 2 1 1 3 1 2 370 561 1
0 19.17 0.58 1 6 4 0.585 1 0 0 1 2 160 1 0
0 22.67 0.75 2 8 4 2 0 1 2 1 2 200 395 0
1 22.08 2.33 2 4 4 0.75 0 0 0 0 2 180 1 0
0 32.33 0.54 2 13 4 0.04 1 0 0 0 2 440 11178 1
1 37.17 4 2 8 5 5 1 0 0 1 1 280 1 0
1 25 12.5 2 6 4 3 1 0 0 1 1 20 1 1
0 68.67 15 2 10 9 0 1 1 14 0 2 0 3377 1
1 18.25 0.16 2 2 4 0.25 0 0 0 1 1 280 1 0
1 24.83 2.75 2 8 4 2.25 1 1 6 0 2 184 601 1
1 44 2 2 7 4 1.75 1 1 2 1 2 0 16 1
0 22.5 0.41 2 3 4 0.335 0 0 0 1 1 144 1 0
0 19.17 5.41 2 3 8 0.29 0 0 0 0 2 80 485 0
1 20.75 5.08 1 5 4 0.29 0 0 0 0 2 140 185 0
1 25.33 0.57 2 8 4 0.29 1 1 7 1 2 96 5125 1
1 36.75 0.12 1 8 4 1.5 0 0 0 1 2 232 114 1
1 19.17 4 1 3 4 1 0 0 0 1 2 360 1001 0
1 33.58 2.75 2 7 4 4.25 1 1 6 0 2 204 1 1
1 42.83 1.25 2 7 4 13.875 0 1 1 1 2 352 113 0
0 37.75 5.5 2 11 4 0.125 1 0 0 1 2 228 1 1
1 20 1.25 1 4 4 0.125 0 0 0 0 2 140 5 0
1 26.67 1.75 1 8 4 1 1 1 5 1 2 160 5778 1
0 22.58 10.75 2 11 4 0.415 1 1 5 1 2 0 561 1
1 31.57 0.5 2 8 5 0.835 1 0 0 1 1 320 1 0
1 47.67 2.5 2 7 5 2.5 1 1 12 1 2 410 2511 1
1 36.67 4.41 1 4 4 0.25 1 1 10 1 2 320 1 1
0 25.42 1.12 2 11 4 1.29 1 1 2 0 2 200 1 0
1 34.42 4.25 2 3 5 3.25 1 1 2 0 2 274 611 1
1 34.17 9.17 2 8 4 4.5 1 1 12 1 2 0 222 1
1 34.25 3 2 13 8 7.415 1 0 0 1 2 0 1 1
1 41.17 1.33 2 2 4 0.165 0 0 0 0 2 168 1 0
1 34 5.08 1 3 5 1.085 0 0 0 1 2 480 1 0
0 29.58 1.75 1 4 4 1.25 0 0 0 1 2 280 1 0
1 33.17 1.04 2 12 8 6.5 1 0 0 1 2 164 31286 1
1 42.83 4.62 2 11 4 4.58 1 0 0 0 1 0 1 1
1 29.25 14.79 2 6 4 5.04 1 1 5 1 2 168 1 1
0 24.75 13.66 2 11 8 1.5 0 0 0 0 2 280 2 0
0 56.83 4.25 1 1 1 5 0 0 0 1 2 0 5 0
0 23.25 5.87 2 11 4 3.17 1 1 10 0 2 120 246 1
1 80.25 5.5 2 8 4 0.54 1 0 0 0 2 0 341 0
1 32.42 2.16 1 4 1 0 0 0 0 0 2 120 1 0
0 41.17 6.5 2 11 4 0.5 1 1 3 1 2 145 1 1
1 18.07 5.5 2 4 4 0.5 1 0 0 0 2 80 1 1
1 51.33 10 2 3 5 0 1 1 11 0 2 0 1250 1
1.234 22.08 11.46 2 4 4 1.585 0 0 0 1 2 100 1213 0
0 21.67 11.5 1 5 3 0 1 1 11 1 2 0 1 1
0 41.58 1.04 2 6 4 0.665 0 0 0 0 2 240 238 0
1 40.58 5 2 8 4 5 1 1 7 0 2 0 3066 1
1 48.17 3.5 2 6 4 3.5 1 0 0 0 1 230 1 1
1 36.17 18.12 2 9 4 0.085 0 0 0 0 2 320 3553 0
1 47.83 4.16 2 14 5 0.085 0 0 0 1 2 520 1 0
0 41.33 1 2 3 5 2.25 1 0 0 1 2 0 301 1
0 17.82 11 2 14 8 1 1 1 11 0 2 0 3001 1
1 39.5 1.62 2 8 4 1.5 0 0 0 0 2 0 317 0
0 42.25 1.75 1 8 4 0 0 0 0 1 2 150 2 0
0 24.83 4.5 2 9 4 1 0 0 0 1 2 360 7 0
1 21.92 0.5 2 8 4 0.125 0 0 0 0 2 360 1 0
1 22.67 10.5 2 11 8 1.335 1 0 0 0 2 100 1 1
0 30 5.29 2 10 2 2.25 1 1 5 1 2 99 501 1
1 40.58 3.29 2 7 4 3.5 0 0 0 1 1 400 1 0
0 24.92 1.25 2 1 1 0 1 0 0 0 2 80 1 0
1 22.5 11.5 1 7 4 1.5 0 0 0 1 2 0 4001 0
1 26.67 2.71 1 13 4 5.25 1 1 1 0 2 211 1 1
1 23.58 0.83 2 3 8 0.085 0 0 0 1 2 220 6 0
1 47.33 6.5 2 8 4 1 0 0 0 1 2 0 229 0
1 22.67 2.54 1 8 8 2.585 1 0 0 0 2 0 1 1
0 58.67 4.46 2 11 8 3.04 1 1 6 0 2 43 561 1
1 23 0.75 2 7 4 0.5 0 0 0 1 1 320 1 0
0 46.67 0.46 2 13 8 0.415 1 1 11 1 2 440 7 1
1 27.83 1 1 2 8 3 0 0 0 0 2 176 538 0
1 28 3 2 9 4 0.75 0 0 0 1 2 300 68 0
1 19.32 10.91 2 8 5 0.585 0 1 2 1 2 200 8 0
1 34.42 1.33 2 3 5 0.125 0 0 0 1 2 440 4501 0
1 32.08 4 1 13 4 1.5 0 0 0 1 2 120 1 0
1 36.08 2.54 2 1 1 0 0 0 0 0 2 0 1001 0
1 42.08 1.04 2 9 4 5 1 1 6 1 2 500 10001 1
1 43.17 2.25 2 3 5 0.75 1 0 0 0 2 560 1 0
0 38.92 1.66 2 6 4 0.25 0 0 0 0 2 0 391 0
0 17.92 10.21 2 1 1 0 0 0 0 0 2 0 51 0
1 25.67 2.21 1 6 4 4 1 0 0 0 2 188 1 0
0 71.58 0 2 8 4 0 0 0 0 0 3 184 1 1
1 52.33 1.37 1 8 8 9.46 1 0 0 1 2 200 101 0
1 36.67 2 2 3 4 0.25 0 0 0 1 2 221 1 0
1 16.25 0 1 6 4 0.25 0 0 0 0 2 60 1 0
0 25.17 2.87 2 14 8 0.875 1 0 0 0 2 360 1 1
1 26.75 2 2 2 4 0.75 0 0 0 1 2 80 1 0
1 37.33 2.66 2 13 4 0.165 0 0 0 1 2 0 502 0
1 31.67 0.83 2 14 4 1.335 1 1 8 1 2 303 3291 1
1 28.75 1.5 1 8 4 1.5 1 0 0 1 2 0 226 0

