0 22.42 5.66 2 11 4 2.585 1 1 7 0 2 129 3258 1
1 48.75 26.33 1 1 1 0 1 0 0 1 2 0 1 0
1 21.83 1.54 2 4 4 0.085 0 0 0 1 2 356 1 0
1 23.33 11.62 1 9 4 0.835 1 0 0 1 2 160 301 1
1 22.75 11.5 2 3 4 0.415 0 0 0 0 2 0 1 0
1 19.17 4 1 3 4 1 0 0 0 1 2 360 1001 0
0 22.67 3.8 2 8 4 0.165 0 0 0 0 2 160 1 0
1 80.25 5.5 2 8 4 0.54 1 0 0 0 2 0 341 0
1 52.5 6.5 2 4 4 6.29 1 1 15 0 2 0 11203 1
1 42.83 4.62 2 11 4 4.58 1 0 0 0 1 0 1 1
0 18.82 9.5 2 9 4 1.625 1 1 6 1 2 40 601 1
0 18.92 9.25 1 8 4 1 1 1 4 1 2 80 501 1
1 30.17 1.08 1 8 4 0.04 0 0 0 0 2 170 180 0
1 58.58 2.71 2 8 4 2.415 0 0 0 1 2 320 1 0
1 57.83 7.04 2 7 4 14 1 1 6 1 2 360 1333 1
1 35.25 16.5 1 8 4 4 1 0 0 0 2 80 1 0
0 41.17 6.5 2 11 4 0.5 1 1 3 1 2 145 1 1
0 24.33 2.5 1 3 5 4.5 0 0 0 0 2 200 457 0
1 21.17 0.87 1 8 8 0.25 0 0 0 0 2 280 205 0
1 28.25 5.12 2 14 4 4.75 1 1 2 0 2 420 8 1
0 36 1 2 8 4 2 1 1 11 0 2 0 457 1
0 27.67 2.04 2 9 4 0.25 0 0 0 1 2 180 51 0
1 39.33 5.87 2 13 8 10 1 1 14 1 2 399 1 1
1 34.67 1.08 2 7 4 1.165 0 0 0 0 1 28 1 0
0 37.75 5.5 2 11 4 0.125 1 0 0 1 2 228 1 1
1 41.17 4.04 2 13 8 7 1 1 8 0 2 320 1 1
0 20.42 0.83 2 11 4 1.585 1 1 1 0 2 0 1 1
0 38.25 6 2 4 4 1 1 0 0 1 2 0 1 1
1 16.25 0 1 6 4 0.25 0 0 0 0 2 60 1 0
1 22.75 11 2 11 4 2.5 1 1 7 1 2 100 810 1
1 33.58 0.25 2 3 5 4 0 0 0 1 1 420 1 0
1 23 0.75 2 7 4 0.5 0 0 0 1 1 320 1 0
1 37.33 6.5 2 7 8 4.25 1 1 12 1 2 93 1 1
1 25.08 1.71 2 14 4 1.665 1 1 1 1 2 395 21 1
1 22.92 0.17 2 7 4 0.085 0 0 0 0 1 0 1 0
1 25.75 0.5 2 8 4 1.46 1 1 5 1 2 312 1 1
0 46.67 0.46 2 13 8 0.415 1 1 11 1 2 440 7 1
1 26.17 12.5 1 4 8 1.25 0 0 0 1 2 0 18 0
1 39.92 0.54 1 6 4 0.5 1 1 3 0 2 200 1001 1
1 39.17 1.62 2 8 4 1.5 1 1 10 0 2 186 4701 1
1 30.17 6.5 2 13 4 3.125 1 1 8 0 2 330 1201 1
1 33.75 2.75 2 3 5 0 0 0 0 0 2 180 1 0
1 44.25 11 1 2 4 1.5 1 0 0 0 1 0 1 0
1 37.42 2.04 2 9 4 0.04 1 0 0 1 2 400 5801 1
0 29.5 0.46 2 4 4 0.54 1 1 4 0 2 380 501 1
0 20.83 0.5 1 10 2 1 0 0 0 0 2 260 1 0
1 24.58 1.25 2 8 4 0.25 0 0 0 0 2 110 1 0
0 20.07 1.25 2 8 4 0 0 0 0 0 2 0 1 0
1.234 22.08 11.46 2 4 4 1.585 0 0 0 1 2 100 1213 0
1 38.67 0.21 2 4 4 0.085 1 0 0 1 2 280 1 1
1 27 0.75 2 8 8 4.25 1 1 3 1 2 312 151 1
1 23.5 3.16 1 4 4 0.415 0 1 1 1 2 280 81 0
1 27.83 4 1 3 8 5.75 1 1 2 1 2 75 1 0
0 39.08 4 2 8 4 3 0 0 0 0 2 480 1 0
1 24.42 2 2 10 2 0.165 0 1 2 0 2 320 1301 0
0 25.33 2.08 2 8 8 2.75 1 0 0 1 2 360 2 0
1 23.58 0.83 2 3 8 0.085 0 0 0 1 2 220 6 0
1 28.25 0.87 2 7 4 0.96 1 1 3 1 2 396 1 1
1 31.33 19.5 2 8 4 7 1 1 16 0 2 0 5001 1
0 23.42 0.79 1 11 4 1.5 1 1 2 1 2 80 401 1
0 17.57 9 2 6 4 1.375 1 0 0 1 2 0 1 1
1 31.08 1.5 1 9 4 0.04 0 0 0 0 1 160 1 0
0 16 0.16 2 6 4 1 0 1 2 1 2 320 2 0
0 26.92 13.5 2 11 8 5 1 1 2 0 2 0 5001 1
1 18.57 10.29 2 1 1 0.415 0 0 0 0 2 80 1 0
0 31.57 11.25 2 1 1 0 0 0 0 0 2 184 5201 0
1 24.75 0.54 2 7 4 1 0 0 0 1 2 120 2 0
0 23.58 11.5 1 4 8 3 0 0 0 1 2 20 17 0
1 24.08 9 2 6 4 0.25 0 0 0 1 2 0 1 0
1 36.42 0.75 1 2 4 0.585 0 0 0 0 2 240 4 0
1 41.42 5 2 11 8 5 1 1 6 1 2 470 1 1
0 20.67 1.83 2 11 4 2.085 1 1 5 0 2 220 2504 1
1 29.42 1.25 2 9 4 1.75 0 0 0 0 2 200 1 0
1 51.42 0.04 2 14 8 0.04 1 0 0 0 2 0 3001 1
1 25.42 0.54 2 9 4 0.165 0 1 1 0 2 272 445 0
1 25.92 0.87 2 4 4 0.375 0 1 2 1 2 174 4 0
1 16.17 0.04 2 8 4 0.04 0 0 0 0 2 0 1 1
1 26.67 1.75 1 8 4 1 1 1 5 1 2 160 5778 1
1 15.17 7 2 10 4 1 0 0 0 0 2 600 1 0
1 26.67 2.71 1 13 4 5.25 1 1 1 0 2 211 1 1
1 44.83 7 1 8 4 1.625 0 0 0 0 2 160 3 0
1 29.58 4.5 2 9 4 7.5 1 1 2 1 2 330 1 1
1 39.92 5 2 3 5 0.21 0 0 0 0 2 550 1 0
1 38.42 0.7 2 8 4 0.375 0 1 2 0 2 225 501 0
1 30.67 2.5 2 13 8 2.25 0 0 0 1 1 340 1 0
1 42.75 4.08 2 6 4 0.04 0 0 0 0 2 108 101 0
1 39.92 6.21 2 11 4 0.04 1 1 1 0 2 200 301 1
0 32 6 2 2 4 1.25 0 0 0 0 2 272 1 0
1 32.42 3 2 2 4 0.165 0 0 0 1 2 120 1 0
1 48.08 6.04 2 4 4 0.04 0 0 0 0 2 0 2691 1
1 76.75 22.29 2 10 9 12.75 1 1 1 1 2 0 110 1
1 36.5 4.25 2 11 4 3.5 0 0 0 0 2 454 51 0
1 24.33 6.62 1 2 4 5.5 1 0 0 1 1 100 1 1
0 22.58 10.75 2 11 4 0.415 1 1 5 1 2 0 561 1
1 37.17 4 2 8 5 5 1 0 0 1 1 280 1 0
1 31.57 0.37 2 2 4 0.875 1 0 0 1 1 928 1 0
0 58.67 4.46 2 11 8 3.04 1 1 6 0 2 43 561 1
1 28.25 5.04 1 8 5 1.5 1 1 8 1 2 144 8 1
1 20 7 2 8 4 0.5 0 0 0 0 2 0 1 0
1 26.67 14.58 2 3 5 0 0 0 0 1 2 178 1 0
1 32.33 2.5 2 8 4 1.25 0 0 0 1 2 280 1 0
1 48.17 3.5 2 6 4 3.5 1 0 0 0 1 230 1 1
1 34.17 1.54 2 13 4 1.54 1 1 1 1 2 520 50001 1
0 30.67 12 2 8 4 2 1 1 1 0 2 220 20 1
0 55.75 7.08 2 4 8 6.75 1 1 3 1 2 100 51 0
0 22.67 0.79 2 3 4 0.085 0 0 0 0 2 144 1 0
0 30.58 10.66 2 11 8 0.085 0 1 12 1 2 129 4 0
1 31.25 1.12 2 1 1 0 0 1 1 0 2 96 20 0
1 56 12.5 2 4 8 8 1 0 0 1 2 24 2029 1
1 22.25 0.46 2 4 4 0.125 0 0 0 1 2 280 56 0
1 35.17 4.5 2 14 8 5.75 0 0 0 1 1 711 1 1
1 23.08 0 2 4 4 1 0 1 11 0 1 0 1 0
1 31 2.08 2 8 4 0.085 0 0 0 0 2 300 1 0
1 43.08 0.37 1 8 4 0.375 1 1 8 1 2 300 163 1
1 34.83 4 2 2 5 12.5 1 0 0 1 2 184 1 0
1 56.42 28 1 8 4 28.5 1 1 40 0 2 0 16 1
1 22.08 0.83 2 8 8 2.165 0 0 0 1 2 128 1 1
1 32.92 2.5 2 6 4 1.75 0 1 2 1 2 720 1 0
1 31.25 2.83 2 1 1 0 0 1 5 0 2 176 147 0
0 20.75 9.53 2 3 4 0.04 0 0 0 0 2 200 1001 0
1 38.17 10.12 2 14 4 2.5 1 1 6 0 2 520 197 1
1 31.57 10.5 2 14 4 6.5 1 0 0 0 2 0 1 1
0 28.17 0.37 2 11 4 0.585 1 1 4 0 2 80 1 1
1 20.67 0.41 2 8 4 0.125 0 0 0 0 2 0 45 0
0 21.75 11.75 2 8 4 0.25 0 0 0 1 2 180 1 0
1 32.33 7.5 2 10 5 1.585 1 0 0 1 1 420 1 0
1 34.5 4.04 1 3 5 8.5 1 1 7 1 2 195 1 1
1 59.5 2.75 2 9 4 1.75 1 1 5 1 2 60 59 1
1 42.08 1.04 2 9 4 5 1 1 6 1 2 500 10001 1
0 68.67 15 2 10 9 0 1 1 14 0 2 0 3377 1
0 33.08 1.62 2 2 4 0.54 0 0 0 1 2 0 1 0
1 18.25 0.16 2 2 4 0.25 0 0 0 1 1 280 1 0
1 20 0 2 2 4 0.5 0 0 0 0 2 144 1 0
0 40.33 7.54 1 11 8 8 1 1 14 0 2 0 2301 1
1 24.17 0.87 2 11 4 4.625 1 1 2 1 2 520 2001 1
1 18 0.16 2 11 7 0.21 0 0 0 0 2 200 41 1
0 18.57 10 2 2 4 0.415 0 0 0 0 2 80 43 0
1 51.83 2.04 1 1 1 1.5 0 0 0 0 2 120 2 0
0 17.67 0 1 5 1 0 0 0 0 0 2 86 1 0
1 21.08 4.12 1 3 8 0.04 0 0 0 0 2 140 101 0
0 25.58 0 2 8 4 0 0 0 0 0 3 184 1 1
1 22.17 12.12 2 8 4 3.335 0 1 2 1 2 180 174 0
0 21.5 6 2 6 4 2.5 1 1 3 0 2 80 919 1
1 41.17 1.25 1 9 4 0.25 0 0 0 0 2 0 196 0
0 47.75 8 2 8 4 7.875 1 1 6 1 2 0 1261 1
1 23.92 1.5 2 2 8 1.875 1 1 6 0 2 200 328 1
1 47.83 4.16 2 14 5 0.085 0 0 0 1 2 520 1 0
1 56.58 18.5 2 2 5 15 1 1 17 1 2 0 1 1
1 32 1.75 1 10 8 0.04 1 0 0 1 2 393 1 1
1 32.25 14 1 1 1 0 0 1 2 0 2 160 2 0
1 23.75 12 2 8 4 2.085 0 0 0 0 1 80 1 0
0 45 4.58 2 4 8 1 0 0 0 1 1 240 1 0
0 20.42 10.5 1 14 8 0 0 0 0 1 2 154 33 0
1 24.58 12.5 2 9 4 0.875 1 0 0 1 2 260 1 0
1 28.58 3.62 2 6 4 0.25 0 0 0 1 2 100 1 0
0 24.83 4.5 2 9 4 1 0 0 0 1 2 360 7 0
1 43.17 5 2 3 5 2.25 0 0 0 1 2 141 1 0
1 21.92 0.54 1 14 4 0.04 1 1 1 1 2 840 60 1
0 20.83 8.5 2 8 4 0.165 0 0 0 0 2 0 352 0
1 26.25 1.54 2 9 4 0.125 0 0 0 0 2 100 1 0
1 28.75 1.5 1 8 4 1.5 1 0 0 1 2 0 226 0
1 29.83 3.5 2 8 4 0.165 0 0 0 0 2 216 1 0
0 22.5 8.5 2 11 4 1.75 1 1 10 0 2 80 991 0
0 34.83 1.25 1 3 8 0.5 0 0 0 1 2 160 1 0
0 18.42 9.25 2 11 4 1.21 1 1 4 0 2 60 541 1
1 21.58 0.79 1 13 4 0.665 0 0 0 0 2 160 1 0
1 36.33 3.79 2 9 4 1.165 1 0 0 1 2 200 1 0
1 38.25 10.12 1 4 4 0.125 0 0 0 0 2 160 1 0
1 22.67 0.75 2 3 4 1.585 0 1 1 1 2 400 10 0
1 28 3 2 9 4 0.75 0 0 0 1 2 300 68 0
1 41.58 1.75 2 4 4 0.21 1 0 0 0 2 160 1 0
1 27.83 1 1 2 8 3 0 0 0 0 2 176 538 0
1 43.17 2.25 2 3 5 0.75 1 0 0 0 2 560 1 0
1 29.25 14.79 2 6 4 5.04 1 1 5 1 2 168 1 1
0 19.17 8.58 2 13 8 0.75 1 1 7 0 2 96 1 1
1 22 0.79 2 9 4 0.29 0 1 1 0 2 420 284 0
1 49.5 7.58 2 3 5 7.585 1 1 15 1 2 0 5001 1
1 25.17 6 2 8 4 1 1 1 3 0 2 0 1 1
0 19.67 0.21 2 11 8 0.29 1 1 11 0 2 80 100 1
1 36.17 0.42 1 9 4 0.29 0 0 0 1 2 309 3 0
0 26.08 8.66 2 6 4 1.415 1 0 0 0 2 160 151 1
1 24.42 12.33 2 11 8 1.585 1 0 0 1 2 120 1 1
0 32.17 1.46 2 9 4 1.085 1 1 16 0 2 120 2080 1
1 27.25 0.62 2 6 4 0.455 1 0 0 1 2 200 1 0
0 48.17 1.33 2 3 7 0.335 0 0 0 0 2 0 121 0
1 23.08 11.5 2 9 8 2.125 1 1 11 1 2 290 285 1
0 49.83 13.58 2 4 8 8.5 1 0 0 1 2 0 1 1
0 22.5 8.46 1 14 4 2.46 0 0 0 0 2 164 1 1
1 28.17 0.12 1 4 4 0.085 0 0 0 0 2 216 2101 0
0 35.17 3.75 2 1 1 0 0 1 6 0 2 0 201 0
1 28.75 1.16 2 4 4 0.5 1 0 0 0 1 280 1 0
1 23.5 2.75 2 1 1 4.5 0 0 0 0 2 160 26 0
0 46.08 3 2 8 4 2.375 1 1 8 1 2 396 4160 1
1 31.83 0.04 1 7 4 0.04 0 0 0 0 2 0 1 0
0 52.17 0 1 1 1 0 0 0 0 0 2 0 1 0
1 21.33 10.5 2 8 4 3 1 0 0 1 2 0 1 1
0 22.5 11 1 11 4 3 1 0 0 1 2 268 1 0
1 24.08 0.87 2 7 4 0.085 0 1 4 0 2 254 1951 0
1 28.67 9.33 2 11 8 5.665 1 1 6 0 2 381 169 1
0 40.83 10 2 11 8 1.75 1 0 0 0 2 29 838 1
1 32.83 2.5 2 13 8 2.75 1 1 6 0 2 160 2073 1
0 41 2.04 1 11 8 0.125 1 1 23 1 2 455 1237 1
1 48.75 8.5 2 8 8 12.5 1 1 9 0 2 181 1656 1
1 27 1.5 1 9 4 0.375 1 0 0 1 2 260 1066 1
0 22.42 11.25 1 14 8 0.75 1 1 4 0 2 0 322 1
1 41.33 0 2 8 5 15 1 0 0 0 2 0 1 1
1 19.67 0.37 2 11 4 2 1 1 2 1 2 80 1 1
1 39.5 4.25 2 8 5 6.5 1 1 16 0 2 117 1211 1
1 22.17 0.58 1 1 1 0 0 0 0 0 2 100 1 0
1 33.17 1 2 14 4 0.75 1 1 7 1 2 340 4072 1
1 35.75 2.41 2 9 4 0.125 0 1 2 0 2 220 2 0
1 18.32 1.21 1 10 2 0 0 0 0 0 2 100 1 0
1 17.07 0.08 1 8 4 0.04 0 0 0 0 2 140 723 0
0 19.75 0.75 2 8 4 0.795 1 1 5 1 2 140 6 0
1 18.82 3.54 1 1 1 0 0 0 0 1 2 180 2 0
1 17.92 0.2 2 6 4 0.04 0 0 0 0 2 280 751 0
1 73.42 17.75 2 1 1 0 1 0 0 1 2 0 1 1
1 36.25 5 2 8 5 2.5 1 1 6 0 2 0 368 1
1 22.17 2.25 2 3 4 0.125 0 0 0 0 2 160 11 0
1 27.75 0.58 1 13 4 0.25 1 1 2 0 2 260 501 1
0 31.92 3.12 2 1 1 3.04 0 1 2 1 2 200 5 0
0 22.92 1.25 2 11 4 0.25 0 0 0 1 2 120 810 0
1 50.75 0.58 2 1 1 0 0 0 0 0 2 145 1 0
1 31.08 3.08 2 8 4 2.5 0 1 2 1 2 160 42 0
1 19.5 0.28 2 4 4 0.29 0 0 0 0 2 280 365 0
0 27.67 1.5 2 7 4 2 1 0 0 0 1 368 1 0
1 39.08 6 2 7 4 1.29 1 1 5 1 2 108 1098 1
0 18.82 9.53 2 6 4 0.085 1 0 0 0 2 100 1 1
1 48.58 6.5 2 11 8 6 1 0 0 1 2 350 1 1
1 22.5 11.5 1 7 4 1.5 0 0 0 1 2 0 4001 0
1 22.33 11 2 9 4 2 1 1 1 0 2 80 279 1
1 34.92 5 2 14 8 7.5 1 1 6 1 2 0 1001 1
1 33.67 1.25 2 9 4 1.165 0 0 0 0 2 120 1 0
0 15.83 0.58 2 8 8 1.5 1 1 2 0 2 100 1 1
1 41.17 1.33 2 2 4 0.165 0 0 0 0 2 168 1 0
1 33.17 1.04 2 12 8 6.5 1 0 0 1 2 164 31286 1
1 30.83 0 2 9 4 1.25 1 1 1 0 2 202 1 1
1 22.5 0.12 1 4 4 0.125 0 0 0 0 2 200 71 0
1 35.17 25.12 2 14 8 1.625 1 1 1 1 2 515 501 1
0 21.92 11.66 2 4 8 0.085 0 0 0 0 2 320 6 0
1 37.58 0 2 8 4 0 0 0 0 0 3 184 1 1
0 52.5 7 2 6 8 3 0 0 0 0 2 0 1 0
1 21.5 9.75 2 8 4 0.25 1 0 0 0 2 140 1 0
0 45.33 1 2 11 4 0.125 0 0 0 1 2 263 1 0
1 27.75 1.29 2 4 8 0.25 0 0 0 1 1 140 1 0
0 24.58 0.67 2 6 8 1.75 1 0 0 0 2 400 1 0
1 41.75 0.96 2 14 4 2.5 1 0 0 0 2 510 601 1
1 23.25 12.62 2 8 4 0.125 0 1 2 0 2 0 5553 0
1 67.75 5.5 2 10 9 13 1 1 1 1 2 0 1 1
0 23.5 1.5 2 9 4 0.875 0 0 0 1 2 160 1 0
1 27.58 3.25 1 11 8 5.085 0 1 2 1 2 369 2 0
0 19.57 0.66 2 9 4 1.665 0 0 0 0 2 220 6 0
0 31.57 1.5 2 1 1 0 0 1 2 1 2 200 106 0
0 24.75 13.66 2 11 8 1.5 0 0 0 0 2 280 2 0
1 28.92 15 2 8 8 5.335 1 1 11 0 2 0 2284 1
1 32.42 2.16 1 4 1 0 0 0 0 0 2 120 1 0
1 25.17 3.5 2 13 4 0.625 1 1 7 0 2 0 7060 1
1 23.25 4 2 8 5 0.25 1 0 0 1 2 160 1 1
1 25 11.25 2 8 4 2.5 1 1 17 0 2 200 1209 1
1 25.67 3.25 2 8 8 2.29 0 1 1 1 2 416 22 0
0 28.42 3.5 2 9 4 0.835 1 0 0 0 1 280 1 1
1 29.67 1.41 2 9 8 0.75 1 1 1 0 2 240 101 1
0 25.25 13.5 1 1 1 2 0 1 1 1 2 200 2 0
0 22.83 2.29 2 11 8 2.29 1 1 7 1 2 140 2385 1
0 18.82 4.41 1 8 8 3 1 0 0 0 2 240 1 1
0 31.75 3 1 5 3 0 0 0 0 0 2 160 21 0
1 40.92 0.5 1 7 4 0.5 0 0 0 1 2 130 1 0
1 36.08 2.54 2 1 1 0 0 0 0 0 2 0 1001 0
0 24.5 12.75 2 8 5 4.75 1 1 2 0 2 73 445 1
1 23.17 0 2 8 4 0 0 0 0 0 3 184 1 1
0 19.5 0.16 2 11 4 0.04 0 0 0 1 2 380 1 0
0 26.17 2 2 5 3 0 0 0 0 1 2 276 2 0
0 28.58 3.54 2 3 5 0.5 1 0 0 1 2 171 1 0
0 44.17 6.66 2 11 4 7.375 1 1 3 1 2 0 1 1
1 30.08 1.04 1 3 5 0.5 1 1 10 1 2 132 29 0
1 30.17 0.5 2 8 4 1.75 1 1 11 0 2 32 541 1

