1 58.58 2.71 2 8 4 2.415 0 0 0 1 2 320 1 0
0 18.25 10 2 9 4 1 0 1 1 0 2 120 2 0
0 22.5 8.5 2 11 4 1.75 1 1 10 0 2 80 991 0
0 17.92 10.21 2 1 1 0 0 0 0 0 2 0 51 0
0 30.5 6.5 2 8 5 4 1 1 7 1 2 0 3066 1
0 22.25 1.25 1 1 1 3.25 0 0 0 0 2 280 1 0
0 33.67 0.37 2 13 4 0.375 0 0 0 0 2 300 45 1
1 18.82 0 2 11 4 0.665 0 0 0 0 2 160 2 0
1 40 6.5 2 6 5 3.5 1 1 1 0 2 0 501 1
1 73.42 17.75 2 1 1 0 1 0 0 1 2 0 1 1
1 31.42 15.5 2 8 4 0.5 1 0 0 0 2 120 1 0
1 27.83 1.54 2 9 4 3.75 1 1 5 1 2 100 4 1
0 23.58 0.83 2 11 4 0.415 0 1 1 1 2 200 12 0
1 50.75 0.58 2 1 1 0 0 0 0 0 2 145 1 0
1 31.25 1.12 2 1 1 0 0 1 1 0 2 96 20 0
0 17.57 9 2 6 4 1.375 1 0 0 1 2 0 1 1
0 58.33 10 2 11 4 4 1 1 14 0 2 0 1603 1
1 19.32 10.91 2 8 5 0.585 0 1 2 1 2 200 8 0
0 65.17 14 2 1 1 0 1 1 11 1 2 0 1401 1
1 35 3.37 2 8 8 8.29 0 0 0 1 2 0 1 0
1 16.17 0.04 2 8 4 0.04 0 0 0 0 2 0 1 1
0 33.17 2.25 1 13 4 3.5 0 0 0 1 2 200 142 0
1 25 12 2 4 4 2.25 1 1 2 1 2 120 6 0
1 48.58 0.2 1 4 4 0.25 1 1 11 0 2 380 2733 1
1 36.5 4.25 2 11 4 3.5 0 0 0 0 2 454 51 0
0 29.75 0.66 2 9 4 0.25 0 0 0 1 2 300 1 0
1 51.33 10 2 3 5 0 1 1 11 0 2 0 1250 1
0 31.57 11.25 2 1 1 0 0 0 0 0 2 184 5201 0
1 34.42 4.25 2 3 5 3.25 1 1 2 0 2 274 611 1
1 80.25 5.5 2 8 4 0.54 1 0 0 0 2 0 341 0
0 28.58 1.66 2 11 4 2.415 1 0 0 1 2 440 1 0
1 25.17 3 2 8 4 1.25 0 1 1 0 2 0 23 0
1 29.25 14.79 2 6 4 5.04 1 1 5 1 2 168 1 1
0 16.5 1.25 2 11 4 0.25 0 1 1 0 2 108 99 0
1 18.82 0.41 1 8 4 0.165 0 1 1 0 2 200 2 0
1 26.67 2.71 1 13 4 5.25 1 1 1 0 2 211 1 1
1 41.17 1.25 1 9 4 0.25 0 0 0 0 2 0 196 0
1 28.25 5.12 2 14 4 4.75 1 1 2 0 2 420 8 1
1 23.17 0 2 13 4 0.085 1 0 0 0 2 0 1 1
1 25.92 0.87 2 4 4 0.375 0 1 2 1 2 174 4 0
0 35.17 3.75 2 1 1 0 0 1 6 0 2 0 201 0
1 31.57 5 1 6 4 8.5 1 0 0 0 2 0 1 0
1 25.25 1 2 6 4 0.5 0 0 0 0 2 200 1 0
1 32.08 4 2 7 4 2.5 1 0 0 1 2 360 1 1
1 25.17 6 2 8 4 1 1 1 3 0 2 0 1 1
0 22.58 10.75 2 11 4 0.415 1 1 5 1 2 0 561 1
0 25.33 2.08 2 8 8 2.75 1 0 0 1 2 360 2 0
1 24.33 6.62 1 2 4 5.5 1 0 0 1 1 100 1 1
1 34.17 2.75 2 3 5 2.5 0 0 0 1 2 232 201 0
1 27.83 1 1 2 8 3 0 0 0 0 2 176 538 0
1 18.57 5.71 2 2 4 0.54 0 0 0 0 2 120 1 0
1 28.75 1.5 1 8 4 1.5 1 0 0 1 2 0 226 0
1 28.92 0.37 2 8 4 0.29 0 0 0 0 2 220 141 0
0 22.67 0.75 2 8 4 2 0 1 2 1 2 200 395 0
0 33.25 3 1 6 4 2 0 0 0 0 2 180 1 0
1 34.92 2.5 2 9 4 0 1 0 0 1 2 239 201 1
1 52.33 1.37 1 8 8 9.46 1 0 0 1 2 200 101 0
1 39.92 6.21 2 11 4 0.04 1 1 1 0 2 200 301 1
1 25.58 0.33 2 4 8 3.5 0 0 0 1 2 340 1 0
0 18.82 9.53 2 6 4 0.085 1 0 0 0 2 100 1 1
1 47.67 2.5 2 7 5 2.5 1 1 12 1 2 410 2511 1
0 22.5 11 1 11 4 3 1 0 0 1 2 268 1 0
1 74.83 19 1 1 1 0.04 0 1 2 0 2 0 352 0
1 28.25 5.04 1 8 5 1.5 1 1 8 1 2 144 8 1
0 33.75 0.75 2 4 5 1 1 1 3 1 2 212 1 0
1 45 8.5 2 13 8 14 1 1 1 1 2 88 2001 1
0 38.33 4.41 2 8 4 0.125 0 0 0 0 2 160 1 0
1 27.58 2.04 1 6 4 2 1 1 3 1 2 370 561 1
1 24.58 1.25 2 8 4 0.25 0 0 0 0 2 110 1 0
1 32.25 14 1 1 1 0 0 1 2 0 2 160 2 0
0 25.25 12.5 2 2 4 1 0 0 0 1 2 180 1063 0
1 31.83 0.04 1 7 4 0.04 0 0 0 0 2 0 1 0
0 25 11 1 6 4 4.5 1 0 0 0 2 120 1 0
1 22.33 11 2 9 4 2 1 1 1 0 2 80 279 1
1 39.83 0.5 2 7 4 0.25 1 0 0 0 1 288 1 0
0 68.67 15 2 10 9 0 1 1 14 0 2 0 3377 1
0 33.08 4.62 2 11 8 1.625 1 1 2 0 2 0 1 1
1 29.58 4.75 2 7 4 2 0 1 1 1 2 460 69 0
0 23.42 0.79 1 11 4 1.5 1 1 2 1 2 80 401 1
1 17.07 3.29 2 3 4 0.335 0 0 0 1 2 140 3 0
1 56.42 28 1 8 4 28.5 1 1 40 0 2 0 16 1
0 18.92 9 2 6 4 0.75 1 1 2 0 2 88 592 1
0 20.67 1.83 2 11 4 2.085 1 1 5 0 2 220 2504 1
1 33.67 1.25 2 9 4 1.165 0 0 0 0 2 120 1 0
1 16.5 0.12 2 8 4 0.165 0 0 0 0 2 132 1 0
0 38.25 6 2 4 4 1 1 0 0 1 2 0 1 1
1 38.58 3.33 2 9 4 4 1 1 14 0 2 383 1345 1
0 41.17 6.5 2 11 4 0.5 1 1 3 1 2 145 1 1
1 23.42 1 2 8 4 0.5 0 0 0 1 1 280 1 0
0 24.92 1.25 2 1 1 0 1 0 0 0 2 80 1 0
1 18.67 5 2 11 4 0.375 1 1 2 0 2 0 39 0
1 33.58 2.75 2 7 4 4.25 1 1 6 0 2 204 1 1
1 29.17 3.5 2 9 4 3.5 1 1 3 1 2 329 1 0
0 40.33 8.12 1 4 4 0.165 0 1 2 0 2 184 19 0
1 33.58 0.25 2 3 5 4 0 0 0 1 1 420 1 0
1 21.5 11.5 2 3 4 0.5 1 0 0 1 2 100 69 0
1 44.83 7 1 8 4 1.625 0 0 0 0 2 160 3 0
1 36.25 5 2 8 5 2.5 1 1 6 0 2 0 368 1
0 28.67 1.04 2 8 4 2.5 1 1 5 1 2 300 1431 1
1 13.75 4 1 9 4 1.75 1 1 2 1 2 120 1001 1
0 22.92 11.58 2 13 4 0.04 1 0 0 0 2 80 1350 1
1 27 0.75 2 8 8 4.25 1 1 3 1 2 312 151 1
1 24.58 13.5 1 1 1 0 0 0 0 0 2 184 1 0
0 30.25 5.5 2 4 4 5.5 0 0 0 1 1 100 1 0
1 40.92 2.25 1 14 8 10 1 0 0 1 2 176 1 0
1 17.07 0.25 2 11 4 0.335 0 1 4 0 2 160 9 0
1 25.5 0.37 2 7 4 0.25 1 1 3 0 2 260 15109 1
0 57.58 2 2 1 1 6.5 0 1 1 0 2 0 11 0
1 39.17 1.71 2 14 4 0.125 1 1 5 1 2 480 1 1
1 32.33 2.5 2 8 4 1.25 0 0 0 1 2 280 1 0
1 29.58 4.5 2 9 4 7.5 1 1 2 1 2 330 1 1
1 26.75 2 2 2 4 0.75 0 0 0 1 2 80 1 0
0 29.5 0.46 2 4 4 0.54 1 1 4 0 2 380 501 1
1 32.33 7.5 2 10 5 1.585 1 0 0 1 1 420 1 0
0 69.5 6 2 1 1 0 0 0 0 0 1 0 1 0
0 19.57 0.66 1 8 4 1 0 1 1 0 2 2000 3 0
0 47.75 8 2 8 4 7.875 1 1 6 1 2 0 1261 1
1 19 0 1 1 1 0 0 1 4 0 2 45 2 0
1 19.42 7.25 2 7 4 0.04 0 1 1 0 2 100 2 0
1 40.58 5 2 8 4 5 1 1 7 0 2 0 3066 1
1 31.92 4.46 2 13 8 6.04 1 1 3 0 2 311 301 1
1 22 7.83 1 3 5 0.165 0 0 0 1 2 184 1 0
0 18.82 9.5 2 9 4 1.625 1 1 6 1 2 40 601 1
1 44.25 0.5 2 7 4 10.75 1 0 0 0 1 400 1 0
0 15.92 2.87 2 11 4 0.085 0 0 0 0 2 120 1 0
1 33 2.5 1 9 4 7 0 0 0 1 2 280 1 0
1 38.25 10.12 1 4 4 0.125 0 0 0 0 2 160 1 0
0 35.42 12 2 11 8 14 1 1 8 0 2 0 6591 1
0 49.83 13.58 2 4 8 8.5 1 0 0 1 2 0 1 1
1 49.5 7.58 2 3 5 7.585 1 1 15 1 2 0 5001 1
0 28.08 15 1 10 9 0 1 0 0 0 2 0 13213 1
1 23 0.75 2 7 4 0.5 1 0 0 1 1 320 1 0
1 20.67 0.83 1 8 4 2 0 0 0 1 1 240 1 0
1 22.92 0.17 2 7 4 0.085 0 0 0 0 1 0 1 0
1 22.08 2.33 2 4 4 0.75 0 0 0 0 2 180 1 0
1 17.25 3 2 4 4 0.04 0 0 0 1 2 160 41 0
0 21.5 6 2 6 4 2.5 1 1 3 0 2 80 919 1
1 21.08 10.08 1 10 8 1.25 0 0 0 0 2 260 1 0
0 36.58 0.28 2 1 1 0 0 1 10 0 2 200 19 0
1 32.75 1.5 2 13 8 5.5 1 1 3 1 2 0 1 1
1 20.5 2.41 2 8 4 2 1 1 11 1 2 200 3001 1
1 30.08 1.04 1 3 5 0.5 1 1 10 1 2 132 29 0
1 23.92 1.5 2 2 8 1.875 1 1 6 0 2 200 328 1
1 39.5 4.25 2 8 5 6.5 1 1 16 0 2 117 1211 1
0 64.08 0.16 2 1 1 0 1 1 1 0 2 232 101 1
0 32 6 2 2 4 1.25 0 0 0 0 2 272 1 0
1 47.33 6.5 2 8 4 1 0 0 0 1 2 0 229 0
0 20.75 9.53 2 3 4 0.04 0 0 0 0 2 200 1001 0
1 31.57 0.37 2 2 4 0.875 1 0 0 1 1 928 1 0
1 31.57 3 1 3 5 7 0 0 0 0 2 0 2 0
1 19 1.75 1 8 4 2.335 0 0 0 1 2 112 7 0
1 48.17 3.5 2 6 4 3.5 1 0 0 0 1 230 1 1
1 23.08 2.5 2 1 1 0.085 0 0 0 1 2 100 4209 0
1 35.75 2.41 2 9 4 0.125 0 1 2 0 2 220 2 0
1 23.58 1.79 2 8 4 0.54 0 0 0 1 2 136 2 0
1 16.32 2.75 2 6 4 0.665 0 1 1 0 2 80 22 0
0 22.92 1.25 2 11 4 0.25 0 0 0 1 2 120 810 0
1 34.08 0.08 1 7 5 0.04 1 1 1 1 2 280 2001 1
1 19.32 9.5 2 11 4 1 1 0 0 1 2 60 401 1
1 20 7 2 8 4 0.5 0 0 0 0 2 0 1 0
1 23.25 1 2 8 4 0.835 1 0 0 0 1 300 1 1
1 22.67 10.5 2 11 8 1.335 1 0 0 0 2 100 1 1
1 36.67 2 2 3 4 0.25 0 0 0 1 2 221 1 0
1 20.17 8.17 2 6 4 1.96 1 1 14 0 2 60 159 1
1 27.67 0.75 2 11 8 0.165 0 0 0 1 2 220 252 0
1 69.17 9 2 1 1 4 0 1 1 0 2 70 7 0
1 41.58 1.75 2 4 4 0.21 1 0 0 0 2 160 1 0
0 20.83 3 2 6 4 0.04 1 0 0 0 2 100 1 1
1 28.92 15 2 8 8 5.335 1 1 11 0 2 0 2284 1
1 19.42 6.5 2 9 8 1.46 1 1 7 0 2 80 2955 1
0 27.58 3 2 7 4 2.79 0 1 1 1 2 280 11 0
1 56.58 18.5 2 2 5 15 1 1 17 1 2 0 1 1
1 34.67 1.08 2 7 4 1.165 0 0 0 0 1 28 1 0
0 46 4 2 5 3 0 1 0 0 0 2 100 961 1
0 19.5 0.16 2 11 4 0.04 0 0 0 1 2 380 1 0
1 21.17 0.87 1 8 8 0.25 0 0 0 0 2 280 205 0
0 28.75 3.75 2 8 4 1.085 1 1 1 1 2 371 1 1
1 48.75 8.5 2 8 8 12.5 1 1 9 0 2 181 1656 1
1 28.25 0.87 2 7 4 0.96 1 1 3 1 2 396 1 1
0 25 12.33 2 13 8 3.5 1 1 6 0 2 400 459 1
0 30.67 12 2 8 4 2 1 1 1 0 2 220 20 1
1 23.08 2.5 2 8 4 1.085 1 1 11 1 2 60 2185 1
0 46.67 0.46 2 13 8 0.415 1 1 11 1 2 440 7 1
0 28.17 0.37 2 11 4 0.585 1 1 4 0 2 80 1 1
0 26.17 2 2 5 3 0 0 0 0 1 2 276 2 0
1 21 3 1 2 4 1.085 1 1 8 1 2 160 2 1
0 22.67 0.79 2 3 4 0.085 0 0 0 0 2 144 1 0
1 22.67 1.58 1 9 4 3.085 1 1 6 0 2 80 1 1
1 26 1 2 11 4 1.75 1 0 0 1 2 280 1 1
0 30 5.29 2 10 2 2.25 1 1 5 1 2 99 501 1
1 23.33 11.62 1 9 4 0.835 1 0 0 1 2 160 301 1
0 20.07 1.25 2 8 4 0 0 0 0 0 2 0 1 0
0 47.42 3 2 14 4 13.875 1 1 2 1 2 519 1705 1
1 23.08 11.5 2 9 8 2.125 1 1 11 1 2 290 285 1
1 35.58 0.75 2 4 4 1.5 0 0 0 1 2 231 1 0
0 18.07 0.37 3 13 1 10 0 0 0 1 1 300 1 1
1 36.17 0.42 1 9 4 0.29 0 0 0 1 2 309 3 0
1 67.75 5.5 2 10 9 13 1 1 1 1 2 0 1 1
0 18.42 9.25 2 11 4 1.21 1 1 4 0 2 60 541 1
1 35 2.5 2 3 4 1 0 0 0 1 2 210 1 0
1 76.75 22.29 2 10 9 12.75 1 1 1 1 2 0 110 1
1 34.58 0 2 8 4 0 0 0 0 0 3 184 1 0
1 20.67 1.25 1 8 8 1.375 1 1 3 1 2 140 211 0
1 22.75 11.5 2 3 4 0.415 0 0 0 0 2 0 1 0
1 45.17 1.5 2 8 4 2.5 1 0 0 1 2 140 1 0
1 31.67 0.83 2 14 4 1.335 1 1 8 1 2 303 3291 1
1 22.17 0.58 1 1 1 0 0 0 0 0 2 100 1 0
0 33.08 1.62 2 2 4 0.54 0 0 0 1 2 0 1 0
1 62.75 7 2 10 9 0 0 0 0 0 2 0 13 0
1 43.08 0.37 1 8 4 0.375 1 1 8 1 2 300 163 1
1 31.08 3.08 2 8 4 2.5 0 1 2 1 2 160 42 0
1 20.25 9.96 2 10 2 0 1 0 0 0 2 0 1 1
0 53.33 0.16 2 1 1 0 0 0 0 1 1 62 28 0
1 32.83 2.5 2 13 8 2.75 1 1 6 0 2 160 2073 1
0 27.67 2.04 2 9 4 0.25 0 0 0 1 2 180 51 0
1 27.67 2 2 14 8 1 1 1 4 0 2 140 7545 1
0 60.58 16.5 2 11 4 11 1 0 0 1 2 21 10562 1
0 25.75 0.5 2 8 8 0.875 1 0 0 1 2 491 1 1
1 37.58 0 2 8 4 0 0 0 0 0 3 184 1 1
1 25.75 0.5 2 8 4 1.46 1 1 5 1 2 312 1 1
1 36.17 18.12 2 9 4 0.085 0 0 0 0 2 320 3553 0
1 48.08 3.75 2 3 5 1 0 0 0 0 2 100 3 0
0 38.92 1.66 2 6 4 0.25 0 0 0 0 2 0 391 0
1 38.92 1.75 2 4 4 0.5 0 0 0 1 2 300 3 0
1 25.33 0.57 2 8 4 0.29 1 1 7 1 2 96 5125 1
1 20.42 7 2 8 4 1.625 1 1 3 0 2 200 1392 1
1 36.08 2.54 2 1 1 0 0 0 0 0 2 0 1001 0
0 23.5 1.5 2 9 4 0.875 0 0 0 1 2 160 1 0
1 23 0.62 1 6 4 0.125 1 0 0 0 2 180 2 0
1 33.17 3.16 1 14 4 3.165 1 1 3 1 2 380 1 1
0 20.67 3 2 11 4 0.165 1 1 3 0 2 100 7 1
1 37.5 1.12 1 2 4 1.5 0 0 0 1 2 431 1 1
1 22.67 0.16 2 8 3 2.25 0 0 0 1 1 0 1 1
1 24.42 2 2 10 2 0.165 0 1 2 0 2 320 1301 0
1 43.25 3 2 11 8 6 1 1 11 0 2 80 1 1
0 41.33 1 2 3 5 2.25 1 0 0 1 2 0 301 1
1 42.83 1.25 2 7 4 13.875 0 1 1 1 2 352 113 0
0 25 0.87 2 14 8 1.04 1 0 0 1 2 160 5861 1
1 19.5 0.28 2 4 4 0.29 0 0 0 0 2 280 365 0
1 21.17 0 2 8 4 0.5 0 0 0 1 1 0 1 0
0 24.75 13.66 2 11 8 1.5 0 0 0 0 2 280 2 0
0 19.17 8.58 2 13 8 0.75 1 1 7 0 2 96 1 1
1 22.5 0.12 1 4 4 0.125 0 0 0 0 2 200 71 0
1 42 9.78 2 14 8 7.96 1 1 8 0 2 0 1 1
1 16.07 0.75 2 8 4 1.75 1 1 5 1 2 352 691 1
1 23.92 0.58 1 13 8 0.125 0 0 0 0 2 240 2 0
1 23.92 0.66 2 8 4 0.165 0 0 0 0 2 100 1 1
0 45 4.58 2 4 8 1 0 0 0 1 1 240 1 0
1 43.17 2.25 2 3 5 0.75 1 0 0 0 2 560 1 0
1 34.83 4 2 2 5 12.5 1 0 0 1 2 184 1 0
1 49.17 2.29 2 1 1 0.29 0 0 0 0 2 200 4 0
1 39.33 5.87 2 13 8 10 1 1 14 1 2 399 1 1
0 49 1.5 2 5 3 0 1 0 0 1 2 100 28 0
0 19.17 0.58 1 6 4 0.585 1 0 0 1 2 160 1 0
0 44.33 0 2 8 4 2.5 1 0 0 0 2 0 1 1
1 22.67 2.54 1 8 8 2.585 1 0 0 0 2 0 1 1
1 22.5 11.5 1 7 4 1.5 0 0 0 1 2 0 4001 0
0 26.58 2.54 1 1 1 0 0 0 0 1 2 180 61 0
1 20.42 1.83 2 8 4 2.25 1 1 1 0 2 100 151 1
1 39.58 5 2 1 1 0 0 1 2 0 2 17 2 0
1 21.92 0.5 2 8 4 0.125 0 0 0 0 2 360 1 0
1 24.83 2.75 2 8 4 2.25 1 1 6 0 2 184 601 1
1 43 0.28 1 13 8 1.75 1 1 8 0 2 100 376 1
0 20.42 7.5 2 4 4 1.5 1 1 1 0 2 160 235 1
0 16.07 0.33 2 1 1 0 0 1 1 0 2 160 127 0
0 20.42 10.5 1 14 8 0 0 0 0 1 2 154 33 0
1 36.67 3.25 2 11 8 9 1 0 0 1 2 102 640 1
0 58.67 4.46 2 11 8 3.04 1 1 6 0 2 43 561 1
1 65.42 11 2 10 9 20 1 1 7 1 2 22 1 1
1 42.5 4.91 1 9 4 3.165 1 0 0 1 2 52 1443 1
0 56.5 16 2 5 1 0 1 1 15 0 2 0 248 1
1 34 4.5 2 6 4 1 1 0 0 1 2 240 1 0
1 20.42 0 2 8 4 0 0 0 0 0 3 184 1 0
0 22.67 3.8 2 8 4 0.165 0 0 0 0 2 160 1 0
1 36.33 3.79 2 9 4 1.165 1 0 0 1 2 200 1 0
0 21.67 11.5 1 5 3 0 1 1 11 1 2 0 1 1

