0 17.32 9.5 2 6 4 1.75 0 1 10 1 2 0 11 0
1 32 1.75 1 10 8 0.04 1 0 0 1 2 393 1 1
0 25.58 0 2 8 4 0 0 0 0 0 3 184 1 1
0 28.5 3.04 1 14 8 2.54 1 1 1 0 2 70 1 1
1 16.92 0.33 1 4 4 0.29 0 0 0 0 1 200 1 0
1 18.25 0.16 2 2 4 0.25 0 0 0 1 1 280 1 0
1 16.25 0.83 2 7 4 0.085 1 0 0 0 1 200 1 0
1 28.92 15 2 8 8 5.335 1 1 11 0 2 0 2284 1
1 22.67 2.54 1 8 8 2.585 1 0 0 0 2 0 1 1
1 32.75 2.33 2 2 8 5.75 0 0 0 1 2 292 1 0
1 22.58 10.03 2 14 4 0.04 1 1 9 0 2 60 397 1
1 39.92 0.54 1 6 4 0.5 1 1 3 0 2 200 1001 1
1 27.42 12.5 2 6 5 0.25 0 0 0 1 2 720 1 0
1 24.17 0.87 2 11 4 4.625 1 1 2 1 2 520 2001 1
1 63.33 0.54 2 8 4 0.585 1 1 3 1 2 180 1 0
0 28.17 0.58 2 6 4 0.04 0 0 0 0 2 260 1005 0
1 38.25 10.12 1 4 4 0.125 0 0 0 0 2 160 1 0
0 18.25 10 2 9 4 1 0 1 1 0 2 120 2 0
1 31.08 3.08 2 8 4 2.5 0 1 2 1 2 160 42 0
0 35.17 3.75 2 1 1 0 0 1 6 0 2 0 201 0
1 19.42 6.5 2 9 8 1.46 1 1 7 0 2 80 2955 1
1 24.5 13.33 1 6 4 0.04 0 0 0 1 2 120 476 0
0 24.5 1.75 1 8 4 0.165 0 0 0 0 2 132 1 0
1 31.57 5 1 6 4 8.5 1 0 0 0 2 0 1 0
1 27 1.5 1 9 4 0.375 1 0 0 1 2 260 1066 1
1 40.58 5 2 8 4 5 1 1 7 0 2 0 3066 1
1 32.75 1.5 2 13 8 5.5 1 1 3 1 2 0 1 1
1 23.17 0 2 13 4 0.085 1 0 0 0 2 0 1 1
1 23.08 11.5 2 3 4 3.5 1 1 9 0 2 56 743 1
0 56.83 4.25 1 1 1 5 0 0 0 1 2 0 5 0
1 36.67 4.41 1 4 4 0.25 1 1 10 1 2 320 1 1
1 39.83 0.5 2 7 4 0.25 1 0 0 0 1 288 1 0
1 57.83 7.04 2 7 4 14 1 1 6 1 2 360 1333 1
1 19.67 0.37 2 11 4 2 1 1 2 1 2 80 1 1
0 23.25 5.87 2 11 4 3.17 1 1 10 0 2 120 246 1
1 31.57 10.5 2 14 4 6.5 1 0 0 0 2 0 1 1
0 18.92 9 2 6 4 0.75 1 1 2 0 2 88 592 1
1 23.92 1.5 2 2 8 1.875 1 1 6 0 2 200 328 1
0 36.58 0.28 2 1 1 0 0 1 10 0 2 200 19 0
0 22.5 11 1 11 4 3 1 0 0 1 2 268 1 0
0 20.42 0.83 2 11 4 1.585 1 1 1 0 2 0 1 1
1 18.17 10.25 2 8 8 1.085 0 0 0 0 2 320 14 0
1 23.25 4 2 8 5 0.25 1 0 0 1 2 160 1 1
0 20.32 10 2 8 8 1 1 1 4 0 2 50 1466 1
0 48.17 1.33 2 3 7 0.335 0 0 0 0 2 0 121 0
0 36.75 5.12 2 10 4 5 1 0 0 1 2 0 4001 1
1 19.32 10.91 2 8 5 0.585 0 1 2 1 2 200 8 0
1 23.25 1 2 8 4 0.835 1 0 0 0 1 300 1 1
1 35.25 16.5 1 8 4 4 1 0 0 0 2 80 1 0
1 42.17 5.04 2 11 8 12.75 1 0 0 1 2 92 1 1
0 16.32 0.21 2 6 4 0.125 0 0 0 0 2 200 2 0
1 39.5 4.25 2 8 5 6.5 1 1 16 0 2 117 1211 1
1 26.67 1.75 1 8 4 1 1 1 5 1 2 160 5778 1
1 26.75 4.5 1 8 5 2.5 0 0 0 0 2 200 1211 0
1 22.08 0.83 2 8 8 2.165 0 0 0 1 2 128 1 1
1 21.17 0.87 1 8 8 0.25 0 0 0 0 2 280 205 0
0 46.67 0.46 2 13 8 0.415 1 1 11 1 2 440 7 1
1 41.17 1.25 1 9 4 0.25 0 0 0 0 2 0 196 0
1 31.57 0.5 2 8 5 0.835 1 0 0 1 1 320 1 0
1 19.67 10 1 4 8 0.835 1 0 0 1 2 140 1 0
0 24.33 2.5 1 3 5 4.5 0 0 0 0 2 200 457 0
1 21.33 7.5 2 6 4 1.415 1 1 1 0 2 80 9801 1
1 29.67 0.75 1 8 4 0.04 0 0 0 0 2 240 1 0
0 32.25 1.5 2 8 4 0.25 0 0 0 1 2 372 123 0
0 35.75 0.91 2 6 4 0.75 1 1 4 0 2 0 1584 1
1 35.25 3.16 2 14 8 3.75 1 0 0 1 2 680 1 0
1 20.5 10 1 8 4 2.5 1 0 0 0 1 40 1 1
1 65.42 11 2 10 9 20 1 1 7 1 2 22 1 1
1 16.17 0.04 2 8 4 0.04 0 0 0 0 2 0 1 1
0 29.58 1.75 1 4 4 1.25 0 0 0 1 2 280 1 0
1 18.82 0.41 1 8 4 0.165 0 1 1 0 2 200 2 0
1 31.33 19.5 2 8 4 7 1 1 16 0 2 0 5001 1
0 17.92 10.21 2 1 1 0 0 0 0 0 2 0 51 0
1 69.17 9 2 1 1 4 0 1 1 0 2 70 7 0
1 19.17 9.5 2 9 4 1.5 1 0 0 0 2 120 2207 1
0 20.67 1.83 2 11 4 2.085 1 1 5 0 2 220 2504 1
1 19 1.75 1 8 4 2.335 0 0 0 1 2 112 7 0
0 33.25 3 1 6 4 2 0 0 0 0 2 180 1 0
1 29.92 1.83 2 8 8 4.335 1 0 0 0 2 260 201 1
0 52.83 15 2 8 4 5.5 1 1 14 0 2 0 2201 1
1 34.17 2.75 2 3 5 2.5 0 0 0 1 2 232 201 0
1 23.17 11.12 2 14 8 0.46 1 1 1 0 2 100 1 1
1 35.75 2.41 2 9 4 0.125 0 1 2 0 2 220 2 0
0 21.67 11.5 1 5 3 0 1 1 11 1 2 0 1 1
1 29.17 3.5 2 9 4 3.5 1 1 3 1 2 329 1 0
1 23.92 0.66 2 8 4 0.165 0 0 0 0 2 100 1 1
1 23.42 1 2 8 4 0.5 0 0 0 1 1 280 1 0
0 39.08 4 2 8 4 3 0 0 0 0 2 480 1 0
1 27.67 13.75 2 9 4 5.75 1 0 0 1 2 487 501 1
0 28.08 15 1 10 9 0 1 0 0 0 2 0 13213 1
1 41.42 5 2 11 8 5 1 1 6 1 2 470 1 1
1 21.83 0.25 2 2 8 0.665 1 0 0 1 2 0 1 1
1 49.58 19 2 1 1 0 1 1 1 0 2 94 1 0
1 34.17 9.17 2 8 4 4.5 1 1 12 1 2 0 222 1
0 45.33 1 2 11 4 0.125 0 0 0 1 2 263 1 0
1 20 7 2 8 4 0.5 0 0 0 0 2 0 1 0
1 27.67 0.75 2 11 8 0.165 0 0 0 1 2 220 252 0
1 22.67 0.75 2 3 4 1.585 0 1 1 1 2 400 10 0
1 25.75 0.75 2 8 5 0.25 1 0 0 0 2 349 24 1
0 25.75 0.5 2 8 8 0.875 1 0 0 1 2 491 1 1
1 25.42 0.54 2 9 4 0.165 0 1 1 0 2 272 445 0
1 27.25 1.58 2 13 8 1.835 1 1 12 1 2 583 714 1
1 44.33 0.5 2 3 8 5 1 0 0 1 2 320 1 1
1 43 0.28 1 13 8 1.75 1 1 8 0 2 100 376 1
0 27.67 2.04 2 9 4 0.25 0 0 0 1 2 180 51 0
1 21.58 0.79 1 13 4 0.665 0 0 0 0 2 160 1 0
0 29.5 2 1 10 8 2 0 0 0 0 2 256 18 0
1 22.75 11 2 11 4 2.5 1 1 7 1 2 100 810 1
0 58.33 10 2 11 4 4 1 1 14 0 2 0 1603 1
1 26.75 2 2 2 4 0.75 0 0 0 1 2 80 1 0
1 38.58 3.33 2 9 4 4 1 1 14 0 2 383 1345 1
1 26.25 1.54 2 9 4 0.125 0 0 0 0 2 100 1 0
1 23.58 0.83 2 3 8 0.085 0 0 0 1 2 220 6 0
1 29.83 3.5 2 8 4 0.165 0 0 0 0 2 216 1 0
1 36.33 2.12 1 9 4 0.085 1 1 1 0 2 50 1188 1
1 32.33 2.5 2 8 4 1.25 0 0 0 1 2 280 1 0
0 28.58 1.66 2 11 4 2.415 1 0 0 1 2 440 1 0
0 21.75 1.75 1 5 3 0 0 0 0 0 2 160 1 0
1 16.32 4.08 2 3 8 0.415 0 0 0 1 2 120 1 0
1 29.83 2.04 1 14 8 0.04 0 0 0 0 2 128 2 0
0 46.08 3 2 8 4 2.375 1 1 8 1 2 396 4160 1
0 22.25 1.25 1 1 1 3.25 0 0 0 0 2 280 1 0
0 57.08 0.33 2 3 5 1 1 0 0 1 2 252 2198 0
1 48.75 8.5 2 8 8 12.5 1 1 9 0 2 181 1656 1
0 18.57 10 2 2 4 0.415 0 0 0 0 2 80 43 0
0 19.67 0.21 2 11 8 0.29 1 1 11 0 2 80 100 1
0 52.17 0 1 1 1 0 0 0 0 0 2 0 1 0
1 19.42 7.25 2 7 4 0.04 0 1 1 0 2 100 2 0
0 20.75 9.53 2 3 4 0.04 0 0 0 0 2 200 1001 0
1 34.42 1.33 2 3 5 0.125 0 0 0 1 2 440 4501 0
0 25 0.87 2 14 8 1.04 1 0 0 1 2 160 5861 1
1 27.75 0.58 1 13 4 0.25 1 1 2 0 2 260 501 1
1 22.75 11.5 2 3 4 0.415 0 0 0 0 2 0 1 0
1 32.33 3.5 2 4 4 0.5 0 0 0 1 2 232 1 0
1 18 0.16 2 11 7 0.21 0 0 0 0 2 200 41 1
1 21.08 4.12 1 3 8 0.04 0 0 0 0 2 140 101 0
1 18.5 2 2 3 4 1.5 1 1 2 0 2 120 301 1
0 27.58 3 2 7 4 2.79 0 1 1 1 2 280 11 0
0 50.25 0.83 2 6 4 0.5 0 0 0 1 2 240 118 0
1 24.08 9 2 6 4 0.25 0 0 0 1 2 0 1 0
1 26.17 0.83 2 13 4 1.165 0 0 0 0 2 100 1 0
1 25.92 0.87 2 4 4 0.375 0 1 2 1 2 174 4 0
0 21.92 11.66 2 4 8 0.085 0 0 0 0 2 320 6 0
1 47.67 0.28 2 8 5 15 1 1 20 0 2 0 15001 1
1 32.25 14 1 1 1 0 0 1 2 0 2 160 2 0
1 20.67 0.41 2 8 4 0.125 0 0 0 0 2 0 45 0
1 28.25 5.12 2 14 4 4.75 1 1 2 0 2 420 8 1
1 26.83 0.54 2 4 1 0 0 0 0 0 2 100 1 0
1 21.33 10.5 2 8 4 3 1 0 0 1 2 0 1 1
0 44.17 6.66 2 11 4 7.375 1 1 3 1 2 0 1 1
1 24.58 1.25 2 8 4 0.25 0 0 0 0 2 110 1 0
1 33.75 2.75 2 3 5 0 0 0 0 0 2 180 1 0
1 21.17 0.25 1 8 8 0.25 0 0 0 0 2 280 205 0
0 25.33 2.08 2 8 8 2.75 1 0 0 1 2 360 2 0
0 16.92 0.5 2 3 4 0.165 0 1 6 1 2 240 36 0
0 47.75 8 2 8 4 7.875 1 1 6 1 2 0 1261 1
1 27.83 1.5 2 9 4 2.25 0 1 1 1 2 100 4 0
0 32.33 0.54 2 13 4 0.04 1 0 0 0 2 440 11178 1
0 50.08 12.54 2 6 4 2.29 1 1 3 1 2 156 1 1
1 41 0.04 2 10 4 0.04 0 1 1 0 1 560 1 1
0 22.67 0.33 2 11 4 0.75 0 0 0 0 1 160 1 0
0 33.17 2.25 1 13 4 3.5 0 0 0 1 2 200 142 0
0 20.75 10.25 2 11 4 0.71 1 1 2 1 2 49 1 1
1 22.5 0.12 1 4 4 0.125 0 0 0 0 2 200 71 0
1 23.08 0 2 4 4 1 0 1 11 0 1 0 1 0
1 31 2.08 2 8 4 0.085 0 0 0 0 2 300 1 0
0 21.08 5 1 1 1 0 0 0 0 0 2 0 1 0
1 54.58 9.41 2 1 1 14.415 1 1 11 1 2 30 301 1
0 68.67 15 2 10 9 0 1 1 14 0 2 0 3377 1
0 24.5 0.5 2 11 8 1.5 1 0 0 0 2 280 825 1
1 26.17 12.5 1 4 8 1.25 0 0 0 1 2 0 18 0
0 49.83 13.58 2 4 8 8.5 1 0 0 1 2 0 1 1
0 20.42 7.5 2 4 4 1.5 1 1 1 0 2 160 235 1
0 31.57 11.25 2 1 1 0 0 0 0 0 2 184 5201 0
1 22.08 11 2 13 4 0.665 1 0 0 0 2 100 1 1
1 30.17 6.5 2 13 4 3.125 1 1 8 0 2 330 1201 1
1 48.17 3.5 2 6 4 3.5 1 0 0 0 1 230 1 1
1 19 0 1 1 1 0 0 1 4 0 2 45 2 0
1 21.08 10.08 1 10 8 1.25 0 0 0 0 2 260 1 0
1 48.17 7.62 2 9 8 15.5 1 1 12 0 2 0 791 1
1 23.33 1.5 2 8 8 1.415 1 0 0 0 2 422 201 1
1 19.5 9.58 2 6 4 0.79 0 0 0 0 2 80 351 0
0 27.42 14.5 2 14 8 3.085 1 1 1 0 2 120 12 1
1 38.92 1.75 2 4 4 0.5 0 0 0 1 2 300 3 0
1 20 1.25 1 4 4 0.125 0 0 0 0 2 140 5 0
1 27 0.75 2 8 8 4.25 1 1 3 1 2 312 151 1
1 52.42 1.5 2 2 4 3.75 0 0 0 1 2 0 351 0
0 17.57 9 2 6 4 1.375 1 0 0 1 2 0 1 1
1 20 0 2 2 4 0.5 0 0 0 0 2 144 1 0
1 24.42 12.33 2 11 8 1.585 1 0 0 1 2 120 1 1
1 37.5 1.75 1 8 5 0.25 1 0 0 1 2 164 401 0
1 38.67 0.21 2 4 4 0.085 1 0 0 1 2 280 1 1
1 67.75 5.5 2 10 9 13 1 1 1 1 2 0 1 1
1 36.08 2.54 2 1 1 0 0 0 0 0 2 0 1001 0
1 28.75 1.5 1 8 4 1.5 1 0 0 1 2 0 226 0
0 38.75 1.5 2 1 1 0 0 0 0 0 2 76 1 0
1 43.17 2.25 2 3 5 0.75 1 0 0 0 2 560 1 0
1 25 12 2 4 4 2.25 1 1 2 1 2 120 6 0
1 31.25 2.83 2 1 1 0 0 1 5 0 2 176 147 0
1 42.5 4.91 1 9 4 3.165 1 0 0 1 2 52 1443 1
0 18.82 9.53 2 6 4 0.085 1 0 0 0 2 100 1 1
0 26.08 8.66 2 6 4 1.415 1 0 0 0 2 160 151 1
0 28.75 3.75 2 8 4 1.085 1 1 1 1 2 371 1 1
1.234 22.08 11.46 2 4 4 1.585 0 0 0 1 2 100 1213 0
1 17.07 0.25 2 11 4 0.335 0 1 4 0 2 160 9 0
1 35 2.5 2 3 4 1 0 0 0 1 2 210 1 0
1 40.92 0.83 2 1 1 0 1 0 0 0 2 130 2 0
1 47.83 4.16 2 14 5 0.085 0 0 0 1 2 520 1 0
1 27.58 3.25 1 11 8 5.085 0 1 2 1 2 369 2 0
0 25.17 2.87 2 14 8 0.875 1 0 0 0 2 360 1 1
0 19.17 8.58 2 13 8 0.75 1 1 7 0 2 96 1 1
1 24.83 2.75 2 8 4 2.25 1 1 6 0 2 184 601 1
1 35.17 4.5 2 14 8 5.75 0 0 0 1 1 711 1 1
1 27.75 1.29 2 4 8 0.25 0 0 0 1 1 140 1 0
0 37.33 2.5 2 3 8 0.21 0 0 0 0 2 260 247 0
1 60.08 14.5 2 1 1 18 1 1 15 1 2 0 1001 1
1 17.42 6.5 2 3 4 0.125 0 0 0 0 2 60 101 0
1 19.17 0 1 7 5 0 0 0 0 1 1 500 2 1
0 31.57 3.5 2 2 4 3 1 0 0 1 2 300 1 0
1 37.58 0 2 8 4 0 0 0 0 0 3 184 1 1
1 29.67 1.41 2 9 8 0.75 1 1 1 0 2 240 101 1
1 30.58 2.71 1 7 4 0.125 0 0 0 1 1 80 1 0
1 31.83 0.04 1 7 4 0.04 0 0 0 0 2 0 1 0
1 28 2 2 4 8 4.165 1 1 2 1 2 181 1 1
0 56.5 16 2 5 1 0 1 1 15 0 2 0 248 1
1 28.25 0.87 2 7 4 0.96 1 1 3 1 2 396 1 1
1 33.17 3.04 1 8 8 2.04 1 1 1 1 2 180 18028 1
1 27.83 1.5 2 9 4 2 1 1 11 1 2 434 36 1
1 18.57 5.71 2 2 4 0.54 0 0 0 0 2 120 1 0
1 23.08 2.5 2 8 4 1.085 1 1 11 1 2 60 2185 1
0 42.25 1.75 1 8 4 0 0 0 0 1 2 150 2 0
0 25.08 2.54 1 6 4 0.25 1 0 0 1 2 370 1 1
0 21.5 6 2 6 4 2.5 1 1 3 0 2 80 919 1
1 31.57 3 1 3 5 7 0 0 0 0 2 0 2 0
1 27.83 1.54 2 9 4 3.75 1 1 5 1 2 100 4 1
0 33.75 0.75 2 4 5 1 1 1 3 1 2 212 1 0
1 38.42 0.7 2 8 4 0.375 0 1 2 0 2 225 501 0
1 26.33 13 2 10 2 0 0 0 0 1 2 140 1111 0
1 36.42 0.75 1 2 4 0.585 0 0 0 0 2 240 4 0
1 22.58 1.5 1 6 4 0.54 0 0 0 1 2 120 68 0
1 24.75 0.54 2 7 4 1 0 0 0 1 2 120 2 0
1 33.17 3.16 1 14 4 3.165 1 1 3 1 2 380 1 1
1 41.5 1.54 2 3 5 3.5 0 0 0 0 2 216 1 1
1 37.33 6.5 2 7 8 4.25 1 1 12 1 2 93 1 1
1 22.08 2.33 2 4 4 0.75 0 0 0 0 2 180 1 0
1 42 9.78 2 14 8 7.96 1 1 8 0 2 0 1 1
0 51.92 6.5 2 3 5 3.085 0 0 0 1 2 73 1 0
0 22.42 5.66 2 11 4 2.585 1 1 7 0 2 129 3258 1
1 51.83 3 1 1 1 1.5 0 0 0 0 2 180 5 0
1 31.92 4.46 2 13 8 6.04 1 1 3 0 2 311 301 1
0 21.75 11.75 2 8 4 0.25 0 0 0 1 2 180 1 0
1 44.83 7 1 8 4 1.625 0 0 0 0 2 160 3 0
0 58.67 4.46 2 11 8 3.04 1 1 6 0 2 43 561 1
1 49.17 2.29 2 1 1 0.29 0 0 0 0 2 200 4 0
1 29.25 13 2 2 8 0.5 0 0 0 0 2 228 1 0
1 62.5 12.75 1 8 8 5 1 0 0 0 2 112 1 0
1 20.5 2.41 2 8 4 2 1 1 11 1 2 200 3001 1
0 22.42 11.25 1 14 8 0.75 1 1 4 0 2 0 322 1
0 33.92 1.58 1 1 1 0 1 0 0 0 2 320 1 0
0 40.33 8.12 1 4 4 0.165 0 1 2 0 2 184 19 0
1 25.08 1.71 2 14 4 1.665 1 1 1 1 2 395 21 1
0 47 13 2 3 5 5.165 1 1 9 1 2 0 1 1
1 25.17 3 2 8 4 1.25 0 1 1 0 2 0 23 0
1 39.92 6.21 2 11 4 0.04 1 1 1 0 2 200 301 1
1 37.75 7 2 11 8 11.5 1 1 7 1 2 300 6 0
1 24.08 0.87 2 7 4 0.085 0 1 4 0 2 254 1951 0
1 18.17 2.46 2 8 7 0.96 0 1 2 1 2 160 588 0
1 31.08 1.5 1 9 4 0.04 0 0 0 0 1 160 1 0
1 13.75 4 1 9 4 1.75 1 1 2 1 2 120 1001 1
1 26 1 2 11 4 1.75 1 0 0 1 2 280 1 1
1 52.5 6.5 2 4 4 6.29 1 1 15 0 2 0 11203 1
1 27.83 4 1 3 8 5.75 1 1 2 1 2 75 1 0
1 32.08 4 1 13 4 1.5 0 0 0 1 2 120 1 0
1 39.92 5 2 3 5 0.21 0 0 0 0 2 550 1 0
0 25.25 13.5 1 1 1 2 0 1 1 1 2 200 2 0
1 21 4.79 1 9 4 2.25 1 1 1 1 2 80 301 1

