0 22.75 6.16 2 6 4 0.165 0 0 0 0 2 220 1001 0
1 23.33 1.5 2 8 8 1.415 1 0 0 0 2 422 201 1
1 18.32 1.21 1 10 2 0 0 0 0 0 2 100 1 0
1 26.67 2.71 1 13 4 5.25 1 1 1 0 2 211 1 1
1 27.25 1.66 2 13 8 5.085 1 1 9 0 2 399 828 1
0 45.83 10.5 2 11 4 5 1 1 7 1 2 0 1 1
1 16.17 0.04 2 8 4 0.04 0 0 0 0 2 0 1 1
1 25.25 1 2 6 4 0.5 0 0 0 0 2 200 1 0
0 22.5 8.46 1 14 4 2.46 0 0 0 0 2 164 1 1
1 34 4.5 2 6 4 1 1 0 0 1 2 240 1 0
0 38.75 1.5 2 1 1 0 0 0 0 0 2 76 1 0
0 24.5 12.75 2 8 5 4.75 1 1 2 0 2 73 445 1
1 60.08 14.5 2 1 1 18 1 1 15 1 2 0 1001 1
0 24.5 2.41 1 8 4 0 0 0 0 0 2 120 1 0
1 56.75 12.25 2 7 4 1.25 1 1 4 1 2 200 1 1
1.234 22.08 11.46 2 4 4 1.585 0 0 0 1 2 100 1213 0
0 33.08 1.62 2 2 4 0.54 0 0 0 1 2 0 1 0
1 22 7.83 1 3 5 0.165 0 0 0 1 2 184 1 0
1 27.83 1 1 2 8 3 0 0 0 0 2 176 538 0
1 21.83 0.25 2 2 8 0.665 1 0 0 1 2 0 1 1
0 52.17 0 1 1 1 0 0 0 0 0 2 0 1 0
1 55.92 11.5 2 1 1 5 1 1 5 0 2 0 8852 1
1 41.58 1.75 2 4 4 0.21 1 0 0 0 2 160 1 0
0 27.42 14.5 2 14 8 3.085 1 1 1 0 2 120 12 1
0 41.33 1 2 3 5 2.25 1 0 0 1 2 0 301 1
1 28.25 5.12 2 14 4 4.75 1 1 2 0 2 420 8 1
1 39.25 9.5 2 7 4 6.5 1 1 14 0 2 240 4608 1
1 52.42 1.5 2 2 4 3.75 0 0 0 1 2 0 351 0
1 48.75 8.5 2 8 8 12.5 1 1 9 0 2 181 1656 1
1 31.83 0.04 1 7 4 0.04 0 0 0 0 2 0 1 0
1 18.25 0.16 2 2 4 0.25 0 0 0 1 1 280 1 0
1 19.17 4 1 3 4 1 0 0 0 1 2 360 1001 0
1 39.92 6.21 2 11 4 0.04 1 1 1 0 2 200 301 1
1 23.5 3.16 1 4 4 0.415 0 1 1 1 2 280 81 0
1 25.67 2.21 1 6 4 4 1 0 0 0 2 188 1 0
1 19 0 1 1 1 0 0 1 4 0 2 45 2 0
0 25.25 13.5 1 1 1 2 0 1 1 1 2 200 2 0
0 16.5 1.25 2 11 4 0.25 0 1 1 0 2 108 99 0
1 23.92 0.58 1 13 8 0.125 0 0 0 0 2 240 2 0
1 31.42 15.5 2 8 4 0.5 1 0 0 0 2 120 1 0
1 44 2 2 7 4 1.75 1 1 2 1 2 0 16 1
0 30 5.29 2 10 2 2.25 1 1 5 1 2 99 501 1
1 35 2.5 2 3 4 1 0 0 0 1 2 210 1 0
0 25.08 2.54 1 6 4 0.25 1 0 0 1 2 370 1 1
1 25.17 6 2 8 4 1 1 1 3 0 2 0 1 1
1 42.17 5.04 2 11 8 12.75 1 0 0 1 2 92 1 1
0 40.33 8.12 1 4 4 0.165 0 1 2 0 2 184 19 0
1 24.42 12.33 2 11 8 1.585 1 0 0 1 2 120 1 1
0 22.25 1.25 1 1 1 3.25 0 0 0 0 2 280 1 0
1 36.42 0.75 1 2 4 0.585 0 0 0 0 2 240 4 0
1 19.42 7.25 2 7 4 0.04 0 1 1 0 2 100 2 0
0 26.5 2.71 1 8 4 0.085 0 0 0 0 1 80 1 0
1 44.25 11 1 2 4 1.5 1 0 0 0 1 0 1 0
1 18.17 10.25 2 8 8 1.085 0 0 0 0 2 320 14 0
0 29.75 0.66 2 9 4 0.25 0 0 0 1 2 300 1 0
1 29.67 1.41 2 9 8 0.75 1 1 1 0 2 240 101 1
1 44.25 0.5 2 7 4 10.75 1 0 0 0 1 400 1 0
0 47 13 2 3 5 5.165 1 1 9 1 2 0 1 1
0 24.83 4.5 2 9 4 1 0 0 0 1 2 360 7 0
1 28.25 0.87 2 7 4 0.96 1 1 3 1 2 396 1 1
0 33.25 3 1 6 4 2 0 0 0 0 2 180 1 0
1 32.33 7.5 2 10 5 1.585 1 0 0 1 1 420 1 0
1 48.75 26.33 1 1 1 0 1 0 0 1 2 0 1 0
1 65.42 11 2 10 9 20 1 1 7 1 2 22 1 1
1 37.5 1.12 1 2 4 1.5 0 0 0 1 2 431 1 1
1 26.75 4.5 1 8 5 2.5 0 0 0 0 2 200 1211 0
1 24.58 12.5 2 9 4 0.875 1 0 0 1 2 260 1 0
0 31.25 3.75 2 13 8 0.625 1 1 9 1 2 181 1 1
1 34.17 9.17 2 8 4 4.5 1 1 12 1 2 0 222 1
0 36.58 0.28 2 1 1 0 0 1 10 0 2 200 19 0
1 29.5 0.57 2 9 4 0.29 0 1 1 0 2 340 2804 0
1 33.17 1 2 14 4 0.75 1 1 7 1 2 340 4072 1
1 40.58 1.5 2 3 5 0 0 0 0 0 1 300 1 0
1 18.5 2 2 3 4 1.5 1 1 2 0 2 120 301 1
1 19.67 0.37 2 11 4 2 1 1 2 1 2 80 1 1
1 21.17 0.25 1 8 8 0.25 0 0 0 0 2 280 205 0
1 23.33 11.62 1 9 4 0.835 1 0 0 1 2 160 301 1
1 41.75 0.96 2 14 4 2.5 1 0 0 0 2 510 601 1
0 24.92 1.25 2 1 1 0 1 0 0 0 2 80 1 0
1 35.25 3.16 2 14 8 3.75 1 0 0 1 2 680 1 0
1 38.92 1.75 2 4 4 0.5 0 0 0 1 2 300 3 0
1 29.83 1.25 1 4 4 0.25 0 0 0 0 2 224 1 0
1 19.67 10 1 4 8 0.835 1 0 0 1 2 140 1 0
0 18.42 9.25 2 11 4 1.21 1 1 4 0 2 60 541 1
1 42.75 4.08 2 6 4 0.04 0 0 0 0 2 108 101 0
0 22.5 8.5 2 11 4 1.75 1 1 10 0 2 80 991 0
1 34.42 4.25 2 3 5 3.25 1 1 2 0 2 274 611 1
0 24.75 3 2 11 8 1.835 1 1 19 0 2 0 501 1
0 18.92 9 2 6 4 0.75 1 1 2 0 2 88 592 1
1 34.75 15 2 12 7 5.375 1 1 9 1 2 0 135 1
1 34 5.08 1 3 5 1.085 0 0 0 1 2 480 1 0
1 22.67 2.54 1 8 8 2.585 1 0 0 0 2 0 1 1
0 58.67 4.46 2 11 8 3.04 1 1 6 0 2 43 561 1
0 56.5 16 2 5 1 0 1 1 15 0 2 0 248 1
1 32.08 4 2 7 4 2.5 1 0 0 1 2 360 1 1
1 25.92 0.87 2 4 4 0.375 0 1 2 1 2 174 4 0
0 34.83 1.25 1 3 8 0.5 0 0 0 1 2 160 1 0
0 16.92 0.5 2 3 4 0.165 0 1 6 1 2 240 36 0
1 80.25 5.5 2 8 4 0.54 1 0 0 0 2 0 341 0
1 20.67 0.83 1 8 4 2 0 0 0 1 1 240 1 0
1 29.58 4.5 2 9 4 7.5 1 1 2 1 2 330 1 1
1 40.58 3.29 2 7 4 3.5 0 0 0 1 1 400 1 0
1 34.17 5.25 2 9 4 0.085 0 0 0 1 2 290 7 1
1 36.08 2.54 2 1 1 0 0 0 0 0 2 0 1001 0
1 23 0.75 2 7 4 0.5 1 0 0 1 1 320 1 0
1 51.42 0.04 2 14 8 0.04 1 0 0 0 2 0 3001 1
0 23.75 0.71 2 9 4 0.25 0 1 1 1 2 240 5 0
1 20.67 5.29 2 11 4 0.375 1 1 1 0 2 160 1 0
1 21.17 0.87 1 8 8 0.25 0 0 0 0 2 280 205 0
0 29.58 1.75 1 4 4 1.25 0 0 0 1 2 280 1 0
1 21.83 11 2 14 4 0.29 1 1 6 0 2 121 1 1
1 25.67 12.5 2 13 4 1.21 1 1 67 1 2 140 259 1
1 76.75 22.29 2 10 9 12.75 1 1 1 1 2 0 110 1
1 19.32 9.5 2 11 4 1 1 0 0 1 2 60 401 1
1 23.08 11.5 2 9 8 2.125 1 1 11 1 2 290 285 1
1 28.25 5.04 1 8 5 1.5 1 1 8 1 2 144 8 1
0 22.5 0.41 2 3 4 0.335 0 0 0 1 1 144 1 0
1 63.33 0.54 2 8 4 0.585 1 1 3 1 2 180 1 0
0 26.92 13.5 2 11 8 5 1 1 2 0 2 0 5001 1
1 43.25 3 2 11 8 6 1 1 11 0 2 80 1 1
1 17.5 22 3 1 7 0 0 0 0 1 3 450 100001 1
1 31.67 16.16 2 2 4 3 1 1 9 0 2 250 731 1
1 23.17 11.12 2 14 8 0.46 1 1 1 0 2 100 1 1
1 20.42 1.08 2 11 4 1.5 0 0 0 0 2 108 8 0
1 49.17 2.29 2 1 1 0.29 0 0 0 0 2 200 4 0
1 47.83 4.16 2 14 5 0.085 0 0 0 1 2 520 1 0
0 23.25 5.87 2 11 4 3.17 1 1 10 0 2 120 246 1
1 17.07 3.29 2 3 4 0.335 0 0 0 1 2 140 3 0
0 23.5 1.5 2 9 4 0.875 0 0 0 1 2 160 1 0
1 54.33 6.75 2 8 8 2.625 1 1 11 1 2 0 285 1
0 25 11 1 6 4 4.5 1 0 0 0 2 120 1 0
0 31.57 11.25 2 1 1 0 0 0 0 0 2 184 5201 0
1 62.75 7 2 10 9 0 0 0 0 0 2 0 13 0
1 30.33 0.5 2 2 8 0.085 0 0 0 1 1 252 1 0
1 32 1.75 1 10 8 0.04 1 0 0 1 2 393 1 1
1 17.67 4.46 2 8 4 0.25 0 0 0 0 1 80 1 0
1 22.67 0.75 2 3 4 1.585 0 1 1 1 2 400 10 0
0 22.83 2.29 2 11 8 2.29 1 1 7 1 2 140 2385 1
1 18.67 5 2 11 4 0.375 1 1 2 0 2 0 39 0
1 22.75 11.5 2 3 4 0.415 0 0 0 0 2 0 1 0
0 18.92 9.25 1 8 4 1 1 1 4 1 2 80 501 1
1 23.25 1 2 8 4 0.835 1 0 0 0 1 300 1 1
1 23.08 0 2 4 4 1 0 1 11 0 1 0 1 0
1 27.67 13.75 2 9 4 5.75 1 0 0 1 2 487 501 1
0 17.32 9.5 2 6 4 1.75 0 1 10 1 2 0 11 0
1 16.32 4.08 2 3 8 0.415 0 0 0 1 2 120 1 0
0 33.75 0.75 2 4 5 1 1 1 3 1 2 212 1 0
1 26.83 0.54 2 4 1 0 0 0 0 0 2 100 1 0
0 20.83 0.5 1 10 2 1 0 0 0 0 2 260 1 0
0 24.75 12.5 2 6 4 1.5 1 1 12 1 2 120 568 1
1 41.33 0 2 8 5 15 1 0 0 0 2 0 1 1
1 36.33 2.12 1 9 4 0.085 1 1 1 0 2 50 1188 1
1 26.33 13 2 10 2 0 0 0 0 1 2 140 1111 0
1 33 2.5 1 9 4 7 0 0 0 1 2 280 1 0
1 22.75 11 2 11 4 2.5 1 1 7 1 2 100 810 1
1 25.17 3 2 8 4 1.25 0 1 1 0 2 0 23 0
0 22.5 11 1 11 4 3 1 0 0 1 2 268 1 0
1 27 0.75 2 8 8 4.25 1 1 3 1 2 312 151 1
1 38.25 10.12 1 4 4 0.125 0 0 0 0 2 160 1 0
1 17.92 0.2 2 6 4 0.04 0 0 0 0 2 280 751 0
1 18 0.16 2 11 7 0.21 0 0 0 0 2 200 41 1
1 39.17 2.5 1 3 8 10 0 0 0 1 1 200 1 0
0 33.25 2.5 1 8 4 2.5 0 0 0 1 2 0 3 0
0 23.5 9 2 11 4 8.5 1 1 5 1 2 120 1 1
1 42.83 4.62 2 11 4 4.58 1 0 0 0 1 0 1 1
1 29.25 13 2 2 8 0.5 0 0 0 0 2 228 1 0
1 56.42 28 1 8 4 28.5 1 1 40 0 2 0 16 1
1 39.92 0.54 1 6 4 0.5 1 1 3 0 2 200 1001 1
1 24.08 9 2 6 4 0.25 0 0 0 1 2 0 1 0
0 25.17 2.87 2 14 8 0.875 1 0 0 0 2 360 1 1
1 39.92 5 2 3 5 0.21 0 0 0 0 2 550 1 0
1 18.57 5.71 2 2 4 0.54 0 0 0 0 2 120 1 0
0 20.5 11.83 2 8 8 6 1 0 0 0 2 340 1 1
1 54.83 15.5 2 10 9 0 1 1 20 0 2 152 131 0
1 22.5 11.5 1 7 4 1.5 0 0 0 1 2 0 4001 0
1 31.57 0.62 2 4 4 0.25 0 0 0 0 2 380 2011 0
0 28.5 1 2 11 4 1 1 1 2 1 2 167 501 0
0 19.57 0.66 1 8 4 1 0 1 1 0 2 2000 3 0
1 32.33 3.5 2 4 4 0.5 0 0 0 1 2 232 1 0
0 32.33 0.54 2 13 4 0.04 1 0 0 0 2 440 11178 1
1 25.75 0.5 2 8 4 1.46 1 1 5 1 2 312 1 1
1 19 1.75 1 8 4 2.335 0 0 0 1 2 112 7 0
1 47.67 0.28 2 8 5 15 1 1 20 0 2 0 15001 1
0 17.92 10.21 2 1 1 0 0 0 0 0 2 0 51 0
1 41.17 1.33 2 2 4 0.165 0 0 0 0 2 168 1 0
1 27.75 0.58 1 13 4 0.25 1 1 2 0 2 260 501 1
1 42 0.2 2 3 8 5.125 1 0 0 0 2 400 1 1
1 24.58 1.25 2 8 4 0.25 0 0 0 0 2 110 1 0
1 29.83 3.5 2 8 4 0.165 0 0 0 0 2 216 1 0
0 18.25 10 2 9 4 1 0 1 1 0 2 120 2 0
0 33.17 2.25 1 13 4 3.5 0 0 0 1 2 200 142 0
0 38.25 6 2 4 4 1 1 0 0 1 2 0 1 1
0 28.17 0.58 2 6 4 0.04 0 0 0 0 2 260 1005 0
0 18.57 10 2 2 4 0.415 0 0 0 0 2 80 43 0
0 31.92 3.12 2 1 1 3.04 0 1 2 1 2 200 5 0
1 20 11.04 2 8 4 2 0 0 0 1 2 136 1 0
1 21.67 1.16 1 4 4 2.5 1 1 1 0 2 180 21 0
0 22.58 10.75 2 11 4 0.415 1 1 5 1 2 0 561 1
1 16.25 0.83 2 7 4 0.085 1 0 0 0 1 200 1 0
0 33.67 0.37 2 13 4 0.375 0 0 0 0 2 300 45 1
1 22.5 0.12 1 4 4 0.125 0 0 0 0 2 200 71 0
1 20.67 0.41 2 8 4 0.125 0 0 0 0 2 0 45 0
1 43.17 2.25 2 3 5 0.75 1 0 0 0 2 560 1 0
1 29.17 3.5 2 9 4 3.5 1 1 3 1 2 329 1 0
0 23.42 0.79 1 11 4 1.5 1 1 2 1 2 80 401 1
1 17.25 3 2 4 4 0.04 0 0 0 1 2 160 41 0
0 46 4 2 5 3 0 1 0 0 0 2 100 961 1
1 41.17 4.04 2 13 8 7 1 1 8 0 2 320 1 1
0 23 1.83 2 5 3 0 0 1 1 0 2 200 54 0
0 16 0.16 2 6 4 1 0 1 2 1 2 320 2 0
1 31.57 0.5 2 8 5 0.835 1 0 0 1 1 320 1 0
1 27.83 1.5 2 9 4 2.25 0 1 1 1 2 100 4 0
0 41.17 6.5 2 11 4 0.5 1 1 3 1 2 145 1 1
1 59.67 1.54 2 11 4 0.125 1 0 0 1 2 260 1 1
1 34.17 1.54 2 13 4 1.54 1 1 1 1 2 520 50001 1
1 27.75 1.29 2 4 8 0.25 0 0 0 1 1 140 1 0
1 32.42 2.16 1 4 1 0 0 0 0 0 2 120 1 0
1 35.58 0.75 2 4 4 1.5 0 0 0 1 2 231 1 0
1 41.92 0.42 2 8 8 0.21 1 1 6 0 2 220 949 1
1 20.42 0 2 8 4 0 0 0 0 0 3 184 1 0
1 32.25 14 1 1 1 0 0 1 2 0 2 160 2 0
1 39.17 1.71 2 14 4 0.125 1 1 5 1 2 480 1 1
1 37.5 1.75 1 8 5 0.25 1 0 0 1 2 164 401 0
1 23.5 2.75 2 1 1 4.5 0 0 0 0 2 160 26 0
1 26.17 0.83 2 13 4 1.165 0 0 0 0 2 100 1 0
1 48.5 4.25 2 7 4 0.125 1 0 0 1 2 225 1 1
1 28.92 15 2 8 8 5.335 1 1 11 0 2 0 2284 1
0 28.5 3.04 1 14 8 2.54 1 1 1 0 2 70 1 1
1 37.33 2.66 2 13 4 0.165 0 0 0 1 2 0 502 0
1 27.83 4 1 3 8 5.75 1 1 2 1 2 75 1 0
1 27.58 3.25 1 11 8 5.085 0 1 2 1 2 369 2 0
1 28.92 0.37 2 8 4 0.29 0 0 0 0 2 220 141 0
1 34.83 4 2 2 5 12.5 1 0 0 1 2 184 1 0
1 35.75 2.41 2 9 4 0.125 0 1 2 0 2 220 2 0
1 34.08 6.5 2 6 4 0.125 1 0 0 1 2 443 1 0
0 20.67 1.83 2 11 4 2.085 1 1 5 0 2 220 2504 1
1 57.83 7.04 2 7 4 14 1 1 6 1 2 360 1333 1
1 20.17 5.62 2 9 4 1.71 1 0 0 0 1 120 1 1
1 23.08 2.5 2 8 4 1.085 1 1 11 1 2 60 2185 1
0 16.32 0.21 2 6 4 0.125 0 0 0 0 2 200 2 0
1 19.17 9.5 2 9 4 1.5 1 0 0 0 2 120 2207 1
1 40.92 0.83 2 1 1 0 1 0 0 0 2 130 2 0
0 51.92 6.5 2 3 5 3.085 0 0 0 1 2 73 1 0
1 31.57 0.37 2 2 4 0.875 1 0 0 1 1 928 1 0
1 35.17 25.12 2 14 8 1.625 1 1 1 1 2 515 501 1
1 30.17 0.5 2 8 4 1.75 1 1 11 0 2 32 541 1
1 23.08 2.5 2 1 1 0.085 0 0 0 1 2 100 4209 0
0 28.17 0.37 2 11 4 0.585 1 1 4 0 2 80 1 1
1 25 12.5 2 6 4 3 1 0 0 1 1 20 1 1
0 28.75 3.75 2 8 4 1.085 1 1 1 1 2 371 1 1
1 26.75 2 2 2 4 0.75 0 0 0 1 2 80 1 0
0 20.07 0.12 2 11 4 1 0 1 1 0 2 240 769 1
0 20.42 0.83 2 11 4 1.585 1 1 1 0 2 0 1 1
1 36.17 18.12 2 9 4 0.085 0 0 0 0 2 320 3553 0
1 24.5 13.33 1 6 4 0.04 0 0 0 1 2 120 476 0
1 35.17 2.5 2 4 4 4.5 1 1 7 0 2 150 1271 1
1 35.17 4.5 2 14 8 5.75 0 0 0 1 1 711 1 1
0 56.83 4.25 1 1 1 5 0 0 0 1 2 0 5 0
0 19.17 5.41 2 3 8 0.29 0 0 0 0 2 80 485 0
1 33.67 1.25 2 9 4 1.165 0 0 0 0 2 120 1 0
0 29.5 0.46 2 4 4 0.54 1 1 4 0 2 380 501 1
1 18.82 3.54 1 1 1 0 0 0 0 1 2 180 2 0
0 20.42 10.5 1 14 8 0 0 0 0 1 2 154 33 0
1 22.67 1.58 1 9 4 3.085 1 1 6 0 2 80 1 1
1 27.83 1.54 2 9 4 3.75 1 1 5 1 2 100 4 1
1 23.58 0.46 1 9 4 2.625 1 1 6 1 2 208 348 0
0 24.58 0.67 2 6 8 1.75 1 0 0 0 2 400 1 0
0 21.75 1.75 1 5 3 0 0 0 0 0 2 160 1 0
1 36.5 4.25 2 11 4 3.5 0 0 0 0 2 454 51 0
1 27.67 2 2 14 8 1 1 1 4 0 2 140 7545 1
0 22.42 11.25 1 14 8 0.75 1 1 4 0 2 0 322 1
0 30.58 10.66 2 11 8 0.085 0 1 12 1 2 129 4 0
1 21 3 1 2 4 1.085 1 1 8 1 2 160 2 1
0 40.83 10 2 11 8 1.75 1 0 0 0 2 29 838 1
1 34.08 0.08 1 7 5 0.04 1 1 1 1 2 280 2001 1
1 25.17 3.5 2 13 4 0.625 1 1 7 0 2 0 7060 1

