1 34.58 0 2 8 4 0 0 0 0 0 3 184 1 0
1 20.67 0.83 1 8 4 2 0 0 0 1 1 240 1 0
0 19.67 0.21 2 11 8 0.29 1 1 11 0 2 80 100 1
1 36.08 2.54 2 1 1 0 0 0 0 0 2 0 1001 0
1 37.33 6.5 2 7 8 4.25 1 1 12 1 2 93 1 1
1 21.08 10.08 1 10 8 1.25 0 0 0 0 2 260 1 0
1 23.08 2.5 2 1 1 0.085 0 0 0 1 2 100 4209 0
0 22.42 5.66 2 11 4 2.585 1 1 7 0 2 129 3258 1
0 18.57 10 2 2 4 0.415 0 0 0 0 2 80 43 0
0 38.33 4.41 2 8 4 0.125 0 0 0 0 2 160 1 0
0 32.17 1.46 2 9 4 1.085 1 1 16 0 2 120 2080 1
0 52.83 15 2 8 4 5.5 1 1 14 0 2 0 2201 1
0 45.83 10.5 2 11 4 5 1 1 7 1 2 0 1 1
1 23.25 1.5 2 11 4 2.375 1 1 3 1 2 0 583 1
1 18.25 0.16 2 2 4 0.25 0 0 0 1 1 280 1 0
1 39.58 13.91 2 9 4 8.625 1 1 6 1 2 70 1 1
0 30.67 12 2 8 4 2 1 1 1 0 2 220 20 1
0 36.58 0.28 2 1 1 0 0 1 10 0 2 200 19 0
0 29.58 1.75 1 4 4 1.25 0 0 0 1 2 280 1 0
0 22.25 1.25 1 1 1 3.25 0 0 0 0 2 280 1 0
1 29.83 1.25 1 4 4 0.25 0 0 0 0 2 224 1 0
0 32.25 1.5 2 8 4 0.25 0 0 0 1 2 372 123 0
1 23.08 2.5 2 8 4 1.085 1 1 11 1 2 60 2185 1
0 35.75 0.91 2 6 4 0.75 1 1 4 0 2 0 1584 1
1 41.17 1.25 1 9 4 0.25 0 0 0 0 2 0 196 0
1 17.92 0.2 2 6 4 0.04 0 0 0 0 2 280 751 0
1 32.33 2.5 2 8 4 1.25 0 0 0 1 2 280 1 0
0 31.92 3.12 2 1 1 3.04 0 1 2 1 2 200 5 0
1 31.83 2.5 2 6 4 7.5 1 0 0 1 2 523 1 0
0 22.5 0.41 2 3 4 0.335 0 0 0 1 1 144 1 0
1 31.92 4.46 2 13 8 6.04 1 1 3 0 2 311 301 1
1 48.25 25.08 2 9 4 1.75 1 1 3 0 2 120 15 1
1 51.42 0.04 2 14 8 0.04 1 0 0 0 2 0 3001 1
1 67.75 5.5 2 10 9 13 1 1 1 1 2 0 1 1
1 49.58 19 2 1 1 0 1 1 1 0 2 94 1 0
0 47.75 8 2 8 4 7.875 1 1 6 1 2 0 1261 1
1 21.17 0.25 1 8 8 0.25 0 0 0 0 2 280 205 0
1 24.58 13.5 1 1 1 0 0 0 0 0 2 184 1 0
1 20.67 1.25 1 8 8 1.375 1 1 3 1 2 140 211 0
1 23.75 0.41 1 8 4 0.04 0 1 2 0 2 128 7 0
0 53.33 0.16 2 1 1 0 0 0 0 1 1 62 28 0
1 21.92 0.54 1 14 4 0.04 1 1 1 1 2 840 60 1
1 54.42 0.5 1 4 8 3.96 1 0 0 0 2 180 315 1
1 25.5 0.37 2 7 4 0.25 1 1 3 0 2 260 15109 1
0 40.83 3.5 2 3 5 0.5 0 0 0 0 1 1160 1 0
1 32 1.75 1 10 8 0.04 1 0 0 1 2 393 1 1
1 23.92 0.66 2 8 4 0.165 0 0 0 0 2 100 1 1
1 20.5 10 1 8 4 2.5 1 0 0 0 1 40 1 1
0 22.92 11.58 2 13 4 0.04 1 0 0 0 2 80 1350 1
0 18.82 9.53 2 6 4 0.085 1 0 0 0 2 100 1 1
0 22.67 3.8 2 8 4 0.165 0 0 0 0 2 160 1 0
0 26.58 2.54 1 1 1 0 0 0 0 1 2 180 61 0
1 42.75 4.08 2 6 4 0.04 0 0 0 0 2 108 101 0
0 20.32 10 2 8 8 1 1 1 4 0 2 50 1466 1
0 21.08 5 1 1 1 0 0 0 0 0 2 0 1 0
0 47.25 0.75 2 11 8 2.75 1 1 1 0 2 333 893 1
0 21.75 1.75 1 5 3 0 0 0 0 0 2 160 1 0
0 44.17 6.66 2 11 4 7.375 1 1 3 1 2 0 1 1
0 23.5 9 2 11 4 8.5 1 1 5 1 2 120 1 1
1 38.25 10.12 1 4 4 0.125 0 0 0 0 2 160 1 0
1 25.08 1.71 2 14 4 1.665 1 1 1 1 2 395 21 1
1 27.58 2.04 1 6 4 2 1 1 3 1 2 370 561 1
1 24.83 2.75 2 8 4 2.25 1 1 6 0 2 184 601 1
1 15.17 7 2 10 4 1 0 0 0 0 2 600 1 0
1 19.17 9.5 2 9 4 1.5 1 0 0 0 2 120 2207 1
1 28.17 0.12 1 4 4 0.085 0 0 0 0 2 216 2101 0
0 27.42 14.5 2 14 8 3.085 1 1 1 0 2 120 12 1
0 22.42 11.25 1 14 8 0.75 1 1 4 0 2 0 322 1
1 48.58 0.2 1 4 4 0.25 1 1 11 0 2 380 2733 1
0 38.92 1.66 2 6 4 0.25 0 0 0 0 2 0 391 0
1 29.25 13 2 2 8 0.5 0 0 0 0 2 228 1 0
0 58.42 21 2 3 5 10 1 1 13 0 2 0 6701 1
1 34.83 2.5 1 9 4 3 0 0 0 0 1 200 1 0
1 24.5 13.33 1 6 4 0.04 0 0 0 1 2 120 476 0
0 20.83 0.5 1 10 2 1 0 0 0 0 2 260 1 0
0 25 0.87 2 14 8 1.04 1 0 0 1 2 160 5861 1
1 54.58 9.41 2 1 1 14.415 1 1 11 1 2 30 301 1
1 24.42 2 2 10 2 0.165 0 1 2 0 2 320 1301 0
1 42 9.78 2 14 8 7.96 1 1 8 0 2 0 1 1
1 16.92 0.33 1 4 4 0.29 0 0 0 0 1 200 1 0
1 65.42 11 2 10 9 20 1 1 7 1 2 22 1 1
1 40.58 3.29 2 7 4 3.5 0 0 0 1 1 400 1 0
1 25.17 3 2 8 4 1.25 0 1 1 0 2 0 23 0
0 18.82 4.41 1 8 8 3 1 0 0 0 2 240 1 1
1 41.17 1.33 2 2 4 0.165 0 0 0 0 2 168 1 0
0 23.58 0.58 1 1 1 0.125 0 0 0 0 2 120 88 0
0 27.17 1.25 2 1 1 0 0 1 1 0 2 92 301 0
1 17.5 22 3 1 7 0 0 0 0 1 3 450 100001 1
1 18.42 10.41 1 6 4 0.125 1 0 0 0 2 120 376 0
0 21.67 11.5 1 5 3 0 1 1 11 1 2 0 1 1
1 25.67 12.5 2 13 4 1.21 1 1 67 1 2 140 259 1
0 20.07 1.25 2 8 4 0 0 0 0 0 2 0 1 0
0 23.75 0.71 2 9 4 0.25 0 1 1 1 2 240 5 0
1 36.67 3.25 2 11 8 9 1 0 0 1 2 102 640 1
0 19.17 0.58 1 6 4 0.585 1 0 0 1 2 160 1 0
1 39.17 2.5 1 3 8 10 0 0 0 1 1 200 1 0
1 25.17 3.5 2 13 4 0.625 1 1 7 0 2 0 7060 1
1 32.75 2.33 2 2 8 5.75 0 0 0 1 2 292 1 0
1 26.67 4.25 2 13 4 4.29 1 1 1 1 2 120 1 1
1 37.33 2.66 2 13 4 0.165 0 0 0 1 2 0 502 0
0 17.92 0.54 2 8 4 1.75 0 1 1 1 2 80 6 0
1 16.5 0.12 2 8 4 0.165 0 0 0 0 2 132 1 0
1 26.75 2 2 2 4 0.75 0 0 0 1 2 80 1 0
1 34.17 2.75 2 3 5 2.5 0 0 0 1 2 232 201 0
1 38.17 10.12 2 14 4 2.5 1 1 6 0 2 520 197 1
1 52.33 1.37 1 8 8 9.46 1 0 0 1 2 200 101 0
1 49.5 7.58 2 3 5 7.585 1 1 15 1 2 0 5001 1
1 25.25 1 2 6 4 0.5 0 0 0 0 2 200 1 0
0 20.75 10.25 2 11 4 0.71 1 1 2 1 2 49 1 1
1 20.42 7 2 8 4 1.625 1 1 3 0 2 200 1392 1
0 25.33 2.08 2 8 8 2.75 1 0 0 1 2 360 2 0
1 29.67 1.41 2 9 8 0.75 1 1 1 0 2 240 101 1
1 20.42 0 2 8 4 0 0 0 0 0 3 184 1 0
0 19.17 5.41 2 3 8 0.29 0 0 0 0 2 80 485 0
1 27 0.75 2 8 8 4.25 1 1 3 1 2 312 151 1
1 47.83 4.16 2 14 5 0.085 0 0 0 1 2 520 1 0
1 18.32 1.21 1 10 2 0 0 0 0 0 2 100 1 0
1 34.67 1.08 2 7 4 1.165 0 0 0 0 1 28 1 0
1 41.17 4.04 2 13 8 7 1 1 8 0 2 320 1 1
0 27.58 3 2 7 4 2.79 0 1 1 1 2 280 11 0
1 35.17 2.5 2 4 4 4.5 1 1 7 0 2 150 1271 1
0 28.58 3.54 2 3 5 0.5 1 0 0 1 2 171 1 0
0 28.5 3.04 1 14 8 2.54 1 1 1 0 2 70 1 1
1 17.25 3 2 4 4 0.04 0 0 0 1 2 160 41 0
0 15.92 2.87 2 11 4 0.085 0 0 0 0 2 120 1 0
0 28.75 3.75 2 8 4 1.085 1 1 1 1 2 371 1 1
1 35.17 4.5 2 14 8 5.75 0 0 0 1 1 711 1 1
1 42 0.2 2 3 8 5.125 1 0 0 0 2 400 1 1
1 26.17 0.83 2 13 4 1.165 0 0 0 0 2 100 1 0
1 31.58 0.75 1 6 4 3.5 0 0 0 1 2 320 1 0
1 22.92 0.17 2 7 4 0.085 0 0 0 0 1 0 1 0
1 22.58 10.03 2 14 4 0.04 1 1 9 0 2 60 397 1
1 22.25 0.46 2 4 4 0.125 0 0 0 1 2 280 56 0
1 40.58 1.5 2 3 5 0 0 0 0 0 1 300 1 0
1 21.5 11.5 2 3 4 0.5 1 0 0 1 2 100 69 0
1 48.58 6.5 2 11 8 6 1 0 0 1 2 350 1 1
1 39.25 9.5 2 7 4 6.5 1 1 14 0 2 240 4608 1
0 20.75 10.33 2 13 8 0.335 1 1 1 1 2 80 51 1
0 34.83 1.25 1 3 8 0.5 0 0 0 1 2 160 1 0
1 22.75 11 2 11 4 2.5 1 1 7 1 2 100 810 1
1 41.75 0.96 2 14 4 2.5 1 0 0 0 2 510 601 1
0 33.17 2.25 1 13 4 3.5 0 0 0 1 2 200 142 0
1 36.42 0.75 1 2 4 0.585 0 0 0 0 2 240 4 0
0 28.17 0.58 2 6 4 0.04 0 0 0 0 2 260 1005 0
1 26.17 12.5 1 4 8 1.25 0 0 0 1 2 0 18 0
0 26.08 8.66 2 6 4 1.415 1 0 0 0 2 160 151 1
1 30.83 0 2 9 4 1.25 1 1 1 0 2 202 1 1
1 39.58 5 2 1 1 0 0 1 2 0 2 17 2 0
1 39.08 6 2 7 4 1.29 1 1 5 1 2 108 1098 1
1 47.17 5.83 2 9 4 5.5 0 0 0 0 2 465 151 0
0 17.82 11 2 14 8 1 1 1 11 0 2 0 3001 1
0 45.33 1 2 11 4 0.125 0 0 0 1 2 263 1 0
1 42.83 1.25 2 7 4 13.875 0 1 1 1 2 352 113 0
1 44.25 0.5 2 7 4 10.75 1 0 0 0 1 400 1 0
1 26.67 14.58 2 3 5 0 0 0 0 1 2 178 1 0
0 27.67 2.04 2 9 4 0.25 0 0 0 1 2 180 51 0
0 22.75 6.16 2 6 4 0.165 0 0 0 0 2 220 1001 0
1 27.67 0.75 2 11 8 0.165 0 0 0 1 2 220 252 0
0 17.57 9 2 6 4 1.375 1 0 0 1 2 0 1 1
1 44.25 11 1 2 4 1.5 1 0 0 0 1 0 1 0
1 59.67 1.54 2 11 4 0.125 1 0 0 1 2 260 1 1
0 32 6 2 2 4 1.25 0 0 0 0 2 272 1 0
1 27.58 3.25 1 11 8 5.085 0 1 2 1 2 369 2 0
1 23.25 4 2 8 5 0.25 1 0 0 1 2 160 1 1
1 20.42 1.08 2 11 4 1.5 0 0 0 0 2 108 8 0
1 40.25 21.5 2 10 9 20 1 1 11 0 2 0 1201 1
0 22.5 8.5 2 11 4 1.75 1 1 10 0 2 80 991 0
0 30.58 10.66 2 11 8 0.085 0 1 12 1 2 129 4 0
1 39.92 0.54 1 6 4 0.5 1 1 3 0 2 200 1001 1
1 31.67 0.83 2 14 4 1.335 1 1 8 1 2 303 3291 1
0 22.92 1.25 2 11 4 0.25 0 0 0 1 2 120 810 0
0 33.08 1.62 2 2 4 0.54 0 0 0 1 2 0 1 0
1 42.5 4.91 1 9 4 3.165 1 0 0 1 2 52 1443 1
0 24.75 12.5 2 6 4 1.5 1 1 12 1 2 120 568 1
0 21.25 2.33 2 3 5 0.5 1 1 4 0 1 80 1 1
1 25.67 2.21 1 6 4 4 1 0 0 0 2 188 1 0
1 34.17 5.25 2 9 4 0.085 0 0 0 1 2 290 7 1
1 41.5 1.54 2 3 5 3.5 0 0 0 0 2 216 1 1
1 17.07 0.08 1 8 4 0.04 0 0 0 0 2 140 723 0
0 28.58 3.75 2 8 4 0.25 0 1 1 1 2 40 155 0
1 24.75 0.54 2 7 4 1 0 0 0 1 2 120 2 0
1 35.58 0.75 2 4 4 1.5 0 0 0 1 2 231 1 0
1 17.67 4.46 2 8 4 0.25 0 0 0 0 1 80 1 0
1 51.83 3 1 1 1 1.5 0 0 0 0 2 180 5 0
1 32.42 3 2 2 4 0.165 0 0 0 1 2 120 1 0
1 40.92 0.5 1 7 4 0.5 0 0 0 1 2 130 1 0
1 27.83 4 1 3 8 5.75 1 1 2 1 2 75 1 0
1 60.08 14.5 2 1 1 18 1 1 15 1 2 0 1001 1
1 38.92 1.75 2 4 4 0.5 0 0 0 1 2 300 3 0
0 46.67 0.46 2 13 8 0.415 1 1 11 1 2 440 7 1
0 37.33 2.5 2 3 8 0.21 0 0 0 0 2 260 247 0
0 55.75 7.08 2 4 8 6.75 1 1 3 1 2 100 51 0
1 23.25 1 2 8 4 0.835 1 0 0 0 1 300 1 1
1 30.58 2.71 1 7 4 0.125 0 0 0 1 1 80 1 0
1 38.67 0.21 2 4 4 0.085 1 0 0 1 2 280 1 1
1 22.67 0.75 2 3 4 1.585 0 1 1 1 2 400 10 0
1 18.17 2.46 2 8 7 0.96 0 1 2 1 2 160 588 0
1 25.33 0.57 2 8 4 0.29 1 1 7 1 2 96 5125 1
0 46.08 3 2 8 4 2.375 1 1 8 1 2 396 4160 1
1 33 2.5 1 9 4 7 0 0 0 1 2 280 1 0
1 17.57 10 2 9 8 0.165 0 1 1 0 2 120 2 0
1 23.25 12.62 2 8 4 0.125 0 1 2 0 2 0 5553 0
0 16.07 0.33 2 1 1 0 0 1 1 0 2 160 127 0
1 33.75 2.75 2 3 5 0 0 0 0 0 2 180 1 0
1 21.92 0.5 2 8 4 0.125 0 0 0 0 2 360 1 0
0 24.58 0.67 2 6 8 1.75 1 0 0 0 2 400 1 0
0 71.58 0 2 8 4 0 0 0 0 0 3 184 1 1
0 36.75 5.12 2 10 4 5 1 0 0 1 2 0 4001 1
1 23.17 0 2 8 4 0 0 0 0 0 3 184 1 1
0 45 4.58 2 4 8 1 0 0 0 1 1 240 1 0
0 16.5 1.25 2 11 4 0.25 0 1 1 0 2 108 99 0
1 58.58 2.71 2 8 4 2.415 0 0 0 1 2 320 1 0
1 28.92 15 2 8 8 5.335 1 1 11 0 2 0 2284 1
1 34.25 1.75 2 9 5 0.25 1 0 0 1 2 163 1 0
1 18.82 0 2 11 4 0.665 0 0 0 0 2 160 2 0
0 15.83 0.58 2 8 8 1.5 1 1 2 0 2 100 1 1
1 21.5 9.75 2 8 4 0.25 1 0 0 0 2 140 1 0
1 22.75 11.5 2 3 4 0.415 0 0 0 0 2 0 1 0
0 20.83 3 2 6 4 0.04 1 0 0 0 2 100 1 1
1 28.25 5.04 1 8 5 1.5 1 1 8 1 2 144 8 1
1 21 3 1 2 4 1.085 1 1 8 1 2 160 2 1
1 33.58 2.75 2 7 4 4.25 1 1 6 0 2 204 1 1
1 34.25 3 2 13 8 7.415 1 0 0 1 2 0 1 1
1 43.17 5 2 3 5 2.25 0 0 0 1 2 141 1 0
1 23.42 1 2 8 4 0.5 0 0 0 1 1 280 1 0
1 35.75 2.41 2 9 4 0.125 0 1 2 0 2 220 2 0
1 32.25 0.16 1 8 8 3.25 1 1 1 1 2 432 8001 1
1 20 7 2 8 4 0.5 0 0 0 0 2 0 1 0
1 22.67 1.58 1 9 4 3.085 1 1 6 0 2 80 1 1
1 35 2.5 2 3 4 1 0 0 0 1 2 210 1 0
1 33.17 1 2 14 4 0.75 1 1 7 1 2 340 4072 1
1 39.83 0.5 2 7 4 0.25 1 0 0 0 1 288 1 0
0 23 1.83 2 5 3 0 0 1 1 0 2 200 54 0
1 23.92 1.5 2 2 8 1.875 1 1 6 0 2 200 328 1
1 29.83 3.5 2 8 4 0.165 0 0 0 0 2 216 1 0
0 31.25 3.75 2 13 8 0.625 1 1 9 1 2 181 1 1
0 36 1 2 8 4 2 1 1 11 0 2 0 457 1
1 26.33 13 2 10 2 0 0 0 0 1 2 140 1111 0
1 27.75 0.58 1 13 4 0.25 1 1 2 0 2 260 501 1
0 28.5 1 2 11 4 1 1 1 2 1 2 167 501 0
1 19.32 9.5 2 11 4 1 1 0 0 1 2 60 401 1
0 20.75 9.53 2 3 4 0.04 0 0 0 0 2 200 1001 0
1 23.08 11.5 2 3 4 3.5 1 1 9 0 2 56 743 1
0 24.5 1.75 1 8 4 0.165 0 0 0 0 2 132 1 0
1 34.83 4 2 2 5 12.5 1 0 0 1 2 184 1 0
1 19 1.75 1 8 4 2.335 0 0 0 1 2 112 7 0
1 39 5 2 13 4 3.5 1 1 10 1 2 0 1 1
1 42.83 4.62 2 11 4 4.58 1 0 0 0 1 0 1 1
0 39.08 4 2 8 4 3 0 0 0 0 2 480 1 0
0 30 5.29 2 10 2 2.25 1 1 5 1 2 99 501 1
0 41 2.04 1 11 8 0.125 1 1 23 1 2 455 1237 1
1 29.17 3.5 2 9 4 3.5 1 1 3 1 2 329 1 0
1 22.83 3 2 7 4 1.29 1 1 1 0 2 260 801 1
1 36.67 4.41 1 4 4 0.25 1 1 10 1 2 320 1 1
1 63.33 0.54 2 8 4 0.585 1 1 3 1 2 180 1 0
1 48.17 3.5 2 6 4 3.5 1 0 0 0 1 230 1 1
1 31.57 10.5 2 14 4 6.5 1 0 0 0 2 0 1 1
1 36.5 4.25 2 11 4 3.5 0 0 0 0 2 454 51 0
0 33.25 3 1 6 4 2 0 0 0 0 2 180 1 0
1 45 8.5 2 13 8 14 1 1 1 1 2 88 2001 1
1 48.75 8.5 2 8 8 12.5 1 1 9 0 2 181 1656 1
1 56 12.5 2 4 8 8 1 0 0 1 2 24 2029 1
1 37.42 2.04 2 9 4 0.04 1 0 0 1 2 400 5801 1
1 47.67 2.5 2 7 5 2.5 1 1 12 1 2 410 2511 1
0 21.75 11.75 2 8 4 0.25 0 0 0 1 2 180 1 0
1 34 4.5 2 6 4 1 1 0 0 1 2 240 1 0
0 51.92 6.5 2 3 5 3.085 0 0 0 1 2 73 1 0
0 16.92 0.5 2 3 4 0.165 0 1 6 1 2 240 36 0
0 58.33 10 2 11 4 4 1 1 14 0 2 0 1603 1
1 16.07 0.75 2 8 4 1.75 1 1 5 1 2 352 691 1
0 21.5 6 2 6 4 2.5 1 1 3 0 2 80 919 1
0 24.33 2.5 1 3 5 4.5 0 0 0 0 2 200 457 0
1 39.33 5.87 2 13 8 10 1 1 14 1 2 399 1 1
1 45.17 1.5 2 8 4 2.5 1 0 0 1 2 140 1 0
1 44.33 0.5 2 3 8 5 1 0 0 1 2 320 1 1
0 69.5 6 2 1 1 0 0 0 0 0 1 0 1 0

