1 39.58 5 2 1 1 0 0 1 2 0 2 17 2 0
1 23.58 1.79 2 8 4 0.54 0 0 0 1 2 136 2 0
1 43.17 5 2 3 5 2.25 0 0 0 1 2 141 1 0
1 37.75 7 2 11 8 11.5 1 1 7 1 2 300 6 0
0 27.25 0.28 2 7 8 0.125 0 1 1 1 2 272 109 0
1 44.25 11 1 2 4 1.5 1 0 0 0 1 0 1 0
1 24.58 1.25 2 8 4 0.25 0 0 0 0 2 110 1 0
0 60.92 5 2 6 4 4 1 1 4 0 2 0 100 1
0 33.17 2.25 1 13 4 3.5 0 0 0 1 2 200 142 0
0 35.42 12 2 11 8 14 1 1 8 0 2 0 6591 1
1 22.5 11.5 1 7 4 1.5 0 0 0 1 2 0 4001 0
1 28.92 0.37 2 8 4 0.29 0 0 0 0 2 220 141 0
1 33.58 2.75 2 7 4 4.25 1 1 6 0 2 204 1 1
1 26.75 2 2 2 4 0.75 0 0 0 1 2 80 1 0
0 16 0.16 2 6 4 1 0 1 2 1 2 320 2 0
1 62.75 7 2 10 9 0 0 0 0 0 2 0 13 0
0 26.17 2 2 5 3 0 0 0 0 1 2 276 2 0
1 27.25 1.58 2 13 8 1.835 1 1 12 1 2 583 714 1
1 39.5 1.62 2 8 4 1.5 0 0 0 0 2 0 317 0
1 44.25 0.5 2 7 4 10.75 1 0 0 0 1 400 1 0
1 32.42 2.16 1 4 1 0 0 0 0 0 2 120 1 0
0 27.42 14.5 2 14 8 3.085 1 1 1 0 2 120 12 1
1 42.17 5.04 2 11 8 12.75 1 0 0 1 2 92 1 1
0 31.25 3.75 2 13 8 0.625 1 1 9 1 2 181 1 1
0 21.92 11.66 2 4 8 0.085 0 0 0 0 2 320 6 0
1 50.75 0.58 2 1 1 0 0 0 0 0 2 145 1 0
1 25.58 0.33 2 4 8 3.5 0 0 0 1 2 340 1 0
1 34.75 2.5 2 13 5 0.5 0 0 0 0 2 348 1 0
0 19.57 0.66 1 8 4 1 0 1 1 0 2 2000 3 0
0 20.75 10.33 2 13 8 0.335 1 1 1 1 2 80 51 1
1 37.33 6.5 2 7 8 4.25 1 1 12 1 2 93 1 1
1 25.5 0.37 2 7 4 0.25 1 1 3 0 2 260 15109 1
1 20.67 1.25 1 8 8 1.375 1 1 3 1 2 140 211 0
1 54.58 9.41 2 1 1 14.415 1 1 11 1 2 30 301 1
0 31.57 11.25 2 1 1 0 0 0 0 0 2 184 5201 0
1 41.75 0.96 2 14 4 2.5 1 0 0 0 2 510 601 1
1 26.75 1.12 2 14 8 1.25 1 0 0 0 2 0 5299 1
1 21.5 9.75 2 8 4 0.25 1 0 0 0 2 140 1 0
1 24.08 0.87 2 7 4 0.085 0 1 4 0 2 254 1951 0
1 29.83 1.25 1 4 4 0.25 0 0 0 0 2 224 1 0
0 16.5 1.25 2 11 4 0.25 0 1 1 0 2 108 99 0
1 49.17 2.29 2 1 1 0.29 0 0 0 0 2 200 4 0
1 19.32 9.5 2 11 4 1 1 0 0 1 2 60 401 1
0 20.42 0.83 2 11 4 1.585 1 1 1 0 2 0 1 1
1 30.17 6.5 2 13 4 3.125 1 1 8 0 2 330 1201 1
0 24.5 0.5 2 11 8 1.5 1 0 0 0 2 280 825 1
1 48.58 6.5 2 11 8 6 1 0 0 1 2 350 1 1
0 22.5 8.5 2 11 4 1.75 1 1 10 0 2 80 991 0
1 36.75 0.12 1 8 4 1.5 0 0 0 1 2 232 114 1
0 23.25 5.87 2 11 4 3.17 1 1 10 0 2 120 246 1
0 31.57 3.5 2 2 4 3 1 0 0 1 2 300 1 0
1 20.17 5.62 2 9 4 1.71 1 0 0 0 1 120 1 1
0 45 4.58 2 4 8 1 0 0 0 1 1 240 1 0
1 27.25 0.62 2 6 4 0.455 1 0 0 1 2 200 1 0
1 29.92 1.83 2 8 8 4.335 1 0 0 0 2 260 201 1
1 25.67 2.21 1 6 4 4 1 0 0 0 2 188 1 0
0 47.75 8 2 8 4 7.875 1 1 6 1 2 0 1261 1
1 21.17 0 2 8 4 0.5 0 0 0 1 1 0 1 0
1 23.25 1.5 2 11 4 2.375 1 1 3 1 2 0 583 1
1 28.25 5.04 1 8 5 1.5 1 1 8 1 2 144 8 1
1 25.92 0.87 2 4 4 0.375 0 1 2 1 2 174 4 0
1 24.75 0.54 2 7 4 1 0 0 0 1 2 120 2 0
0 17.92 0.54 2 8 4 1.75 0 1 1 1 2 80 6 0
1 33.58 0.25 2 3 5 4 0 0 0 1 1 420 1 0
0 16.92 0.5 2 3 4 0.165 0 1 6 1 2 240 36 0
0 38.58 5 2 13 4 13.5 1 0 0 1 2 980 1 0
0 21.25 2.33 2 3 5 0.5 1 1 4 0 1 80 1 1
0 58.67 4.46 2 11 8 3.04 1 1 6 0 2 43 561 1
1 39.92 6.21 2 11 4 0.04 1 1 1 0 2 200 301 1
1 16.25 0.83 2 7 4 0.085 1 0 0 0 1 200 1 0
1 56.75 12.25 2 7 4 1.25 1 1 4 1 2 200 1 1
1 59.5 2.75 2 9 4 1.75 1 1 5 1 2 60 59 1
1 22.17 12.12 2 8 4 3.335 0 1 2 1 2 180 174 0
1 18.82 3.54 1 1 1 0 0 0 0 1 2 180 2 0
1 30.75 1.58 2 2 4 0.585 0 0 0 1 1 0 1 0
1 19.5 9.58 2 6 4 0.79 0 0 0 0 2 80 351 0
1 48.08 6.04 2 4 4 0.04 0 0 0 0 2 0 2691 1
0 22.67 0.75 2 8 4 2 0 1 2 1 2 200 395 0
0 18.17 10 1 11 8 0.165 0 0 0 0 2 340 1 0
0 41.17 6.5 2 11 4 0.5 1 1 3 1 2 145 1 1
1 26.75 4.5 1 8 5 2.5 0 0 0 0 2 200 1211 0
1 74.83 19 1 1 1 0.04 0 1 2 0 2 0 352 0
1 36.17 18.12 2 9 4 0.085 0 0 0 0 2 320 3553 0
0 17.92 10.21 2 1 1 0 0 0 0 0 2 0 51 0
1 31.57 4 1 3 4 0.085 0 0 0 1 2 411 1 0
1 13.75 4 1 9 4 1.75 1 1 2 1 2 120 1001 1
1 20.17 8.17 2 6 4 1.96 1 1 14 0 2 60 159 1
1 22 0.79 2 9 4 0.29 0 1 1 0 2 420 284 0
0 36.75 5.12 2 10 4 5 1 0 0 1 2 0 4001 1
0 53.33 0.16 2 1 1 0 0 0 0 1 1 62 28 0
0 24.75 13.66 2 11 8 1.5 0 0 0 0 2 280 2 0
0 44.33 0 2 8 4 2.5 1 0 0 0 2 0 1 1
1 35 3.37 2 8 8 8.29 0 0 0 1 2 0 1 0
1 28.25 0.87 2 7 4 0.96 1 1 3 1 2 396 1 1
1 34.83 2.5 1 9 4 3 0 0 0 0 1 200 1 0
1 17.5 22 3 1 7 0 0 0 0 1 3 450 100001 1
1 23.5 2.75 2 1 1 4.5 0 0 0 0 2 160 26 0
1 25.17 6 2 8 4 1 1 1 3 0 2 0 1 1
1 29.83 3.5 2 8 4 0.165 0 0 0 0 2 216 1 0
1 22.67 0.16 2 8 3 2.25 0 0 0 1 1 0 1 1
1 44.33 0.5 2 3 8 5 1 0 0 1 2 320 1 1
1 48.17 7.62 2 9 8 15.5 1 1 12 0 2 0 791 1
1 32.75 2.33 2 2 8 5.75 0 0 0 1 2 292 1 0
1 17.07 0.25 2 11 4 0.335 0 1 4 0 2 160 9 0
0 32.17 1.46 2 9 4 1.085 1 1 16 0 2 120 2080 1
0 20.75 9.53 2 3 4 0.04 0 0 0 0 2 200 1001 0
1 41.58 1.75 2 4 4 0.21 1 0 0 0 2 160 1 0
0 21.5 6 2 6 4 2.5 1 1 3 0 2 80 919 1
0 32.25 1.5 2 8 4 0.25 0 0 0 1 2 372 123 0
1 41 0.04 2 10 4 0.04 0 1 1 0 1 560 1 1
1 36.5 4.25 2 11 4 3.5 0 0 0 0 2 454 51 0
1 26.33 13 2 10 2 0 0 0 0 1 2 140 1111 0
1 29.67 0.75 1 8 4 0.04 0 0 0 0 2 240 1 0
1 27.83 1.54 2 9 4 3.75 1 1 5 1 2 100 4 1
1 36.17 0.42 1 9 4 0.29 0 0 0 1 2 309 3 0
1 44 2 2 7 4 1.75 1 1 2 1 2 0 16 1
0 28.58 3.54 2 3 5 0.5 1 0 0 1 2 171 1 0
1 16.92 0.33 1 4 4 0.29 0 0 0 0 1 200 1 0
1 33.17 1.04 2 12 8 6.5 1 0 0 1 2 164 31286 1
1 34.17 5.25 2 9 4 0.085 0 0 0 1 2 290 7 1
1 40 6.5 2 6 5 3.5 1 1 1 0 2 0 501 1
1 55.92 11.5 2 1 1 5 1 1 5 0 2 0 8852 1
0 22.5 11 1 11 4 3 1 0 0 1 2 268 1 0
1 22.17 2.25 2 3 4 0.125 0 0 0 0 2 160 11 0
1 39.83 0.5 2 7 4 0.25 1 0 0 0 1 288 1 0
1 25.75 0.5 2 8 4 1.46 1 1 5 1 2 312 1 1
1 64.08 20 2 14 8 17.5 1 1 9 1 2 0 1001 1
1 35 2.5 2 3 4 1 0 0 0 1 2 210 1 0
0 19.57 0.66 2 9 4 1.665 0 0 0 0 2 220 6 0
1 28.58 3.62 2 6 4 0.25 0 0 0 1 2 100 1 0
1 37.33 2.66 2 13 4 0.165 0 0 0 1 2 0 502 0
1 18.57 10.29 2 1 1 0.415 0 0 0 0 2 80 1 0
1 23.58 0.46 1 9 4 2.625 1 1 6 1 2 208 348 0
1 43.25 25.21 2 11 8 0.21 1 1 1 0 2 760 91 0
1 20.5 2.41 2 8 4 2 1 1 11 1 2 200 3001 1
0 37.75 5.5 2 11 4 0.125 1 0 0 1 2 228 1 1
1 48.75 8.5 2 8 8 12.5 1 1 9 0 2 181 1656 1
0 31.92 3.12 2 1 1 3.04 0 1 2 1 2 200 5 0
1 33.5 1.75 2 14 8 4.5 1 1 4 1 2 253 858 1
0 46.67 0.46 2 13 8 0.415 1 1 11 1 2 440 7 1
1 24.42 2 2 10 2 0.165 0 1 2 0 2 320 1301 0
1 25.42 0.54 2 9 4 0.165 0 1 1 0 2 272 445 0
1 29.17 3.5 2 9 4 3.5 1 1 3 1 2 329 1 0
1 23.08 2.5 2 1 1 0.085 0 0 0 1 2 100 4209 0
0 17.32 9.5 2 6 4 1.75 0 1 10 1 2 0 11 0
0 18.75 7.5 2 11 4 2.71 1 1 5 0 2 184 26727 1
0 24.83 4.5 2 9 4 1 0 0 0 1 2 360 7 0
1 69.17 9 2 1 1 4 0 1 1 0 2 70 7 0
0 28.5 1 2 11 4 1 1 1 2 1 2 167 501 0
1 25 12 2 4 4 2.25 1 1 2 1 2 120 6 0
0 22.25 1.25 1 1 1 3.25 0 0 0 0 2 280 1 0
1 18.32 1.21 1 10 2 0 0 0 0 0 2 100 1 0
1 76.75 22.29 2 10 9 12.75 1 1 1 1 2 0 110 1
0 41.33 1 2 3 5 2.25 1 0 0 1 2 0 301 1
1 28.92 15 2 8 8 5.335 1 1 11 0 2 0 2284 1
1 21.83 11 2 14 4 0.29 1 1 6 0 2 121 1 1
1 23.92 1.5 2 2 8 1.875 1 1 6 0 2 200 328 1
1 34.42 1.33 2 3 5 0.125 0 0 0 1 2 440 4501 0
1 43.17 2.25 2 3 5 0.75 1 0 0 0 2 560 1 0
1 34.67 1.08 2 7 4 1.165 0 0 0 0 1 28 1 0
1 27.58 3.25 1 11 8 5.085 0 1 2 1 2 369 2 0
0 34.83 1.25 1 3 8 0.5 0 0 0 1 2 160 1 0
1 30.33 0.5 2 2 8 0.085 0 0 0 1 1 252 1 0
1 31.25 1.12 2 1 1 0 0 1 1 0 2 96 20 0
1 27.25 1.66 2 13 8 5.085 1 1 9 0 2 399 828 1
1 31.57 0.5 2 8 5 0.835 1 0 0 1 1 320 1 0
1 23.25 4 2 8 5 0.25 1 0 0 1 2 160 1 1
1 36.67 3.25 2 11 8 9 1 0 0 1 2 102 640 1
0 20.75 10.25 2 11 4 0.71 1 1 2 1 2 49 1 1
0 23.5 1.5 2 9 4 0.875 0 0 0 1 2 160 1 0
1 17.67 4.46 2 8 4 0.25 0 0 0 0 1 80 1 0
0 22.5 0.41 2 3 4 0.335 0 0 0 1 1 144 1 0
1 29.42 1.25 2 9 4 1.75 0 0 0 0 2 200 1 0
1 42 0.2 2 3 8 5.125 1 0 0 0 2 400 1 1
1 32.67 5.5 2 11 8 5.5 1 1 12 1 2 408 1001 1
1 22.08 11 2 13 4 0.665 1 0 0 0 2 100 1 1
0 42.25 1.75 1 8 4 0 0 0 0 1 2 150 2 0
0 15.83 7.62 2 11 4 0.125 0 1 1 1 2 0 161 0
1 65.42 11 2 10 9 20 1 1 7 1 2 22 1 1
0 69.5 6 2 1 1 0 0 0 0 0 1 0 1 0
1 22 7.83 1 3 5 0.165 0 0 0 1 2 184 1 0
1 31.83 2.5 2 6 4 7.5 1 0 0 1 2 523 1 0
1 51.42 0.04 2 14 8 0.04 1 0 0 0 2 0 3001 1
1 35.17 2.5 2 4 4 4.5 1 1 7 0 2 150 1271 1
1 22.33 11 2 9 4 2 1 1 1 0 2 80 279 1
1 27.83 1.5 2 9 4 2.25 0 1 1 1 2 100 4 0
0 39.08 4 2 8 4 3 0 0 0 0 2 480 1 0
1 34.92 2.5 2 9 4 0 1 0 0 1 2 239 201 1
0 21.75 1.75 1 5 3 0 0 0 0 0 2 160 1 0
0 23 1.83 2 5 3 0 0 1 1 0 2 200 54 0
1 24.58 12.5 2 9 4 0.875 1 0 0 1 2 260 1 0
1 20 11.04 2 8 4 2 0 0 0 1 2 136 1 0
1 21.25 1.5 2 9 4 1.5 0 0 0 0 2 150 9 1
1 23.25 12.62 2 8 4 0.125 0 1 2 0 2 0 5553 0
0 15.92 2.87 2 11 4 0.085 0 0 0 0 2 120 1 0
1.234 22.08 11.46 2 4 4 1.585 0 0 0 1 2 100 1213 0
1 36.08 2.54 2 1 1 0 0 0 0 0 2 0 1001 0
1 32.25 0.16 1 8 8 3.25 1 1 1 1 2 432 8001 1
1 31.57 5 1 6 4 8.5 1 0 0 0 2 0 1 0
0 40.33 7.54 1 11 8 8 1 1 14 0 2 0 2301 1
1 23.92 0.58 1 13 8 0.125 0 0 0 0 2 240 2 0
0 20.83 8.5 2 8 4 0.165 0 0 0 0 2 0 352 0
1 54.42 0.5 1 4 8 3.96 1 0 0 0 2 180 315 1
1 36.67 4.41 1 4 4 0.25 1 1 10 1 2 320 1 1
1 19.42 1.5 1 13 4 2 1 0 0 1 2 100 21 0
1 33 2.5 1 9 4 7 0 0 0 1 2 280 1 0
1 22.75 11 2 11 4 2.5 1 1 7 1 2 100 810 1
1 22.83 3 2 7 4 1.29 1 1 1 0 2 260 801 1
1 25.67 0.28 1 8 4 1.5 0 0 0 1 2 160 1 0
1 52.5 6.5 2 4 4 6.29 1 1 15 0 2 0 11203 1
0 25 11 1 6 4 4.5 1 0 0 0 2 120 1 0
1 18.17 2.46 2 8 7 0.96 0 1 2 1 2 160 588 0
0 23 11.75 2 14 8 0.5 1 1 2 1 2 300 552 1
1 38.92 1.75 2 4 4 0.5 0 0 0 1 2 300 3 0
0 33.08 4.62 2 11 8 1.625 1 1 2 0 2 0 1 1
1 34.08 6.5 2 6 4 0.125 1 0 0 1 2 443 1 0
1 18.25 0.16 2 2 4 0.25 0 0 0 1 1 280 1 0
1 20.42 7 2 8 4 1.625 1 1 3 0 2 200 1392 1
1 24.5 13.33 1 6 4 0.04 0 0 0 1 2 120 476 0
1 60.08 14.5 2 1 1 18 1 1 15 1 2 0 1001 1
0 17.82 11 2 14 8 1 1 1 11 0 2 0 3001 1
1 48.33 12 2 7 4 16 1 0 0 0 1 110 1 1
1 20.5 10 1 8 4 2.5 1 0 0 0 1 40 1 1
1 39 5 2 13 4 3.5 1 1 10 1 2 0 1 1
1 25.08 1.71 2 14 4 1.665 1 1 1 1 2 395 21 1
1 23.58 0.83 2 3 8 0.085 0 0 0 1 2 220 6 0
0 33.75 0.75 2 4 5 1 1 1 3 1 2 212 1 0
1 27.42 12.5 2 6 5 0.25 0 0 0 1 2 720 1 0
0 22.92 1.25 2 11 4 0.25 0 0 0 1 2 120 810 0
1 40.58 1.5 2 3 5 0 0 0 0 0 1 300 1 0
0 24.75 12.5 2 6 4 1.5 1 1 12 1 2 120 568 1
0 19.5 0.16 2 11 4 0.04 0 0 0 1 2 380 1 0
1 20.67 0.41 2 8 4 0.125 0 0 0 0 2 0 45 0
1 39.92 5 2 3 5 0.21 0 0 0 0 2 550 1 0
0 71.58 0 2 8 4 0 0 0 0 0 3 184 1 1
1 40.58 3.29 2 7 4 3.5 0 0 0 1 1 400 1 0
1 19.42 6.5 2 9 8 1.46 1 1 7 0 2 80 2955 1
1 34.42 4.25 2 3 5 3.25 1 1 2 0 2 274 611 1
1 31.57 0.62 2 4 4 0.25 0 0 0 0 2 380 2011 0
0 52.5 7 2 6 8 3 0 0 0 0 2 0 1 0
1 25.67 12.5 2 13 4 1.21 1 1 67 1 2 140 259 1
0 35.17 3.75 2 1 1 0 0 1 6 0 2 0 201 0
1 21.83 0.25 2 2 8 0.665 1 0 0 1 2 0 1 1
0 20.67 3 2 11 4 0.165 1 1 3 0 2 100 7 1
1 21.83 1.54 2 4 4 0.085 0 0 0 1 2 356 1 0
1 30.83 0 2 9 4 1.25 1 1 1 0 2 202 1 1
1 20 0 2 2 4 0.5 0 0 0 0 2 144 1 0
1 54.83 15.5 2 10 9 0 1 1 20 0 2 152 131 0
1 32.25 14 1 1 1 0 0 1 2 0 2 160 2 0
1 27.83 1.5 2 9 4 2 1 1 11 1 2 434 36 1
1 31.33 19.5 2 8 4 7 1 1 16 0 2 0 5001 1
1 58.58 2.71 2 8 4 2.415 0 0 0 1 2 320 1 0
0 25.58 0 2 8 4 0 0 0 0 0 3 184 1 1
1 23.42 1 2 8 4 0.5 0 0 0 1 1 280 1 0
1 23 0.75 2 7 4 0.5 0 0 0 1 1 320 1 0
1 47.67 2.5 2 7 5 2.5 1 1 12 1 2 410 2511 1
1 17.92 0.2 2 6 4 0.04 0 0 0 0 2 280 751 0
1 42.83 4.62 2 11 4 4.58 1 0 0 0 1 0 1 1
1 16.32 4.08 2 3 8 0.415 0 0 0 1 2 120 1 0
0 18.07 0.37 3 13 1 10 0 0 0 1 1 300 1 1
1 36.42 0.75 1 2 4 0.585 0 0 0 0 2 240 4 0
1 30.58 2.71 1 7 4 0.125 0 0 0 1 1 80 1 0
1 28.75 1.5 1 8 4 1.5 1 0 0 1 2 0 226 0
1 20.67 0.83 1 8 4 2 0 0 0 1 1 240 1 0
0 22.5 8.46 1 14 4 2.46 0 0 0 0 2 164 1 1
1 39.17 2.5 1 3 8 10 0 0 0 1 1 200 1 0
0 19.17 5.41 2 3 8 0.29 0 0 0 0 2 80 485 0
0 18.57 10 2 2 4 0.415 0 0 0 0 2 80 43 0
1 33.67 1.25 2 9 4 1.165 0 0 0 0 2 120 1 0
1 21.33 7.5 2 6 4 1.415 1 1 1 0 2 80 9801 1
1 40.58 5 2 8 4 5 1 1 7 0 2 0 3066 1
0 37.33 2.5 2 3 8 0.21 0 0 0 0 2 260 247 0
1 21.92 0.5 2 8 4 0.125 0 0 0 0 2 360 1 0
1 40.92 0.5 1 7 4 0.5 0 0 0 1 2 130 1 0
0 40.33 8.12 1 4 4 0.165 0 1 2 0 2 184 19 0
1 22.75 11.5 2 3 4 0.415 0 0 0 0 2 0 1 0

