0 55.75 7.08 2 4 8 6.75 1 1 3 1 2 100 51 0
0 24.75 13.66 2 11 8 1.5 0 0 0 0 2 280 2 0
1 37.33 2.66 2 13 4 0.165 0 0 0 1 2 0 502 0
0 18.82 4.41 1 8 8 3 1 0 0 0 2 240 1 1
1 37.5 1.12 1 2 4 1.5 0 0 0 1 2 431 1 1
1 39.58 13.91 2 9 4 8.625 1 1 6 1 2 70 1 1
1 22.67 10.5 2 11 8 1.335 1 0 0 0 2 100 1 1
1 57.42 8.5 2 10 8 7 1 1 3 0 2 0 1 1
0 28.17 0.58 2 6 4 0.04 0 0 0 0 2 260 1005 0
1 55.92 11.5 2 1 1 5 1 1 5 0 2 0 8852 1
0 17.82 11 2 14 8 1 1 1 11 0 2 0 3001 1
1 22.08 2.33 2 4 4 0.75 0 0 0 0 2 180 1 0
0 49.83 13.58 2 4 8 8.5 1 0 0 1 2 0 1 1
1 20.17 8.17 2 6 4 1.96 1 1 14 0 2 60 159 1
0 22.67 0.79 2 3 4 0.085 0 0 0 0 2 144 1 0
0 41.58 1.04 2 6 4 0.665 0 0 0 0 2 240 238 0
1 19.42 7.25 2 7 4 0.04 0 1 1 0 2 100 2 0
1 13.75 4 1 9 4 1.75 1 1 2 1 2 120 1001 1
0 28.58 1.66 2 11 4 2.415 1 0 0 1 2 440 1 0
1 30.67 2.5 2 13 8 2.25 0 0 0 1 1 340 1 0
1 54.42 0.5 1 4 8 3.96 1 0 0 0 2 180 315 1
0 24.5 1.75 1 8 4 0.165 0 0 0 0 2 132 1 0
0 53.33 0.16 2 1 1 0 0 0 0 1 1 62 28 0
1 37.75 7 2 11 8 11.5 1 1 7 1 2 300 6 0
1 34.75 2.5 2 13 5 0.5 0 0 0 0 2 348 1 0
1 21.33 10.5 2 8 4 3 1 0 0 1 2 0 1 1
1 33.58 0.33 1 13 4 0.085 0 0 0 0 2 180 1 0
1 19.42 1.5 1 13 4 2 1 0 0 1 2 100 21 0
1 56.75 12.25 2 7 4 1.25 1 1 4 1 2 200 1 1
1 24.33 6.62 1 2 4 5.5 1 0 0 1 1 100 1 1
1 35 2.5 2 3 4 1 0 0 0 1 2 210 1 0
1 40.92 0.83 2 1 1 0 1 0 0 0 2 130 2 0
0 21.75 1.75 1 5 3 0 0 0 0 0 2 160 1 0
1 32.33 7.5 2 10 5 1.585 1 0 0 1 1 420 1 0
0 23.5 1.5 2 9 4 0.875 0 0 0 1 2 160 1 0
1 22 7.83 1 3 5 0.165 0 0 0 1 2 184 1 0
1 23.42 0.58 2 8 8 0.085 1 0 0 0 2 180 1 0
1 24.58 12.5 2 9 4 0.875 1 0 0 1 2 260 1 0
1 40.25 21.5 2 10 9 20 1 1 11 0 2 0 1201 1
1 43.25 25.21 2 11 8 0.21 1 1 1 0 2 760 91 0
1 23.08 2.5 2 1 1 0.085 0 0 0 1 2 100 4209 0
1 22.83 3 2 7 4 1.29 1 1 1 0 2 260 801 1
1 27.75 0.58 1 13 4 0.25 1 1 2 0 2 260 501 1
1 34.08 2.5 2 8 4 1 0 0 0 0 2 460 17 0
0 42.25 1.75 1 8 4 0 0 0 0 1 2 150 2 0
0 19.57 0.66 1 8 4 1 0 1 1 0 2 2000 3 0
1 39.83 0.5 2 7 4 0.25 1 0 0 0 1 288 1 0
1 36.42 0.75 1 2 4 0.585 0 0 0 0 2 240 4 0
1 22.17 2.25 2 3 4 0.125 0 0 0 0 2 160 11 0
1 21.67 1.16 1 4 4 2.5 1 1 1 0 2 180 21 0
1 16.32 4.08 2 3 8 0.415 0 0 0 1 2 120 1 0
1 22.67 2.54 1 8 8 2.585 1 0 0 0 2 0 1 1
1 27.83 1.5 2 9 4 2 1 1 11 1 2 434 36 1
1 51.33 10 2 3 5 0 1 1 11 0 2 0 1250 1
0 47.42 3 2 14 4 13.875 1 1 2 1 2 519 1705 1
0 56.5 16 2 5 1 0 1 1 15 0 2 0 248 1
0 25.25 13.5 1 1 1 2 0 1 1 1 2 200 2 0
1 44.83 7 1 8 4 1.625 0 0 0 0 2 160 3 0
0 32.33 0.54 2 13 4 0.04 1 0 0 0 2 440 11178 1
0 20.83 8.5 2 8 4 0.165 0 0 0 0 2 0 352 0
1 43.08 0.37 1 8 4 0.375 1 1 8 1 2 300 163 1
1 23.5 3.16 1 4 4 0.415 0 1 1 1 2 280 81 0
0 15.83 7.62 2 11 4 0.125 0 1 1 1 2 0 161 0
0 19.57 0.66 2 9 4 1.665 0 0 0 0 2 220 6 0
0 30.5 6.5 2 8 5 4 1 1 7 1 2 0 3066 1
1 34.92 2.5 2 9 4 0 1 0 0 1 2 239 201 1
1 35.75 2.41 2 9 4 0.125 0 1 2 0 2 220 2 0
0 29.58 1.75 1 4 4 1.25 0 0 0 1 2 280 1 0
0 26.92 13.5 2 11 8 5 1 1 2 0 2 0 5001 1
0 19.75 0.75 2 8 4 0.795 1 1 5 1 2 140 6 0
1 31.57 0.62 2 4 4 0.25 0 0 0 0 2 380 2011 0
1 21.5 11.5 2 3 4 0.5 1 0 0 1 2 100 69 0
1 25.5 0.37 2 7 4 0.25 1 1 3 0 2 260 15109 1
1 31.25 1.12 2 1 1 0 0 1 1 0 2 96 20 0
1 23.75 0.41 1 8 4 0.04 0 1 2 0 2 128 7 0
1 25.67 3.25 2 8 8 2.29 0 1 1 1 2 416 22 0
1 16.25 0 1 6 4 0.25 0 0 0 0 2 60 1 0
0 22.83 2.29 2 11 8 2.29 1 1 7 1 2 140 2385 1
1 18.57 10.29 2 1 1 0.415 0 0 0 0 2 80 1 0
0 25.75 0.5 2 8 8 0.875 1 0 0 1 2 491 1 1
1 23.92 1.5 2 2 8 1.875 1 1 6 0 2 200 328 1
1 36.75 0.12 1 8 4 1.5 0 0 0 1 2 232 114 1
0 69.5 6 2 1 1 0 0 0 0 0 1 0 1 0
1 21 4.79 1 9 4 2.25 1 1 1 1 2 80 301 1
1 18.82 0.41 1 8 4 0.165 0 1 1 0 2 200 2 0
1 76.75 22.29 2 10 9 12.75 1 1 1 1 2 0 110 1
1 30.17 6.5 2 13 4 3.125 1 1 8 0 2 330 1201 1
1 29.67 1.41 2 9 8 0.75 1 1 1 0 2 240 101 1
1 25 12 2 4 4 2.25 1 1 2 1 2 120 6 0
1 47.33 6.5 2 8 4 1 0 0 0 1 2 0 229 0
1 18.07 6.75 1 7 4 0.04 0 0 0 0 2 140 1 0
0 18.92 9 2 6 4 0.75 1 1 2 0 2 88 592 1
1 41.33 0 2 8 5 15 1 0 0 0 2 0 1 1
1 21.17 0.25 1 8 8 0.25 0 0 0 0 2 280 205 0
1 30.83 0 2 9 4 1.25 1 1 1 0 2 202 1 1
0 38.75 1.5 2 1 1 0 0 0 0 0 2 76 1 0
1 24.75 0.54 2 7 4 1 0 0 0 1 2 120 2 0
1 26 1 2 11 4 1.75 1 0 0 1 2 280 1 1
0 58.67 4.46 2 11 8 3.04 1 1 6 0 2 43 561 1
1 36.17 18.12 2 9 4 0.085 0 0 0 0 2 320 3553 0
1 23 0.75 2 7 4 0.5 0 0 0 1 1 320 1 0
1 27.67 0.75 2 11 8 0.165 0 0 0 1 2 220 252 0
1 48.75 8.5 2 8 8 12.5 1 1 9 0 2 181 1656 1
1 44.33 0.5 2 3 8 5 1 0 0 1 2 320 1 1
1 20.07 0.25 2 11 4 0.125 0 0 0 0 2 200 1 0
0 39.08 4 2 8 4 3 0 0 0 0 2 480 1 0
1 15.17 7 2 10 4 1 0 0 0 0 2 600 1 0
1 23.58 0.46 1 9 4 2.625 1 1 6 1 2 208 348 0
1 51.83 2.04 1 1 1 1.5 0 0 0 0 2 120 2 0
0 30.58 10.66 2 11 8 0.085 0 1 12 1 2 129 4 0
0 20.67 3 2 11 4 0.165 1 1 3 0 2 100 7 1
0 19.5 0.16 2 11 4 0.04 0 0 0 1 2 380 1 0
1 26.17 12.5 1 4 8 1.25 0 0 0 1 2 0 18 0
1 34 4.5 2 6 4 1 1 0 0 1 2 240 1 0
1 36.67 3.25 2 11 8 9 1 0 0 1 2 102 640 1
1 22.67 1.58 1 9 4 3.085 1 1 6 0 2 80 1 1
1 73.42 17.75 2 1 1 0 1 0 0 1 2 0 1 1
0 20.67 1.83 2 11 4 2.085 1 1 5 0 2 220 2504 1
0 44.17 6.66 2 11 4 7.375 1 1 3 1 2 0 1 1
1 32.33 3.5 2 4 4 0.5 0 0 0 1 2 232 1 0
1 36.33 2.12 1 9 4 0.085 1 1 1 0 2 50 1188 1
1 49.58 19 2 1 1 0 1 1 1 0 2 94 1 0
0 17.92 0.54 2 8 4 1.75 0 1 1 1 2 80 6 0
1 26.25 1.54 2 9 4 0.125 0 0 0 0 2 100 1 0
0 57.08 0.33 2 3 5 1 1 0 0 1 2 252 2198 0
1 29.92 1.83 2 8 8 4.335 1 0 0 0 2 260 201 1
0 52.83 15 2 8 4 5.5 1 1 14 0 2 0 2201 1
0 32.25 1.5 2 8 4 0.25 0 0 0 1 2 372 123 0
1 41.75 0.96 2 14 4 2.5 1 0 0 0 2 510 601 1
1 23.08 11.5 2 9 8 2.125 1 1 11 1 2 290 285 1
1 19.42 6.5 2 9 8 1.46 1 1 7 0 2 80 2955 1
1 16.17 0.04 2 8 4 0.04 0 0 0 0 2 0 1 1
0 35.75 0.91 2 6 4 0.75 1 1 4 0 2 0 1584 1
1 41.42 5 2 11 8 5 1 1 6 1 2 470 1 1
0 36.75 5.12 2 10 4 5 1 0 0 1 2 0 4001 1
1 40.92 2.25 1 14 8 10 1 0 0 1 2 176 1 0
1 42.83 4.62 2 11 4 4.58 1 0 0 0 1 0 1 1
1 35.25 16.5 1 8 4 4 1 0 0 0 2 80 1 0
1 20 0 2 2 4 0.5 0 0 0 0 2 144 1 0
1 40 6.5 2 6 5 3.5 1 1 1 0 2 0 501 1
1 47.67 2.5 2 7 5 2.5 1 1 12 1 2 410 2511 1
1 23 0.62 1 6 4 0.125 1 0 0 0 2 180 2 0
1 31.57 4 1 3 4 0.085 0 0 0 1 2 411 1 0
0 29.5 2 1 10 8 2 0 0 0 0 2 256 18 0
1 32.67 9 1 9 8 5.25 1 0 0 1 2 154 1 1
0 27.33 1.66 2 1 1 0 0 0 0 0 2 340 2 0
1 17.07 0.08 1 8 4 0.04 0 0 0 0 2 140 723 0
1 36.08 2.54 2 1 1 0 0 0 0 0 2 0 1001 0
0 46.67 0.46 2 13 8 0.415 1 1 11 1 2 440 7 1
0 23.75 0.71 2 9 4 0.25 0 1 1 1 2 240 5 0
0 30 5.29 2 10 2 2.25 1 1 5 1 2 99 501 1
1 31 2.08 2 8 4 0.085 0 0 0 0 2 300 1 0
0 22.42 5.66 2 11 4 2.585 1 1 7 0 2 129 3258 1
1 41.17 1.25 1 9 4 0.25 0 0 0 0 2 0 196 0
0 47 13 2 3 5 5.165 1 1 9 1 2 0 1 1
0 64.08 0.16 2 1 1 0 1 1 1 0 2 232 101 1
0 30.42 1.37 2 9 8 0.04 0 1 3 0 2 0 34 0
1 22.75 11.5 2 3 4 0.415 0 0 0 0 2 0 1 0
0 21.5 6 2 6 4 2.5 1 1 3 0 2 80 919 1
1 33.67 2.16 2 8 4 1.5 0 0 0 0 3 120 1 0
1 17.57 10 2 9 8 0.165 0 1 1 0 2 120 2 0
0 23.58 11.5 1 4 8 3 0 0 0 1 2 20 17 0
0 33.92 1.58 1 1 1 0 1 0 0 0 2 320 1 0
0 20.83 0.5 1 10 2 1 0 0 0 0 2 260 1 0
0 57.58 2 2 1 1 6.5 0 1 1 0 2 0 11 0
0 21.25 2.33 2 3 5 0.5 1 1 4 0 1 80 1 1
1 25.67 2.21 1 6 4 4 1 0 0 0 2 188 1 0
1 44.25 11 1 2 4 1.5 1 0 0 0 1 0 1 0
0 25 0.87 2 14 8 1.04 1 0 0 1 2 160 5861 1
1 25.08 1.71 2 14 4 1.665 1 1 1 1 2 395 21 1
1 39.5 4.25 2 8 5 6.5 1 1 16 0 2 117 1211 1
1 41.17 4.04 2 13 8 7 1 1 8 0 2 320 1 1
1 16.92 0.33 1 4 4 0.29 0 0 0 0 1 200 1 0
1 24.58 13.5 1 1 1 0 0 0 0 0 2 184 1 0
1 31.08 3.08 2 8 4 2.5 0 1 2 1 2 160 42 0
0 27.42 14.5 2 14 8 3.085 1 1 1 0 2 120 12 1
1 32.08 4 1 13 4 1.5 0 0 0 1 2 120 1 0
1 42.17 5.04 2 11 8 12.75 1 0 0 1 2 92 1 1
1 39.92 0.54 1 6 4 0.5 1 1 3 0 2 200 1001 1
0 17.67 0 1 5 1 0 0 0 0 0 2 86 1 0
1 34.17 1.54 2 13 4 1.54 1 1 1 1 2 520 50001 1
1 20.5 2.41 2 8 4 2 1 1 11 1 2 200 3001 1
1 23.33 11.62 1 9 4 0.835 1 0 0 1 2 160 301 1
1 31.58 0.75 1 6 4 3.5 0 0 0 1 2 320 1 0
1 20.42 0 2 8 4 0 0 0 0 0 3 184 1 0
0 21.67 11.5 1 5 3 0 1 1 11 1 2 0 1 1
1 20.67 1.25 1 8 8 1.375 1 1 3 1 2 140 211 0
1 25.58 0.33 2 4 8 3.5 0 0 0 1 2 340 1 0
1 27 0.75 2 8 8 4.25 1 1 3 1 2 312 151 1
1 38.67 0.21 2 4 4 0.085 1 0 0 1 2 280 1 1
1 65.42 11 2 10 9 20 1 1 7 1 2 22 1 1
0 28.5 1 2 11 4 1 1 1 2 1 2 167 501 0
1 19.17 4 1 3 4 1 0 0 0 1 2 360 1001 0
1 19.67 0.37 2 11 4 2 1 1 2 1 2 80 1 1
1 39.5 1.62 2 8 4 1.5 0 0 0 0 2 0 317 0
0 19.67 0.21 2 11 8 0.29 1 1 11 0 2 80 100 1
1 34.5 4.04 1 3 5 8.5 1 1 7 1 2 195 1 1
1 33.5 1.75 2 14 8 4.5 1 1 4 1 2 253 858 1
0 22.5 8.46 1 14 4 2.46 0 0 0 0 2 164 1 1
1 36.17 5.5 2 3 5 5 0 0 0 0 2 210 688 0
0 36.75 4.71 2 1 1 0 0 0 0 0 2 160 1 0
1 27.25 1.58 2 13 8 1.835 1 1 12 1 2 583 714 1
1 17.07 0.25 2 11 4 0.335 0 1 4 0 2 160 9 0
1 26.75 1.12 2 14 8 1.25 1 0 0 0 2 0 5299 1
1 39.42 1.71 1 7 4 0.165 0 0 0 0 1 400 1 0
1 36.67 2 2 3 4 0.25 0 0 0 1 2 221 1 0
0 28.58 3.75 2 8 4 0.25 0 1 1 1 2 40 155 0
1 20.67 5.29 2 11 4 0.375 1 1 1 0 2 160 1 0
0 29.5 0.46 2 4 4 0.54 1 1 4 0 2 380 501 1
1 22.75 11 2 11 4 2.5 1 1 7 1 2 100 810 1
1 24.08 0.87 2 7 4 0.085 0 1 4 0 2 254 1951 0
1 27.67 13.75 2 9 4 5.75 1 0 0 1 2 487 501 1
0 18.57 10 2 2 4 0.415 0 0 0 0 2 80 43 0
1 23.92 0.58 1 13 8 0.125 0 0 0 0 2 240 2 0
0 37.33 2.5 2 3 8 0.21 0 0 0 0 2 260 247 0
1 18.25 0.16 2 2 4 0.25 0 0 0 1 1 280 1 0
1 23.75 12 2 8 4 2.085 0 0 0 0 1 80 1 0
1 24.42 12.33 2 11 8 1.585 1 0 0 1 2 120 1 1
0 22.67 0.75 2 8 4 2 0 1 2 1 2 200 395 0
1 42 0.2 2 3 8 5.125 1 0 0 0 2 400 1 1
1 40.58 5 2 8 4 5 1 1 7 0 2 0 3066 1
1 48.17 7.62 2 9 8 15.5 1 1 12 0 2 0 791 1
1 21.92 0.5 2 8 4 0.125 0 0 0 0 2 360 1 0
1 26.75 2 2 2 4 0.75 0 0 0 1 2 80 1 0
0 24.75 12.5 2 6 4 1.5 1 1 12 1 2 120 568 1
0 37.75 5.5 2 11 4 0.125 1 0 0 1 2 228 1 1
0 24.5 1.04 1 1 1 0.5 1 1 3 0 2 180 148 0
1 22.17 0.58 1 1 1 0 0 0 0 0 2 100 1 0
1 29.83 1.25 1 4 4 0.25 0 0 0 0 2 224 1 0
1 37.33 6.5 2 7 8 4.25 1 1 12 1 2 93 1 1
1 33.58 0.25 2 3 5 4 0 0 0 1 1 420 1 0
0 31.92 3.12 2 1 1 3.04 0 1 2 1 2 200 5 0
1 51.42 0.04 2 14 8 0.04 1 0 0 0 2 0 3001 1
0 23.58 0.83 2 11 4 0.415 0 1 1 1 2 200 12 0
1 18.82 0 2 11 4 0.665 0 0 0 0 2 160 2 0
1 16.25 0.83 2 7 4 0.085 1 0 0 0 1 200 1 0
1 21.08 4.12 1 3 8 0.04 0 0 0 0 2 140 101 0
0 20.32 10 2 8 8 1 1 1 4 0 2 50 1466 1
1 34.67 1.08 2 7 4 1.165 0 0 0 0 1 28 1 0
1 49.5 7.58 2 3 5 7.585 1 1 15 1 2 0 5001 1
1 20.67 0.41 2 8 4 0.125 0 0 0 0 2 0 45 0
1 80.25 5.5 2 8 4 0.54 1 0 0 0 2 0 341 0
1 42.5 4.91 1 9 4 3.165 1 0 0 1 2 52 1443 1
1 23 0.75 2 7 4 0.5 1 0 0 1 1 320 1 0
0 16.5 1.25 2 11 4 0.25 0 1 1 0 2 108 99 0
0 22.67 0.33 2 11 4 0.75 0 0 0 0 1 160 1 0
0 58.42 21 2 3 5 10 1 1 13 0 2 0 6701 1
0 27.67 1.5 2 7 4 2 1 0 0 0 1 368 1 0
0 26.08 8.66 2 6 4 1.415 1 0 0 0 2 160 151 1
1 26.83 0.54 2 4 1 0 0 0 0 0 2 100 1 0
1 21.83 0.25 2 2 8 0.665 1 0 0 1 2 0 1 1
1 33 2.5 1 9 4 7 0 0 0 1 2 280 1 0
1 28.92 0.37 2 8 4 0.29 0 0 0 0 2 220 141 0
1 37.5 0.83 2 10 4 0.04 0 0 0 0 2 120 6 0
1 48.75 26.33 1 1 1 0 1 0 0 1 2 0 1 0
1 48.33 12 2 7 4 16 1 0 0 0 1 110 1 1
1 48.58 6.5 2 11 8 6 1 0 0 1 2 350 1 1
1 37.5 1.75 1 8 5 0.25 1 0 0 1 2 164 401 0
1 25.67 0.28 1 8 4 1.5 0 0 0 1 2 160 1 0
1 60.08 14.5 2 1 1 18 1 1 15 1 2 0 1001 1
0 38.25 6 2 4 4 1 1 0 0 1 2 0 1 1
0 24.83 4.5 2 9 4 1 0 0 0 1 2 360 7 0
1 48.08 3.75 2 3 5 1 0 0 0 0 2 100 3 0
1 33.75 2.75 2 3 5 0 0 0 0 0 2 180 1 0
1 30.75 1.58 2 2 4 0.585 0 0 0 1 1 0 1 0
1 51.83 3 1 1 1 1.5 0 0 0 0 2 180 5 0
0 58.33 10 2 11 4 4 1 1 14 0 2 0 1603 1
1 25 12.5 2 6 4 3 1 0 0 1 1 20 1 1
1 29.5 0.57 2 9 4 0.29 0 1 1 0 2 340 2804 0
0 25.33 2.08 2 8 8 2.75 1 0 0 1 2 360 2 0
0 46 4 2 5 3 0 1 0 0 0 2 100 961 1
0 26.58 2.54 1 1 1 0 0 0 0 1 2 180 61 0
1 44 2 2 7 4 1.75 1 1 2 1 2 0 16 1
1 31.57 0.5 2 8 5 0.835 1 0 0 1 1 320 1 0
1 26.67 1.75 1 8 4 1 1 1 5 1 2 160 5778 1
1 30.17 0.5 2 8 4 1.75 1 1 11 0 2 32 541 1

