1 29.83 1.25 1 4 4 0.25 0 0 0 0 2 224 1 0
1 48.75 26.33 1 1 1 0 1 0 0 1 2 0 1 0
1 17.92 0.2 2 6 4 0.04 0 0 0 0 2 280 751 0
1 56 12.5 2 4 8 8 1 0 0 1 2 24 2029 1
0 37.33 2.5 2 3 8 0.21 0 0 0 0 2 260 247 0
1 31.33 19.5 2 8 4 7 1 1 16 0 2 0 5001 1
1 31.57 5 1 6 4 8.5 1 0 0 0 2 0 1 0
1 51.33 10 2 3 5 0 1 1 11 0 2 0 1250 1
0 28.58 3.75 2 8 4 0.25 0 1 1 1 2 40 155 0
1 21.25 1.5 2 9 4 1.5 0 0 0 0 2 150 9 1
0 16.5 1.25 2 11 4 0.25 0 1 1 0 2 108 99 0
1 69.17 9 2 1 1 4 0 1 1 0 2 70 7 0
0 33.75 0.75 2 4 5 1 1 1 3 1 2 212 1 0
1 30.08 1.04 1 3 5 0.5 1 1 10 1 2 132 29 0
1 20.67 0.41 2 8 4 0.125 0 0 0 0 2 0 45 0
0 19.17 8.58 2 13 8 0.75 1 1 7 0 2 96 1 1
1 18.07 6.75 1 7 4 0.04 0 0 0 0 2 140 1 0
0 22.67 0.75 2 8 4 2 0 1 2 1 2 200 395 0
1 23.5 3.16 1 4 4 0.415 0 1 1 1 2 280 81 0
1 63.33 0.54 2 8 4 0.585 1 1 3 1 2 180 1 0
0 47 13 2 3 5 5.165 1 1 9 1 2 0 1 1
1 56.42 28 1 8 4 28.5 1 1 40 0 2 0 16 1
1 42.83 4.62 2 11 4 4.58 1 0 0 0 1 0 1 1
1 19.67 10 1 4 8 0.835 1 0 0 1 2 140 1 0
0 20.42 7.5 2 4 4 1.5 1 1 1 0 2 160 235 1
0 18.42 9.25 2 11 4 1.21 1 1 4 0 2 60 541 1
1 39.25 9.5 2 7 4 6.5 1 1 14 0 2 240 4608 1
1 37.58 0 2 8 4 0 0 0 0 0 3 184 1 1
1 25 12.5 2 6 4 3 1 0 0 1 1 20 1 1
1 42.08 1.04 2 9 4 5 1 1 6 1 2 500 10001 1
1 39.17 1.71 2 14 4 0.125 1 1 5 1 2 480 1 1
1 26.83 0.54 2 4 1 0 0 0 0 0 2 100 1 0
1 21.92 0.54 1 14 4 0.04 1 1 1 1 2 840 60 1
1 18.57 10.29 2 1 1 0.415 0 0 0 0 2 80 1 0
1 35.25 3.16 2 14 8 3.75 1 0 0 1 2 680 1 0
0 18.25 10 2 9 4 1 0 1 1 0 2 120 2 0
0 33.25 3 1 6 4 2 0 0 0 0 2 180 1 0
0 30.58 10.66 2 11 8 0.085 0 1 12 1 2 129 4 0
1 38.42 0.7 2 8 4 0.375 0 1 2 0 2 225 501 0
1 37.33 2.66 2 13 4 0.165 0 0 0 1 2 0 502 0
1 51.58 15 2 8 4 8.5 1 1 9 0 2 0 1 1
0 19.5 0.16 2 11 4 0.04 0 0 0 1 2 380 1 0
1 23.58 0.46 1 9 4 2.625 1 1 6 1 2 208 348 0
0 60.92 5 2 6 4 4 1 1 4 0 2 0 100 1
0 31.25 3.75 2 13 8 0.625 1 1 9 1 2 181 1 1
1 28.25 5.04 1 8 5 1.5 1 1 8 1 2 144 8 1
1 16.17 0.04 2 8 4 0.04 0 0 0 0 2 0 1 1
0 21.92 11.66 2 4 8 0.085 0 0 0 0 2 320 6 0
0 20.75 10.25 2 11 4 0.71 1 1 2 1 2 49 1 1
1 19.42 6.5 2 9 8 1.46 1 1 7 0 2 80 2955 1
1 24.42 12.33 2 11 8 1.585 1 0 0 1 2 120 1 1
1 25.67 2.21 1 6 4 4 1 0 0 0 2 188 1 0
0 38.92 1.66 2 6 4 0.25 0 0 0 0 2 0 391 0
1 39.17 2.5 1 3 8 10 0 0 0 1 1 200 1 0
1 36.5 4.25 2 11 4 3.5 0 0 0 0 2 454 51 0
0 52.5 7 2 6 8 3 0 0 0 0 2 0 1 0
0 24.5 2.41 1 8 4 0 0 0 0 0 2 120 1 0
1 28.92 0.37 2 8 4 0.29 0 0 0 0 2 220 141 0
0 55.75 7.08 2 4 8 6.75 1 1 3 1 2 100 51 0
0 49.83 13.58 2 4 8 8.5 1 0 0 1 2 0 1 1
1 55.92 11.5 2 1 1 5 1 1 5 0 2 0 8852 1
0 25.17 2.87 2 14 8 0.875 1 0 0 0 2 360 1 1
1 18.42 10.41 1 6 4 0.125 1 0 0 0 2 120 376 0
1 36.17 18.12 2 9 4 0.085 0 0 0 0 2 320 3553 0
0 20.42 0.83 2 11 4 1.585 1 1 1 0 2 0 1 1
1 19.42 1.5 1 13 4 2 1 0 0 1 2 100 21 0
0 26.5 2.71 1 8 4 0.085 0 0 0 0 1 80 1 0
1 80.25 5.5 2 8 4 0.54 1 0 0 0 2 0 341 0
1 39 5 2 13 4 3.5 1 1 10 1 2 0 1 1
1 23.25 4 2 8 5 0.25 1 0 0 1 2 160 1 1
1 33.17 1 2 14 4 0.75 1 1 7 1 2 340 4072 1
1 23.17 0 2 13 4 0.085 1 0 0 0 2 0 1 1
1 16.32 2.75 2 6 4 0.665 0 1 1 0 2 80 22 0
0 28.67 1.04 2 8 4 2.5 1 1 5 1 2 300 1431 1
0 40.83 3.5 2 3 5 0.5 0 0 0 0 1 1160 1 0
0 47.75 8 2 8 4 7.875 1 1 6 1 2 0 1261 1
0 30.5 6.5 2 8 5 4 1 1 7 1 2 0 3066 1
1 42.83 1.25 2 7 4 13.875 0 1 1 1 2 352 113 0
0 27.67 2.04 2 9 4 0.25 0 0 0 1 2 180 51 0
1 20.17 5.62 2 9 4 1.71 1 0 0 0 1 120 1 1
1 27.25 1.66 2 13 8 5.085 1 1 9 0 2 399 828 1
0 35.42 12 2 11 8 14 1 1 8 0 2 0 6591 1
1 25.42 0.54 2 9 4 0.165 0 1 1 0 2 272 445 0
0 22.67 0.79 2 3 4 0.085 0 0 0 0 2 144 1 0
0 15.83 7.62 2 11 4 0.125 0 1 1 1 2 0 161 0
1 41.33 0 2 8 5 15 1 0 0 0 2 0 1 1
1 21.5 9.75 2 8 4 0.25 1 0 0 0 2 140 1 0
1 30.58 2.71 1 7 4 0.125 0 0 0 1 1 80 1 0
0 28.75 3.75 2 8 4 1.085 1 1 1 1 2 371 1 1
1 39.33 5.87 2 13 8 10 1 1 14 1 2 399 1 1
1 28.67 9.33 2 11 8 5.665 1 1 6 0 2 381 169 1
1 19.5 9.58 2 6 4 0.79 0 0 0 0 2 80 351 0
1 20.75 5.08 1 5 4 0.29 0 0 0 0 2 140 185 0
0 22.5 8.5 2 11 4 1.75 1 1 10 0 2 80 991 0
1 50.75 0.58 2 1 1 0 0 0 0 0 2 145 1 0
1 41 0.04 2 10 4 0.04 0 1 1 0 1 560 1 1
1 30.17 6.5 2 13 4 3.125 1 1 8 0 2 330 1201 1
1 23.08 0 2 4 4 1 0 1 11 0 1 0 1 0
1 34.58 0 2 8 4 0 0 0 0 0 3 184 1 0
1 24.83 2.75 2 8 4 2.25 1 1 6 0 2 184 601 1
0 32.25 1.5 2 8 4 0.25 0 0 0 1 2 372 123 0
1 34.67 1.08 2 7 4 1.165 0 0 0 0 1 28 1 0
0 38.58 5 2 13 4 13.5 1 0 0 1 2 980 1 0
1 56.75 12.25 2 7 4 1.25 1 1 4 1 2 200 1 1
0 22.5 0.41 2 3 4 0.335 0 0 0 1 1 144 1 0
0 25.42 1.12 2 11 4 1.29 1 1 2 0 2 200 1 0
1 42 0.2 2 3 8 5.125 1 0 0 0 2 400 1 1
0 44.17 6.66 2 11 4 7.375 1 1 3 1 2 0 1 1
1 24.5 13.33 1 6 4 0.04 0 0 0 1 2 120 476 0
0 47.42 3 2 14 4 13.875 1 1 2 1 2 519 1705 1
1 32.08 4 1 13 4 1.5 0 0 0 1 2 120 1 0
0 18.92 9 2 6 4 0.75 1 1 2 0 2 88 592 1
1 40.58 5 2 8 4 5 1 1 7 0 2 0 3066 1
1 36.25 5 2 8 5 2.5 1 1 6 0 2 0 368 1
0 27.17 1.25 2 1 1 0 0 1 1 0 2 92 301 0
1 29.25 14.79 2 6 4 5.04 1 1 5 1 2 168 1 1
1 26.67 14.58 2 3 5 0 0 0 0 1 2 178 1 0
0 69.5 6 2 1 1 0 0 0 0 0 1 0 1 0
1 31.42 15.5 2 8 4 0.5 1 0 0 0 2 120 1 0
1 20 11.04 2 8 4 2 0 0 0 1 2 136 1 0
1 23.25 1.5 2 11 4 2.375 1 1 3 1 2 0 583 1
1 49.17 2.29 2 1 1 0.29 0 0 0 0 2 200 4 0
1 22.08 0.83 2 8 8 2.165 0 0 0 1 2 128 1 1
1 74.83 19 1 1 1 0.04 0 1 2 0 2 0 352 0
0 17.92 0.54 2 8 4 1.75 0 1 1 1 2 80 6 0
1 42 9.78 2 14 8 7.96 1 1 8 0 2 0 1 1
1 47.67 0.28 2 8 5 15 1 1 20 0 2 0 15001 1
0 31.75 3 1 5 3 0 0 0 0 0 2 160 21 0
0 28.08 15 1 10 9 0 1 0 0 0 2 0 13213 1
1 20.5 2.41 2 8 4 2 1 1 11 1 2 200 3001 1
0 20.75 10.33 2 13 8 0.335 1 1 1 1 2 80 51 1
1 33 2.5 1 9 4 7 0 0 0 1 2 280 1 0
1 27.58 3.25 1 11 8 5.085 0 1 2 1 2 369 2 0
1 19.17 9.5 2 9 4 1.5 1 0 0 0 2 120 2207 1
1 38.92 1.75 2 4 4 0.5 0 0 0 1 2 300 3 0
0 29.75 0.66 2 9 4 0.25 0 0 0 1 2 300 1 0
1 34 5.08 1 3 5 1.085 0 0 0 1 2 480 1 0
0 18.82 4.41 1 8 8 3 1 0 0 0 2 240 1 1
1 20.5 10 1 8 4 2.5 1 0 0 0 1 40 1 1
0 17.32 9.5 2 6 4 1.75 0 1 10 1 2 0 11 0
0 18.57 10 2 2 4 0.415 0 0 0 0 2 80 43 0
0 29.58 1.75 1 4 4 1.25 0 0 0 1 2 280 1 0
1 36.67 2 2 3 4 0.25 0 0 0 1 2 221 1 0
0 23.5 9 2 11 4 8.5 1 1 5 1 2 120 1 1
1 18.17 2.46 2 8 7 0.96 0 1 2 1 2 160 588 0
1 48.08 6.04 2 4 4 0.04 0 0 0 0 2 0 2691 1
0 57.08 0.33 2 3 5 1 1 0 0 1 2 252 2198 0
1 52.42 1.5 2 2 4 3.75 0 0 0 1 2 0 351 0
0 31.57 11.25 2 1 1 0 0 0 0 0 2 184 5201 0
0 21.08 5 1 1 1 0 0 0 0 0 2 0 1 0
1 36.08 2.54 2 1 1 0 0 0 0 0 2 0 1001 0
0 50.25 0.83 2 6 4 0.5 0 0 0 1 2 240 118 0
1 34.83 4 2 2 5 12.5 1 0 0 1 2 184 1 0
1 23.92 0.66 2 8 4 0.165 0 0 0 0 2 100 1 1
0 65.17 14 2 1 1 0 1 1 11 1 2 0 1401 1
0 20.75 9.53 2 3 4 0.04 0 0 0 0 2 200 1001 0
1 19.67 0.37 2 11 4 2 1 1 2 1 2 80 1 1
1 56.58 18.5 2 2 5 15 1 1 17 1 2 0 1 1
1 16.32 4.08 2 3 8 0.415 0 0 0 1 2 120 1 0
1 20.67 0.83 1 8 4 2 0 0 0 1 1 240 1 0
1 26.67 4.25 2 13 4 4.29 1 1 1 1 2 120 1 1
0 20.83 3 2 6 4 0.04 1 0 0 0 2 100 1 1
1 44.83 7 1 8 4 1.625 0 0 0 0 2 160 3 0
1 40 6.5 2 6 5 3.5 1 1 1 0 2 0 501 1
0 16.07 0.33 2 1 1 0 0 1 1 0 2 160 127 0
1 21 3 1 2 4 1.085 1 1 8 1 2 160 2 1
0 17.82 11 2 14 8 1 1 1 11 0 2 0 3001 1
1 51.42 0.04 2 14 8 0.04 1 0 0 0 2 0 3001 1
0 38.33 4.41 2 8 4 0.125 0 0 0 0 2 160 1 0
1 21.83 0.25 2 2 8 0.665 1 0 0 1 2 0 1 1
0 46 4 2 5 3 0 1 0 0 0 2 100 961 1
0 25.33 2.08 2 8 8 2.75 1 0 0 1 2 360 2 0
1 24.42 2 2 10 2 0.165 0 1 2 0 2 320 1301 0
1 30.83 0 2 9 4 1.25 1 1 1 0 2 202 1 1
1 23.08 11.5 2 9 8 2.125 1 1 11 1 2 290 285 1
1 23 0.75 2 7 4 0.5 1 0 0 1 1 320 1 0
0 41.58 1.04 2 6 4 0.665 0 0 0 0 2 240 238 0
1 25.17 6 2 8 4 1 1 1 3 0 2 0 1 1
1 26.75 2 2 2 4 0.75 0 0 0 1 2 80 1 0
1 36.17 0.42 1 9 4 0.29 0 0 0 1 2 309 3 0
1 29.67 1.41 2 9 8 0.75 1 1 1 0 2 240 101 1
1 33.58 2.75 2 7 4 4.25 1 1 6 0 2 204 1 1
1 26.25 1.54 2 9 4 0.125 0 0 0 0 2 100 1 0
0 51.92 6.5 2 3 5 3.085 0 0 0 1 2 73 1 0
0 25 11 1 6 4 4.5 1 0 0 0 2 120 1 0
1 21.08 10.08 1 10 8 1.25 0 0 0 0 2 260 1 0
0 30 5.29 2 10 2 2.25 1 1 5 1 2 99 501 1
1 21.58 0.79 1 13 4 0.665 0 0 0 0 2 160 1 0
1 54.58 9.41 2 1 1 14.415 1 1 11 1 2 30 301 1
0 20.07 0.12 2 11 4 1 0 1 1 0 2 240 769 1
0 22.67 0.33 2 11 4 0.75 0 0 0 0 1 160 1 0
0 36.75 4.71 2 1 1 0 0 0 0 0 2 160 1 0
1 17.42 6.5 2 3 4 0.125 0 0 0 0 2 60 101 0
1 31.57 0.37 2 2 4 0.875 1 0 0 1 1 928 1 0
0 23 11.75 2 14 8 0.5 1 1 2 1 2 300 552 1
1 21.08 4.12 1 3 8 0.04 0 0 0 0 2 140 101 0
0 22.42 5.66 2 11 4 2.585 1 1 7 0 2 129 3258 1
1 45 8.5 2 13 8 14 1 1 1 1 2 88 2001 1
1 18.25 0.16 2 2 4 0.25 0 0 0 1 1 280 1 0
1 31.57 0.04 1 2 4 4.25 0 0 0 1 2 460 1 0
1 39.58 13.91 2 9 4 8.625 1 1 6 1 2 70 1 1
0 19.17 5.41 2 3 8 0.29 0 0 0 0 2 80 485 0
0 50.08 12.54 2 6 4 2.29 1 1 3 1 2 156 1 1
1 34 5.5 1 8 4 1.5 0 0 0 1 2 60 1 0
0 27.33 1.66 2 1 1 0 0 0 0 0 2 340 2 0
1 38.58 3.33 2 9 4 4 1 1 14 0 2 383 1345 1
1 48.75 8.5 2 8 8 12.5 1 1 9 0 2 181 1656 1
0 58.67 4.46 2 11 8 3.04 1 1 6 0 2 43 561 1
1 21.42 0.75 1 12 7 0.75 0 0 0 1 2 132 3 0
1 34.83 2.5 1 9 4 3 0 0 0 0 1 200 1 0
0 45.33 1 2 11 4 0.125 0 0 0 1 2 263 1 0
1 17.67 4.46 2 8 4 0.25 0 0 0 0 1 80 1 0
1 23.33 11.62 1 9 4 0.835 1 0 0 1 2 160 301 1
1 18.82 0 2 11 4 0.665 0 0 0 0 2 160 2 0
0 28.17 0.58 2 6 4 0.04 0 0 0 0 2 260 1005 0
0 28.42 3.5 2 9 4 0.835 1 0 0 0 1 280 1 1
0 36.58 0.28 2 1 1 0 0 1 10 0 2 200 19 0
1 24.08 9 2 6 4 0.25 0 0 0 1 2 0 1 0
1 23.33 1.5 2 8 8 1.415 1 0 0 0 2 422 201 1
1 53.92 9.62 2 10 4 8.665 1 1 5 0 2 0 1 1
1 23.92 0.58 1 13 8 0.125 0 0 0 0 2 240 2 0
1 26.17 0.83 2 13 4 1.165 0 0 0 0 2 100 1 0
1 17.57 10 2 9 8 0.165 0 1 1 0 2 120 2 0
1 20 7 2 8 4 0.5 0 0 0 0 2 0 1 0
1 43.17 5 2 3 5 2.25 0 0 0 1 2 141 1 0
1 20.67 1.25 1 8 8 1.375 1 1 3 1 2 140 211 0
0 20.67 1.83 2 11 4 2.085 1 1 5 0 2 220 2504 1
0 16.32 0.21 2 6 4 0.125 0 0 0 0 2 200 2 0
0 20.67 3 2 11 4 0.165 1 1 3 0 2 100 7 1
0 21.75 1.75 1 5 3 0 0 0 0 0 2 160 1 0
1 31.08 1.5 1 9 4 0.04 0 0 0 0 1 160 1 0
1 30.67 2.5 2 13 8 2.25 0 0 0 1 1 340 1 0
1 32.83 2.5 2 13 8 2.75 1 1 6 0 2 160 2073 1
1 31.57 3 1 3 5 7 0 0 0 0 2 0 2 0
1 22.67 0.75 2 3 4 1.585 0 1 1 1 2 400 10 0
0 24.5 0.5 2 11 8 1.5 1 0 0 0 2 280 825 1
0 28.58 1.66 2 11 4 2.415 1 0 0 1 2 440 1 0
1 25.17 3 2 8 4 1.25 0 1 1 0 2 0 23 0
1 34.08 0.08 1 7 5 0.04 1 1 1 1 2 280 2001 1
1 35.75 2.41 2 9 4 0.125 0 1 2 0 2 220 2 0
0 31.57 1.5 2 1 1 0 0 1 2 1 2 200 106 0
1 34.92 2.5 2 9 4 0 1 0 0 1 2 239 201 1
1 34.08 6.5 2 6 4 0.125 1 0 0 1 2 443 1 0
1 22 7.83 1 3 5 0.165 0 0 0 1 2 184 1 0
1 33.17 1.04 2 12 8 6.5 1 0 0 1 2 164 31286 1
1 44.33 0.5 2 3 8 5 1 0 0 1 2 320 1 1
1 38.67 0.21 2 4 4 0.085 1 0 0 1 2 280 1 1
1 26.92 2.25 2 3 5 0.5 0 0 0 1 2 640 4001 0
0 32.17 1.46 2 9 4 1.085 1 1 16 0 2 120 2080 1
1 24.58 1.25 2 8 4 0.25 0 0 0 0 2 110 1 0
0 19.17 0.58 1 6 4 0.585 1 0 0 1 2 160 1 0
1 54.33 6.75 2 8 8 2.625 1 1 11 1 2 0 285 1
1 39.92 6.21 2 11 4 0.04 1 1 1 0 2 200 301 1
1 27.83 1 1 2 8 3 0 0 0 0 2 176 538 0
1 17.5 22 3 1 7 0 0 0 0 1 3 450 100001 1
1 18.07 5.5 2 4 4 0.5 1 0 0 0 2 80 1 1
0 28.5 1 2 11 4 1 1 1 2 1 2 167 501 0
1 27.58 2.04 1 6 4 2 1 1 3 1 2 370 561 1
1 21.83 1.54 2 4 4 0.085 0 0 0 1 2 356 1 0
1 29.17 3.5 2 9 4 3.5 1 1 3 1 2 329 1 0
0 23.25 5.87 2 11 4 3.17 1 1 10 0 2 120 246 1
1 39.83 0.5 2 7 4 0.25 1 0 0 0 1 288 1 0
1 48.58 6.5 2 11 8 6 1 0 0 1 2 350 1 1
1 21.5 11.5 2 3 4 0.5 1 0 0 1 2 100 69 0
1 22.67 0.16 2 8 3 2.25 0 0 0 1 1 0 1 1
0 40.83 10 2 11 8 1.75 1 0 0 0 2 29 838 1
1 27.75 0.58 1 13 4 0.25 1 1 2 0 2 260 501 1
1 21.33 7.5 2 6 4 1.415 1 1 1 0 2 80 9801 1
1 18.82 0.41 1 8 4 0.165 0 1 1 0 2 200 2 0
0 36.75 5.12 2 10 4 5 1 0 0 1 2 0 4001 1
0 22.92 11.58 2 13 4 0.04 1 0 0 0 2 80 1350 1
0 32.33 0.54 2 13 4 0.04 1 0 0 0 2 440 11178 1
1 42.75 3 2 3 5 1 1 0 0 0 2 0 201 0
0 25.08 2.54 1 6 4 0.25 1 0 0 1 2 370 1 1
1 28 3 2 9 4 0.75 0 0 0 1 2 300 68 0
1 18.57 5.71 2 2 4 0.54 0 0 0 0 2 120 1 0

