0 20.07 0.12 2 11 4 1 0 1 1 0 2 240 769 1
1 27.25 1.58 2 13 8 1.835 1 1 12 1 2 583 714 1
1 54.33 6.75 2 8 8 2.625 1 1 11 1 2 0 285 1
0 22.42 5.66 2 11 4 2.585 1 1 7 0 2 129 3258 1
1 38.25 10.12 1 4 4 0.125 0 0 0 0 2 160 1 0
1 41.42 5 2 11 8 5 1 1 6 1 2 470 1 1
1 30.17 1.08 1 8 4 0.04 0 0 0 0 2 170 180 0
1 34.08 0.08 1 7 5 0.04 1 1 1 1 2 280 2001 1
1 56.75 12.25 2 7 4 1.25 1 1 4 1 2 200 1 1
1 19.42 6.5 2 9 8 1.46 1 1 7 0 2 80 2955 1
1 36.08 2.54 2 1 1 0 0 0 0 0 2 0 1001 0
1 23.92 0.66 2 8 4 0.165 0 0 0 0 2 100 1 1
1 36.25 5 2 8 5 2.5 1 1 6 0 2 0 368 1
1 39.58 13.91 2 9 4 8.625 1 1 6 1 2 70 1 1
0 26.08 8.66 2 6 4 1.415 1 0 0 0 2 160 151 1
0 22.83 2.29 2 11 8 2.29 1 1 7 1 2 140 2385 1
1 23.92 0.58 1 13 8 0.125 0 0 0 0 2 240 2 0
1 27.67 2 2 14 8 1 1 1 4 0 2 140 7545 1
0 18.42 9.25 2 11 4 1.21 1 1 4 0 2 60 541 1
1 17.07 3.29 2 3 4 0.335 0 0 0 1 2 140 3 0
0 22.5 8.46 1 14 4 2.46 0 0 0 0 2 164 1 1
1 32.75 1.5 2 13 8 5.5 1 1 3 1 2 0 1 1
0 25 12.33 2 13 8 3.5 1 1 6 0 2 400 459 1
0 69.5 6 2 1 1 0 0 0 0 0 1 0 1 0
0 64.08 0.16 2 1 1 0 1 1 1 0 2 232 101 1
0 40.33 7.54 1 11 8 8 1 1 14 0 2 0 2301 1
1 29.83 2.04 1 14 8 0.04 0 0 0 0 2 128 2 0
0 17.32 9.5 2 6 4 1.75 0 1 10 1 2 0 11 0
1 18.17 10.25 2 8 8 1.085 0 0 0 0 2 320 14 0
1 41.17 1.25 1 9 4 0.25 0 0 0 0 2 0 196 0
1 39.5 1.62 2 8 4 1.5 0 0 0 0 2 0 317 0
0 24.5 12.75 2 8 5 4.75 1 1 2 0 2 73 445 1
1 22.75 11 2 11 4 2.5 1 1 7 1 2 100 810 1
1 25.58 0.33 2 4 8 3.5 0 0 0 1 2 340 1 0
1 51.58 15 2 8 4 8.5 1 1 9 0 2 0 1 1
0 27.42 14.5 2 14 8 3.085 1 1 1 0 2 120 12 1
1 26 1 2 11 4 1.75 1 0 0 1 2 280 1 1
1 25.67 0.28 1 8 4 1.5 0 0 0 1 2 160 1 0
0 25.25 12.5 2 2 4 1 0 0 0 1 2 180 1063 0
0 52.17 0 1 1 1 0 0 0 0 0 2 0 1 0
1 36.67 2 2 3 4 0.25 0 0 0 1 2 221 1 0
1 32.08 4 1 13 4 1.5 0 0 0 1 2 120 1 0
1 24.08 9 2 6 4 0.25 0 0 0 1 2 0 1 0
1 23.25 4 2 8 5 0.25 1 0 0 1 2 160 1 1
1 42.08 1.04 2 9 4 5 1 1 6 1 2 500 10001 1
1 25.75 0.75 2 8 5 0.25 1 0 0 0 2 349 24 1
1 24.17 0.87 2 11 4 4.625 1 1 2 1 2 520 2001 1
0 19.57 0.66 1 8 4 1 0 1 1 0 2 2000 3 0
0 20.83 3 2 6 4 0.04 1 0 0 0 2 100 1 1
1 32.42 2.16 1 4 1 0 0 0 0 0 2 120 1 0
1 26.33 13 2 10 2 0 0 0 0 1 2 140 1111 0
0 44.17 6.66 2 11 4 7.375 1 1 3 1 2 0 1 1
1 42.75 3 2 3 5 1 1 0 0 0 2 0 201 0
0 25 0.87 2 14 8 1.04 1 0 0 1 2 160 5861 1
1 23.75 0.41 1 8 4 0.04 0 1 2 0 2 128 7 0
1 22.67 0.75 2 3 4 1.585 0 1 1 1 2 400 10 0
1 23.25 1.5 2 11 4 2.375 1 1 3 1 2 0 583 1
0 44.33 0 2 8 4 2.5 1 0 0 0 2 0 1 1
1 34.08 6.5 2 6 4 0.125 1 0 0 1 2 443 1 0
1 23.75 12 2 8 4 2.085 0 0 0 0 1 80 1 0
0 18.92 9 2 6 4 0.75 1 1 2 0 2 88 592 1
1 35.58 0.75 2 4 4 1.5 0 0 0 1 2 231 1 0
0 16.07 0.33 2 1 1 0 0 1 1 0 2 160 127 0
1 25.67 2.21 1 6 4 4 1 0 0 0 2 188 1 0
1 27.25 0.62 2 6 4 0.455 1 0 0 1 2 200 1 0
1 31.57 4 1 3 4 0.085 0 0 0 1 2 411 1 0
1 17.42 6.5 2 3 4 0.125 0 0 0 0 2 60 101 0
1 25.5 0.37 2 7 4 0.25 1 1 3 0 2 260 15109 1
1 56 12.5 2 4 8 8 1 0 0 1 2 24 2029 1
0 68.67 15 2 10 9 0 1 1 14 0 2 0 3377 1
1 25.42 0.54 2 9 4 0.165 0 1 1 0 2 272 445 0
1 27.58 3.25 1 11 8 5.085 0 1 2 1 2 369 2 0
0 65.17 14 2 1 1 0 1 1 11 1 2 0 1401 1
0 24.58 0.67 2 6 8 1.75 1 0 0 0 2 400 1 0
1 38.92 1.75 2 4 4 0.5 0 0 0 1 2 300 3 0
0 20.67 3 2 11 4 0.165 1 1 3 0 2 100 7 1
1 47.17 5.83 2 9 4 5.5 0 0 0 0 2 465 151 0
1 35.75 2.41 2 9 4 0.125 0 1 2 0 2 220 2 0
1 26.67 14.58 2 3 5 0 0 0 0 1 2 178 1 0
1 21.17 0.25 1 8 8 0.25 0 0 0 0 2 280 205 0
1 19.67 10 1 4 8 0.835 1 0 0 1 2 140 1 0
1 23.08 11.5 2 3 4 3.5 1 1 9 0 2 56 743 1
1 20.17 8.17 2 6 4 1.96 1 1 14 0 2 60 159 1
1 20.07 0.25 2 11 4 0.125 0 0 0 0 2 200 1 0
1 18.67 5 2 11 4 0.375 1 1 2 0 2 0 39 0
0 22.5 0.41 2 3 4 0.335 0 0 0 1 1 144 1 0
1 39.42 1.71 1 7 4 0.165 0 0 0 0 1 400 1 0
1 25 11.25 2 8 4 2.5 1 1 17 0 2 200 1209 1
1 33.67 2.16 2 8 4 1.5 0 0 0 0 3 120 1 0
1 23.42 1 2 8 4 0.5 0 0 0 1 1 280 1 0
1 36.67 4.41 1 4 4 0.25 1 1 10 1 2 320 1 1
0 38.25 6 2 4 4 1 1 0 0 1 2 0 1 1
0 25.33 2.08 2 8 8 2.75 1 0 0 1 2 360 2 0
1 40.92 2.25 1 14 8 10 1 0 0 1 2 176 1 0
1 26.83 0.54 2 4 1 0 0 0 0 0 2 100 1 0
0 48.17 1.33 2 3 7 0.335 0 0 0 0 2 0 121 0
1 17.07 0.08 1 8 4 0.04 0 0 0 0 2 140 723 0
0 20.67 1.83 2 11 4 2.085 1 1 5 0 2 220 2504 1
1 25 12 2 4 4 2.25 1 1 2 1 2 120 6 0
1 18.07 6.75 1 7 4 0.04 0 0 0 0 2 140 1 0
0 60.58 16.5 2 11 4 11 1 0 0 1 2 21 10562 1
1 36.33 2.12 1 9 4 0.085 1 1 1 0 2 50 1188 1
1 38.58 3.33 2 9 4 4 1 1 14 0 2 383 1345 1
1 34 4.5 2 6 4 1 1 0 0 1 2 240 1 0
0 28.42 3.5 2 9 4 0.835 1 0 0 0 1 280 1 1
1 34.25 1.75 2 9 5 0.25 1 0 0 1 2 163 1 0
1 43.08 0.37 1 8 4 0.375 1 1 8 1 2 300 163 1
1 47.67 2.5 2 7 5 2.5 1 1 12 1 2 410 2511 1
1 44.25 0.5 2 7 4 10.75 1 0 0 0 1 400 1 0
1 31.83 0.04 1 7 4 0.04 0 0 0 0 2 0 1 0
0 24.83 4.5 2 9 4 1 0 0 0 1 2 360 7 0
1 26.92 2.25 2 3 5 0.5 0 0 0 1 2 640 4001 0
1 21.17 0.87 1 8 8 0.25 0 0 0 0 2 280 205 0
0 19.17 0.58 1 6 4 0.585 1 0 0 1 2 160 1 0
1 48.58 0.2 1 4 4 0.25 1 1 11 0 2 380 2733 1
1 39.92 5 2 3 5 0.21 0 0 0 0 2 550 1 0
1 31.57 0.5 2 8 5 0.835 1 0 0 1 1 320 1 0
0 50.25 0.83 2 6 4 0.5 0 0 0 1 2 240 118 0
0 23.75 0.71 2 9 4 0.25 0 1 1 1 2 240 5 0
0 22.67 0.75 2 8 4 2 0 1 2 1 2 200 395 0
1 26.75 1.12 2 14 8 1.25 1 0 0 0 2 0 5299 1
0 45 4.58 2 4 8 1 0 0 0 1 1 240 1 0
1 32.33 3.5 2 4 4 0.5 0 0 0 1 2 232 1 0
0 46.67 0.46 2 13 8 0.415 1 1 11 1 2 440 7 1
0 20.75 9.53 2 3 4 0.04 0 0 0 0 2 200 1001 0
0 34.83 1.25 1 3 8 0.5 0 0 0 1 2 160 1 0
0 15.83 0.58 2 8 8 1.5 1 1 2 0 2 100 1 1
1 18 0.16 2 11 7 0.21 0 0 0 0 2 200 41 1
1 27.42 12.5 2 6 5 0.25 0 0 0 1 2 720 1 0
1 26.17 12.5 1 4 8 1.25 0 0 0 1 2 0 18 0
1 23.58 1.79 2 8 4 0.54 0 0 0 1 2 136 2 0
1 37.5 1.12 1 2 4 1.5 0 0 0 1 2 431 1 1
1 34.75 15 2 12 7 5.375 1 1 9 1 2 0 135 1
0 18.82 4.41 1 8 8 3 1 0 0 0 2 240 1 1
1 36.42 0.75 1 2 4 0.585 0 0 0 0 2 240 4 0
1 28 3 2 9 4 0.75 0 0 0 1 2 300 68 0
1 39.33 5.87 2 13 8 10 1 1 14 1 2 399 1 1
0 25 11 1 6 4 4.5 1 0 0 0 2 120 1 0
1 28.92 15 2 8 8 5.335 1 1 11 0 2 0 2284 1
0 21.5 6 2 6 4 2.5 1 1 3 0 2 80 919 1
1 49.17 2.29 2 1 1 0.29 0 0 0 0 2 200 4 0
0 24.75 12.5 2 6 4 1.5 1 1 12 1 2 120 568 1
0 16.5 1.25 2 11 4 0.25 0 1 1 0 2 108 99 0
1 27.83 4 1 3 8 5.75 1 1 2 1 2 75 1 0
0 32 6 2 2 4 1.25 0 0 0 0 2 272 1 0
1 48.58 6.5 2 11 8 6 1 0 0 1 2 350 1 1
1 34.83 2.5 1 9 4 3 0 0 0 0 1 200 1 0
1 18.25 0.16 2 2 4 0.25 0 0 0 1 1 280 1 0
0 30.67 12 2 8 4 2 1 1 1 0 2 220 20 1
0 15.83 7.62 2 11 4 0.125 0 1 1 1 2 0 161 0
0 20.75 10.33 2 13 8 0.335 1 1 1 1 2 80 51 1
1 27.25 1.66 2 13 8 5.085 1 1 9 0 2 399 828 1
1 16.07 0.75 2 8 4 1.75 1 1 5 1 2 352 691 1
1 56.42 28 1 8 4 28.5 1 1 40 0 2 0 16 1
1 21.67 1.16 1 4 4 2.5 1 1 1 0 2 180 21 0
1 23.5 3.16 1 4 4 0.415 0 1 1 1 2 280 81 0
0 22.5 11 1 11 4 3 1 0 0 1 2 268 1 0
0 22.5 8.5 2 11 4 1.75 1 1 10 0 2 80 991 0
1 39.5 4.25 2 8 5 6.5 1 1 16 0 2 117 1211 1
1 19 0 1 1 1 0 0 1 4 0 2 45 2 0
1 33.17 3.04 1 8 8 2.04 1 1 1 1 2 180 18028 1
0 46.08 3 2 8 4 2.375 1 1 8 1 2 396 4160 1
1 57.83 7.04 2 7 4 14 1 1 6 1 2 360 1333 1
0 25.08 2.54 1 6 4 0.25 1 0 0 1 2 370 1 1
1 22.25 9 2 6 4 0.085 0 0 0 0 2 0 1 0
0 16 0.16 2 6 4 1 0 1 2 1 2 320 2 0
1 19.5 9.58 2 6 4 0.79 0 0 0 0 2 80 351 0
0 47.42 8 2 10 5 6.5 1 1 6 0 2 375 51101 1
1 22.5 0.12 1 4 4 0.125 0 0 0 0 2 200 71 0
1 48.33 12 2 7 4 16 1 0 0 0 1 110 1 1
0 22.92 11.58 2 13 4 0.04 1 0 0 0 2 80 1350 1
1 34 5.08 1 3 5 1.085 0 0 0 1 2 480 1 0
1 52.5 6.5 2 4 4 6.29 1 1 15 0 2 0 11203 1
1 32.67 5.5 2 11 8 5.5 1 1 12 1 2 408 1001 1
1 29.58 4.75 2 7 4 2 0 1 1 1 2 460 69 0
1 36.17 18.12 2 9 4 0.085 0 0 0 0 2 320 3553 0
1 21.33 10.5 2 8 4 3 1 0 0 1 2 0 1 1
1 48.08 6.04 2 4 4 0.04 0 0 0 0 2 0 2691 1
0 49 1.5 2 5 3 0 1 0 0 1 2 100 28 0
1 24.58 1.25 2 8 4 0.25 0 0 0 0 2 110 1 0
1 67.75 5.5 2 10 9 13 1 1 1 1 2 0 1 1
1 16.32 2.75 2 6 4 0.665 0 1 1 0 2 80 22 0
1 41.75 0.96 2 14 4 2.5 1 0 0 0 2 510 601 1
1 39.25 9.5 2 7 4 6.5 1 1 14 0 2 240 4608 1
1 40.92 0.5 1 7 4 0.5 0 0 0 1 2 130 1 0
1 23.17 0 2 13 4 0.085 1 0 0 0 2 0 1 1
1 37.58 0 2 8 4 0 0 0 0 0 3 184 1 1
0 40.83 3.5 2 3 5 0.5 0 0 0 0 1 1160 1 0
0 26.92 13.5 2 11 8 5 1 1 2 0 2 0 5001 1
0 16.92 0.5 2 3 4 0.165 0 1 6 1 2 240 36 0
1 42.5 4.91 1 9 4 3.165 1 0 0 1 2 52 1443 1
1 18.82 0.41 1 8 4 0.165 0 1 1 0 2 200 2 0
1 20.42 7 2 8 4 1.625 1 1 3 0 2 200 1392 1
1 19.17 0 1 7 5 0 0 0 0 1 1 500 2 1
1 48.25 25.08 2 9 4 1.75 1 1 3 0 2 120 15 1
1 27.75 1.29 2 4 8 0.25 0 0 0 1 1 140 1 0
0 18.75 7.5 2 11 4 2.71 1 1 5 0 2 184 26727 1
1 35.17 2.5 2 4 4 4.5 1 1 7 0 2 150 1271 1
1 25.17 3 2 8 4 1.25 0 1 1 0 2 0 23 0
1 34.17 2.75 2 3 5 2.5 0 0 0 1 2 232 201 0
1 47.83 4.16 2 14 5 0.085 0 0 0 1 2 520 1 0
1 27.67 0.75 2 11 8 0.165 0 0 0 1 2 220 252 0
0 30 5.29 2 10 2 2.25 1 1 5 1 2 99 501 1
0 28.5 1 2 11 4 1 1 1 2 1 2 167 501 0
1 48.17 7.62 2 9 8 15.5 1 1 12 0 2 0 791 1
0 50.08 12.54 2 6 4 2.29 1 1 3 1 2 156 1 1
1 24.58 12.5 2 9 4 0.875 1 0 0 1 2 260 1 0
0 22.75 6.16 2 6 4 0.165 0 0 0 0 2 220 1001 0
0 23.58 11.5 1 4 8 3 0 0 0 1 2 20 17 0
1 30.75 1.58 2 2 4 0.585 0 0 0 1 1 0 1 0
1 30.33 0.5 2 2 8 0.085 0 0 0 1 1 252 1 0
1.234 22.08 11.46 2 4 4 1.585 0 0 0 1 2 100 1213 0
0 21.92 11.66 2 4 8 0.085 0 0 0 0 2 320 6 0
1 21.58 0.79 1 13 4 0.665 0 0 0 0 2 160 1 0
0 18.82 9.5 2 9 4 1.625 1 1 6 1 2 40 601 1
0 28.58 3.54 2 3 5 0.5 1 0 0 1 2 171 1 0
1 38.42 0.7 2 8 4 0.375 0 1 2 0 2 225 501 0
0 20.5 11.83 2 8 8 6 1 0 0 0 2 340 1 1
0 33.08 4.62 2 11 8 1.625 1 1 2 0 2 0 1 1
0 30.5 6.5 2 8 5 4 1 1 7 1 2 0 3066 1
1 40 6.5 2 6 5 3.5 1 1 1 0 2 0 501 1
1 34.5 4.04 1 3 5 8.5 1 1 7 1 2 195 1 1
1 20 1.25 1 4 4 0.125 0 0 0 0 2 140 5 0
1 25.17 3.5 2 13 4 0.625 1 1 7 0 2 0 7060 1
0 60.92 5 2 6 4 4 1 1 4 0 2 0 100 1
1 21.08 4.12 1 3 8 0.04 0 0 0 0 2 140 101 0
1 47.67 0.28 2 8 5 15 1 1 20 0 2 0 15001 1
1 24.58 13.5 1 1 1 0 0 0 0 0 2 184 1 0
0 18.92 9.25 1 8 4 1 1 1 4 1 2 80 501 1
1 27 0.75 2 8 8 4.25 1 1 3 1 2 312 151 1
1 21.5 9.75 2 8 4 0.25 1 0 0 0 2 140 1 0
1 22.33 11 2 9 4 2 1 1 1 0 2 80 279 1
1 45.17 1.5 2 8 4 2.5 1 0 0 1 2 140 1 0
1 20.67 5.29 2 11 4 0.375 1 1 1 0 2 160 1 0
0 18.82 9.53 2 6 4 0.085 1 0 0 0 2 100 1 1
1 17.57 10 2 9 8 0.165 0 1 1 0 2 120 2 0
1 22.75 11.5 2 3 4 0.415 0 0 0 0 2 0 1 0
1 20 7 2 8 4 0.5 0 0 0 0 2 0 1 0
1 29.67 0.75 1 8 4 0.04 0 0 0 0 2 240 1 0
1 20.42 1.08 2 11 4 1.5 0 0 0 0 2 108 8 0
1 25.17 6 2 8 4 1 1 1 3 0 2 0 1 1
1 23.08 11.5 2 9 8 2.125 1 1 11 1 2 290 285 1
1 20.5 2.41 2 8 4 2 1 1 11 1 2 200 3001 1
1 44.33 0.5 2 3 8 5 1 0 0 1 2 320 1 1
1 35 2.5 2 3 4 1 0 0 0 1 2 210 1 0
0 30.25 5.5 2 4 4 5.5 0 0 0 1 1 100 1 0
0 41.17 6.5 2 11 4 0.5 1 1 3 1 2 145 1 1
0 19.17 8.58 2 13 8 0.75 1 1 7 0 2 96 1 1
1 20.67 0.83 1 8 4 2 0 0 0 1 1 240 1 0
1 31.57 0.04 1 2 4 4.25 0 0 0 1 2 460 1 0
0 18.57 10 2 2 4 0.415 0 0 0 0 2 80 43 0
0 45.83 10.5 2 11 4 5 1 1 7 1 2 0 1 1
1 20.25 9.96 2 10 2 0 1 0 0 0 2 0 1 1
1 39.58 5 2 1 1 0 0 1 2 0 2 17 2 0
0 29.75 0.66 2 9 4 0.25 0 0 0 1 2 300 1 0
0 21.67 11.5 1 5 3 0 1 1 11 1 2 0 1 1
1 31.42 15.5 2 8 4 0.5 1 0 0 0 2 120 1 0
0 29.5 1.08 1 14 4 1 0 0 0 0 2 280 14 0
1 16 3.12 2 9 4 0.085 0 1 1 0 2 0 7 0
0 47.75 8 2 8 4 7.875 1 1 6 1 2 0 1261 1
1 32.92 2.5 2 6 4 1.75 0 1 2 1 2 720 1 0
1 20.17 5.62 2 9 4 1.71 1 0 0 0 1 120 1 1
1 62.75 7 2 10 9 0 0 0 0 0 2 0 13 0
1 23.92 1.5 2 2 8 1.875 1 1 6 0 2 200 328 1
0 41.33 1 2 3 5 2.25 1 0 0 1 2 0 301 1
1 41.92 0.42 2 8 8 0.21 1 1 6 0 2 220 949 1
1 34.42 1.33 2 3 5 0.125 0 0 0 1 2 440 4501 0
1 41 0.04 2 10 4 0.04 0 1 1 0 1 560 1 1
1 23.58 0.46 1 9 4 2.625 1 1 6 1 2 208 348 0
1 36.75 0.12 1 8 4 1.5 0 0 0 1 2 232 114 1
0 17.57 9 2 6 4 1.375 1 0 0 1 2 0 1 1
1 38.67 0.21 2 4 4 0.085 1 0 0 1 2 280 1 1
0 31.57 3.5 2 2 4 3 1 0 0 1 2 300 1 0
0 21.75 11.75 2 8 4 0.25 0 0 0 1 2 180 1 0
0 19.57 0.66 2 9 4 1.665 0 0 0 0 2 220 6 0
0 29.5 0.46 2 4 4 0.54 1 1 4 0 2 380 501 1

