1 40.25 21.5 2 10 9 20 1 1 11 0 2 0 1201 1
0 30.58 10.66 2 11 8 0.085 0 1 12 1 2 129 4 0
1 18 0.16 2 11 7 0.21 0 0 0 0 2 200 41 1
1 26.67 4.25 2 13 4 4.29 1 1 1 1 2 120 1 1
0 28.58 3.75 2 8 4 0.25 0 1 1 1 2 40 155 0
1 27 1.5 1 9 4 0.375 1 0 0 1 2 260 1066 1
0 41.58 1.04 2 6 4 0.665 0 0 0 0 2 240 238 0
1 20.25 9.96 2 10 2 0 1 0 0 0 2 0 1 1
1 23.33 1.5 2 8 8 1.415 1 0 0 0 2 422 201 1
1 36.67 2 2 3 4 0.25 0 0 0 1 2 221 1 0
1 17.07 3.29 2 3 4 0.335 0 0 0 1 2 140 3 0
0 25.08 2.54 1 6 4 0.25 1 0 0 1 2 370 1 1
1 33.58 2.75 2 7 4 4.25 1 1 6 0 2 204 1 1
0 46.67 0.46 2 13 8 0.415 1 1 11 1 2 440 7 1
1 35.17 4.5 2 14 8 5.75 0 0 0 1 1 711 1 1
1 29.5 0.57 2 9 4 0.29 0 1 1 0 2 340 2804 0
1 32 1.75 1 10 8 0.04 1 0 0 1 2 393 1 1
1 20.75 5.08 1 5 4 0.29 0 0 0 0 2 140 185 0
1 34.08 2.5 2 8 4 1 0 0 0 0 2 460 17 0
1 34.83 2.5 1 9 4 3 0 0 0 0 1 200 1 0
1 24.42 2 2 10 2 0.165 0 1 2 0 2 320 1301 0
1 28.75 1.5 1 8 4 1.5 1 0 0 1 2 0 226 0
1 20 0 2 2 4 0.5 0 0 0 0 2 144 1 0
1 36.08 2.54 2 1 1 0 0 0 0 0 2 0 1001 0
1 33.75 2.75 2 3 5 0 0 0 0 0 2 180 1 0
0 19.75 0.75 2 8 4 0.795 1 1 5 1 2 140 6 0
0 18.92 9 2 6 4 0.75 1 1 2 0 2 88 592 1
0 40.33 7.54 1 11 8 8 1 1 14 0 2 0 2301 1
0 35.17 3.75 2 1 1 0 0 1 6 0 2 0 201 0
1 23.75 0.41 1 8 4 0.04 0 1 2 0 2 128 7 0
1 56.42 28 1 8 4 28.5 1 1 40 0 2 0 16 1
0 20.67 3 2 11 4 0.165 1 1 3 0 2 100 7 1
1 18.5 2 2 3 4 1.5 1 1 2 0 2 120 301 1
0 25 12.33 2 13 8 3.5 1 1 6 0 2 400 459 1
1 20.5 2.41 2 8 4 2 1 1 11 1 2 200 3001 1
1 31.25 1.12 2 1 1 0 0 1 1 0 2 96 20 0
1 16 3.12 2 9 4 0.085 0 1 1 0 2 0 7 0
0 60.92 5 2 6 4 4 1 1 4 0 2 0 100 1
1 31 2.08 2 8 4 0.085 0 0 0 0 2 300 1 0
1 20.42 7 2 8 4 1.625 1 1 3 0 2 200 1392 1
1 27.67 0.75 2 11 8 0.165 0 0 0 1 2 220 252 0
1 60.08 14.5 2 1 1 18 1 1 15 1 2 0 1001 1
0 34.83 1.25 1 3 8 0.5 0 0 0 1 2 160 1 0
0 16.32 0.21 2 6 4 0.125 0 0 0 0 2 200 2 0
1 16.25 0 1 6 4 0.25 0 0 0 0 2 60 1 0
0 33.08 1.62 2 2 4 0.54 0 0 0 1 2 0 1 0
1 22.83 3 2 7 4 1.29 1 1 1 0 2 260 801 1
1 22.08 11 2 13 4 0.665 1 0 0 0 2 100 1 1
1 42.5 4.91 1 9 4 3.165 1 0 0 1 2 52 1443 1
1 21.83 0.25 2 2 8 0.665 1 0 0 1 2 0 1 1
1 17.07 0.25 2 11 4 0.335 0 1 4 0 2 160 9 0
1 18.67 5 2 11 4 0.375 1 1 2 0 2 0 39 0
1 22.67 10.5 2 11 8 1.335 1 0 0 0 2 100 1 1
1 41.17 1.33 2 2 4 0.165 0 0 0 0 2 168 1 0
0 20.75 10.33 2 13 8 0.335 1 1 1 1 2 80 51 1
0 23 11.75 2 14 8 0.5 1 1 2 1 2 300 552 1
1 33.67 1.25 2 9 4 1.165 0 0 0 0 2 120 1 0
0 17.92 10.21 2 1 1 0 0 0 0 0 2 0 51 0
1 25.67 3.25 2 8 8 2.29 0 1 1 1 2 416 22 0
0 24.75 3 2 11 8 1.835 1 1 19 0 2 0 501 1
1 76.75 22.29 2 10 9 12.75 1 1 1 1 2 0 110 1
0 45.83 10.5 2 11 4 5 1 1 7 1 2 0 1 1
1 29.42 1.25 2 8 8 0.25 0 1 2 1 2 400 109 0
1 45.17 1.5 2 8 4 2.5 1 0 0 1 2 140 1 0
0 20.32 10 2 8 8 1 1 1 4 0 2 50 1466 1
1 40.58 1.5 2 3 5 0 0 0 0 0 1 300 1 0
1 41.42 5 2 11 8 5 1 1 6 1 2 470 1 1
1 37.58 0 2 8 4 0 0 0 0 0 3 184 1 1
1 28.67 14.5 2 2 4 0.125 0 0 0 0 2 0 287 0
1 18.17 2.46 2 8 7 0.96 0 1 2 1 2 160 588 0
1 22.92 0.17 2 7 4 0.085 0 0 0 0 1 0 1 0
1 27.42 12.5 2 6 5 0.25 0 0 0 1 2 720 1 0
1 22.92 3.16 1 8 4 0.165 0 0 0 0 2 160 1059 0
0 39.08 4 2 8 4 3 0 0 0 0 2 480 1 0
0 33.08 4.62 2 11 8 1.625 1 1 2 0 2 0 1 1
0 30.5 6.5 2 8 5 4 1 1 7 1 2 0 3066 1
0 26.17 2 2 5 3 0 0 0 0 1 2 276 2 0
1 19.32 10.91 2 8 5 0.585 0 1 2 1 2 200 8 0
0 32.33 0.54 2 13 4 0.04 1 0 0 0 2 440 11178 1
1 25 12.5 2 6 4 3 1 0 0 1 1 20 1 1
1 34 5.08 1 3 5 1.085 0 0 0 1 2 480 1 0
1 27.58 2.04 1 6 4 2 1 1 3 1 2 370 561 1
1 16.92 0.33 1 4 4 0.29 0 0 0 0 1 200 1 0
0 18.25 10 2 9 4 1 0 1 1 0 2 120 2 0
1 27.75 0.58 1 13 4 0.25 1 1 2 0 2 260 501 1
0 36.75 5.12 2 10 4 5 1 0 0 1 2 0 4001 1
1 23.17 0 2 13 4 0.085 1 0 0 0 2 0 1 1
1 34.08 0.08 1 7 5 0.04 1 1 1 1 2 280 2001 1
1 31.08 1.5 1 9 4 0.04 0 0 0 0 1 160 1 0
1 38.67 0.21 2 4 4 0.085 1 0 0 1 2 280 1 1
1 42.83 1.25 2 7 4 13.875 0 1 1 1 2 352 113 0
1 35.17 2.5 2 4 4 4.5 1 1 7 0 2 150 1271 1
1 40.92 2.25 1 14 8 10 1 0 0 1 2 176 1 0
1 26 1 2 11 4 1.75 1 0 0 1 2 280 1 1
0 26.08 8.66 2 6 4 1.415 1 0 0 0 2 160 151 1
0 57.08 0.33 2 3 5 1 1 0 0 1 2 252 2198 0
1 48.08 6.04 2 4 4 0.04 0 0 0 0 2 0 2691 1
1 27.25 0.62 2 6 4 0.455 1 0 0 1 2 200 1 0
1 21.92 0.54 1 14 4 0.04 1 1 1 1 2 840 60 1
1 36.67 4.41 1 4 4 0.25 1 1 10 1 2 320 1 1
1 13.75 4 1 9 4 1.75 1 1 2 1 2 120 1001 1
1 29.58 4.5 2 9 4 7.5 1 1 2 1 2 330 1 1
1 49.5 7.58 2 3 5 7.585 1 1 15 1 2 0 5001 1
0 20.75 10.25 2 11 4 0.71 1 1 2 1 2 49 1 1
1 38.42 0.7 2 8 4 0.375 0 1 2 0 2 225 501 0
1 22.17 0.58 1 1 1 0 0 0 0 0 2 100 1 0
1 20.67 0.41 2 8 4 0.125 0 0 0 0 2 0 45 0
1 39.17 2.5 1 3 8 10 0 0 0 1 1 200 1 0
1 54.83 15.5 2 10 9 0 1 1 20 0 2 152 131 0
0 18.17 10 1 11 8 0.165 0 0 0 0 2 340 1 0
1 22.67 0.75 2 3 4 1.585 0 1 1 1 2 400 10 0
0 44.33 0 2 8 4 2.5 1 0 0 0 2 0 1 1
0 32 6 2 2 4 1.25 0 0 0 0 2 272 1 0
1 20.67 0.83 1 8 4 2 0 0 0 1 1 240 1 0
1 43.17 2.25 2 3 5 0.75 1 0 0 0 2 560 1 0
1 25.67 0.28 1 8 4 1.5 0 0 0 1 2 160 1 0
1 23.5 2.75 2 1 1 4.5 0 0 0 0 2 160 26 0
1 17.57 10 2 9 8 0.165 0 1 1 0 2 120 2 0
0 22.42 11.25 1 14 8 0.75 1 1 4 0 2 0 322 1
1 22.25 9 2 6 4 0.085 0 0 0 0 2 0 1 0
1 42 9.78 2 14 8 7.96 1 1 8 0 2 0 1 1
1 31.57 4 1 3 4 0.085 0 0 0 1 2 411 1 0
1 32.25 0.16 1 8 8 3.25 1 1 1 1 2 432 8001 1
0 23.58 0.83 2 11 4 0.415 0 1 1 1 2 200 12 0
1 29.83 3.5 2 8 4 0.165 0 0 0 0 2 216 1 0
1 26.83 0.54 2 4 1 0 0 0 0 0 2 100 1 0
1 22 0.79 2 9 4 0.29 0 1 1 0 2 420 284 0
1 18.82 0 2 11 4 0.665 0 0 0 0 2 160 2 0
1 22.67 2.54 1 8 8 2.585 1 0 0 0 2 0 1 1
1 18.25 0.16 2 2 4 0.25 0 0 0 1 1 280 1 0
1 23.75 12 2 8 4 2.085 0 0 0 0 1 80 1 0
1 25.92 0.87 2 4 4 0.375 0 1 2 1 2 174 4 0
1 48.25 25.08 2 9 4 1.75 1 1 3 0 2 120 15 1
0 37.33 2.5 2 3 8 0.21 0 0 0 0 2 260 247 0
1 21.08 4.12 1 3 8 0.04 0 0 0 0 2 140 101 0
1 22.75 11 2 11 4 2.5 1 1 7 1 2 100 810 1
1 31.57 0.5 2 8 5 0.835 1 0 0 1 1 320 1 0
1 31.25 2.83 2 1 1 0 0 1 5 0 2 176 147 0
1 31.08 3.08 2 8 4 2.5 0 1 2 1 2 160 42 0
1 41.5 1.54 2 3 5 3.5 0 0 0 0 2 216 1 1
0 30.25 5.5 2 4 4 5.5 0 0 0 1 1 100 1 0
1 23.42 1 2 8 4 0.5 0 0 0 1 1 280 1 0
1 25.25 1 2 6 4 0.5 0 0 0 0 2 200 1 0
0 40.83 3.5 2 3 5 0.5 0 0 0 0 1 1160 1 0
0 22.5 8.5 2 11 4 1.75 1 1 10 0 2 80 991 0
1 35 2.5 2 3 4 1 0 0 0 1 2 210 1 0
1 27.25 1.58 2 13 8 1.835 1 1 12 1 2 583 714 1
0 23.5 1.5 2 9 4 0.875 0 0 0 1 2 160 1 0
0 28.75 3.75 2 8 4 1.085 1 1 1 1 2 371 1 1
1 19.17 9.5 2 9 4 1.5 1 0 0 0 2 120 2207 1
1 32.33 7.5 2 10 5 1.585 1 0 0 1 1 420 1 0
1 19.42 6.5 2 9 8 1.46 1 1 7 0 2 80 2955 1
1 23.58 0.46 1 9 4 2.625 1 1 6 1 2 208 348 0
1 21.17 0.87 1 8 8 0.25 0 0 0 0 2 280 205 0
0 22.5 8.46 1 14 4 2.46 0 0 0 0 2 164 1 1
0 22.5 11 1 11 4 3 1 0 0 1 2 268 1 0
1 26.92 2.25 2 3 5 0.5 0 0 0 1 2 640 4001 0
1 37.42 2.04 2 9 4 0.04 1 0 0 1 2 400 5801 1
0 24.5 2.41 1 8 4 0 0 0 0 0 2 120 1 0
1 18.07 6.75 1 7 4 0.04 0 0 0 0 2 140 1 0
1 41.75 0.96 2 14 4 2.5 1 0 0 0 2 510 601 1
1 22 7.83 1 3 5 0.165 0 0 0 1 2 184 1 0
1 34.5 4.04 1 3 5 8.5 1 1 7 1 2 195 1 1
0 22.92 11.58 2 13 4 0.04 1 0 0 0 2 80 1350 1
1 20.5 10 1 8 4 2.5 1 0 0 0 1 40 1 1
0 45.33 1 2 11 4 0.125 0 0 0 1 2 263 1 0
1 19.17 4 1 3 4 1 0 0 0 1 2 360 1001 0
1 41.92 0.42 2 8 8 0.21 1 1 6 0 2 220 949 1
1 27.67 13.75 2 9 4 5.75 1 0 0 1 2 487 501 1
1 21.42 0.75 1 12 7 0.75 0 0 0 1 2 132 3 0
1 33.5 1.75 2 14 8 4.5 1 1 4 1 2 253 858 1
1 32.92 2.5 2 6 4 1.75 0 1 2 1 2 720 1 0
1 47.83 4.16 2 14 5 0.085 0 0 0 1 2 520 1 0
1 16.17 0.04 2 8 4 0.04 0 0 0 0 2 0 1 1
1 24.08 9 2 6 4 0.25 0 0 0 1 2 0 1 0
1 38.92 1.75 2 4 4 0.5 0 0 0 1 2 300 3 0
0 17.57 9 2 6 4 1.375 1 0 0 1 2 0 1 1
1 58.58 2.71 2 8 4 2.415 0 0 0 1 2 320 1 0
1 21 4.79 1 9 4 2.25 1 1 1 1 2 80 301 1
1 23.08 2.5 2 1 1 0.085 0 0 0 1 2 100 4209 0
1 31.57 0.37 2 2 4 0.875 1 0 0 1 1 928 1 0
1 34.75 15 2 12 7 5.375 1 1 9 1 2 0 135 1
0 31.57 3.5 2 2 4 3 1 0 0 1 2 300 1 0
0 27.25 0.28 2 7 8 0.125 0 1 1 1 2 272 109 0
1 62.75 7 2 10 9 0 0 0 0 0 2 0 13 0
0 27.58 3 2 7 4 2.79 0 1 1 1 2 280 11 0
1 23.25 1.5 2 11 4 2.375 1 1 3 1 2 0 583 1
1 26.67 2.71 1 13 4 5.25 1 1 1 0 2 211 1 1
1 24.58 13.5 1 1 1 0 0 0 0 0 2 184 1 0
1 39.5 4.25 2 8 5 6.5 1 1 16 0 2 117 1211 1
1 18.57 10.29 2 1 1 0.415 0 0 0 0 2 80 1 0
1 54.33 6.75 2 8 8 2.625 1 1 11 1 2 0 285 1
0 28.42 3.5 2 9 4 0.835 1 0 0 0 1 280 1 1
1 36.75 0.12 1 8 4 1.5 0 0 0 1 2 232 114 1
1 39.17 1.62 2 8 4 1.5 1 1 10 0 2 186 4701 1
1 19.42 1.5 1 13 4 2 1 0 0 1 2 100 21 0
0 19.17 8.58 2 13 8 0.75 1 1 7 0 2 96 1 1
1 56.58 18.5 2 2 5 15 1 1 17 1 2 0 1 1
0 49 1.5 2 5 3 0 1 0 0 1 2 100 28 0
0 35.42 12 2 11 8 14 1 1 8 0 2 0 6591 1
0 47.42 8 2 10 5 6.5 1 1 6 0 2 375 51101 1
0 18.82 9.5 2 9 4 1.625 1 1 6 1 2 40 601 1
1 43.08 0.37 1 8 4 0.375 1 1 8 1 2 300 163 1
1 18.42 10.41 1 6 4 0.125 1 0 0 0 2 120 376 0
1 37.33 2.66 2 13 4 0.165 0 0 0 1 2 0 502 0
1 24.42 12.33 2 11 8 1.585 1 0 0 1 2 120 1 1
1 31.92 4.46 2 13 8 6.04 1 1 3 0 2 311 301 1
1 43 0.28 1 13 8 1.75 1 1 8 0 2 100 376 1
0 18.82 4.41 1 8 8 3 1 0 0 0 2 240 1 1
1 45 8.5 2 13 8 14 1 1 1 1 2 88 2001 1
0 20.83 8.5 2 8 4 0.165 0 0 0 0 2 0 352 0
1 16.5 0.12 2 8 4 0.165 0 0 0 0 2 132 1 0
0 65.17 14 2 1 1 0 1 1 11 1 2 0 1401 1
0 29.5 0.46 2 4 4 0.54 1 1 4 0 2 380 501 1
0 19.57 0.66 1 8 4 1 0 1 1 0 2 2000 3 0
1 30.17 6.5 2 13 4 3.125 1 1 8 0 2 330 1201 1
1 19.42 7.25 2 7 4 0.04 0 1 1 0 2 100 2 0
0 51.92 6.5 2 3 5 3.085 0 0 0 1 2 73 1 0
1 28.25 0.87 2 7 4 0.96 1 1 3 1 2 396 1 1
1 20.17 9.25 2 8 4 1.665 1 1 3 1 2 40 29 1
0 20.5 11.83 2 8 8 6 1 0 0 0 2 340 1 1
1 16.07 0.75 2 8 4 1.75 1 1 5 1 2 352 691 1
1 23.25 4 2 8 5 0.25 1 0 0 1 2 160 1 1
1 41.58 1.75 2 4 4 0.21 1 0 0 0 2 160 1 0
1 36.67 3.25 2 11 8 9 1 0 0 1 2 102 640 1
1 16.32 2.75 2 6 4 0.665 0 1 1 0 2 80 22 0
0 24.5 1.75 1 8 4 0.165 0 0 0 0 2 132 1 0
1 20.42 1.83 2 8 4 2.25 1 1 1 0 2 100 151 1
1 20 7 2 8 4 0.5 0 0 0 0 2 0 1 0
1 32.75 2.33 2 2 8 5.75 0 0 0 1 2 292 1 0
0 22.42 5.66 2 11 4 2.585 1 1 7 0 2 129 3258 1
1 23 0.75 2 7 4 0.5 1 0 0 1 1 320 1 0
0 24.5 12.75 2 8 5 4.75 1 1 2 0 2 73 445 1
1 48.17 3.5 2 6 4 3.5 1 0 0 0 1 230 1 1
1 35.75 2.41 2 9 4 0.125 0 1 2 0 2 220 2 0
1 31.83 2.5 2 6 4 7.5 1 0 0 1 2 523 1 0
1 23.58 0.83 2 3 8 0.085 0 0 0 1 2 220 6 0
0 44.17 6.66 2 11 4 7.375 1 1 3 1 2 0 1 1
1 28.92 0.37 2 8 4 0.29 0 0 0 0 2 220 141 0
1 22.08 2.33 2 4 4 0.75 0 0 0 0 2 180 1 0
1 26.75 2 2 2 4 0.75 0 0 0 1 2 80 1 0
1 34.17 1.54 2 13 4 1.54 1 1 1 1 2 520 50001 1
1 28.25 5.04 1 8 5 1.5 1 1 8 1 2 144 8 1
1 26.17 12.5 1 4 8 1.25 0 0 0 1 2 0 18 0
1 44.83 7 1 8 4 1.625 0 0 0 0 2 160 3 0
1 19.67 0.37 2 11 4 2 1 1 2 1 2 80 1 1
1 37.5 1.75 1 8 5 0.25 1 0 0 1 2 164 401 0
1 48.5 4.25 2 7 4 0.125 1 0 0 1 2 225 1 1
1 28.67 9.33 2 11 8 5.665 1 1 6 0 2 381 169 1
0 24.5 1.04 1 1 1 0.5 1 1 3 0 2 180 148 0
1 39.58 13.91 2 9 4 8.625 1 1 6 1 2 70 1 1
1 41.33 0 2 8 5 15 1 0 0 0 2 0 1 1
0 50.08 12.54 2 6 4 2.29 1 1 3 1 2 156 1 1
1 37.17 4 2 8 5 5 1 0 0 1 1 280 1 0
1 32.08 4 1 13 4 1.5 0 0 0 1 2 120 1 0
1 29.25 13 2 2 8 0.5 0 0 0 0 2 228 1 0
1 26.33 13 2 10 2 0 0 0 0 1 2 140 1111 0
0 22.58 10.75 2 11 4 0.415 1 1 5 1 2 0 561 1
1 22.67 0.16 2 8 3 2.25 0 0 0 1 1 0 1 1
1 57.42 8.5 2 10 8 7 1 1 3 0 2 0 1 1
0 58.67 4.46 2 11 8 3.04 1 1 6 0 2 43 561 1
1 52.5 6.5 2 4 4 6.29 1 1 15 0 2 0 11203 1
1 51.33 10 2 3 5 0 1 1 11 0 2 0 1250 1
0 31.75 3 1 5 3 0 0 0 0 0 2 160 21 0
1 25.08 1.71 2 14 4 1.665 1 1 1 1 2 395 21 1
1 49.58 19 2 1 1 0 1 1 1 0 2 94 1 0
0 48.17 1.33 2 3 7 0.335 0 0 0 0 2 0 121 0
1 39.92 0.54 1 6 4 0.5 1 1 3 0 2 200 1001 1
0 19.17 5.41 2 3 8 0.29 0 0 0 0 2 80 485 0
0 23.58 0.58 1 1 1 0.125 0 0 0 0 2 120 88 0
0 24.75 12.5 2 6 4 1.5 1 1 12 1 2 120 568 1
1 34 4.5 2 6 4 1 1 0 0 1 2 240 1 0
1 33.17 3.04 1 8 8 2.04 1 1 1 1 2 180 18028 1
0 23.42 0.79 1 11 4 1.5 1 1 2 1 2 80 401 1
1 18.32 1.21 1 10 2 0 0 0 0 0 2 100 1 0
1 47.17 5.83 2 9 4 5.5 0 0 0 0 2 465 151 0

