0 47 13 2 3 5 5.165 1 1 9 1 2 0 1 1
1 51.83 2.04 1 1 1 1.5 0 0 0 0 2 120 2 0
1 24.58 13.5 1 1 1 0 0 0 0 0 2 184 1 0
0 23.58 11.5 1 4 8 3 0 0 0 1 2 20 17 0
1 20.67 1.25 1 8 8 1.375 1 1 3 1 2 140 211 0
1 43.08 0.37 1 8 4 0.375 1 1 8 1 2 300 163 1
1 28.75 1.16 2 4 4 0.5 1 0 0 0 1 280 1 0
0 19.75 0.75 2 8 4 0.795 1 1 5 1 2 140 6 0
1 23.58 0.46 1 9 4 2.625 1 1 6 1 2 208 348 0
1 49.58 19 2 1 1 0 1 1 1 0 2 94 1 0
0 25 11 1 6 4 4.5 1 0 0 0 2 120 1 0
1 34.17 1.54 2 13 4 1.54 1 1 1 1 2 520 50001 1
0 18.82 9.53 2 6 4 0.085 1 0 0 0 2 100 1 1
1 21.17 0.87 1 8 8 0.25 0 0 0 0 2 280 205 0
1 52.5 6.5 2 4 4 6.29 1 1 15 0 2 0 11203 1
1 32.67 5.5 2 11 8 5.5 1 1 12 1 2 408 1001 1
0 28.67 1.04 2 8 4 2.5 1 1 5 1 2 300 1431 1
1 32.33 7.5 2 10 5 1.585 1 0 0 1 1 420 1 0
0 56.83 4.25 1 1 1 5 0 0 0 1 2 0 5 0
1 19 0 1 1 1 0 0 1 4 0 2 45 2 0
1 19.17 9.5 2 9 4 1.5 1 0 0 0 2 120 2207 1
1 28.75 1.5 1 8 4 1.5 1 0 0 1 2 0 226 0
1 23.42 1 2 8 4 0.5 0 0 0 1 1 280 1 0
1 45 8.5 2 13 8 14 1 1 1 1 2 88 2001 1
1 37.5 1.12 1 2 4 1.5 0 0 0 1 2 431 1 1
1 21.33 7.5 2 6 4 1.415 1 1 1 0 2 80 9801 1
0 30.25 5.5 2 4 4 5.5 0 0 0 1 1 100 1 0
1 20.67 0.83 1 8 4 2 0 0 0 1 1 240 1 0
1 41.17 4.04 2 13 8 7 1 1 8 0 2 320 1 1
0 30.58 10.66 2 11 8 0.085 0 1 12 1 2 129 4 0
0 35.75 0.91 2 6 4 0.75 1 1 4 0 2 0 1584 1
1 56.75 12.25 2 7 4 1.25 1 1 4 1 2 200 1 1
0 32 6 2 2 4 1.25 0 0 0 0 2 272 1 0
1 64.08 20 2 14 8 17.5 1 1 9 1 2 0 1001 1
1 18.07 6.75 1 7 4 0.04 0 0 0 0 2 140 1 0
1 23.25 1 2 8 4 0.835 1 0 0 0 1 300 1 1
1 23.5 3.16 1 4 4 0.415 0 1 1 1 2 280 81 0
1 47.67 0.28 2 8 5 15 1 1 20 0 2 0 15001 1
1 31.57 4 2 14 4 5 1 1 3 1 2 290 2280 1
0 21.67 11.5 1 5 3 0 1 1 11 1 2 0 1 1
0 28.5 3.04 1 14 8 2.54 1 1 1 0 2 70 1 1
1 19 1.75 1 8 4 2.335 0 0 0 1 2 112 7 0
1 37.5 1.12 1 2 4 1.5 0 0 0 1 2 431 1 1
0 18.92 9.25 1 8 4 1 1 1 4 1 2 80 501 1
1 39.17 1.62 2 8 4 1.5 1 1 10 0 2 186 4701 1
1 41.17 4.04 2 13 8 7 1 1 8 0 2 320 1 1
1 20.67 0.41 2 8 4 0.125 0 0 0 0 2 0 45 0
1 37.33 6.5 2 7 8 4.25 1 1 12 1 2 93 1 1
1 39.33 5.87 2 13 8 10 1 1 14 1 2 399 1 1
0 25.25 13.5 1 1 1 2 0 1 1 1 2 200 2 0
1 73.42 17.75 2 1 1 0 1 0 0 1 2 0 1 1
1 36.67 4.41 1 4 4 0.25 1 1 10 1 2 320 1 1
0 24.33 2.5 1 3 5 4.5 0 0 0 0 2 200 457 0
1 19.42 1.5 1 13 4 2 1 0 0 1 2 100 21 0
1 23.25 1 2 8 4 0.835 1 0 0 0 1 300 1 1
1 20.42 1.08 2 11 4 1.5 0 0 0 0 2 108 8 0
0 27.25 0.28 2 7 8 0.125 0 1 1 1 2 272 109 0
1 26.75 4.5 1 8 5 2.5 0 0 0 0 2 200 1211 0
1 16.32 4.08 2 3 8 0.415 0 0 0 1 2 120 1 0
1 18.07 5.5 2 4 4 0.5 1 0 0 0 2 80 1 1
1 30.17 0.5 2 8 4 1.75 1 1 11 0 2 32 541 1
0 23.58 0.58 1 1 1 0.125 0 0 0 0 2 120 88 0
0 30.42 1.37 2 9 8 0.04 0 1 3 0 2 0 34 0
1 31.57 5 1 6 4 8.5 1 0 0 0 2 0 1 0
1 47.17 5.83 2 9 4 5.5 0 0 0 0 2 465 151 0
1 19.67 10 1 4 8 0.835 1 0 0 1 2 140 1 0
0 64.08 0.16 2 1 1 0 1 1 1 0 2 232 101 1
1 37.5 1.12 1 2 4 1.5 0 0 0 1 2 431 1 1
1 18.67 5 2 11 4 0.375 1 1 2 0 2 0 39 0
0 22.25 1.25 1 1 1 3.25 0 0 0 0 2 280 1 0
0 20.42 10.5 1 14 8 0 0 0 0 1 2 154 33 0
0 22.5 0.41 2 3 4 0.335 0 0 0 1 1 144 1 0
0 21.75 1.75 1 5 3 0 0 0 0 0 2 160 1 0
0 38.25 6 2 4 4 1 1 0 0 1 2 0 1 1
1 80.25 5.5 2 8 4 0.54 1 0 0 0 2 0 341 0
0 25.33 2.08 2 8 8 2.75 1 0 0 1 2 360 2 0
0 33.17 2.25 1 13 4 3.5 0 0 0 1 2 200 142 0
1 25.67 12.5 2 13 4 1.21 1 1 67 1 2 140 259 1
1 35.17 4.5 2 14 8 5.75 0 0 0 1 1 711 1 1
0 28.67 1.04 2 8 4 2.5 1 1 5 1 2 300 1431 1
1 43.17 5 2 3 5 2.25 0 0 0 1 2 141 1 0
1 39.17 2.5 1 3 8 10 0 0 0 1 1 200 1 0
1 25.83 12.83 2 13 4 0.5 0 0 0 0 2 0 3 0
0 56.83 4.25 1 1 1 5 0 0 0 1 2 0 5 0
1 74.83 19 1 1 1 0.04 0 1 2 0 2 0 352 0
1 25.67 3.25 2 8 8 2.29 0 1 1 1 2 416 22 0
1 31.25 1.12 2 1 1 0 0 1 1 0 2 96 20 0
1 23.92 0.58 1 13 8 0.125 0 0 0 0 2 240 2 0
1 20.17 5.62 2 9 4 1.71 1 0 0 0 1 120 1 1
0 52.17 0 1 1 1 0 0 0 0 0 2 0 1 0
1 36.75 0.12 1 8 4 1.5 0 0 0 1 2 232 114 1
1 36.17 0.42 1 9 4 0.29 0 0 0 1 2 309 3 0
1 33.75 2.75 2 3 5 0 0 0 0 0 2 180 1 0
1 42.75 4.08 2 6 4 0.04 0 0 0 0 2 108 101 0
1 34.42 1.33 2 3 5 0.125 0 0 0 1 2 440 4501 0
0 45.83 10.5 2 11 4 5 1 1 7 1 2 0 1 1
0 29.5 2 1 10 8 2 0 0 0 0 2 256 18 0
1 63.33 0.54 2 8 4 0.585 1 1 3 1 2 180 1 0
0 22.58 10.75 2 11 4 0.415 1 1 5 1 2 0 561 1
1 25.17 3 2 8 4 1.25 0 1 1 0 2 0 23 0
1 31.57 4 2 14 4 5 1 1 3 1 2 290 2280 1
1 42.83 1.25 2 7 4 13.875 0 1 1 1 2 352 113 0
1 20.07 0.25 2 11 4 0.125 0 0 0 0 2 200 1 0
1 23 0.75 2 7 4 0.5 0 0 0 1 1 320 1 0
1 23.58 0.46 1 9 4 2.625 1 1 6 1 2 208 348 0
1 42.83 4.62 2 11 4 4.58 1 0 0 0 1 0 1 1
1 35.75 2.41 2 9 4 0.125 0 1 2 0 2 220 2 0
0 20.42 7.5 2 4 4 1.5 1 1 1 0 2 160 235 1
1 31.57 0.62 2 4 4 0.25 0 0 0 0 2 380 2011 0
1 26.17 0.25 2 3 5 0 1 0 0 1 2 0 1 1
0 15.75 0.37 2 8 4 1 0 0 0 0 2 120 19 0
1 47.67 0.28 2 8 5 15 1 1 20 0 2 0 15001 1
0 18.25 10 2 9 4 1 0 1 1 0 2 120 2 0
1 24.58 1.25 2 8 4 0.25 0 0 0 0 2 110 1 0
1 31.08 1.5 1 9 4 0.04 0 0 0 0 1 160 1 0
1 20.67 5.29 2 11 4 0.375 1 1 1 0 2 160 1 0
1 28.75 1.16 2 4 4 0.5 1 0 0 0 1 280 1 0
1 21.33 7.5 2 6 4 1.415 1 1 1 0 2 80 9801 1
0 25 11 1 6 4 4.5 1 0 0 0 2 120 1 0
0 23.58 11.5 1 4 8 3 0 0 0 1 2 20 17 0
1 21.33 10.5 2 8 4 3 1 0 0 1 2 0 1 1
0 20.75 9.53 2 3 4 0.04 0 0 0 0 2 200 1001 0
1 16 3.12 2 9 4 0.085 0 1 1 0 2 0 7 0
1 27.75 1.29 2 4 8 0.25 0 0 0 1 1 140 1 0
1 25.5 0.37 2 7 4 0.25 1 1 3 0 2 260 15109 1
1 40.58 3.29 2 7 4 3.5 0 0 0 1 1 400 1 0
0 25.08 2.54 1 6 4 0.25 1 0 0 1 2 370 1 1
0 18.57 10 2 2 4 0.415 0 0 0 0 2 80 43 0
1 22.75 11.5 2 3 4 0.415 0 0 0 0 2 0 1 0
1.234 22.08 11.46 2 4 4 1.585 0 0 0 1 2 100 1213 0
1 19.17 4 1 3 4 1 0 0 0 1 2 360 1001 0
1 35 3.37 2 8 8 8.29 0 0 0 1 2 0 1 0
1 22.08 11 2 13 4 0.665 1 0 0 0 2 100 1 1
1 17.07 0.08 1 8 4 0.04 0 0 0 0 2 140 723 0
1 20.67 0.83 1 8 4 2 0 0 0 1 1 240 1 0
1 41 0.04 2 10 4 0.04 0 1 1 0 1 560 1 1
1 22 7.83 1 3 5 0.165 0 0 0 1 2 184 1 0
1 31.33 19.5 2 8 4 7 1 1 16 0 2 0 5001 1
1 36.17 5.5 2 3 5 5 0 0 0 0 2 210 688 0
1 37.58 0 2 8 4 0 0 0 0 0 3 184 1 1
1 25.33 0.57 2 8 4 0.29 1 1 7 1 2 96 5125 1
1 22.92 3.16 1 8 4 0.165 0 0 0 0 2 160 1059 0
0 44.33 0 2 8 4 2.5 1 0 0 0 2 0 1 1
1 23.92 1.5 2 2 8 1.875 1 1 6 0 2 200 328 1
1 33.17 1 2 14 4 0.75 1 1 7 1 2 340 4072 1
1 54.83 15.5 2 10 9 0 1 1 20 0 2 152 131 0
0 34.83 1.25 1 3 8 0.5 0 0 0 1 2 160 1 0
0 40.83 10 2 11 8 1.75 1 0 0 0 2 29 838 1
1 19.57 0.58 2 1 1 0 0 1 3 0 2 350 770 0
1 33.17 1 2 14 4 0.75 1 1 7 1 2 340 4072 1
1 31.33 19.5 2 8 4 7 1 1 16 0 2 0 5001 1
1 31.25 1.12 2 1 1 0 0 1 1 0 2 96 20 0
0 19.17 8.58 2 13 8 0.75 1 1 7 0 2 96 1 1
1 42.83 1.25 2 7 4 13.875 0 1 1 1 2 352 113 0
1 44 2 2 7 4 1.75 1 1 2 1 2 0 16 1
1 67.75 5.5 2 10 9 13 1 1 1 1 2 0 1 1
0 36.75 5.12 2 10 4 5 1 0 0 1 2 0 4001 1
0 22.42 11.25 1 14 8 0.75 1 1 4 0 2 0 322 1
1 31.57 5 1 6 4 8.5 1 0 0 0 2 0 1 0
1 69.17 9 2 1 1 4 0 1 1 0 2 70 7 0
1 28.25 0.87 2 7 4 0.96 1 1 3 1 2 396 1 1
0 20.75 10.25 2 11 4 0.71 1 1 2 1 2 49 1 1
0 23 11.75 2 14 8 0.5 1 1 2 1 2 300 552 1
1 19 0 1 1 1 0 0 1 4 0 2 45 2 0
0 20.07 1.25 2 8 4 0 0 0 0 0 2 0 1 0
0 47.42 3 2 14 4 13.875 1 1 2 1 2 519 1705 1
1 34.42 4.25 2 3 5 3.25 1 1 2 0 2 274 611 1
0 23 1.83 2 5 3 0 0 1 1 0 2 200 54 0
1 69.17 9 2 1 1 4 0 1 1 0 2 70 7 0
1 40.92 0.83 2 1 1 0 1 0 0 0 2 130 2 0
0 25.75 0.5 2 8 8 0.875 1 0 0 1 2 491 1 1
1 36.5 4.25 2 11 4 3.5 0 0 0 0 2 454 51 0
1 65.42 11 2 10 9 20 1 1 7 1 2 22 1 1
0 18.82 4.41 1 8 8 3 1 0 0 0 2 240 1 1
1 16.07 0.75 2 8 4 1.75 1 1 5 1 2 352 691 1
0 31.57 11.25 2 1 1 0 0 0 0 0 2 184 5201 0
1 18.82 3.54 1 1 1 0 0 0 0 1 2 180 2 0
0 32.33 0.54 2 13 4 0.04 1 0 0 0 2 440 11178 1
1 23.17 11.12 2 14 8 0.46 1 1 1 0 2 100 1 1
1 31.57 0.37 2 2 4 0.875 1 0 0 1 1 928 1 0
1 36.67 3.25 2 11 8 9 1 0 0 1 2 102 640 1
0 45.33 1 2 11 4 0.125 0 0 0 1 2 263 1 0
1 27.83 1.5 2 9 4 2.25 0 1 1 1 2 100 4 0
1 18.5 2 2 3 4 1.5 1 1 2 0 2 120 301 1
0 17.92 10.21 2 1 1 0 0 0 0 0 2 0 51 0
1 34.08 6.5 2 6 4 0.125 1 0 0 1 2 443 1 0
0 22.5 0.41 2 3 4 0.335 0 0 0 1 1 144 1 0
0 23 1.83 2 5 3 0 0 1 1 0 2 200 54 0
0 51.92 6.5 2 3 5 3.085 0 0 0 1 2 73 1 0
1 54.33 6.75 2 8 8 2.625 1 1 11 1 2 0 285 1
1 20.67 1.25 1 8 8 1.375 1 1 3 1 2 140 211 0
1 34.83 2.5 1 9 4 3 0 0 0 0 1 200 1 0
1 23.92 1.5 2 2 8 1.875 1 1 6 0 2 200 328 1
0 27.58 3 2 7 4 2.79 0 1 1 1 2 280 11 0
0 71.58 0 2 8 4 0 0 0 0 0 3 184 1 1
1 21.92 0.5 2 8 4 0.125 0 0 0 0 2 360 1 0
1 29.83 2.04 1 14 8 0.04 0 0 0 0 2 128 2 0
1 69.17 9 2 1 1 4 0 1 1 0 2 70 7 0
0 22.92 11.58 2 13 4 0.04 1 0 0 0 2 80 1350 1
1 40.25 21.5 2 10 9 20 1 1 11 0 2 0 1201 1
0 21.75 1.75 1 5 3 0 0 0 0 0 2 160 1 0
0 38.25 6 2 4 4 1 1 0 0 1 2 0 1 1
1 22.75 11.5 2 3 4 0.415 0 0 0 0 2 0 1 0
0 38.75 1.5 2 1 1 0 0 0 0 0 2 76 1 0
0 24.33 2.5 1 3 5 4.5 0 0 0 0 2 200 457 0
0 64.08 0.16 2 1 1 0 1 1 1 0 2 232 101 1
1 26.83 0.54 2 4 1 0 0 0 0 0 2 100 1 0
1 32.92 2.5 2 6 4 1.75 0 1 2 1 2 720 1 0
1 31.57 0.62 2 4 4 0.25 0 0 0 0 2 380 2011 0
1 23.5 3.16 1 4 4 0.415 0 1 1 1 2 280 81 0
0 23.5 9 2 11 4 8.5 1 1 5 1 2 120 1 1
1 37.5 0.83 2 10 4 0.04 0 0 0 0 2 120 6 0
0 33.67 0.37 2 13 4 0.375 0 0 0 0 2 300 45 1
0 24.75 3 2 11 8 1.835 1 1 19 0 2 0 501 1
1 34.5 4.04 1 3 5 8.5 1 1 7 1 2 195 1 1
1 42.83 4.62 2 11 4 4.58 1 0 0 0 1 0 1 1
1 30.17 0.5 2 8 4 1.75 1 1 11 0 2 32 541 1
0 26.5 2.71 1 8 4 0.085 0 0 0 0 1 80 1 0
0 68.67 15 2 10 9 0 1 1 14 0 2 0 3377 1
1 39.5 1.62 2 8 4 1.5 0 0 0 0 2 0 317 0
0 30.42 1.37 2 9 8 0.04 0 1 3 0 2 0 34 0
1 56 12.5 2 4 8 8 1 0 0 1 2 24 2029 1
1 42 9.78 2 14 8 7.96 1 1 8 0 2 0 1 1
1 26.75 1.12 2 14 8 1.25 1 0 0 0 2 0 5299 1
0 20.67 1.83 2 11 4 2.085 1 1 5 0 2 220 2504 1
1 59.5 2.75 2 9 4 1.75 1 1 5 1 2 60 59 1
1 23.42 1 2 8 4 0.5 0 0 0 1 1 280 1 0
1 23.25 1.5 2 11 4 2.375 1 1 3 1 2 0 583 1
1 27.83 1.5 2 9 4 2.25 0 1 1 1 2 100 4 0
1 21.17 0.25 1 8 8 0.25 0 0 0 0 2 280 205 0
1 30.33 0.5 2 2 8 0.085 0 0 0 1 1 252 1 0
1 20.67 1.25 1 8 8 1.375 1 1 3 1 2 140 211 0
1 49.17 2.29 2 1 1 0.29 0 0 0 0 2 200 4 0
1 44.83 7 1 8 4 1.625 0 0 0 0 2 160 3 0
0 22.58 10.75 2 11 4 0.415 1 1 5 1 2 0 561 1
1 27.58 2.04 1 6 4 2 1 1 3 1 2 370 561 1
1 51.83 3 1 1 1 1.5 0 0 0 0 2 180 5 0
1 22.08 11 2 13 4 0.665 1 0 0 0 2 100 1 1
1 40.25 21.5 2 10 9 20 1 1 11 0 2 0 1201 1
1 80.25 5.5 2 8 4 0.54 1 0 0 0 2 0 341 0
1 36.67 2 2 3 4 0.25 0 0 0 1 2 221 1 0
0 36.58 0.28 2 1 1 0 0 1 10 0 2 200 19 0
0 22.42 5.66 2 11 4 2.585 1 1 7 0 2 129 3258 1
0 40.33 7.54 1 11 8 8 1 1 14 0 2 0 2301 1
1 26.67 1.75 1 8 4 1 1 1 5 1 2 160 5778 1
1 43.25 25.21 2 11 8 0.21 1 1 1 0 2 760 91 0
1 23.42 1 2 8 4 0.5 0 0 0 1 1 280 1 0
0 28.58 3.54 2 3 5 0.5 1 0 0 1 2 171 1 0
1 20 1.25 1 4 4 0.125 0 0 0 0 2 140 5 0
1 22.17 12.12 2 8 4 3.335 0 1 2 1 2 180 174 0
0 26.08 8.66 2 6 4 1.415 1 0 0 0 2 160 151 1
0 24.83 4.5 2 9 4 1 0 0 0 1 2 360 7 0
0 23.58 0.58 1 1 1 0.125 0 0 0 0 2 120 88 0
1 69.17 9 2 1 1 4 0 1 1 0 2 70 7 0
0 18.07 0.37 3 13 1 10 0 0 0 1 1 300 1 1
0 26.08 8.66 2 6 4 1.415 1 0 0 0 2 160 151 1
1 42 0.2 2 3 8 5.125 1 0 0 0 2 400 1 1
1 19.32 10.91 2 8 5 0.585 0 1 2 1 2 200 8 0
1 25.83 12.83 2 13 4 0.5 0 0 0 0 2 0 3 0
0 20.5 11.83 2 8 8 6 1 0 0 0 2 340 1 1
0 27.25 0.28 2 7 8 0.125 0 1 1 1 2 272 109 0
1 17.07 3.29 2 3 4 0.335 0 0 0 1 2 140 3 0
1 16.32 2.75 2 6 4 0.665 0 1 1 0 2 80 22 0
1 22.17 2.25 2 3 4 0.125 0 0 0 0 2 160 11 0
0 28.75 3.75 2 8 4 1.085 1 1 1 1 2 371 1 1
1 20.42 0 2 8 4 0 0 0 0 0 3 184 1 0
1 27.75 0.58 1 13 4 0.25 1 1 2 0 2 260 501 1
1 42.75 3 2 3 5 1 1 0 0 0 2 0 201 0
1 37.17 4 2 8 5 5 1 0 0 1 1 280 1 0
0 28.58 1.66 2 11 4 2.415 1 0 0 1 2 440 1 0
1 22.08 2.33 2 4 4 0.75 0 0 0 0 2 180 1 0
1 26 1 2 11 4 1.75 1 0 0 1 2 280 1 1
1 38.42 0.7 2 8 4 0.375 0 1 2 0 2 225 501 0
1 23.17 0 2 8 4 0 0 0 0 0 3 184 1 1
1 29.58 4.75 2 7 4 2 0 1 1 1 2 460 69 0
1 25.33 0.57 2 8 4 0.29 1 1 7 1 2 96 5125 1

