1 21.17 0.25 1 8 8 0.25 0 0 0 0 2 280 205 0
1 35.17 2.5 2 4 4 4.5 1 1 7 0 2 150 1271 1
0 50.08 12.54 2 6 4 2.29 1 1 3 1 2 156 1 1
1 32.75 1.5 2 13 8 5.5 1 1 3 1 2 0 1 1
1 23.92 0.58 1 13 8 0.125 0 0 0 0 2 240 2 0
0 20.75 9.53 2 3 4 0.04 0 0 0 0 2 200 1001 0
1 23.17 11.12 2 14 8 0.46 1 1 1 0 2 100 1 1
1 21.17 0.25 1 8 8 0.25 0 0 0 0 2 280 205 0
1 21.83 11 2 14 4 0.29 1 1 6 0 2 121 1 1
0 20.83 0.5 1 10 2 1 0 0 0 0 2 260 1 0
1 21.83 11 2 14 4 0.29 1 1 6 0 2 121 1 1
1 28.58 3.62 2 6 4 0.25 0 0 0 1 2 100 1 0
1 44.33 0.5 2 3 8 5 1 0 0 1 2 320 1 1
1 49.58 19 2 1 1 0 1 1 1 0 2 94 1 0
1 23.42 1 2 8 4 0.5 0 0 0 1 1 280 1 0
1 37.5 1.75 1 8 5 0.25 1 0 0 1 2 164 401 0
1 25.92 0.87 2 4 4 0.375 0 1 2 1 2 174 4 0
1 56.42 28 1 8 4 28.5 1 1 40 0 2 0 16 1
1 27.58 3.25 1 11 8 5.085 0 1 2 1 2 369 2 0
1 21.33 10.5 2 8 4 3 1 0 0 1 2 0 1 1
1 26.83 0.54 2 4 1 0 0 0 0 0 2 100 1 0
1 26 1 2 11 4 1.75 1 0 0 1 2 280 1 1
1 16.32 4.08 2 3 8 0.415 0 0 0 1 2 120 1 0
1 49.58 19 2 1 1 0 1 1 1 0 2 94 1 0
1 39.92 0.54 1 6 4 0.5 1 1 3 0 2 200 1001 1
1 23 0.75 2 7 4 0.5 0 0 0 1 1 320 1 0
1 26.67 4.25 2 13 4 4.29 1 1 1 1 2 120 1 1
0 47.42 8 2 10 5 6.5 1 1 6 0 2 375 51101 1
1 19 0 1 1 1 0 0 1 4 0 2 45 2 0
1 33.17 1 2 14 4 0.75 1 1 7 1 2 340 4072 1
1 37.58 0 2 8 4 0 0 0 0 0 3 184 1 1
0 32.25 1.5 2 8 4 0.25 0 0 0 1 2 372 123 0
1 32.75 2.33 2 2 8 5.75 0 0 0 1 2 292 1 0
1 22.58 10.03 2 14 4 0.04 1 1 9 0 2 60 397 1
1 24.33 6.62 1 2 4 5.5 1 0 0 1 1 100 1 1
1 18.5 2 2 3 4 1.5 1 1 2 0 2 120 301 1
1 26 1 2 11 4 1.75 1 0 0 1 2 280 1 1
1 23.08 2.5 2 1 1 0.085 0 0 0 1 2 100 4209 0
1 23 0.75 2 7 4 0.5 0 0 0 1 1 320 1 0
1 19.57 0.58 2 1 1 0 0 1 3 0 2 350 770 0
0 25.08 2.54 1 6 4 0.25 1 0 0 1 2 370 1 1
0 33.25 3 1 6 4 2 0 0 0 0 2 180 1 0
0 23.58 11.5 1 4 8 3 0 0 0 1 2 20 17 0
1 43.25 3 2 11 8 6 1 1 11 0 2 80 1 1
0 41.58 1.04 2 6 4 0.665 0 0 0 0 2 240 238 0
1 23 0.62 1 6 4 0.125 1 0 0 0 2 180 2 0
0 18.82 4.41 1 8 8 3 1 0 0 0 2 240 1 1
1 40.58 5 2 8 4 5 1 1 7 0 2 0 3066 1
1 31.57 4 2 14 4 5 1 1 3 1 2 290 2280 1
1 16.07 0.75 2 8 4 1.75 1 1 5 1 2 352 691 1
1.234 22.08 11.46 2 4 4 1.585 0 0 0 1 2 100 1213 0
0 15.83 0.58 2 8 8 1.5 1 1 2 0 2 100 1 1
0 28.75 3.75 2 8 4 1.085 1 1 1 1 2 371 1 1
1 20.42 0 2 8 4 0 0 0 0 0 3 184 1 0
1 23.17 11.12 2 14 8 0.46 1 1 1 0 2 100 1 1
1 51.83 2.04 1 1 1 1.5 0 0 0 0 2 120 2 0
0 31.57 11.25 2 1 1 0 0 0 0 0 2 184 5201 0
1 19.32 10.91 2 8 5 0.585 0 1 2 1 2 200 8 0
1 18.82 3.54 1 1 1 0 0 0 0 1 2 180 2 0
1 42 0.2 2 3 8 5.125 1 0 0 0 2 400 1 1
1 27.58 2.04 1 6 4 2 1 1 3 1 2 370 561 1
1 41.42 5 2 11 8 5 1 1 6 1 2 470 1 1
1 28.67 14.5 2 2 4 0.125 0 0 0 0 2 0 287 0
1 23.92 0.58 1 13 8 0.125 0 0 0 0 2 240 2 0
0 26.92 13.5 2 11 8 5 1 1 2 0 2 0 5001 1
1 22.67 2.54 1 8 8 2.585 1 0 0 0 2 0 1 1
1 25.83 12.83 2 13 4 0.5 0 0 0 0 2 0 3 0
1 22.08 11 2 13 4 0.665 1 0 0 0 2 100 1 1
1 18.67 5 2 11 4 0.375 1 1 2 0 2 0 39 0
1 23 0.75 2 7 4 0.5 1 0 0 1 1 320 1 0
1 34 5.08 1 3 5 1.085 0 0 0 1 2 480 1 0
1 20.42 0 2 8 4 0 0 0 0 0 3 184 1 0
1 52.5 6.5 2 4 4 6.29 1 1 15 0 2 0 11203 1
1 30.17 0.5 2 8 4 1.75 1 1 11 0 2 32 541 1
0 23.75 0.71 2 9 4 0.25 0 1 1 1 2 240 5 0
1 30.33 0.5 2 2 8 0.085 0 0 0 1 1 252 1 0
1 34.08 6.5 2 6 4 0.125 1 0 0 1 2 443 1 0
1 37.58 0 2 8 4 0 0 0 0 0 3 184 1 1
0 65.17 14 2 1 1 0 1 1 11 1 2 0 1401 1
1 31.67 16.16 2 2 4 3 1 1 9 0 2 250 731 1
1 36.17 0.42 1 9 4 0.29 0 0 0 1 2 309 3 0
0 20.67 1.83 2 11 4 2.085 1 1 5 0 2 220 2504 1
0 51.92 6.5 2 3 5 3.085 0 0 0 1 2 73 1 0
0 41.58 1.04 2 6 4 0.665 0 0 0 0 2 240 238 0
0 28.67 1.04 2 8 4 2.5 1 1 5 1 2 300 1431 1
1 29.58 4.5 2 9 4 7.5 1 1 2 1 2 330 1 1
1 48.75 26.33 1 1 1 0 1 0 0 1 2 0 1 0
0 22.67 0.79 2 3 4 0.085 0 0 0 0 2 144 1 0
1 20.17 9.25 2 8 4 1.665 1 1 3 1 2 40 29 1
1 25.33 0.57 2 8 4 0.29 1 1 7 1 2 96 5125 1
0 20.67 1.83 2 11 4 2.085 1 1 5 0 2 220 2504 1
0 22.83 2.29 2 11 8 2.29 1 1 7 1 2 140 2385 1
1 30.17 0.5 2 8 4 1.75 1 1 11 0 2 32 541 1
1 42 0.2 2 3 8 5.125 1 0 0 0 2 400 1 1
1 33.17 1 2 14 4 0.75 1 1 7 1 2 340 4072 1
1 33.67 1.25 2 9 4 1.165 0 0 0 0 2 120 1 0
1 41.17 4.04 2 13 8 7 1 1 8 0 2 320 1 1
1 33.67 1.25 2 9 4 1.165 0 0 0 0 2 120 1 0
0 15.83 0.58 2 8 8 1.5 1 1 2 0 2 100 1 1
0 58.42 21 2 3 5 10 1 1 13 0 2 0 6701 1
1 20.42 1.08 2 11 4 1.5 0 0 0 0 2 108 8 0
1 18.5 2 2 3 4 1.5 1 1 2 0 2 120 301 1
0 33.67 0.37 2 13 4 0.375 0 0 0 0 2 300 45 1
1 25.67 0.28 1 8 4 1.5 0 0 0 1 2 160 1 0
1 48.08 6.04 2 4 4 0.04 0 0 0 0 2 0 2691 1
0 24.83 4.5 2 9 4 1 0 0 0 1 2 360 7 0
1 39.42 1.71 1 7 4 0.165 0 0 0 0 1 400 1 0
1 42 0.2 2 3 8 5.125 1 0 0 0 2 400 1 1
0 19.17 0.58 1 6 4 0.585 1 0 0 1 2 160 1 0
1 33.58 0.25 2 3 5 4 0 0 0 1 1 420 1 0
0 18.82 4.41 1 8 8 3 1 0 0 0 2 240 1 1
0 47.75 8 2 8 4 7.875 1 1 6 1 2 0 1261 1
1 34.08 0.08 1 7 5 0.04 1 1 1 1 2 280 2001 1
1 28.75 1.5 1 8 4 1.5 1 0 0 1 2 0 226 0
1 22.67 0.16 2 8 3 2.25 0 0 0 1 1 0 1 1
0 15.83 7.62 2 11 4 0.125 0 1 1 1 2 0 161 0
1 27.75 0.58 1 13 4 0.25 1 1 2 0 2 260 501 1
1 26 1 2 11 4 1.75 1 0 0 1 2 280 1 1
1 36.33 3.79 2 9 4 1.165 1 0 0 1 2 200 1 0
1 33.67 1.25 2 9 4 1.165 0 0 0 0 2 120 1 0
0 28.75 3.75 2 8 4 1.085 1 1 1 1 2 371 1 1
0 25.75 0.5 2 8 8 0.875 1 0 0 1 2 491 1 1
0 27.17 1.25 2 1 1 0 0 1 1 0 2 92 301 0
0 20.42 0.83 2 11 4 1.585 1 1 1 0 2 0 1 1
1 42.75 4.08 2 6 4 0.04 0 0 0 0 2 108 101 0
1.234 22.08 11.46 2 4 4 1.585 0 0 0 1 2 100 1213 0
1 23.25 1 2 8 4 0.835 1 0 0 0 1 300 1 1
1 19 0 1 1 1 0 0 1 4 0 2 45 2 0
0 28.5 1 2 11 4 1 1 1 2 1 2 167 501 0
0 22.67 3.8 2 8 4 0.165 0 0 0 0 2 160 1 0
1 20.17 5.62 2 9 4 1.71 1 0 0 0 1 120 1 1
1 42.83 4.62 2 11 4 4.58 1 0 0 0 1 0 1 1
1 49.17 2.29 2 1 1 0.29 0 0 0 0 2 200 4 0
1 34.42 1.33 2 3 5 0.125 0 0 0 1 2 440 4501 0
0 45.83 10.5 2 11 4 5 1 1 7 1 2 0 1 1
1 33.58 0.25 2 3 5 4 0 0 0 1 1 420 1 0
1 18.17 2.46 2 8 7 0.96 0 1 2 1 2 160 588 0
1 34.08 0.08 1 7 5 0.04 1 1 1 1 2 280 2001 1
1 23.08 0 2 4 4 1 0 1 11 0 1 0 1 0
1 37.33 6.5 2 7 8 4.25 1 1 12 1 2 93 1 1
1 73.42 17.75 2 1 1 0 1 0 0 1 2 0 1 1
0 18.82 4.41 1 8 8 3 1 0 0 0 2 240 1 1
1 25.17 3 2 8 4 1.25 0 1 1 0 2 0 23 0
1 31.57 4 1 3 4 0.085 0 0 0 1 2 411 1 0
1 42 9.78 2 14 8 7.96 1 1 8 0 2 0 1 1
1 16 3.12 2 9 4 0.085 0 1 1 0 2 0 7 0
1 27 0.75 2 8 8 4.25 1 1 3 1 2 312 151 1
1 42.83 4.62 2 11 4 4.58 1 0 0 0 1 0 1 1
1 34.08 6.5 2 6 4 0.125 1 0 0 1 2 443 1 0
1 28.33 5 2 9 4 11 1 0 0 1 2 70 1 1
1 34.08 6.5 2 6 4 0.125 1 0 0 1 2 443 1 0
0 28.42 3.5 2 9 4 0.835 1 0 0 0 1 280 1 1
0 19.5 0.16 2 11 4 0.04 0 0 0 1 2 380 1 0
1 23.58 1.79 2 8 4 0.54 0 0 0 1 2 136 2 0
1 44.25 0.5 2 7 4 10.75 1 0 0 0 1 400 1 0
1 29.58 4.5 2 9 4 7.5 1 1 2 1 2 330 1 1
1 21.83 11 2 14 4 0.29 1 1 6 0 2 121 1 1
1 31.57 0.04 1 2 4 4.25 0 0 0 1 2 460 1 0
1 25.67 3.25 2 8 8 2.29 0 1 1 1 2 416 22 0
1 27.75 0.58 1 13 4 0.25 1 1 2 0 2 260 501 1
1 20.67 0.41 2 8 4 0.125 0 0 0 0 2 0 45 0
1 39.17 2.5 1 3 8 10 0 0 0 1 1 200 1 0
1 69.17 9 2 1 1 4 0 1 1 0 2 70 7 0
1 19.17 4 1 3 4 1 0 0 0 1 2 360 1001 0
0 40.83 10 2 11 8 1.75 1 0 0 0 2 29 838 1
1 23.08 11.5 2 3 4 3.5 1 1 9 0 2 56 743 1
0 31.75 3 1 5 3 0 0 0 0 0 2 160 21 0
1 29.92 1.83 2 8 8 4.335 1 0 0 0 2 260 201 1
1 20.17 5.62 2 9 4 1.71 1 0 0 0 1 120 1 1
1 18.42 10.41 1 6 4 0.125 1 0 0 0 2 120 376 0
0 46 4 2 5 3 0 1 0 0 0 2 100 961 1
0 23 11.75 2 14 8 0.5 1 1 2 1 2 300 552 1
0 69.5 6 2 1 1 0 0 0 0 0 1 0 1 0
1 26.67 2.71 1 13 4 5.25 1 1 1 0 2 211 1 1
1 22.08 0.83 2 8 8 2.165 0 0 0 1 2 128 1 1
0 20.83 0.5 1 10 2 1 0 0 0 0 2 260 1 0
1 26.17 0.25 2 3 5 0 1 0 0 1 2 0 1 1
1 19.42 7.25 2 7 4 0.04 0 1 1 0 2 100 2 0
1 42.75 4.08 2 6 4 0.04 0 0 0 0 2 108 101 0
0 52.83 15 2 8 4 5.5 1 1 14 0 2 0 2201 1
0 68.67 15 2 10 9 0 1 1 14 0 2 0 3377 1
1 17.07 0.08 1 8 4 0.04 0 0 0 0 2 140 723 0
0 25.33 2.08 2 8 8 2.75 1 0 0 1 2 360 2 0
1 40.25 21.5 2 10 9 20 1 1 11 0 2 0 1201 1
0 24.75 13.66 2 11 8 1.5 0 0 0 0 2 280 2 0
0 28.42 3.5 2 9 4 0.835 1 0 0 0 1 280 1 1
1 32.33 3.5 2 4 4 0.5 0 0 0 1 2 232 1 0
1 17.67 4.46 2 8 4 0.25 0 0 0 0 1 80 1 0
1 34.83 4 2 2 5 12.5 1 0 0 1 2 184 1 0
1 19.5 0.28 2 4 4 0.29 0 0 0 0 2 280 365 0
1 43.08 0.37 1 8 4 0.375 1 1 8 1 2 300 163 1
1 21.58 0.79 1 13 4 0.665 0 0 0 0 2 160 1 0
0 20.42 0.83 2 11 4 1.585 1 1 1 0 2 0 1 1
1 42.75 3 2 3 5 1 1 0 0 0 2 0 201 0
1 34.5 4.04 1 3 5 8.5 1 1 7 1 2 195 1 1
1 33.67 1.25 2 9 4 1.165 0 0 0 0 2 120 1 0
0 19.17 5.41 2 3 8 0.29 0 0 0 0 2 80 485 0
0 18.07 0.37 3 13 1 10 0 0 0 1 1 300 1 1
0 38.25 6 2 4 4 1 1 0 0 1 2 0 1 1
1 29.67 0.75 1 8 4 0.04 0 0 0 0 2 240 1 0
0 31.57 3.5 2 2 4 3 1 0 0 1 2 300 1 0
0 30.58 10.66 2 11 8 0.085 0 1 12 1 2 129 4 0
1 36.17 0.42 1 9 4 0.29 0 0 0 1 2 309 3 0
0 34.83 1.25 1 3 8 0.5 0 0 0 1 2 160 1 0
1 41.17 4.04 2 13 8 7 1 1 8 0 2 320 1 1
0 33.75 0.75 2 4 5 1 1 1 3 1 2 212 1 0
1 23.92 0.58 1 13 8 0.125 0 0 0 0 2 240 2 0
1 42.83 1.25 2 7 4 13.875 0 1 1 1 2 352 113 0
1 16.17 0.04 2 8 4 0.04 0 0 0 0 2 0 1 1
1 16.32 4.08 2 3 8 0.415 0 0 0 1 2 120 1 0
0 29.5 1.08 1 14 4 1 0 0 0 0 2 280 14 0
1 37.5 1.12 1 2 4 1.5 0 0 0 1 2 431 1 1
1 34.17 2.75 2 3 5 2.5 0 0 0 1 2 232 201 0
0 27.67 1.5 2 7 4 2 1 0 0 0 1 368 1 0
0 47.42 8 2 10 5 6.5 1 1 6 0 2 375 51101 1
0 22.67 0.75 2 8 4 2 0 1 2 1 2 200 395 0
0 30.42 1.37 2 9 8 0.04 0 1 3 0 2 0 34 0
0 28.67 1.04 2 8 4 2.5 1 1 5 1 2 300 1431 1
1 19.17 9.5 2 9 4 1.5 1 0 0 0 2 120 2207 1
0 20.42 10.5 1 14 8 0 0 0 0 1 2 154 33 0
1 40.58 3.29 2 7 4 3.5 0 0 0 1 1 400 1 0
0 28.42 3.5 2 9 4 0.835 1 0 0 0 1 280 1 1
0 50.08 12.54 2 6 4 2.29 1 1 3 1 2 156 1 1
1 27.42 12.5 2 6 5 0.25 0 0 0 1 2 720 1 0
1 32.42 3 2 2 4 0.165 0 0 0 1 2 120 1 0
1 25.92 0.87 2 4 4 0.375 0 1 2 1 2 174 4 0
1 16.92 0.33 1 4 4 0.29 0 0 0 0 1 200 1 0
1 29.92 1.83 2 8 8 4.335 1 0 0 0 2 260 201 1
1 23.42 1 2 8 4 0.5 0 0 0 1 1 280 1 0
1 23 0.62 1 6 4 0.125 1 0 0 0 2 180 2 0
0 35.75 0.91 2 6 4 0.75 1 1 4 0 2 0 1584 1
0 18.92 9.25 1 8 4 1 1 1 4 1 2 80 501 1
1 19.5 0.28 2 4 4 0.29 0 0 0 0 2 280 365 0
0 22.58 10.75 2 11 4 0.415 1 1 5 1 2 0 561 1
1 73.42 17.75 2 1 1 0 1 0 0 1 2 0 1 1
1 34.92 2.5 2 9 4 0 1 0 0 1 2 239 201 1
1 16.17 0.04 2 8 4 0.04 0 0 0 0 2 0 1 1
1 23.5 3.16 1 4 4 0.415 0 1 1 1 2 280 81 0
1 23.08 11.5 2 3 4 3.5 1 1 9 0 2 56 743 1
1 36.17 5.5 2 3 5 5 0 0 0 0 2 210 688 0
1 23.17 11.12 2 14 8 0.46 1 1 1 0 2 100 1 1
1 22.67 0.16 2 8 3 2.25 0 0 0 1 1 0 1 1
1 31.57 0.62 2 4 4 0.25 0 0 0 0 2 380 2011 0
0 33.08 4.62 2 11 8 1.625 1 1 2 0 2 0 1 1
1 21.92 0.5 2 8 4 0.125 0 0 0 0 2 360 1 0
0 24.08 0.5 2 11 8 1.25 1 1 1 0 2 0 679 1
1 26.75 2 2 2 4 0.75 0 0 0 1 2 80 1 0
1 34.42 4.25 2 3 5 3.25 1 1 2 0 2 274 611 1
1 31.57 3 1 3 5 7 0 0 0 0 2 0 2 0
1 25.08 1.71 2 14 4 1.665 1 1 1 1 2 395 21 1
1 27.25 1.66 2 13 8 5.085 1 1 9 0 2 399 828 1
1 48.75 26.33 1 1 1 0 1 0 0 1 2 0 1 0
1 33.58 2.75 2 7 4 4.25 1 1 6 0 2 204 1 1
1 26.67 1.75 1 8 4 1 1 1 5 1 2 160 5778 1
1 52.42 1.5 2 2 4 3.75 0 0 0 1 2 0 351 0
0 35.42 12 2 11 8 14 1 1 8 0 2 0 6591 1
1 53.92 9.62 2 10 4 8.665 1 1 5 0 2 0 1 1
1 22.08 2.33 2 4 4 0.75 0 0 0 0 2 180 1 0
0 23.75 0.71 2 9 4 0.25 0 1 1 1 2 240 5 0
1 23.42 0.58 2 8 8 0.085 1 0 0 0 2 180 1 0
1 30.17 1.08 1 8 4 0.04 0 0 0 0 2 170 180 0
1 52.5 6.5 2 4 4 6.29 1 1 15 0 2 0 11203 1
1 27 1.5 1 9 4 0.375 1 0 0 1 2 260 1066 1
1 20.17 5.62 2 9 4 1.71 1 0 0 0 1 120 1 1
0 22.67 0.79 2 3 4 0.085 0 0 0 0 2 144 1 0
1 34.17 9.17 2 8 4 4.5 1 1 12 1 2 0 222 1
1 31.57 0.5 2 8 5 0.835 1 0 0 1 1 320 1 0
1 40.92 0.83 2 1 1 0 1 0 0 0 2 130 2 0
1 21.17 0.25 1 8 8 0.25 0 0 0 0 2 280 205 0
1 31.57 10.5 2 14 4 6.5 1 0 0 0 2 0 1 1
1 39.92 5 2 3 5 0.21 0 0 0 0 2 550 1 0
1 16.32 2.75 2 6 4 0.665 0 1 1 0 2 80 22 0
1 39.17 1.62 2 8 4 1.5 1 1 10 0 2 186 4701 1
0 16.5 1.25 2 11 4 0.25 0 1 1 0 2 108 99 0
0 30.25 5.5 2 4 4 5.5 0 0 0 1 1 100 1 0
1 39.92 5 2 3 5 0.21 0 0 0 0 2 550 1 0

