1 21.5 9.75 2 8 4 0.25 1 0 0 0 2 140 1 0
0 36.75 5.12 2 10 4 5 1 0 0 1 2 0 4001 1
1 27.58 2.04 1 6 4 2 1 1 3 1 2 370 561 1
0 30.42 1.37 2 9 8 0.04 0 1 3 0 2 0 34 0
0 47 13 2 3 5 5.165 1 1 9 1 2 0 1 1
0 20.67 1.83 2 11 4 2.085 1 1 5 0 2 220 2504 1
0 15.83 0.58 2 8 8 1.5 1 1 2 0 2 100 1 1
0 38.75 1.5 2 1 1 0 0 0 0 0 2 76 1 0
1 17.67 4.46 2 8 4 0.25 0 0 0 0 1 80 1 0
1 48.75 26.33 1 1 1 0 1 0 0 1 2 0 1 0
0 33.17 2.25 1 13 4 3.5 0 0 0 1 2 200 142 0
1 25.25 1 2 6 4 0.5 0 0 0 0 2 200 1 0
0 28.42 3.5 2 9 4 0.835 1 0 0 0 1 280 1 1
1 27.67 0.75 2 11 8 0.165 0 0 0 1 2 220 252 0
1 24.58 1.25 2 8 4 0.25 0 0 0 0 2 110 1 0
1 24.58 12.5 2 9 4 0.875 1 0 0 1 2 260 1 0
0 47.75 8 2 8 4 7.875 1 1 6 1 2 0 1261 1
0 33.25 3 1 6 4 2 0 0 0 0 2 180 1 0
1 23.58 1.79 2 8 4 0.54 0 0 0 1 2 136 2 0
1 36.08 2.54 2 1 1 0 0 0 0 0 2 0 1001 0
1 39.25 9.5 2 7 4 6.5 1 1 14 0 2 240 4608 1
0 23.25 5.87 2 11 4 3.17 1 1 10 0 2 120 246 1
1 26.75 2 2 2 4 0.75 0 0 0 1 2 80 1 0
1 32 1.75 1 10 8 0.04 1 0 0 1 2 393 1 1
0 28.08 15 1 10 9 0 1 0 0 0 2 0 13213 1
1 33.5 1.75 2 14 8 4.5 1 1 4 1 2 253 858 1
1 22 0.79 2 9 4 0.29 0 1 1 0 2 420 284 0
1 22.92 3.16 1 8 4 0.165 0 0 0 0 2 160 1059 0
0 28.17 0.37 2 11 4 0.585 1 1 4 0 2 80 1 1
1 39.33 5.87 2 13 8 10 1 1 14 1 2 399 1 1
1 55.92 11.5 2 1 1 5 1 1 5 0 2 0 8852 1
1 39.33 5.87 2 13 8 10 1 1 14 1 2 399 1 1
0 30.42 1.37 2 9 8 0.04 0 1 3 0 2 0 34 0
1 19.5 9.58 2 6 4 0.79 0 0 0 0 2 80 351 0
1 16.25 0.83 2 7 4 0.085 1 0 0 0 1 200 1 0
0 33.92 1.58 1 1 1 0 1 0 0 0 2 320 1 0
1 38.25 10.12 1 4 4 0.125 0 0 0 0 2 160 1 0
1 42.83 1.25 2 7 4 13.875 0 1 1 1 2 352 113 0
0 25.25 13.5 1 1 1 2 0 1 1 1 2 200 2 0
0 50.25 0.83 2 6 4 0.5 0 0 0 1 2 240 118 0
0 20.75 10.25 2 11 4 0.71 1 1 2 1 2 49 1 1
0 22.67 3.8 2 8 4 0.165 0 0 0 0 2 160 1 0
0 20.67 1.83 2 11 4 2.085 1 1 5 0 2 220 2504 1
1 18.32 1.21 1 10 2 0 0 0 0 0 2 100 1 0
1 20.67 0.41 2 8 4 0.125 0 0 0 0 2 0 45 0
1 36.33 3.79 2 9 4 1.165 1 0 0 1 2 200 1 0
1 39.25 9.5 2 7 4 6.5 1 1 14 0 2 240 4608 1
1 30.17 0.5 2 8 4 1.75 1 1 11 0 2 32 541 1
0 20.07 0.12 2 11 4 1 0 1 1 0 2 240 769 1
1 19.42 7.25 2 7 4 0.04 0 1 1 0 2 100 2 0
1 23.92 0.66 2 8 4 0.165 0 0 0 0 2 100 1 1
1 56.42 28 1 8 4 28.5 1 1 40 0 2 0 16 1
1 32.25 14 1 1 1 0 0 1 2 0 2 160 2 0
1 30.83 0 2 9 4 1.25 1 1 1 0 2 202 1 1
1 23.25 1.5 2 11 4 2.375 1 1 3 1 2 0 583 1
1 36.33 2.12 1 9 4 0.085 1 1 1 0 2 50 1188 1
1 34.83 4 2 2 5 12.5 1 0 0 1 2 184 1 0
0 50.25 0.83 2 6 4 0.5 0 0 0 1 2 240 118 0
1 58.58 2.71 2 8 4 2.415 0 0 0 1 2 320 1 0
0 28.75 3.75 2 8 4 1.085 1 1 1 1 2 371 1 1
1 44 2 2 7 4 1.75 1 1 2 1 2 0 16 1
1 28 3 2 9 4 0.75 0 0 0 1 2 300 68 0
1 23.33 1.5 2 8 8 1.415 1 0 0 0 2 422 201 1
1 22.67 0.16 2 8 3 2.25 0 0 0 1 1 0 1 1
1 20.5 2.41 2 8 4 2 1 1 11 1 2 200 3001 1
1 16.32 2.75 2 6 4 0.665 0 1 1 0 2 80 22 0
0 24.08 0.5 2 11 8 1.25 1 1 1 0 2 0 679 1
1 31.57 0.04 1 2 4 4.25 0 0 0 1 2 460 1 0
0 32.33 0.54 2 13 4 0.04 1 0 0 0 2 440 11178 1
1 52.42 1.5 2 2 4 3.75 0 0 0 1 2 0 351 0
0 23.58 0.83 2 11 4 0.415 0 1 1 1 2 200 12 0
0 16.07 0.33 2 1 1 0 0 1 1 0 2 160 127 0
1 34.75 15 2 12 7 5.375 1 1 9 1 2 0 135 1
1 48.75 8.5 2 8 8 12.5 1 1 9 0 2 181 1656 1
1 23.92 0.66 2 8 4 0.165 0 0 0 0 2 100 1 1
1 40.92 0.5 1 7 4 0.5 0 0 0 1 2 130 1 0
1 18.07 5.5 2 4 4 0.5 1 0 0 0 2 80 1 1
1 25 12 2 4 4 2.25 1 1 2 1 2 120 6 0
1 24.42 12.33 2 11 8 1.585 1 0 0 1 2 120 1 1
0 22.25 1.25 1 1 1 3.25 0 0 0 0 2 280 1 0
1 30.17 6.5 2 13 4 3.125 1 1 8 0 2 330 1201 1
1 33.5 1.75 2 14 8 4.5 1 1 4 1 2 253 858 1
0 25.08 2.54 1 6 4 0.25 1 0 0 1 2 370 1 1
1 40.58 3.29 2 7 4 3.5 0 0 0 1 1 400 1 0
0 28.42 3.5 2 9 4 0.835 1 0 0 0 1 280 1 1
0 26.17 2 2 5 3 0 0 0 0 1 2 276 2 0
0 28.5 1 2 11 4 1 1 1 2 1 2 167 501 0
1 24.58 12.5 2 9 4 0.875 1 0 0 1 2 260 1 0
1 34.17 2.75 2 3 5 2.5 0 0 0 1 2 232 201 0
0 33.17 2.25 1 13 4 3.5 0 0 0 1 2 200 142 0
1 26.83 0.54 2 4 1 0 0 0 0 0 2 100 1 0
0 15.75 0.37 2 8 4 1 0 0 0 0 2 120 19 0
0 23.58 0.58 1 1 1 0.125 0 0 0 0 2 120 88 0
1 31.83 2.5 2 6 4 7.5 1 0 0 1 2 523 1 0
1 20.67 1.25 1 8 8 1.375 1 1 3 1 2 140 211 0
1 35.25 3.16 2 14 8 3.75 1 0 0 1 2 680 1 0
1 48.33 12 2 7 4 16 1 0 0 0 1 110 1 1
1 47.17 5.83 2 9 4 5.5 0 0 0 0 2 465 151 0
1 32.33 2.5 2 8 4 1.25 0 0 0 1 2 280 1 0
0 18.25 10 2 9 4 1 0 1 1 0 2 120 2 0
0 20.07 0.12 2 11 4 1 0 1 1 0 2 240 769 1
0 16.5 1.25 2 11 4 0.25 0 1 1 0 2 108 99 0
1 42.17 5.04 2 11 8 12.75 1 0 0 1 2 92 1 1
1 35.17 2.5 2 4 4 4.5 1 1 7 0 2 150 1271 1
1 26.75 1.12 2 14 8 1.25 1 0 0 0 2 0 5299 1
1 36.33 2.12 1 9 4 0.085 1 1 1 0 2 50 1188 1
0 28.58 3.54 2 3 5 0.5 1 0 0 1 2 171 1 0
1 47.67 0.28 2 8 5 15 1 1 20 0 2 0 15001 1
1 42 9.78 2 14 8 7.96 1 1 8 0 2 0 1 1
1 36.17 0.42 1 9 4 0.29 0 0 0 1 2 309 3 0
0 17.32 9.5 2 6 4 1.75 0 1 10 1 2 0 11 0
1 18.07 6.75 1 7 4 0.04 0 0 0 0 2 140 1 0
1 21.5 9.75 2 8 4 0.25 1 0 0 0 2 140 1 0
0 55.75 7.08 2 4 8 6.75 1 1 3 1 2 100 51 0
1 29.83 2.04 1 14 8 0.04 0 0 0 0 2 128 2 0
0 28.67 1.04 2 8 4 2.5 1 1 5 1 2 300 1431 1
0 27.58 3 2 7 4 2.79 0 1 1 1 2 280 11 0
1 36.25 5 2 8 5 2.5 1 1 6 0 2 0 368 1
0 49 1.5 2 5 3 0 1 0 0 1 2 100 28 0
0 28.58 1.66 2 11 4 2.415 1 0 0 1 2 440 1 0
1 30.17 6.5 2 13 4 3.125 1 1 8 0 2 330 1201 1
1 57.83 7.04 2 7 4 14 1 1 6 1 2 360 1333 1
1 36.17 18.12 2 9 4 0.085 0 0 0 0 2 320 3553 0
0 60.58 16.5 2 11 4 11 1 0 0 1 2 21 10562 1
1 37.5 1.75 1 8 5 0.25 1 0 0 1 2 164 401 0
0 28.67 1.04 2 8 4 2.5 1 1 5 1 2 300 1431 1
1 36.08 2.54 2 1 1 0 0 0 0 0 2 0 1001 0
0 38.25 6 2 4 4 1 1 0 0 1 2 0 1 1
1 31.33 19.5 2 8 4 7 1 1 16 0 2 0 5001 1
0 51.92 6.5 2 3 5 3.085 0 0 0 1 2 73 1 0
1 34.42 1.33 2 3 5 0.125 0 0 0 1 2 440 4501 0
1 55.92 11.5 2 1 1 5 1 1 5 0 2 0 8852 1
1 32.83 2.5 2 13 8 2.75 1 1 6 0 2 160 2073 1
1 31.57 5 1 6 4 8.5 1 0 0 0 2 0 1 0
1 22.67 0.75 2 3 4 1.585 0 1 1 1 2 400 10 0
1 34.75 15 2 12 7 5.375 1 1 9 1 2 0 135 1
0 17.92 0.54 2 8 4 1.75 0 1 1 1 2 80 6 0
0 25.33 2.08 2 8 8 2.75 1 0 0 1 2 360 2 0
0 20.32 10 2 8 8 1 1 1 4 0 2 50 1466 1
1 31.92 4.46 2 13 8 6.04 1 1 3 0 2 311 301 1
1 23.08 2.5 2 1 1 0.085 0 0 0 1 2 100 4209 0
1 32.42 3 2 2 4 0.165 0 0 0 1 2 120 1 0
1 31.83 0.04 1 7 4 0.04 0 0 0 0 2 0 1 0
0 33.75 0.75 2 4 5 1 1 1 3 1 2 212 1 0
0 24.83 4.5 2 9 4 1 0 0 0 1 2 360 7 0
1 26.33 13 2 10 2 0 0 0 0 1 2 140 1111 0
1 19 1.75 1 8 4 2.335 0 0 0 1 2 112 7 0
1 39.92 6.21 2 11 4 0.04 1 1 1 0 2 200 301 1
1 44.83 7 1 8 4 1.625 0 0 0 0 2 160 3 0
0 33.25 2.5 1 8 4 2.5 0 0 0 1 2 0 3 0
1 33.67 1.25 2 9 4 1.165 0 0 0 0 2 120 1 0
1 21.08 10.08 1 10 8 1.25 0 0 0 0 2 260 1 0
0 23.75 0.71 2 9 4 0.25 0 1 1 1 2 240 5 0
1 48.58 6.5 2 11 8 6 1 0 0 1 2 350 1 1
0 30.58 10.66 2 11 8 0.085 0 1 12 1 2 129 4 0
0 17.57 9 2 6 4 1.375 1 0 0 1 2 0 1 1
1 32.42 3 2 2 4 0.165 0 0 0 1 2 120 1 0
1 63.33 0.54 2 8 4 0.585 1 1 3 1 2 180 1 0
1 51.83 2.04 1 1 1 1.5 0 0 0 0 2 120 2 0
1 21.08 10.08 1 10 8 1.25 0 0 0 0 2 260 1 0
1 19.67 0.37 2 11 4 2 1 1 2 1 2 80 1 1
0 15.83 0.58 2 8 8 1.5 1 1 2 0 2 100 1 1
1 21.92 0.54 1 14 4 0.04 1 1 1 1 2 840 60 1
0 22.92 11.58 2 13 4 0.04 1 0 0 0 2 80 1350 1
0 19.75 0.75 2 8 4 0.795 1 1 5 1 2 140 6 0
1 32 1.75 1 10 8 0.04 1 0 0 1 2 393 1 1
1 31.57 3 1 3 5 7 0 0 0 0 2 0 2 0
1 52.33 1.37 1 8 8 9.46 1 0 0 1 2 200 101 0
1 20.17 5.62 2 9 4 1.71 1 0 0 0 1 120 1 1
1 24.5 13.33 1 6 4 0.04 0 0 0 1 2 120 476 0
1 39.83 0.5 2 7 4 0.25 1 0 0 0 1 288 1 0
1 25.25 1 2 6 4 0.5 0 0 0 0 2 200 1 0
1 37.42 2.04 2 9 4 0.04 1 0 0 1 2 400 5801 1
1 33.17 3.04 1 8 8 2.04 1 1 1 1 2 180 18028 1
1 18.82 0 2 11 4 0.665 0 0 0 0 2 160 2 0
1 64.08 20 2 14 8 17.5 1 1 9 1 2 0 1001 1
0 45.83 10.5 2 11 4 5 1 1 7 1 2 0 1 1
0 33.25 3 1 6 4 2 0 0 0 0 2 180 1 0
1 28.75 1.16 2 4 4 0.5 1 0 0 0 1 280 1 0
0 19.75 0.75 2 8 4 0.795 1 1 5 1 2 140 6 0
1 23.08 2.5 2 1 1 0.085 0 0 0 1 2 100 4209 0
1 23.42 1 2 8 4 0.5 0 0 0 1 1 280 1 0
1 31.83 0.04 1 7 4 0.04 0 0 0 0 2 0 1 0
1 23.92 0.66 2 8 4 0.165 0 0 0 0 2 100 1 1
1 49.58 19 2 1 1 0 1 1 1 0 2 94 1 0
1 37.5 0.83 2 10 4 0.04 0 0 0 0 2 120 6 0
1 17.07 0.08 1 8 4 0.04 0 0 0 0 2 140 723 0
1 27 0.75 2 8 8 4.25 1 1 3 1 2 312 151 1
0 24.08 0.5 2 11 8 1.25 1 1 1 0 2 0 679 1
1 27.25 1.66 2 13 8 5.085 1 1 9 0 2 399 828 1
0 23.75 0.71 2 9 4 0.25 0 1 1 1 2 240 5 0
1 28.25 5.12 2 14 4 4.75 1 1 2 0 2 420 8 1
1 17.67 4.46 2 8 4 0.25 0 0 0 0 1 80 1 0
1 18.17 2.46 2 8 7 0.96 0 1 2 1 2 160 588 0
1 16.25 0.83 2 7 4 0.085 1 0 0 0 1 200 1 0
1 23.92 1.5 2 2 8 1.875 1 1 6 0 2 200 328 1
1 33.67 2.16 2 8 4 1.5 0 0 0 0 3 120 1 0
0 36.58 0.28 2 1 1 0 0 1 10 0 2 200 19 0
1 23 0.62 1 6 4 0.125 1 0 0 0 2 180 2 0
0 19.67 0.21 2 11 8 0.29 1 1 11 0 2 80 100 1
1 22.17 2.25 2 3 4 0.125 0 0 0 0 2 160 11 0
0 22.67 0.79 2 3 4 0.085 0 0 0 0 2 144 1 0
0 32.25 1.5 2 8 4 0.25 0 0 0 1 2 372 123 0
1 20.5 2.41 2 8 4 2 1 1 11 1 2 200 3001 1
1 20.42 0 2 8 4 0 0 0 0 0 3 184 1 0
1 32.33 2.5 2 8 4 1.25 0 0 0 1 2 280 1 0
0 20.42 7.5 2 4 4 1.5 1 1 1 0 2 160 235 1
1 18.82 0.41 1 8 4 0.165 0 1 1 0 2 200 2 0
1 44.25 11 1 2 4 1.5 1 0 0 0 1 0 1 0
0 22.5 0.41 2 3 4 0.335 0 0 0 1 1 144 1 0
0 21.08 5 1 1 1 0 0 0 0 0 2 0 1 0
1 27.25 1.58 2 13 8 1.835 1 1 12 1 2 583 714 1
0 56.83 4.25 1 1 1 5 0 0 0 1 2 0 5 0
1 20 7 2 8 4 0.5 0 0 0 0 2 0 1 0
0 17.92 10.21 2 1 1 0 0 0 0 0 2 0 51 0
1 25.17 3 2 8 4 1.25 0 1 1 0 2 0 23 0
1 39.92 6.21 2 11 4 0.04 1 1 1 0 2 200 301 1
0 47.75 8 2 8 4 7.875 1 1 6 1 2 0 1261 1
0 47 13 2 3 5 5.165 1 1 9 1 2 0 1 1
0 16 0.16 2 6 4 1 0 1 2 1 2 320 2 0
1 25 12.5 2 6 4 3 1 0 0 1 1 20 1 1
0 23 1.83 2 5 3 0 0 1 1 0 2 200 54 0
1 31.57 3 1 3 5 7 0 0 0 0 2 0 2 0
1 48.17 3.5 2 6 4 3.5 1 0 0 0 1 230 1 1
0 28.75 3.75 2 8 4 1.085 1 1 1 1 2 371 1 1
1 28.25 5.04 1 8 5 1.5 1 1 8 1 2 144 8 1
1 48.33 12 2 7 4 16 1 0 0 0 1 110 1 1
1 26.67 4.25 2 13 4 4.29 1 1 1 1 2 120 1 1
0 15.83 0.58 2 8 8 1.5 1 1 2 0 2 100 1 1
0 50.08 12.54 2 6 4 2.29 1 1 3 1 2 156 1 1
1 25 11.25 2 8 4 2.5 1 1 17 0 2 200 1209 1
0 28.17 0.58 2 6 4 0.04 0 0 0 0 2 260 1005 0
0 22.42 11.25 1 14 8 0.75 1 1 4 0 2 0 322 1
0 41 2.04 1 11 8 0.125 1 1 23 1 2 455 1237 1
0 44.33 0 2 8 4 2.5 1 0 0 0 2 0 1 1
1 26.17 0.83 2 13 4 1.165 0 0 0 0 2 100 1 0
0 22.83 2.29 2 11 8 2.29 1 1 7 1 2 140 2385 1
1 31.57 10.5 2 14 4 6.5 1 0 0 0 2 0 1 1
1 28.75 1.5 1 8 4 1.5 1 0 0 1 2 0 226 0
1 23.17 0 2 13 4 0.085 1 0 0 0 2 0 1 1
0 22.5 8.5 2 11 4 1.75 1 1 10 0 2 80 991 0
1 18.67 5 2 11 4 0.375 1 1 2 0 2 0 39 0
1 26.17 12.5 1 4 8 1.25 0 0 0 1 2 0 18 0
1 18.07 6.75 1 7 4 0.04 0 0 0 0 2 140 1 0
1 56 12.5 2 4 8 8 1 0 0 1 2 24 2029 1
1 34.08 0.08 1 7 5 0.04 1 1 1 1 2 280 2001 1
0 22.42 11.25 1 14 8 0.75 1 1 4 0 2 0 322 1
1 28.25 5.04 1 8 5 1.5 1 1 8 1 2 144 8 1
1 47.33 6.5 2 8 4 1 0 0 0 1 2 0 229 0
0 44.33 0 2 8 4 2.5 1 0 0 0 2 0 1 1
1 30.17 0.5 2 8 4 1.75 1 1 11 0 2 32 541 1
1 23.58 0.46 1 9 4 2.625 1 1 6 1 2 208 348 0
0 44.17 6.66 2 11 4 7.375 1 1 3 1 2 0 1 1
0 18.92 9.25 1 8 4 1 1 1 4 1 2 80 501 1
1 35.17 2.5 2 4 4 4.5 1 1 7 0 2 150 1271 1
0 27.67 1.5 2 7 4 2 1 0 0 0 1 368 1 0
0 20.07 0.12 2 11 4 1 0 1 1 0 2 240 769 1
0 38.75 1.5 2 1 1 0 0 0 0 0 2 76 1 0
1 31.08 3.08 2 8 4 2.5 0 1 2 1 2 160 42 0
1 23.92 0.66 2 8 4 0.165 0 0 0 0 2 100 1 1
0 18.82 4.41 1 8 8 3 1 0 0 0 2 240 1 1
0 49.83 13.58 2 4 8 8.5 1 0 0 1 2 0 1 1
0 24.75 13.66 2 11 8 1.5 0 0 0 0 2 280 2 0
1 25.67 0.28 1 8 4 1.5 0 0 0 1 2 160 1 0
1 25.75 0.75 2 8 5 0.25 1 0 0 0 2 349 24 1
0 57.58 2 2 1 1 6.5 0 1 1 0 2 0 11 0
1 23.75 12 2 8 4 2.085 0 0 0 0 1 80 1 0
1 62.75 7 2 10 9 0 0 0 0 0 2 0 13 0
0 28.17 0.37 2 11 4 0.585 1 1 4 0 2 80 1 1
1 25.08 1.71 2 14 4 1.665 1 1 1 1 2 395 21 1
1 29.67 1.41 2 9 8 0.75 1 1 1 0 2 240 101 1
1 23.42 0.58 2 8 8 0.085 1 0 0 0 2 180 1 0
1 51.83 2.04 1 1 1 1.5 0 0 0 0 2 120 2 0
1 20.67 1.25 1 8 8 1.375 1 1 3 1 2 140 211 0
1 29.25 13 2 2 8 0.5 0 0 0 0 2 228 1 0
1 37.5 0.83 2 10 4 0.04 0 0 0 0 2 120 6 0

