1 23.42 0.58 2 8 8 0.085 1 0 0 0 2 180 1 0
0 18.57 10 2 2 4 0.415 0 0 0 0 2 80 43 0
1 23.25 1 2 8 4 0.835 1 0 0 0 1 300 1 1
1 31.57 0.37 2 2 4 0.875 1 0 0 1 1 928 1 0
1 20.5 2.41 2 8 4 2 1 1 11 1 2 200 3001 1
1 29.58 4.75 2 7 4 2 0 1 1 1 2 460 69 0
1 35.25 16.5 1 8 4 4 1 0 0 0 2 80 1 0
1 19.67 10 1 4 8 0.835 1 0 0 1 2 140 1 0
1 23.33 1.5 2 8 8 1.415 1 0 0 0 2 422 201 1
1 36.33 3.79 2 9 4 1.165 1 0 0 1 2 200 1 0
1 44.25 11 1 2 4 1.5 1 0 0 0 1 0 1 0
1 21.92 0.5 2 8 4 0.125 0 0 0 0 2 360 1 0
1 36.33 2.12 1 9 4 0.085 1 1 1 0 2 50 1188 1
0 20.42 7.5 2 4 4 1.5 1 1 1 0 2 160 235 1
1 21.17 0.25 1 8 8 0.25 0 0 0 0 2 280 205 0
0 33.08 1.62 2 2 4 0.54 0 0 0 1 2 0 1 0
1 16 3.12 2 9 4 0.085 0 1 1 0 2 0 7 0
0 37.33 2.5 2 3 8 0.21 0 0 0 0 2 260 247 0
0 20.42 10.5 1 14 8 0 0 0 0 1 2 154 33 0
1 23.42 0.58 2 8 8 0.085 1 0 0 0 2 180 1 0
1 48.33 12 2 7 4 16 1 0 0 0 1 110 1 1
1 22.67 0.75 2 3 4 1.585 0 1 1 1 2 400 10 0
0 28.17 0.37 2 11 4 0.585 1 1 4 0 2 80 1 1
1 32.33 2.5 2 8 4 1.25 0 0 0 1 2 280 1 0
0 51.92 6.5 2 3 5 3.085 0 0 0 1 2 73 1 0
1 23.08 11.5 2 3 4 3.5 1 1 9 0 2 56 743 1
0 27.25 0.28 2 7 8 0.125 0 1 1 1 2 272 109 0
0 23.58 0.83 2 11 4 0.415 0 1 1 1 2 200 12 0
1 23.17 0 2 8 4 0 0 0 0 0 3 184 1 1
1 36.67 4.41 1 4 4 0.25 1 1 10 1 2 320 1 1
1 36.17 5.5 2 3 5 5 0 0 0 0 2 210 688 0
1 26 1 2 11 4 1.75 1 0 0 1 2 280 1 1
1 33.17 1 2 14 4 0.75 1 1 7 1 2 340 4072 1
0 28.67 1.04 2 8 4 2.5 1 1 5 1 2 300 1431 1
0 18.25 10 2 9 4 1 0 1 1 0 2 120 2 0
1 52.42 1.5 2 2 4 3.75 0 0 0 1 2 0 351 0
1 37.33 2.66 2 13 4 0.165 0 0 0 1 2 0 502 0
1 19.5 9.58 2 6 4 0.79 0 0 0 0 2 80 351 0
1 59.67 1.54 2 11 4 0.125 1 0 0 1 2 260 1 1
1 38.25 10.12 1 4 4 0.125 0 0 0 0 2 160 1 0
0 20.75 10.25 2 11 4 0.71 1 1 2 1 2 49 1 1
1 22.92 3.16 1 8 4 0.165 0 0 0 0 2 160 1059 0
1 19.32 10.91 2 8 5 0.585 0 1 2 1 2 200 8 0
1 20.67 0.83 1 8 4 2 0 0 0 1 1 240 1 0
1 31.33 19.5 2 8 4 7 1 1 16 0 2 0 5001 1
0 45.33 1 2 11 4 0.125 0 0 0 1 2 263 1 0
1 28 2 2 4 8 4.165 1 1 2 1 2 181 1 1
0 44.17 6.66 2 11 4 7.375 1 1 3 1 2 0 1 1
1 25 12 2 4 4 2.25 1 1 2 1 2 120 6 0
0 23.25 5.87 2 11 4 3.17 1 1 10 0 2 120 246 1
1 19.67 10 1 4 8 0.835 1 0 0 1 2 140 1 0
1 35.75 2.41 2 9 4 0.125 0 1 2 0 2 220 2 0
1 20.67 1.25 1 8 8 1.375 1 1 3 1 2 140 211 0
0 24.75 3 2 11 8 1.835 1 1 19 0 2 0 501 1
0 35.75 0.91 2 6 4 0.75 1 1 4 0 2 0 1584 1
1 34.08 6.5 2 6 4 0.125 1 0 0 1 2 443 1 0
1 24.42 12.33 2 11 8 1.585 1 0 0 1 2 120 1 1
0 56.83 4.25 1 1 1 5 0 0 0 1 2 0 5 0
1 35.17 4.5 2 14 8 5.75 0 0 0 1 1 711 1 1
1 39.17 1.71 2 14 4 0.125 1 1 5 1 2 480 1 1
0 32.33 0.54 2 13 4 0.04 1 0 0 0 2 440 11178 1
1 34.08 6.5 2 6 4 0.125 1 0 0 1 2 443 1 0
1 21.92 0.5 2 8 4 0.125 0 0 0 0 2 360 1 0
0 23.58 0.58 1 1 1 0.125 0 0 0 0 2 120 88 0
1 37.5 1.12 1 2 4 1.5 0 0 0 1 2 431 1 1
1 23.42 1 2 8 4 0.5 0 0 0 1 1 280 1 0
1 23.42 0.58 2 8 8 0.085 1 0 0 0 2 180 1 0
0 64.08 0.16 2 1 1 0 1 1 1 0 2 232 101 1
0 18.82 9.53 2 6 4 0.085 1 0 0 0 2 100 1 1
0 18.82 4.41 1 8 8 3 1 0 0 0 2 240 1 1
0 17.92 10.21 2 1 1 0 0 0 0 0 2 0 51 0
1 21.83 11 2 14 4 0.29 1 1 6 0 2 121 1 1
1 22 0.79 2 9 4 0.29 0 1 1 0 2 420 284 0
1 47.33 6.5 2 8 4 1 0 0 0 1 2 0 229 0
1 25.08 1.71 2 14 4 1.665 1 1 1 1 2 395 21 1
1 18.82 0 2 11 4 0.665 0 0 0 0 2 160 2 0
1 42.83 4.62 2 11 4 4.58 1 0 0 0 1 0 1 1
0 50.08 12.54 2 6 4 2.29 1 1 3 1 2 156 1 1
0 33.08 4.62 2 11 8 1.625 1 1 2 0 2 0 1 1
0 24.33 2.5 1 3 5 4.5 0 0 0 0 2 200 457 0
1 39.92 6.21 2 11 4 0.04 1 1 1 0 2 200 301 1
1 21.5 9.75 2 8 4 0.25 1 0 0 0 2 140 1 0
1 63.33 0.54 2 8 4 0.585 1 1 3 1 2 180 1 0
1 47.67 0.28 2 8 5 15 1 1 20 0 2 0 15001 1
1 34.75 15 2 12 7 5.375 1 1 9 1 2 0 135 1
1 20.42 1.08 2 11 4 1.5 0 0 0 0 2 108 8 0
1 13.75 4 1 9 4 1.75 1 1 2 1 2 120 1001 1
1 30.17 0.5 2 8 4 1.75 1 1 11 0 2 32 541 1
1 13.75 4 1 9 4 1.75 1 1 2 1 2 120 1001 1
0 69.5 6 2 1 1 0 0 0 0 0 1 0 1 0
0 29.58 1.75 1 4 4 1.25 0 0 0 1 2 280 1 0
1 23 0.75 2 7 4 0.5 0 0 0 1 1 320 1 0
1 41.17 1.25 1 9 4 0.25 0 0 0 0 2 0 196 0
0 50.25 0.83 2 6 4 0.5 0 0 0 1 2 240 118 0
1 40 6.5 2 6 5 3.5 1 1 1 0 2 0 501 1
1 29.42 1.25 2 8 8 0.25 0 1 2 1 2 400 109 0
1 36.17 5.5 2 3 5 5 0 0 0 0 2 210 688 0
1 23.42 0.58 2 8 8 0.085 1 0 0 0 2 180 1 0
1 52.33 1.37 1 8 8 9.46 1 0 0 1 2 200 101 0
1.234 22.08 11.46 2 4 4 1.585 0 0 0 1 2 100 1213 0
1 32.33 3.5 2 4 4 0.5 0 0 0 1 2 232 1 0
0 20.42 0.83 2 11 4 1.585 1 1 1 0 2 0 1 1
1 26.67 4.25 2 13 4 4.29 1 1 1 1 2 120 1 1
1 20.67 1.25 1 8 8 1.375 1 1 3 1 2 140 211 0
1 37.33 6.5 2 7 8 4.25 1 1 12 1 2 93 1 1
1 36.08 2.54 2 1 1 0 0 0 0 0 2 0 1001 0
1 69.17 9 2 1 1 4 0 1 1 0 2 70 7 0
1 29.42 1.25 2 8 8 0.25 0 1 2 1 2 400 109 0
0 19.67 0.21 2 11 8 0.29 1 1 11 0 2 80 100 1
1 48.75 26.33 1 1 1 0 1 0 0 1 2 0 1 0
1 59.67 1.54 2 11 4 0.125 1 0 0 1 2 260 1 1
0 17.92 10.21 2 1 1 0 0 0 0 0 2 0 51 0
1 25.67 12.5 2 13 4 1.21 1 1 67 1 2 140 259 1
1 21.83 11 2 14 4 0.29 1 1 6 0 2 121 1 1
1 16.07 0.75 2 8 4 1.75 1 1 5 1 2 352 691 1
0 28.5 1 2 11 4 1 1 1 2 1 2 167 501 0
1 18.82 0 2 11 4 0.665 0 0 0 0 2 160 2 0
1 29.58 4.5 2 9 4 7.5 1 1 2 1 2 330 1 1
0 18.42 9.25 2 11 4 1.21 1 1 4 0 2 60 541 1
1 19.17 9.5 2 9 4 1.5 1 0 0 0 2 120 2207 1
0 71.58 0 2 8 4 0 0 0 0 0 3 184 1 1
1 25 11.25 2 8 4 2.5 1 1 17 0 2 200 1209 1
0 20.42 0.83 2 11 4 1.585 1 1 1 0 2 0 1 1
0 17.32 9.5 2 6 4 1.75 0 1 10 1 2 0 11 0
1 26.75 1.12 2 14 8 1.25 1 0 0 0 2 0 5299 1
0 49 1.5 2 5 3 0 1 0 0 1 2 100 28 0
0 25 12.33 2 13 8 3.5 1 1 6 0 2 400 459 1
1 34.83 2.5 1 9 4 3 0 0 0 0 1 200 1 0
1 15.17 7 2 10 4 1 0 0 0 0 2 600 1 0
1 25.42 0.54 2 9 4 0.165 0 1 1 0 2 272 445 0
1 30.17 6.5 2 13 4 3.125 1 1 8 0 2 330 1201 1
0 23.58 0.58 1 1 1 0.125 0 0 0 0 2 120 88 0
1 36.67 3.25 2 11 8 9 1 0 0 1 2 102 640 1
0 36.58 0.28 2 1 1 0 0 1 10 0 2 200 19 0
0 25.25 13.5 1 1 1 2 0 1 1 1 2 200 2 0
1 31.83 0.04 1 7 4 0.04 0 0 0 0 2 0 1 0
1 27.58 2.04 1 6 4 2 1 1 3 1 2 370 561 1
1 37.33 2.66 2 13 4 0.165 0 0 0 1 2 0 502 0
1 48.08 6.04 2 4 4 0.04 0 0 0 0 2 0 2691 1
1 26.67 1.75 1 8 4 1 1 1 5 1 2 160 5778 1
0 21.67 11.5 1 5 3 0 1 1 11 1 2 0 1 1
1 23.58 1.79 2 8 4 0.54 0 0 0 1 2 136 2 0
1 32.25 14 1 1 1 0 0 1 2 0 2 160 2 0
0 16.07 0.33 2 1 1 0 0 1 1 0 2 160 127 0
0 32 6 2 2 4 1.25 0 0 0 0 2 272 1 0
1 39.92 5 2 3 5 0.21 0 0 0 0 2 550 1 0
0 38.25 6 2 4 4 1 1 0 0 1 2 0 1 1
1 36.25 5 2 8 5 2.5 1 1 6 0 2 0 368 1
0 22.5 8.5 2 11 4 1.75 1 1 10 0 2 80 991 0
0 49.83 13.58 2 4 8 8.5 1 0 0 1 2 0 1 1
0 25.75 0.5 2 8 8 0.875 1 0 0 1 2 491 1 1
0 20.67 3 2 11 4 0.165 1 1 3 0 2 100 7 1
0 19.17 5.41 2 3 8 0.29 0 0 0 0 2 80 485 0
1 17.07 3.29 2 3 4 0.335 0 0 0 1 2 140 3 0
1 26.17 0.25 2 3 5 0 1 0 0 1 2 0 1 1
0 19.5 0.16 2 11 4 0.04 0 0 0 1 2 380 1 0
0 47.75 8 2 8 4 7.875 1 1 6 1 2 0 1261 1
1 21.33 10.5 2 8 4 3 1 0 0 1 2 0 1 1
1 26.67 4.25 2 13 4 4.29 1 1 1 1 2 120 1 1
0 24.75 12.5 2 6 4 1.5 1 1 12 1 2 120 568 1
0 22.42 5.66 2 11 4 2.585 1 1 7 0 2 129 3258 1
1 32.67 5.5 2 11 8 5.5 1 1 12 1 2 408 1001 1
0 19.67 0.21 2 11 8 0.29 1 1 11 0 2 80 100 1
1 20 7 2 8 4 0.5 0 0 0 0 2 0 1 0
1 42.75 3 2 3 5 1 1 0 0 0 2 0 201 0
1 23 0.75 2 7 4 0.5 0 0 0 1 1 320 1 0
0 35.75 0.91 2 6 4 0.75 1 1 4 0 2 0 1584 1
1 28.75 1.16 2 4 4 0.5 1 0 0 0 1 280 1 0
0 39.08 4 2 8 4 3 0 0 0 0 2 480 1 0
1 22.67 0.75 2 3 4 1.585 0 1 1 1 2 400 10 0
1 27.25 1.58 2 13 8 1.835 1 1 12 1 2 583 714 1
0 24.5 1.75 1 8 4 0.165 0 0 0 0 2 132 1 0
0 22.92 1.25 2 11 4 0.25 0 0 0 1 2 120 810 0
1 17.07 3.29 2 3 4 0.335 0 0 0 1 2 140 3 0
1 30.83 0 2 9 4 1.25 1 1 1 0 2 202 1 1
0 20.42 7.5 2 4 4 1.5 1 1 1 0 2 160 235 1
1 35.17 4.5 2 14 8 5.75 0 0 0 1 1 711 1 1
0 52.17 0 1 1 1 0 0 0 0 0 2 0 1 0
1 33.58 0.33 1 13 4 0.085 0 0 0 0 2 180 1 0
1 42 9.78 2 14 8 7.96 1 1 8 0 2 0 1 1
1 33.17 3.16 1 14 4 3.165 1 1 3 1 2 380 1 1
1 35.17 2.5 2 4 4 4.5 1 1 7 0 2 150 1271 1
1 31.33 19.5 2 8 4 7 1 1 16 0 2 0 5001 1
1 34 5.08 1 3 5 1.085 0 0 0 1 2 480 1 0
0 18.82 9.5 2 9 4 1.625 1 1 6 1 2 40 601 1
1 44.33 0.5 2 3 8 5 1 0 0 1 2 320 1 1
1 40.25 21.5 2 10 9 20 1 1 11 0 2 0 1201 1
0 29.5 1.08 1 14 4 1 0 0 0 0 2 280 14 0
1 39.92 5 2 3 5 0.21 0 0 0 0 2 550 1 0
0 24.5 12.75 2 8 5 4.75 1 1 2 0 2 73 445 1
1 20.67 1.25 1 8 8 1.375 1 1 3 1 2 140 211 0
0 52.83 15 2 8 4 5.5 1 1 14 0 2 0 2201 1
1 23.08 11.5 2 3 4 3.5 1 1 9 0 2 56 743 1
1 18.67 5 2 11 4 0.375 1 1 2 0 2 0 39 0
0 16.32 0.21 2 6 4 0.125 0 0 0 0 2 200 2 0
0 24.75 12.5 2 6 4 1.5 1 1 12 1 2 120 568 1
1 29.5 0.57 2 9 4 0.29 0 1 1 0 2 340 2804 0
1 29.58 4.75 2 7 4 2 0 1 1 1 2 460 69 0
0 25.75 0.5 2 8 8 0.875 1 0 0 1 2 491 1 1
1 34.42 4.25 2 3 5 3.25 1 1 2 0 2 274 611 1
0 28.08 15 1 10 9 0 1 0 0 0 2 0 13213 1
1 34.08 6.5 2 6 4 0.125 1 0 0 1 2 443 1 0
1 31.42 15.5 2 8 4 0.5 1 0 0 0 2 120 1 0
1 27.25 1.66 2 13 8 5.085 1 1 9 0 2 399 828 1
1 23.25 12.62 2 8 4 0.125 0 1 2 0 2 0 5553 0
1 27.75 0.58 1 13 4 0.25 1 1 2 0 2 260 501 1
1 54.33 6.75 2 8 8 2.625 1 1 11 1 2 0 285 1
1 60.08 14.5 2 1 1 18 1 1 15 1 2 0 1001 1
1 26.17 0.25 2 3 5 0 1 0 0 1 2 0 1 1
1 16 3.12 2 9 4 0.085 0 1 1 0 2 0 7 0
0 45.33 1 2 11 4 0.125 0 0 0 1 2 263 1 0
1 25 12.5 2 6 4 3 1 0 0 1 1 20 1 1
0 24.83 4.5 2 9 4 1 0 0 0 1 2 360 7 0
1 64.08 20 2 14 8 17.5 1 1 9 1 2 0 1001 1
1 57.42 8.5 2 10 8 7 1 1 3 0 2 0 1 1
1 34.17 2.75 2 3 5 2.5 0 0 0 1 2 232 201 0
1 18.07 5.5 2 4 4 0.5 1 0 0 0 2 80 1 1
1 22.67 2.54 1 8 8 2.585 1 0 0 0 2 0 1 1
0 38.75 1.5 2 1 1 0 0 0 0 0 2 76 1 0
0 27.25 0.28 2 7 8 0.125 0 1 1 1 2 272 109 0
0 28.5 1 2 11 4 1 1 1 2 1 2 167 501 0
0 28.17 0.37 2 11 4 0.585 1 1 4 0 2 80 1 1
1 39.92 6.21 2 11 4 0.04 1 1 1 0 2 200 301 1
1 23.92 1.5 2 2 8 1.875 1 1 6 0 2 200 328 1
1 30.83 0 2 9 4 1.25 1 1 1 0 2 202 1 1
1 32.92 2.5 2 6 4 1.75 0 1 2 1 2 720 1 0
0 32 6 2 2 4 1.25 0 0 0 0 2 272 1 0
1 47.67 0.28 2 8 5 15 1 1 20 0 2 0 15001 1
1 26.75 2 2 2 4 0.75 0 0 0 1 2 80 1 0
0 58.67 4.46 2 11 8 3.04 1 1 6 0 2 43 561 1
1 21.92 0.54 1 14 4 0.04 1 1 1 1 2 840 60 1
1 43.25 25.21 2 11 8 0.21 1 1 1 0 2 760 91 0
0 37.33 2.5 2 3 8 0.21 0 0 0 0 2 260 247 0
1 26.67 2.71 1 13 4 5.25 1 1 1 0 2 211 1 1
1 24.58 12.5 2 9 4 0.875 1 0 0 1 2 260 1 0
1 21.92 0.5 2 8 4 0.125 0 0 0 0 2 360 1 0
0 40.83 3.5 2 3 5 0.5 0 0 0 0 1 1160 1 0
1 27.25 0.62 2 6 4 0.455 1 0 0 1 2 200 1 0
0 58.33 10 2 11 4 4 1 1 14 0 2 0 1603 1
1 33.17 1 2 14 4 0.75 1 1 7 1 2 340 4072 1
0 27.17 1.25 2 1 1 0 0 1 1 0 2 92 301 0
1 29.25 14.79 2 6 4 5.04 1 1 5 1 2 168 1 1
1 24.58 1.25 2 8 4 0.25 0 0 0 0 2 110 1 0
1 25.42 0.54 2 9 4 0.165 0 1 1 0 2 272 445 0
0 25.17 2.87 2 14 8 0.875 1 0 0 0 2 360 1 1
1 29.42 1.25 2 8 8 0.25 0 1 2 1 2 400 109 0
1 31.58 0.75 1 6 4 3.5 0 0 0 1 2 320 1 0
1 26.75 1.12 2 14 8 1.25 1 0 0 0 2 0 5299 1
1 35.25 16.5 1 8 4 4 1 0 0 0 2 80 1 0
1 36.08 2.54 2 1 1 0 0 0 0 0 2 0 1001 0
1 23.92 0.66 2 8 4 0.165 0 0 0 0 2 100 1 1
0 18.42 9.25 2 11 4 1.21 1 1 4 0 2 60 541 1
1 24.58 1.25 2 8 4 0.25 0 0 0 0 2 110 1 0
1 25.67 3.25 2 8 8 2.29 0 1 1 1 2 416 22 0
0 52.83 15 2 8 4 5.5 1 1 14 0 2 0 2201 1
1 42.75 3 2 3 5 1 1 0 0 0 2 0 201 0
1 31.08 3.08 2 8 4 2.5 0 1 2 1 2 160 42 0
1 26.17 0.83 2 13 4 1.165 0 0 0 0 2 100 1 0
1 23.92 1.5 2 2 8 1.875 1 1 6 0 2 200 328 1
0 22.67 0.79 2 3 4 0.085 0 0 0 0 2 144 1 0
1 39.17 2.5 1 3 8 10 0 0 0 1 1 200 1 0
1 29.58 4.75 2 7 4 2 0 1 1 1 2 460 69 0
1 31.57 4 2 14 4 5 1 1 3 1 2 290 2280 1
0 22.42 11.25 1 14 8 0.75 1 1 4 0 2 0 322 1
1 65.42 11 2 10 9 20 1 1 7 1 2 22 1 1
0 26.5 2.71 1 8 4 0.085 0 0 0 0 1 80 1 0
1 31.57 0.04 1 2 4 4.25 0 0 0 1 2 460 1 0
1 31 2.08 2 8 4 0.085 0 0 0 0 2 300 1 0
1 54.83 15.5 2 10 9 0 1 1 20 0 2 152 131 0
0 41 2.04 1 11 8 0.125 1 1 23 1 2 455 1237 1
1 45 8.5 2 13 8 14 1 1 1 1 2 88 2001 1
1 35 3.37 2 8 8 8.29 0 0 0 1 2 0 1 0
1 34.92 2.5 2 9 4 0 1 0 0 1 2 239 201 1
1 29.25 14.79 2 6 4 5.04 1 1 5 1 2 168 1 1
1 22 7.83 1 3 5 0.165 0 0 0 1 2 184 1 0
1 29.58 4.5 2 9 4 7.5 1 1 2 1 2 330 1 1

