0 45.33 1 2 11 4 0.125 0 0 0 1 2 263 1 0
1 21.58 0.79 1 13 4 0.665 0 0 0 0 2 160 1 0
1 23.17 11.12 2 14 8 0.46 1 1 1 0 2 100 1 1
1 26.83 0.54 2 4 1 0 0 0 0 0 2 100 1 0
1 36.33 2.12 1 9 4 0.085 1 1 1 0 2 50 1188 1
1 19 0 1 1 1 0 0 1 4 0 2 45 2 0
1 48.17 3.5 2 6 4 3.5 1 0 0 0 1 230 1 1
1.234 22.08 11.46 2 4 4 1.585 0 0 0 1 2 100 1213 0
1 19.17 0 1 7 5 0 0 0 0 1 1 500 2 1
1 27 1.5 1 9 4 0.375 1 0 0 1 2 260 1066 1
1 26.67 2.71 1 13 4 5.25 1 1 1 0 2 211 1 1
1 27 0.75 2 8 8 4.25 1 1 3 1 2 312 151 1
1 23 0.75 2 7 4 0.5 1 0 0 1 1 320 1 0
0 28.5 1 2 11 4 1 1 1 2 1 2 167 501 0
0 21.67 11.5 1 5 3 0 1 1 11 1 2 0 1 1
0 50.25 0.83 2 6 4 0.5 0 0 0 1 2 240 118 0
1 27.83 1.5 2 9 4 2.25 0 1 1 1 2 100 4 0
0 24.33 2.5 1 3 5 4.5 0 0 0 0 2 200 457 0
1 16.32 4.08 2 3 8 0.415 0 0 0 1 2 120 1 0
1 36.33 3.79 2 9 4 1.165 1 0 0 1 2 200 1 0
0 29.5 1.08 1 14 4 1 0 0 0 0 2 280 14 0
0 18.82 4.41 1 8 8 3 1 0 0 0 2 240 1 1
1 19.67 10 1 4 8 0.835 1 0 0 1 2 140 1 0
1 36.17 5.5 2 3 5 5 0 0 0 0 2 210 688 0
1 34.25 1.75 2 9 5 0.25 1 0 0 1 2 163 1 0
1 24.58 12.5 2 9 4 0.875 1 0 0 1 2 260 1 0
1 35.17 4.5 2 14 8 5.75 0 0 0 1 1 711 1 1
1 21 3 1 2 4 1.085 1 1 8 1 2 160 2 1
1 21 3 1 2 4 1.085 1 1 8 1 2 160 2 1
1 34.75 2.5 2 13 5 0.5 0 0 0 0 2 348 1 0
1 32.33 7.5 2 10 5 1.585 1 0 0 1 1 420 1 0
1 21.25 1.5 2 9 4 1.5 0 0 0 0 2 150 9 1
1 39.5 1.62 2 8 4 1.5 0 0 0 0 2 0 317 0
0 32.33 0.54 2 13 4 0.04 1 0 0 0 2 440 11178 1
0 22.5 8.5 2 11 4 1.75 1 1 10 0 2 80 991 0
0 30 5.29 2 10 2 2.25 1 1 5 1 2 99 501 1
1 34.25 3 2 13 8 7.415 1 0 0 1 2 0 1 1
1 29.92 1.83 2 8 8 4.335 1 0 0 0 2 260 201 1
1 25.83 12.83 2 13 4 0.5 0 0 0 0 2 0 3 0
0 27.58 3 2 7 4 2.79 0 1 1 1 2 280 11 0
1 42 9.78 2 14 8 7.96 1 1 8 0 2 0 1 1
0 23 1.83 2 5 3 0 0 1 1 0 2 200 54 0
0 22.83 2.29 2 11 8 2.29 1 1 7 1 2 140 2385 1
1 20.42 7 2 8 4 1.625 1 1 3 0 2 200 1392 1
1 22.67 2.54 1 8 8 2.585 1 0 0 0 2 0 1 1
1 23 0.75 2 7 4 0.5 1 0 0 1 1 320 1 0
1 39.17 2.5 1 3 8 10 0 0 0 1 1 200 1 0
1 39.42 1.71 1 7 4 0.165 0 0 0 0 1 400 1 0
1 36.75 0.12 1 8 4 1.5 0 0 0 1 2 232 114 1
0 38.75 1.5 2 1 1 0 0 0 0 0 2 76 1 0
1 25.25 1 2 6 4 0.5 0 0 0 0 2 200 1 0
1 33.17 3.04 1 8 8 2.04 1 1 1 1 2 180 18028 1
0 22.67 0.33 2 11 4 0.75 0 0 0 0 1 160 1 0
1 37.33 2.66 2 13 4 0.165 0 0 0 1 2 0 502 0
1 33.58 0.25 2 3 5 4 0 0 0 1 1 420 1 0
1 34 5.08 1 3 5 1.085 0 0 0 1 2 480 1 0
1 27.25 1.66 2 13 8 5.085 1 1 9 0 2 399 828 1
0 20.5 11.83 2 8 8 6 1 0 0 0 2 340 1 1
1 22.08 11 2 13 4 0.665 1 0 0 0 2 100 1 1
1 67.75 5.5 2 10 9 13 1 1 1 1 2 0 1 1
0 18.57 10 2 2 4 0.415 0 0 0 0 2 80 43 0
1 19 0 1 1 1 0 0 1 4 0 2 45 2 0
1 52.5 6.5 2 4 4 6.29 1 1 15 0 2 0 11203 1
0 26.17 2 2 5 3 0 0 0 0 1 2 276 2 0
1 30.75 1.58 2 2 4 0.585 0 0 0 1 1 0 1 0
1 59.67 1.54 2 11 4 0.125 1 0 0 1 2 260 1 1
1 48.17 3.5 2 6 4 3.5 1 0 0 0 1 230 1 1
1 29.83 3.5 2 8 4 0.165 0 0 0 0 2 216 1 0
1 37.33 2.66 2 13 4 0.165 0 0 0 1 2 0 502 0
1 40.92 0.83 2 1 1 0 1 0 0 0 2 130 2 0
0 31.57 11.25 2 1 1 0 0 0 0 0 2 184 5201 0
1 33.17 3.04 1 8 8 2.04 1 1 1 1 2 180 18028 1
0 22.5 0.41 2 3 4 0.335 0 0 0 1 1 144 1 0
1 16.17 0.04 2 8 4 0.04 0 0 0 0 2 0 1 1
0 18.82 9.53 2 6 4 0.085 1 0 0 0 2 100 1 1
1 23.33 1.5 2 8 8 1.415 1 0 0 0 2 422 201 1
0 24.5 12.75 2 8 5 4.75 1 1 2 0 2 73 445 1
0 71.58 0 2 8 4 0 0 0 0 0 3 184 1 1
1 38.92 1.75 2 4 4 0.5 0 0 0 1 2 300 3 0
1 52.42 1.5 2 2 4 3.75 0 0 0 1 2 0 351 0
0 64.08 0.16 2 1 1 0 1 1 1 0 2 232 101 1
1 35 3.37 2 8 8 8.29 0 0 0 1 2 0 1 0
1 32.42 3 2 2 4 0.165 0 0 0 1 2 120 1 0
1 27.58 3.25 1 11 8 5.085 0 1 2 1 2 369 2 0
1 32.25 14 1 1 1 0 0 1 2 0 2 160 2 0
1 22.92 0.17 2 7 4 0.085 0 0 0 0 1 0 1 0
1 21.08 10.08 1 10 8 1.25 0 0 0 0 2 260 1 0
1 22 7.83 1 3 5 0.165 0 0 0 1 2 184 1 0
1 18.07 6.75 1 7 4 0.04 0 0 0 0 2 140 1 0
1 23.08 11.5 2 3 4 3.5 1 1 9 0 2 56 743 1
1 37.5 1.75 1 8 5 0.25 1 0 0 1 2 164 401 0
0 19.75 0.75 2 8 4 0.795 1 1 5 1 2 140 6 0
0 47.75 8 2 8 4 7.875 1 1 6 1 2 0 1261 1
1 34.67 1.08 2 7 4 1.165 0 0 0 0 1 28 1 0
1 41 0.04 2 10 4 0.04 0 1 1 0 1 560 1 1
0 52.83 15 2 8 4 5.5 1 1 14 0 2 0 2201 1
1 19.67 10 1 4 8 0.835 1 0 0 1 2 140 1 0
1 28.25 5.12 2 14 4 4.75 1 1 2 0 2 420 8 1
1 34.5 4.04 1 3 5 8.5 1 1 7 1 2 195 1 1
1 20 7 2 8 4 0.5 0 0 0 0 2 0 1 0
1 35.17 4.5 2 14 8 5.75 0 0 0 1 1 711 1 1
1 16.17 0.04 2 8 4 0.04 0 0 0 0 2 0 1 1
0 25 11 1 6 4 4.5 1 0 0 0 2 120 1 0
0 71.58 0 2 8 4 0 0 0 0 0 3 184 1 1
0 22.58 10.75 2 11 4 0.415 1 1 5 1 2 0 561 1
0 33.25 2.5 1 8 4 2.5 0 0 0 1 2 0 3 0
0 37.33 2.5 2 3 8 0.21 0 0 0 0 2 260 247 0
0 24.75 12.5 2 6 4 1.5 1 1 12 1 2 120 568 1
0 40.83 10 2 11 8 1.75 1 0 0 0 2 29 838 1
0 24.75 12.5 2 6 4 1.5 1 1 12 1 2 120 568 1
1 21.92 0.54 1 14 4 0.04 1 1 1 1 2 840 60 1
1 63.33 0.54 2 8 4 0.585 1 1 3 1 2 180 1 0
0 33.17 2.25 1 13 4 3.5 0 0 0 1 2 200 142 0
1 22.75 11.5 2 3 4 0.415 0 0 0 0 2 0 1 0
0 22.92 1.25 2 11 4 0.25 0 0 0 1 2 120 810 0
1 39.17 1.62 2 8 4 1.5 1 1 10 0 2 186 4701 1
1 56.42 28 1 8 4 28.5 1 1 40 0 2 0 16 1
1 51.83 2.04 1 1 1 1.5 0 0 0 0 2 120 2 0
0 39.08 4 2 8 4 3 0 0 0 0 2 480 1 0
1 26.67 4.25 2 13 4 4.29 1 1 1 1 2 120 1 1
0 18.82 9.53 2 6 4 0.085 1 0 0 0 2 100 1 1
1 38.92 1.75 2 4 4 0.5 0 0 0 1 2 300 3 0
1 36.25 5 2 8 5 2.5 1 1 6 0 2 0 368 1
1 18.32 1.21 1 10 2 0 0 0 0 0 2 100 1 0
0 24.5 12.75 2 8 5 4.75 1 1 2 0 2 73 445 1
1 23.75 12 2 8 4 2.085 0 0 0 0 1 80 1 0
1 23.92 0.58 1 13 8 0.125 0 0 0 0 2 240 2 0
1 24.5 13.33 1 6 4 0.04 0 0 0 1 2 120 476 0
1 22.67 0.75 2 3 4 1.585 0 1 1 1 2 400 10 0
1 21 3 1 2 4 1.085 1 1 8 1 2 160 2 1
1 18.82 3.54 1 1 1 0 0 0 0 1 2 180 2 0
1 29.83 2.04 1 14 8 0.04 0 0 0 0 2 128 2 0
1 33.58 0.25 2 3 5 4 0 0 0 1 1 420 1 0
0 25.25 13.5 1 1 1 2 0 1 1 1 2 200 2 0
1 27.83 1 1 2 8 3 0 0 0 0 2 176 538 0
1 27 1.5 1 9 4 0.375 1 0 0 1 2 260 1066 1
0 33.08 1.62 2 2 4 0.54 0 0 0 1 2 0 1 0
0 19.75 0.75 2 8 4 0.795 1 1 5 1 2 140 6 0
1 43.08 0.37 1 8 4 0.375 1 1 8 1 2 300 163 1
0 38.58 5 2 13 4 13.5 1 0 0 1 2 980 1 0
1 20 7 2 8 4 0.5 0 0 0 0 2 0 1 0
1 21 3 1 2 4 1.085 1 1 8 1 2 160 2 1
1 26.92 2.25 2 3 5 0.5 0 0 0 1 2 640 4001 0
0 31.57 11.25 2 1 1 0 0 0 0 0 2 184 5201 0
1 36.17 0.42 1 9 4 0.29 0 0 0 1 2 309 3 0
1 24.58 1.25 2 8 4 0.25 0 0 0 0 2 110 1 0
1 31.57 4 1 3 4 0.085 0 0 0 1 2 411 1 0
1 31.57 4 1 3 4 0.085 0 0 0 1 2 411 1 0
1 22.67 0.16 2 8 3 2.25 0 0 0 1 1 0 1 1
0 26.08 8.66 2 6 4 1.415 1 0 0 0 2 160 151 1
1 56.75 12.25 2 7 4 1.25 1 1 4 1 2 200 1 1
1 25.58 0.33 2 4 8 3.5 0 0 0 1 2 340 1 0
0 28.08 15 1 10 9 0 1 0 0 0 2 0 13213 1
0 33.25 2.5 1 8 4 2.5 0 0 0 1 2 0 3 0
1 62.75 7 2 10 9 0 0 0 0 0 2 0 13 0
1 27.83 1 1 2 8 3 0 0 0 0 2 176 538 0
1 40.58 3.29 2 7 4 3.5 0 0 0 1 1 400 1 0
1 27.25 1.66 2 13 8 5.085 1 1 9 0 2 399 828 1
0 41.58 1.04 2 6 4 0.665 0 0 0 0 2 240 238 0
0 31.75 3 1 5 3 0 0 0 0 0 2 160 21 0
1 27.25 0.62 2 6 4 0.455 1 0 0 1 2 200 1 0
1 21.33 10.5 2 8 4 3 1 0 0 1 2 0 1 1
1 36.5 4.25 2 11 4 3.5 0 0 0 0 2 454 51 0
0 51.92 6.5 2 3 5 3.085 0 0 0 1 2 73 1 0
1 56.75 12.25 2 7 4 1.25 1 1 4 1 2 200 1 1
1 38.42 0.7 2 8 4 0.375 0 1 2 0 2 225 501 0
0 45.83 10.5 2 11 4 5 1 1 7 1 2 0 1 1
1 26 1 2 11 4 1.75 1 0 0 1 2 280 1 1
0 21.5 6 2 6 4 2.5 1 1 3 0 2 80 919 1
0 17.92 0.54 2 8 4 1.75 0 1 1 1 2 80 6 0
1 25.67 12.5 2 13 4 1.21 1 1 67 1 2 140 259 1
0 22.67 0.33 2 11 4 0.75 0 0 0 0 1 160 1 0
1 23.08 2.5 2 1 1 0.085 0 0 0 1 2 100 4209 0
1 13.75 4 1 9 4 1.75 1 1 2 1 2 120 1001 1
1 20.67 5.29 2 11 4 0.375 1 1 1 0 2 160 1 0
1 20.5 2.41 2 8 4 2 1 1 11 1 2 200 3001 1
1 29.83 3.5 2 8 4 0.165 0 0 0 0 2 216 1 0
1 23.17 11.12 2 14 8 0.46 1 1 1 0 2 100 1 1
0 24.08 0.5 2 11 8 1.25 1 1 1 0 2 0 679 1
0 23.25 5.87 2 11 4 3.17 1 1 10 0 2 120 246 1
0 33.08 1.62 2 2 4 0.54 0 0 0 1 2 0 1 0
1 48.75 8.5 2 8 8 12.5 1 1 9 0 2 181 1656 1
1 37.58 0 2 8 4 0 0 0 0 0 3 184 1 1
0 28.75 3.75 2 8 4 1.085 1 1 1 1 2 371 1 1
1 21.33 10.5 2 8 4 3 1 0 0 1 2 0 1 1
0 25.08 2.54 1 6 4 0.25 1 0 0 1 2 370 1 1
1 25.92 0.87 2 4 4 0.375 0 1 2 1 2 174 4 0
1 23.17 0 2 13 4 0.085 1 0 0 0 2 0 1 1
1 52.42 1.5 2 2 4 3.75 0 0 0 1 2 0 351 0
1 19.17 0 1 7 5 0 0 0 0 1 1 500 2 1
1 37.33 2.66 2 13 4 0.165 0 0 0 1 2 0 502 0
1 26.75 2 2 2 4 0.75 0 0 0 1 2 80 1 0
0 25.17 2.87 2 14 8 0.875 1 0 0 0 2 360 1 1
1 35 3.37 2 8 8 8.29 0 0 0 1 2 0 1 0
0 26.92 13.5 2 11 8 5 1 1 2 0 2 0 5001 1
0 71.58 0 2 8 4 0 0 0 0 0 3 184 1 1
1 34.75 15 2 12 7 5.375 1 1 9 1 2 0 135 1
1 34.17 2.75 2 3 5 2.5 0 0 0 1 2 232 201 0
1 29.42 1.25 2 8 8 0.25 0 1 2 1 2 400 109 0
0 20.42 10.5 1 14 8 0 0 0 0 1 2 154 33 0
1 36.33 2.12 1 9 4 0.085 1 1 1 0 2 50 1188 1
1 23.08 2.5 2 1 1 0.085 0 0 0 1 2 100 4209 0
1 25.42 0.54 2 9 4 0.165 0 1 1 0 2 272 445 0
0 20.75 10.25 2 11 4 0.71 1 1 2 1 2 49 1 1
1 28.67 9.33 2 11 8 5.665 1 1 6 0 2 381 169 1
1 39 5 2 13 4 3.5 1 1 10 1 2 0 1 1
1 26.17 0.25 2 3 5 0 1 0 0 1 2 0 1 1
1 31.67 0.83 2 14 4 1.335 1 1 8 1 2 303 3291 1
0 52.5 7 2 6 8 3 0 0 0 0 2 0 1 0
0 26.92 13.5 2 11 8 5 1 1 2 0 2 0 5001 1
0 33.25 3 1 6 4 2 0 0 0 0 2 180 1 0
1 35.17 2.5 2 4 4 4.5 1 1 7 0 2 150 1271 1
1 27 1.5 1 9 4 0.375 1 0 0 1 2 260 1066 1
0 28.5 3.04 1 14 8 2.54 1 1 1 0 2 70 1 1
1 20.42 0 2 8 4 0 0 0 0 0 3 184 1 0
0 20.67 1.83 2 11 4 2.085 1 1 5 0 2 220 2504 1
1 30.17 1.08 1 8 4 0.04 0 0 0 0 2 170 180 0
0 58.42 21 2 3 5 10 1 1 13 0 2 0 6701 1
1 22.17 12.12 2 8 4 3.335 0 1 2 1 2 180 174 0
1 20.67 0.41 2 8 4 0.125 0 0 0 0 2 0 45 0
1 30.75 1.58 2 2 4 0.585 0 0 0 1 1 0 1 0
1 80.25 5.5 2 8 4 0.54 1 0 0 0 2 0 341 0
1 13.75 4 1 9 4 1.75 1 1 2 1 2 120 1001 1
0 22.5 0.41 2 3 4 0.335 0 0 0 1 1 144 1 0
1 33.58 2.75 2 7 4 4.25 1 1 6 0 2 204 1 1
1 19.42 7.25 2 7 4 0.04 0 1 1 0 2 100 2 0
0 20.75 9.53 2 3 4 0.04 0 0 0 0 2 200 1001 0
1 27.58 3.25 1 11 8 5.085 0 1 2 1 2 369 2 0
0 22.25 1.25 1 1 1 3.25 0 0 0 0 2 280 1 0
0 22.25 1.25 1 1 1 3.25 0 0 0 0 2 280 1 0
0 44.33 0 2 8 4 2.5 1 0 0 0 2 0 1 1
1 21 4.79 1 9 4 2.25 1 1 1 1 2 80 301 1
0 30.25 5.5 2 4 4 5.5 0 0 0 1 1 100 1 0
0 30.42 1.37 2 9 8 0.04 0 1 3 0 2 0 34 0
1 20.07 0.25 2 11 4 0.125 0 0 0 0 2 200 1 0
1 34.17 1.54 2 13 4 1.54 1 1 1 1 2 520 50001 1
0 39.08 4 2 8 4 3 0 0 0 0 2 480 1 0
0 22.92 1.25 2 11 4 0.25 0 0 0 1 2 120 810 0
1 48.17 3.5 2 6 4 3.5 1 0 0 0 1 230 1 1
0 20.42 0.83 2 11 4 1.585 1 1 1 0 2 0 1 1
0 31.57 11.25 2 1 1 0 0 0 0 0 2 184 5201 0
1 32.92 2.5 2 6 4 1.75 0 1 2 1 2 720 1 0
0 25 12.33 2 13 8 3.5 1 1 6 0 2 400 459 1
1 28 3 2 9 4 0.75 0 0 0 1 2 300 68 0
1 24.58 1.25 2 8 4 0.25 0 0 0 0 2 110 1 0
1 36.17 18.12 2 9 4 0.085 0 0 0 0 2 320 3553 0
1 34.42 4.25 2 3 5 3.25 1 1 2 0 2 274 611 1
1 20.42 0 2 8 4 0 0 0 0 0 3 184 1 0
0 49.83 13.58 2 4 8 8.5 1 0 0 1 2 0 1 1
0 26.92 13.5 2 11 8 5 1 1 2 0 2 0 5001 1
1 29.42 1.25 2 8 8 0.25 0 1 2 1 2 400 109 0
1 52.33 1.37 1 8 8 9.46 1 0 0 1 2 200 101 0
1 25.75 0.75 2 8 5 0.25 1 0 0 0 2 349 24 1
1 16.32 2.75 2 6 4 0.665 0 1 1 0 2 80 22 0
1 20 1.25 1 4 4 0.125 0 0 0 0 2 140 5 0
1 36.17 5.5 2 3 5 5 0 0 0 0 2 210 688 0
1 35.75 2.41 2 9 4 0.125 0 1 2 0 2 220 2 0
0 51.92 6.5 2 3 5 3.085 0 0 0 1 2 73 1 0
1 33.58 0.33 1 13 4 0.085 0 0 0 0 2 180 1 0
0 57.58 2 2 1 1 6.5 0 1 1 0 2 0 11 0
0 17.32 9.5 2 6 4 1.75 0 1 10 1 2 0 11 0
0 49.83 13.58 2 4 8 8.5 1 0 0 1 2 0 1 1
1 34.17 2.75 2 3 5 2.5 0 0 0 1 2 232 201 0
1 43.25 25.21 2 11 8 0.21 1 1 1 0 2 760 91 0
1 33.17 3.16 1 14 4 3.165 1 1 3 1 2 380 1 1
1 21.92 0.54 1 14 4 0.04 1 1 1 1 2 840 60 1
0 33.25 3 1 6 4 2 0 0 0 0 2 180 1 0
1 43 0.28 1 13 8 1.75 1 1 8 0 2 100 376 1
1 80.25 5.5 2 8 4 0.54 1 0 0 0 2 0 341 0
1 18.42 10.41 1 6 4 0.125 1 0 0 0 2 120 376 0
1 47.67 0.28 2 8 5 15 1 1 20 0 2 0 15001 1
1 23.92 1.5 2 2 8 1.875 1 1 6 0 2 200 328 1
0 25.17 2.87 2 14 8 0.875 1 0 0 0 2 360 1 1
1 27.58 3.25 1 11 8 5.085 0 1 2 1 2 369 2 0
0 23.58 0.83 2 11 4 0.415 0 1 1 1 2 200 12 0
1 63.33 0.54 2 8 4 0.585 1 1 3 1 2 180 1 0

