0 22.92 1.25 2 11 4 0.25 0 0 0 1 2 120 810 0
1 21.67 1.16 1 4 4 2.5 1 1 1 0 2 180 21 0
0 23.25 5.87 2 11 4 3.17 1 1 10 0 2 120 246 1
0 25.75 0.5 2 8 8 0.875 1 0 0 1 2 491 1 1
1 19.57 0.58 2 1 1 0 0 1 3 0 2 350 770 0
0 28.17 0.58 2 6 4 0.04 0 0 0 0 2 260 1005 0
0 33.25 3 1 6 4 2 0 0 0 0 2 180 1 0
1 63.33 0.54 2 8 4 0.585 1 1 3 1 2 180 1 0
0 18.07 0.37 3 13 1 10 0 0 0 1 1 300 1 1
0 40.83 3.5 2 3 5 0.5 0 0 0 0 1 1160 1 0
1 38.92 1.75 2 4 4 0.5 0 0 0 1 2 300 3 0
1 34.92 5 2 14 8 7.5 1 1 6 1 2 0 1001 1
0 25 11 1 6 4 4.5 1 0 0 0 2 120 1 0
0 18.82 9.5 2 9 4 1.625 1 1 6 1 2 40 601 1
1 36.17 18.12 2 9 4 0.085 0 0 0 0 2 320 3553 0
1 13.75 4 1 9 4 1.75 1 1 2 1 2 120 1001 1
1 19 1.75 1 8 4 2.335 0 0 0 1 2 112 7 0
1 32.33 3.5 2 4 4 0.5 0 0 0 1 2 232 1 0
1 35.25 3.16 2 14 8 3.75 1 0 0 1 2 680 1 0
1 28.33 5 2 9 4 11 1 0 0 1 2 70 1 1
1 36.5 4.25 2 11 4 3.5 0 0 0 0 2 454 51 0
1 22.92 0.17 2 7 4 0.085 0 0 0 0 1 0 1 0
1 27 1.5 1 9 4 0.375 1 0 0 1 2 260 1066 1
0 18.42 9.25 2 11 4 1.21 1 1 4 0 2 60 541 1
1 23.25 1 2 8 4 0.835 1 0 0 0 1 300 1 1
0 22.92 11.58 2 13 4 0.04 1 0 0 0 2 80 1350 1
0 19.17 5.41 2 3 8 0.29 0 0 0 0 2 80 485 0
1 36.42 0.75 1 2 4 0.585 0 0 0 0 2 240 4 0
1 55.92 11.5 2 1 1 5 1 1 5 0 2 0 8852 1
0 24.5 1.04 1 1 1 0.5 1 1 3 0 2 180 148 0
1 36.42 0.75 1 2 4 0.585 0 0 0 0 2 240 4 0
0 27.67 1.5 2 7 4 2 1 0 0 0 1 368 1 0
1 36.33 2.12 1 9 4 0.085 1 1 1 0 2 50 1188 1
1 21.08 10.08 1 10 8 1.25 0 0 0 0 2 260 1 0
0 24.83 4.5 2 9 4 1 0 0 0 1 2 360 7 0
1 80.25 5.5 2 8 4 0.54 1 0 0 0 2 0 341 0
0 58.67 4.46 2 11 8 3.04 1 1 6 0 2 43 561 1
0 18.82 9.5 2 9 4 1.625 1 1 6 1 2 40 601 1
1 19.32 10.91 2 8 5 0.585 0 1 2 1 2 200 8 0
0 18.07 0.37 3 13 1 10 0 0 0 1 1 300 1 1
1 34.17 2.75 2 3 5 2.5 0 0 0 1 2 232 201 0
1 29.83 2.04 1 14 8 0.04 0 0 0 0 2 128 2 0
0 22.42 11.25 1 14 8 0.75 1 1 4 0 2 0 322 1
1 39.17 1.62 2 8 4 1.5 1 1 10 0 2 186 4701 1
1 36.67 3.25 2 11 8 9 1 0 0 1 2 102 640 1
1 32.92 2.5 2 6 4 1.75 0 1 2 1 2 720 1 0
0 24.75 13.66 2 11 8 1.5 0 0 0 0 2 280 2 0
0 30 5.29 2 10 2 2.25 1 1 5 1 2 99 501 1
1 23.08 11.5 2 3 4 3.5 1 1 9 0 2 56 743 1
1 20.17 9.25 2 8 4 1.665 1 1 3 1 2 40 29 1
1 32.33 3.5 2 4 4 0.5 0 0 0 1 2 232 1 0
0 23.75 0.71 2 9 4 0.25 0 1 1 1 2 240 5 0
1 43.08 0.37 1 8 4 0.375 1 1 8 1 2 300 163 1
0 32 6 2 2 4 1.25 0 0 0 0 2 272 1 0
1 27.25 0.62 2 6 4 0.455 1 0 0 1 2 200 1 0
0 33.75 0.75 2 4 5 1 1 1 3 1 2 212 1 0
0 17.57 9 2 6 4 1.375 1 0 0 1 2 0 1 1
1 20.42 0 2 8 4 0 0 0 0 0 3 184 1 0
0 18.82 9.5 2 9 4 1.625 1 1 6 1 2 40 601 1
1 33.67 2.16 2 8 4 1.5 0 0 0 0 3 120 1 0
0 33.92 1.58 1 1 1 0 1 0 0 0 2 320 1 0
0 20.32 10 2 8 8 1 1 1 4 0 2 50 1466 1
1 26.33 13 2 10 2 0 0 0 0 1 2 140 1111 0
1 23.42 0.58 2 8 8 0.085 1 0 0 0 2 180 1 0
0 68.67 15 2 10 9 0 1 1 14 0 2 0 3377 1
0 44.17 6.66 2 11 4 7.375 1 1 3 1 2 0 1 1
0 28.67 1.04 2 8 4 2.5 1 1 5 1 2 300 1431 1
0 20.42 7.5 2 4 4 1.5 1 1 1 0 2 160 235 1
0 25.08 2.54 1 6 4 0.25 1 0 0 1 2 370 1 1
0 52.83 15 2 8 4 5.5 1 1 14 0 2 0 2201 1
1 20.67 0.83 1 8 4 2 0 0 0 1 1 240 1 0
1 18.42 10.41 1 6 4 0.125 1 0 0 0 2 120 376 0
1 22.08 2.33 2 4 4 0.75 0 0 0 0 2 180 1 0
0 35.17 3.75 2 1 1 0 0 1 6 0 2 0 201 0
1 48.75 26.33 1 1 1 0 1 0 0 1 2 0 1 0
1 21.92 0.5 2 8 4 0.125 0 0 0 0 2 360 1 0
1 19.67 10 1 4 8 0.835 1 0 0 1 2 140 1 0
1 19.67 10 1 4 8 0.835 1 0 0 1 2 140 1 0
1 48.75 8.5 2 8 8 12.5 1 1 9 0 2 181 1656 1
0 25.33 2.08 2 8 8 2.75 1 0 0 1 2 360 2 0
1 33.17 3.04 1 8 8 2.04 1 1 1 1 2 180 18028 1
0 23.58 0.58 1 1 1 0.125 0 0 0 0 2 120 88 0
1 18.5 2 2 3 4 1.5 1 1 2 0 2 120 301 1
0 22.42 11.25 1 14 8 0.75 1 1 4 0 2 0 322 1
0 45 4.58 2 4 8 1 0 0 0 1 1 240 1 0
1 23.17 0 2 13 4 0.085 1 0 0 0 2 0 1 1
1 44.25 0.5 2 7 4 10.75 1 0 0 0 1 400 1 0
0 30.25 5.5 2 4 4 5.5 0 0 0 1 1 100 1 0
1 34.83 4 2 2 5 12.5 1 0 0 1 2 184 1 0
1 74.83 19 1 1 1 0.04 0 1 2 0 2 0 352 0
1 18.67 5 2 11 4 0.375 1 1 2 0 2 0 39 0
0 33.25 3 1 6 4 2 0 0 0 0 2 180 1 0
1 27.58 3.25 1 11 8 5.085 0 1 2 1 2 369 2 0
1 31.92 4.46 2 13 8 6.04 1 1 3 0 2 311 301 1
1 18.67 5 2 11 4 0.375 1 1 2 0 2 0 39 0
0 35.75 0.91 2 6 4 0.75 1 1 4 0 2 0 1584 1
1 32.83 2.5 2 13 8 2.75 1 1 6 0 2 160 2073 1
1 18.42 10.41 1 6 4 0.125 1 0 0 0 2 120 376 0
1 26.67 1.75 1 8 4 1 1 1 5 1 2 160 5778 1
1 21.17 0.25 1 8 8 0.25 0 0 0 0 2 280 205 0
0 21.08 5 1 1 1 0 0 0 0 0 2 0 1 0
1 21.92 0.5 2 8 4 0.125 0 0 0 0 2 360 1 0
1 36.5 4.25 2 11 4 3.5 0 0 0 0 2 454 51 0
1 18.17 2.46 2 8 7 0.96 0 1 2 1 2 160 588 0
0 16.32 0.21 2 6 4 0.125 0 0 0 0 2 200 2 0
0 24.5 1.75 1 8 4 0.165 0 0 0 0 2 132 1 0
1 33.17 1 2 14 4 0.75 1 1 7 1 2 340 4072 1
1 54.83 15.5 2 10 9 0 1 1 20 0 2 152 131 0
0 18.42 9.25 2 11 4 1.21 1 1 4 0 2 60 541 1
1 17.42 6.5 2 3 4 0.125 0 0 0 0 2 60 101 0
1 44.33 0.5 2 3 8 5 1 0 0 1 2 320 1 1
0 22.5 8.5 2 11 4 1.75 1 1 10 0 2 80 991 0
0 28.17 0.58 2 6 4 0.04 0 0 0 0 2 260 1005 0
0 25.17 2.87 2 14 8 0.875 1 0 0 0 2 360 1 1
0 32 6 2 2 4 1.25 0 0 0 0 2 272 1 0
1 30.75 1.58 2 2 4 0.585 0 0 0 1 1 0 1 0
1 29.58 4.5 2 9 4 7.5 1 1 2 1 2 330 1 1
1 21.83 0.25 2 2 8 0.665 1 0 0 1 2 0 1 1
1 34.25 1.75 2 9 5 0.25 1 0 0 1 2 163 1 0
1 37.17 4 2 8 5 5 1 0 0 1 1 280 1 0
1 23.25 4 2 8 5 0.25 1 0 0 1 2 160 1 1
1 13.75 4 1 9 4 1.75 1 1 2 1 2 120 1001 1
1 42.83 1.25 2 7 4 13.875 0 1 1 1 2 352 113 0
1 22.25 0.46 2 4 4 0.125 0 0 0 1 2 280 56 0
1 27.25 1.66 2 13 8 5.085 1 1 9 0 2 399 828 1
1 22.17 12.12 2 8 4 3.335 0 1 2 1 2 180 174 0
0 46 4 2 5 3 0 1 0 0 0 2 100 961 1
1 37.58 0 2 8 4 0 0 0 0 0 3 184 1 1
1 37.5 0.83 2 10 4 0.04 0 0 0 0 2 120 6 0
0 24.75 3 2 11 8 1.835 1 1 19 0 2 0 501 1
1 31.92 4.46 2 13 8 6.04 1 1 3 0 2 311 301 1
1 18.67 5 2 11 4 0.375 1 1 2 0 2 0 39 0
1 25 11.25 2 8 4 2.5 1 1 17 0 2 200 1209 1
1 67.75 5.5 2 10 9 13 1 1 1 1 2 0 1 1
1 22.92 3.16 1 8 4 0.165 0 0 0 0 2 160 1059 0
1 19 0 1 1 1 0 0 1 4 0 2 45 2 0
1 67.75 5.5 2 10 9 13 1 1 1 1 2 0 1 1
1 16.32 4.08 2 3 8 0.415 0 0 0 1 2 120 1 0
1 28.67 14.5 2 2 4 0.125 0 0 0 0 2 0 287 0
0 19.5 0.16 2 11 4 0.04 0 0 0 1 2 380 1 0
0 30 5.29 2 10 2 2.25 1 1 5 1 2 99 501 1
0 47.42 8 2 10 5 6.5 1 1 6 0 2 375 51101 1
0 22.92 1.25 2 11 4 0.25 0 0 0 1 2 120 810 0
1 56.75 12.25 2 7 4 1.25 1 1 4 1 2 200 1 1
1 31.57 0.04 1 2 4 4.25 0 0 0 1 2 460 1 0
1 54.42 0.5 1 4 8 3.96 1 0 0 0 2 180 315 1
1 32.25 14 1 1 1 0 0 1 2 0 2 160 2 0
1 34.83 2.5 1 9 4 3 0 0 0 0 1 200 1 0
0 35.75 0.91 2 6 4 0.75 1 1 4 0 2 0 1584 1
1 30.17 0.5 2 8 4 1.75 1 1 11 0 2 32 541 1
1 41.42 5 2 11 8 5 1 1 6 1 2 470 1 1
0 36.58 0.28 2 1 1 0 0 1 10 0 2 200 19 0
1 33.58 2.75 2 7 4 4.25 1 1 6 0 2 204 1 1
1 51.83 2.04 1 1 1 1.5 0 0 0 0 2 120 2 0
1 36.42 0.75 1 2 4 0.585 0 0 0 0 2 240 4 0
1 31.57 3 1 3 5 7 0 0 0 0 2 0 2 0
1 33.17 1 2 14 4 0.75 1 1 7 1 2 340 4072 1
1 41.5 1.54 2 3 5 3.5 0 0 0 0 2 216 1 1
1 31.08 1.5 1 9 4 0.04 0 0 0 0 1 160 1 0
0 18.92 9.25 1 8 4 1 1 1 4 1 2 80 501 1
0 22.5 8.5 2 11 4 1.75 1 1 10 0 2 80 991 0
1 30.83 0 2 9 4 1.25 1 1 1 0 2 202 1 1
0 21.67 11.5 1 5 3 0 1 1 11 1 2 0 1 1
1 23.08 0 2 4 4 1 0 1 11 0 1 0 1 0
0 22.25 1.25 1 1 1 3.25 0 0 0 0 2 280 1 0
1 48.33 12 2 7 4 16 1 0 0 0 1 110 1 1
1 30.17 0.5 2 8 4 1.75 1 1 11 0 2 32 541 1
1 31.57 0.62 2 4 4 0.25 0 0 0 0 2 380 2011 0
0 24.5 2.41 1 8 4 0 0 0 0 0 2 120 1 0
1 29.42 1.25 2 8 8 0.25 0 1 2 1 2 400 109 0
0 20.83 0.5 1 10 2 1 0 0 0 0 2 260 1 0
1 36.75 0.12 1 8 4 1.5 0 0 0 1 2 232 114 1
1 32.75 1.5 2 13 8 5.5 1 1 3 1 2 0 1 1
0 71.58 0 2 8 4 0 0 0 0 0 3 184 1 1
0 24.08 0.5 2 11 8 1.25 1 1 1 0 2 0 679 1
1 24.08 9 2 6 4 0.25 0 0 0 1 2 0 1 0
1 31 2.08 2 8 4 0.085 0 0 0 0 2 300 1 0
1 23 0.75 2 7 4 0.5 0 0 0 1 1 320 1 0
0 25 11 1 6 4 4.5 1 0 0 0 2 120 1 0
1 25.67 2.21 1 6 4 4 1 0 0 0 2 188 1 0
1 23.33 1.5 2 8 8 1.415 1 0 0 0 2 422 201 1
0 24.5 2.41 1 8 4 0 0 0 0 0 2 120 1 0
1 26.75 2 2 2 4 0.75 0 0 0 1 2 80 1 0
1 31.83 0.04 1 7 4 0.04 0 0 0 0 2 0 1 0
0 32.25 1.5 2 8 4 0.25 0 0 0 1 2 372 123 0
1 36.33 3.79 2 9 4 1.165 1 0 0 1 2 200 1 0
0 28.58 3.54 2 3 5 0.5 1 0 0 1 2 171 1 0
0 38.58 5 2 13 4 13.5 1 0 0 1 2 980 1 0
1 27.25 1.58 2 13 8 1.835 1 1 12 1 2 583 714 1
1 65.42 11 2 10 9 20 1 1 7 1 2 22 1 1
1 20 11.04 2 8 4 2 0 0 0 1 2 136 1 0
0 16.07 0.33 2 1 1 0 0 1 1 0 2 160 127 0
0 18.75 7.5 2 11 4 2.71 1 1 5 0 2 184 26727 1
1 36.67 4.41 1 4 4 0.25 1 1 10 1 2 320 1 1
1 18.07 6.75 1 7 4 0.04 0 0 0 0 2 140 1 0
0 30.42 1.37 2 9 8 0.04 0 1 3 0 2 0 34 0
1 34.17 9.17 2 8 4 4.5 1 1 12 1 2 0 222 1
0 57.58 2 2 1 1 6.5 0 1 1 0 2 0 11 0
0 20.42 7.5 2 4 4 1.5 1 1 1 0 2 160 235 1
1 19.17 0 1 7 5 0 0 0 0 1 1 500 2 1
1 54.83 15.5 2 10 9 0 1 1 20 0 2 152 131 0
0 23 1.83 2 5 3 0 0 1 1 0 2 200 54 0
1 18.67 5 2 11 4 0.375 1 1 2 0 2 0 39 0
1 22.67 0.16 2 8 3 2.25 0 0 0 1 1 0 1 1
1 24.5 13.33 1 6 4 0.04 0 0 0 1 2 120 476 0
1 27.25 0.62 2 6 4 0.455 1 0 0 1 2 200 1 0
1 54.42 0.5 1 4 8 3.96 1 0 0 0 2 180 315 1
0 23.58 0.83 2 11 4 0.415 0 1 1 1 2 200 12 0
1 27.58 2.04 1 6 4 2 1 1 3 1 2 370 561 1
0 25.17 2.87 2 14 8 0.875 1 0 0 0 2 360 1 1
0 20.67 3 2 11 4 0.165 1 1 3 0 2 100 7 1
0 27.17 1.25 2 1 1 0 0 1 1 0 2 92 301 0
0 22.83 2.29 2 11 8 2.29 1 1 7 1 2 140 2385 1
1 26.67 2.71 1 13 4 5.25 1 1 1 0 2 211 1 1
1 19.57 0.58 2 1 1 0 0 1 3 0 2 350 770 0
1 41.92 0.42 2 8 8 0.21 1 1 6 0 2 220 949 1
1 19.57 0.58 2 1 1 0 0 1 3 0 2 350 770 0
1 25.5 0.37 2 7 4 0.25 1 1 3 0 2 260 15109 1
1 27.83 1 1 2 8 3 0 0 0 0 2 176 538 0
1 27.58 3.25 1 11 8 5.085 0 1 2 1 2 369 2 0
1 19.5 9.58 2 6 4 0.79 0 0 0 0 2 80 351 0
1 62.75 7 2 10 9 0 0 0 0 0 2 0 13 0
1 36.17 0.42 1 9 4 0.29 0 0 0 1 2 309 3 0
1 37.42 2.04 2 9 4 0.04 1 0 0 1 2 400 5801 1
1 26.67 1.75 1 8 4 1 1 1 5 1 2 160 5778 1
0 20.83 0.5 1 10 2 1 0 0 0 0 2 260 1 0
1 42.75 4.08 2 6 4 0.04 0 0 0 0 2 108 101 0
0 45.83 10.5 2 11 4 5 1 1 7 1 2 0 1 1
0 19.17 5.41 2 3 8 0.29 0 0 0 0 2 80 485 0
1 32.33 3.5 2 4 4 0.5 0 0 0 1 2 232 1 0
1 56.42 28 1 8 4 28.5 1 1 40 0 2 0 16 1
1 48.33 12 2 7 4 16 1 0 0 0 1 110 1 1
0 69.5 6 2 1 1 0 0 0 0 0 1 0 1 0
0 32 6 2 2 4 1.25 0 0 0 0 2 272 1 0
1 25.75 0.75 2 8 5 0.25 1 0 0 0 2 349 24 1
1 36.75 0.12 1 8 4 1.5 0 0 0 1 2 232 114 1
1 74.83 19 1 1 1 0.04 0 1 2 0 2 0 352 0
1 26.33 13 2 10 2 0 0 0 0 1 2 140 1111 0
1 31.57 4 2 14 4 5 1 1 3 1 2 290 2280 1
1 22.75 11.5 2 3 4 0.415 0 0 0 0 2 0 1 0
1 31.57 0.04 1 2 4 4.25 0 0 0 1 2 460 1 0
1 28.25 5.12 2 14 4 4.75 1 1 2 0 2 420 8 1
0 22.67 0.33 2 11 4 0.75 0 0 0 0 1 160 1 0
1 21.33 7.5 2 6 4 1.415 1 1 1 0 2 80 9801 1
0 51.92 6.5 2 3 5 3.085 0 0 0 1 2 73 1 0
1 32.92 2.5 2 6 4 1.75 0 1 2 1 2 720 1 0
0 16 0.16 2 6 4 1 0 1 2 1 2 320 2 0
0 33.75 0.75 2 4 5 1 1 1 3 1 2 212 1 0
1 37.33 2.66 2 13 4 0.165 0 0 0 1 2 0 502 0
1 21 4.79 1 9 4 2.25 1 1 1 1 2 80 301 1
1 18.5 2 2 3 4 1.5 1 1 2 0 2 120 301 1
1 31.57 4 2 14 4 5 1 1 3 1 2 290 2280 1
1 30.17 1.08 1 8 4 0.04 0 0 0 0 2 170 180 0
1 18.32 1.21 1 10 2 0 0 0 0 0 2 100 1 0
1 26.75 4.5 1 8 5 2.5 0 0 0 0 2 200 1211 0
0 55.75 7.08 2 4 8 6.75 1 1 3 1 2 100 51 0
1 39 5 2 13 4 3.5 1 1 10 1 2 0 1 1
0 18.82 9.53 2 6 4 0.085 1 0 0 0 2 100 1 1
1 15.17 7 2 10 4 1 0 0 0 0 2 600 1 0
0 22.92 11.58 2 13 4 0.04 1 0 0 0 2 80 1350 1
1 35 3.37 2 8 8 8.29 0 0 0 1 2 0 1 0
1 24.58 1.25 2 8 4 0.25 0 0 0 0 2 110 1 0
0 16.07 0.33 2 1 1 0 0 1 1 0 2 160 127 0
1 24.33 6.62 1 2 4 5.5 1 0 0 1 1 100 1 1
0 36.75 5.12 2 10 4 5 1 0 0 1 2 0 4001 1
1 17.67 4.46 2 8 4 0.25 0 0 0 0 1 80 1 0
1 35.75 2.41 2 9 4 0.125 0 1 2 0 2 220 2 0
1 33.67 1.25 2 9 4 1.165 0 0 0 0 2 120 1 0
1 18.67 5 2 11 4 0.375 1 1 2 0 2 0 39 0
0 19.67 0.21 2 11 8 0.29 1 1 11 0 2 80 100 1
1 23.92 0.58 1 13 8 0.125 0 0 0 0 2 240 2 0
0 25 11 1 6 4 4.5 1 0 0 0 2 120 1 0
0 25.17 2.87 2 14 8 0.875 1 0 0 0 2 360 1 1
0 37.33 2.5 2 3 8 0.21 0 0 0 0 2 260 247 0
0 36 1 2 8 4 2 1 1 11 0 2 0 457 1
1 27.83 1.54 2 9 4 3.75 1 1 5 1 2 100 4 1

