0 27.58 3 2 7 4 2.79 0 1 1 1 2 280 11 0
1 22 0.79 2 9 4 0.29 0 1 1 0 2 420 284 0
0 58.33 10 2 11 4 4 1 1 14 0 2 0 1603 1
1 27.83 1 1 2 8 3 0 0 0 0 2 176 538 0
1 34.92 5 2 14 8 7.5 1 1 6 1 2 0 1001 1
1 35.25 3.16 2 14 8 3.75 1 0 0 1 2 680 1 0
0 17.57 9 2 6 4 1.375 1 0 0 1 2 0 1 1
0 16.5 1.25 2 11 4 0.25 0 1 1 0 2 108 99 0
1 34.83 4 2 2 5 12.5 1 0 0 1 2 184 1 0
1 18.07 5.5 2 4 4 0.5 1 0 0 0 2 80 1 1
0 22.5 0.41 2 3 4 0.335 0 0 0 1 1 144 1 0
1 32.42 3 2 2 4 0.165 0 0 0 1 2 120 1 0
1 27 0.75 2 8 8 4.25 1 1 3 1 2 312 151 1
0 18.82 9.53 2 6 4 0.085 1 0 0 0 2 100 1 1
0 26.08 8.66 2 6 4 1.415 1 0 0 0 2 160 151 1
1 37.33 6.5 2 7 8 4.25 1 1 12 1 2 93 1 1
0 18.75 7.5 2 11 4 2.71 1 1 5 0 2 184 26727 1
1 36.17 18.12 2 9 4 0.085 0 0 0 0 2 320 3553 0
1 23.25 1 2 8 4 0.835 1 0 0 0 1 300 1 1
1 33.17 1.04 2 12 8 6.5 1 0 0 1 2 164 31286 1
1 27.25 1.66 2 13 8 5.085 1 1 9 0 2 399 828 1
0 36.75 4.71 2 1 1 0 0 0 0 0 2 160 1 0
0 25 12.33 2 13 8 3.5 1 1 6 0 2 400 459 1
1 40.58 3.29 2 7 4 3.5 0 0 0 1 1 400 1 0
1 16.25 0 1 6 4 0.25 0 0 0 0 2 60 1 0
1 24.33 6.62 1 2 4 5.5 1 0 0 1 1 100 1 1
1 18.82 0 2 11 4 0.665 0 0 0 0 2 160 2 0
1 23.17 0 2 8 4 0 0 0 0 0 3 184 1 1
1 31.83 0.04 1 7 4 0.04 0 0 0 0 2 0 1 0
1 52.42 1.5 2 2 4 3.75 0 0 0 1 2 0 351 0
0 49.83 13.58 2 4 8 8.5 1 0 0 1 2 0 1 1
1 32.83 2.5 2 13 8 2.75 1 1 6 0 2 160 2073 1
1 48.75 8.5 2 8 8 12.5 1 1 9 0 2 181 1656 1
1 22.08 0.83 2 8 8 2.165 0 0 0 1 2 128 1 1
1 23.58 1.79 2 8 4 0.54 0 0 0 1 2 136 2 0
1 64.08 20 2 14 8 17.5 1 1 9 1 2 0 1001 1
0 21.75 1.75 1 5 3 0 0 0 0 0 2 160 1 0
1 38.25 10.12 1 4 4 0.125 0 0 0 0 2 160 1 0
0 37.75 5.5 2 11 4 0.125 1 0 0 1 2 228 1 1
0 52.5 7 2 6 8 3 0 0 0 0 2 0 1 0
0 22.83 2.29 2 11 8 2.29 1 1 7 1 2 140 2385 1
0 20.67 1.83 2 11 4 2.085 1 1 5 0 2 220 2504 1
1 37.33 6.5 2 7 8 4.25 1 1 12 1 2 93 1 1
1 19.5 0.28 2 4 4 0.29 0 0 0 0 2 280 365 0
1 20.67 0.41 2 8 4 0.125 0 0 0 0 2 0 45 0
1 16.17 0.04 2 8 4 0.04 0 0 0 0 2 0 1 1
0 16 0.16 2 6 4 1 0 1 2 1 2 320 2 0
1 37.75 7 2 11 8 11.5 1 1 7 1 2 300 6 0
1 34.42 1.33 2 3 5 0.125 0 0 0 1 2 440 4501 0
1 25.25 1 2 6 4 0.5 0 0 0 0 2 200 1 0
1 29.58 4.75 2 7 4 2 0 1 1 1 2 460 69 0
1 34.17 1.54 2 13 4 1.54 1 1 1 1 2 520 50001 1
1 34.92 5 2 14 8 7.5 1 1 6 1 2 0 1001 1
1 19.67 10 1 4 8 0.835 1 0 0 1 2 140 1 0
1 37.5 1.12 1 2 4 1.5 0 0 0 1 2 431 1 1
1 20.67 5.29 2 11 4 0.375 1 1 1 0 2 160 1 0
1 27.25 1.66 2 13 8 5.085 1 1 9 0 2 399 828 1
0 33.92 1.58 1 1 1 0 1 0 0 0 2 320 1 0
1 25.25 1 2 6 4 0.5 0 0 0 0 2 200 1 0
1 31.57 5 1 6 4 8.5 1 0 0 0 2 0 1 0
1 20.67 0.83 1 8 4 2 0 0 0 1 1 240 1 0
0 21.75 11.75 2 8 4 0.25 0 0 0 1 2 180 1 0
1 45 8.5 2 13 8 14 1 1 1 1 2 88 2001 1
1 48.75 26.33 1 1 1 0 1 0 0 1 2 0 1 0
1 42.75 4.08 2 6 4 0.04 0 0 0 0 2 108 101 0
1 31.57 0.62 2 4 4 0.25 0 0 0 0 2 380 2011 0
1 27 1.5 1 9 4 0.375 1 0 0 1 2 260 1066 1
1 24.5 13.33 1 6 4 0.04 0 0 0 1 2 120 476 0
1 18.5 2 2 3 4 1.5 1 1 2 0 2 120 301 1
0 35.42 12 2 11 8 14 1 1 8 0 2 0 6591 1
0 24.33 2.5 1 3 5 4.5 0 0 0 0 2 200 457 0
1 16 3.12 2 9 4 0.085 0 1 1 0 2 0 7 0
0 19.75 0.75 2 8 4 0.795 1 1 5 1 2 140 6 0
0 30.58 10.66 2 11 8 0.085 0 1 12 1 2 129 4 0
1 27.25 0.62 2 6 4 0.455 1 0 0 1 2 200 1 0
1 47.67 0.28 2 8 5 15 1 1 20 0 2 0 15001 1
1 43.25 25.21 2 11 8 0.21 1 1 1 0 2 760 91 0
0 19.17 5.41 2 3 8 0.29 0 0 0 0 2 80 485 0
1 42 0.2 2 3 8 5.125 1 0 0 0 2 400 1 1
1 24.58 12.5 2 9 4 0.875 1 0 0 1 2 260 1 0
1 26.67 2.71 1 13 4 5.25 1 1 1 0 2 211 1 1
1 32.25 0.16 1 8 8 3.25 1 1 1 1 2 432 8001 1
1 25.33 0.57 2 8 4 0.29 1 1 7 1 2 96 5125 1
1 35.17 2.5 2 4 4 4.5 1 1 7 0 2 150 1271 1
1 22.08 2.33 2 4 4 0.75 0 0 0 0 2 180 1 0
0 24.5 2.41 1 8 4 0 0 0 0 0 2 120 1 0
0 20.07 1.25 2 8 4 0 0 0 0 0 2 0 1 0
0 18.42 9.25 2 11 4 1.21 1 1 4 0 2 60 541 1
1 32.25 14 1 1 1 0 0 1 2 0 2 160 2 0
0 32.33 0.54 2 13 4 0.04 1 0 0 0 2 440 11178 1
0 58.67 4.46 2 11 8 3.04 1 1 6 0 2 43 561 1
1 39.92 0.54 1 6 4 0.5 1 1 3 0 2 200 1001 1
0 24.75 3 2 11 8 1.835 1 1 19 0 2 0 501 1
1 42.75 3 2 3 5 1 1 0 0 0 2 0 201 0
1 18.82 3.54 1 1 1 0 0 0 0 1 2 180 2 0
0 40.33 7.54 1 11 8 8 1 1 14 0 2 0 2301 1
1 23.75 12 2 8 4 2.085 0 0 0 0 1 80 1 0
1 29.83 2.04 1 14 8 0.04 0 0 0 0 2 128 2 0
0 64.08 0.16 2 1 1 0 1 1 1 0 2 232 101 1
1 39.17 1.71 2 14 4 0.125 1 1 5 1 2 480 1 1
1 48.75 26.33 1 1 1 0 1 0 0 1 2 0 1 0
0 22.67 0.79 2 3 4 0.085 0 0 0 0 2 144 1 0
0 22.67 0.79 2 3 4 0.085 0 0 0 0 2 144 1 0
1 32.08 4 2 7 4 2.5 1 0 0 1 2 360 1 1
0 22.67 0.79 2 3 4 0.085 0 0 0 0 2 144 1 0
0 22.58 10.75 2 11 4 0.415 1 1 5 1 2 0 561 1
0 57.58 2 2 1 1 6.5 0 1 1 0 2 0 11 0
1 18.07 5.5 2 4 4 0.5 1 0 0 0 2 80 1 1
1 20.67 0.83 1 8 4 2 0 0 0 1 1 240 1 0
1 31.57 0.37 2 2 4 0.875 1 0 0 1 1 928 1 0
1 58.58 2.71 2 8 4 2.415 0 0 0 1 2 320 1 0
1 18.5 2 2 3 4 1.5 1 1 2 0 2 120 301 1
0 17.92 0.54 2 8 4 1.75 0 1 1 1 2 80 6 0
1 38.42 0.7 2 8 4 0.375 0 1 2 0 2 225 501 0
0 28.08 15 1 10 9 0 1 0 0 0 2 0 13213 1
0 37.75 5.5 2 11 4 0.125 1 0 0 1 2 228 1 1
1 32.08 4 1 13 4 1.5 0 0 0 1 2 120 1 0
1 19.5 9.58 2 6 4 0.79 0 0 0 0 2 80 351 0
0 30.25 5.5 2 4 4 5.5 0 0 0 1 1 100 1 0
1 23.08 11.5 2 3 4 3.5 1 1 9 0 2 56 743 1
1 35 3.37 2 8 8 8.29 0 0 0 1 2 0 1 0
1 25.5 0.37 2 7 4 0.25 1 1 3 0 2 260 15109 1
1 41.92 0.42 2 8 8 0.21 1 1 6 0 2 220 949 1
1 42 9.78 2 14 8 7.96 1 1 8 0 2 0 1 1
1 19.67 0.37 2 11 4 2 1 1 2 1 2 80 1 1
0 49 1.5 2 5 3 0 1 0 0 1 2 100 28 0
1 22.17 0.58 1 1 1 0 0 0 0 0 2 100 1 0
1 22.75 11.5 2 3 4 0.415 0 0 0 0 2 0 1 0
1 15.17 7 2 10 4 1 0 0 0 0 2 600 1 0
1 23.92 0.58 1 13 8 0.125 0 0 0 0 2 240 2 0
1 15.17 7 2 10 4 1 0 0 0 0 2 600 1 0
1 73.42 17.75 2 1 1 0 1 0 0 1 2 0 1 1
1 19.67 10 1 4 8 0.835 1 0 0 1 2 140 1 0
1 29.58 4.5 2 9 4 7.5 1 1 2 1 2 330 1 1
0 19.67 0.21 2 11 8 0.29 1 1 11 0 2 80 100 1
1 36.5 4.25 2 11 4 3.5 0 0 0 0 2 454 51 0
1 32.83 2.5 2 13 8 2.75 1 1 6 0 2 160 2073 1
1 23.17 0 2 8 4 0 0 0 0 0 3 184 1 1
1 39.17 1.71 2 14 4 0.125 1 1 5 1 2 480 1 1
1 37.33 6.5 2 7 8 4.25 1 1 12 1 2 93 1 1
0 50.25 0.83 2 6 4 0.5 0 0 0 1 2 240 118 0
0 24.5 2.41 1 8 4 0 0 0 0 0 2 120 1 0
1 16.32 2.75 2 6 4 0.665 0 1 1 0 2 80 22 0
1 39.92 0.54 1 6 4 0.5 1 1 3 0 2 200 1001 1
1 37.5 0.83 2 10 4 0.04 0 0 0 0 2 120 6 0
1 40.92 0.5 1 7 4 0.5 0 0 0 1 2 130 1 0
1 39 5 2 13 4 3.5 1 1 10 1 2 0 1 1
0 71.58 0 2 8 4 0 0 0 0 0 3 184 1 1
1 30.33 0.5 2 2 8 0.085 0 0 0 1 1 252 1 0
1 23.58 0.46 1 9 4 2.625 1 1 6 1 2 208 348 0
1 43.25 25.21 2 11 8 0.21 1 1 1 0 2 760 91 0
1 18.82 0.41 1 8 4 0.165 0 1 1 0 2 200 2 0
0 64.08 0.16 2 1 1 0 1 1 1 0 2 232 101 1
1 19 0 1 1 1 0 0 1 4 0 2 45 2 0
1 19.67 10 1 4 8 0.835 1 0 0 1 2 140 1 0
1 25.5 0.37 2 7 4 0.25 1 1 3 0 2 260 15109 1
1 22.67 0.75 2 3 4 1.585 0 1 1 1 2 400 10 0
1 28.25 0.87 2 7 4 0.96 1 1 3 1 2 396 1 1
1 34.92 2.5 2 9 4 0 1 0 0 1 2 239 201 1
0 30.58 10.66 2 11 8 0.085 0 1 12 1 2 129 4 0
1 43.17 2.25 2 3 5 0.75 1 0 0 0 2 560 1 0
1 16 3.12 2 9 4 0.085 0 1 1 0 2 0 7 0
1 31.57 0.5 2 8 5 0.835 1 0 0 1 1 320 1 0
1 16.07 0.75 2 8 4 1.75 1 1 5 1 2 352 691 1
1 22.67 0.75 2 3 4 1.585 0 1 1 1 2 400 10 0
0 22.67 0.75 2 8 4 2 0 1 2 1 2 200 395 0
0 25 12.33 2 13 8 3.5 1 1 6 0 2 400 459 1
1 18.82 3.54 1 1 1 0 0 0 0 1 2 180 2 0
1 23.33 1.5 2 8 8 1.415 1 0 0 0 2 422 201 1
1 48.08 6.04 2 4 4 0.04 0 0 0 0 2 0 2691 1
1 73.42 17.75 2 1 1 0 1 0 0 1 2 0 1 1
1 40.58 1.5 2 3 5 0 0 0 0 0 1 300 1 0
0 17.92 10.21 2 1 1 0 0 0 0 0 2 0 51 0
1 31.57 0.5 2 8 5 0.835 1 0 0 1 1 320 1 0
0 28.42 3.5 2 9 4 0.835 1 0 0 0 1 280 1 1
0 58.67 4.46 2 11 8 3.04 1 1 6 0 2 43 561 1
0 24.5 1.04 1 1 1 0.5 1 1 3 0 2 180 148 0
1 22.67 0.16 2 8 3 2.25 0 0 0 1 1 0 1 1
1 32.33 7.5 2 10 5 1.585 1 0 0 1 1 420 1 0
1 44.83 7 1 8 4 1.625 0 0 0 0 2 160 3 0
1 22.17 0.58 1 1 1 0 0 0 0 0 2 100 1 0
0 52.17 0 1 1 1 0 0 0 0 0 2 0 1 0
1 23.42 0.58 2 8 8 0.085 1 0 0 0 2 180 1 0
1 26.75 4.5 1 8 5 2.5 0 0 0 0 2 200 1211 0
1 24.58 13.5 1 1 1 0 0 0 0 0 2 184 1 0
1 25.67 0.28 1 8 4 1.5 0 0 0 1 2 160 1 0
1 28.67 9.33 2 11 8 5.665 1 1 6 0 2 381 169 1
1 26.67 4.25 2 13 4 4.29 1 1 1 1 2 120 1 1
1 19.42 7.25 2 7 4 0.04 0 1 1 0 2 100 2 0
1 39.33 5.87 2 13 8 10 1 1 14 1 2 399 1 1
1 30.17 6.5 2 13 4 3.125 1 1 8 0 2 330 1201 1
1 31.67 16.16 2 2 4 3 1 1 9 0 2 250 731 1
0 32 6 2 2 4 1.25 0 0 0 0 2 272 1 0
0 22.92 11.58 2 13 4 0.04 1 0 0 0 2 80 1350 1
1 39.92 0.54 1 6 4 0.5 1 1 3 0 2 200 1001 1
1 47.67 2.5 2 7 5 2.5 1 1 12 1 2 410 2511 1
0 38.75 1.5 2 1 1 0 0 0 0 0 2 76 1 0
1 23.75 12 2 8 4 2.085 0 0 0 0 1 80 1 0
1 23.42 1 2 8 4 0.5 0 0 0 1 1 280 1 0
0 58.67 4.46 2 11 8 3.04 1 1 6 0 2 43 561 1
1 24.5 13.33 1 6 4 0.04 0 0 0 1 2 120 476 0
1 56.75 12.25 2 7 4 1.25 1 1 4 1 2 200 1 1
1 32.25 14 1 1 1 0 0 1 2 0 2 160 2 0
0 27.67 2.04 2 9 4 0.25 0 0 0 1 2 180 51 0
1 21.92 0.5 2 8 4 0.125 0 0 0 0 2 360 1 0
1 60.08 14.5 2 1 1 18 1 1 15 1 2 0 1001 1
0 16.07 0.33 2 1 1 0 0 1 1 0 2 160 127 0
1 20.67 1.25 1 8 8 1.375 1 1 3 1 2 140 211 0
0 19.5 0.16 2 11 4 0.04 0 0 0 1 2 380 1 0
1 19 1.75 1 8 4 2.335 0 0 0 1 2 112 7 0
0 18.57 10 2 2 4 0.415 0 0 0 0 2 80 43 0
0 19.17 8.58 2 13 8 0.75 1 1 7 0 2 96 1 1
1 25.08 1.71 2 14 4 1.665 1 1 1 1 2 395 21 1
1 23.08 2.5 2 1 1 0.085 0 0 0 1 2 100 4209 0
1 31.42 15.5 2 8 4 0.5 1 0 0 0 2 120 1 0
1 32.83 2.5 2 13 8 2.75 1 1 6 0 2 160 2073 1
1 19.32 10.91 2 8 5 0.585 0 1 2 1 2 200 8 0
1 28.25 5.12 2 14 4 4.75 1 1 2 0 2 420 8 1
1 25.33 0.57 2 8 4 0.29 1 1 7 1 2 96 5125 1
0 39.08 4 2 8 4 3 0 0 0 0 2 480 1 0
0 24.83 4.5 2 9 4 1 0 0 0 1 2 360 7 0
1 19.17 4 1 3 4 1 0 0 0 1 2 360 1001 0
1 18.42 10.41 1 6 4 0.125 1 0 0 0 2 120 376 0
1 38.42 0.7 2 8 4 0.375 0 1 2 0 2 225 501 0
1 44.25 11 1 2 4 1.5 1 0 0 0 1 0 1 0
1 33.17 3.16 1 14 4 3.165 1 1 3 1 2 380 1 1
1 47.17 5.83 2 9 4 5.5 0 0 0 0 2 465 151 0
1 73.42 17.75 2 1 1 0 1 0 0 1 2 0 1 1
1 30.83 0 2 9 4 1.25 1 1 1 0 2 202 1 1
0 58.42 21 2 3 5 10 1 1 13 0 2 0 6701 1
1 23 0.75 2 7 4 0.5 1 0 0 1 1 320 1 0
1 34.08 6.5 2 6 4 0.125 1 0 0 1 2 443 1 0
1 40.92 0.83 2 1 1 0 1 0 0 0 2 130 2 0
1 25 12 2 4 4 2.25 1 1 2 1 2 120 6 0
1 18.82 0.41 1 8 4 0.165 0 1 1 0 2 200 2 0
1 23.25 1 2 8 4 0.835 1 0 0 0 1 300 1 1
0 23.58 0.83 2 11 4 0.415 0 1 1 1 2 200 12 0
1 24.83 2.75 2 8 4 2.25 1 1 6 0 2 184 601 1
1 31.42 15.5 2 8 4 0.5 1 0 0 0 2 120 1 0
0 50.08 12.54 2 6 4 2.29 1 1 3 1 2 156 1 1
1 31.25 1.12 2 1 1 0 0 1 1 0 2 96 20 0
1 28.25 0.87 2 7 4 0.96 1 1 3 1 2 396 1 1
0 36 1 2 8 4 2 1 1 11 0 2 0 457 1
0 26.17 2 2 5 3 0 0 0 0 1 2 276 2 0
0 50.25 0.83 2 6 4 0.5 0 0 0 1 2 240 118 0
1 29.83 3.5 2 8 4 0.165 0 0 0 0 2 216 1 0
1 30.58 2.71 1 7 4 0.125 0 0 0 1 1 80 1 0
1 21 4.79 1 9 4 2.25 1 1 1 1 2 80 301 1
0 27.67 2.04 2 9 4 0.25 0 0 0 1 2 180 51 0
1 22.25 0.46 2 4 4 0.125 0 0 0 1 2 280 56 0
1 69.17 9 2 1 1 4 0 1 1 0 2 70 7 0
1 31.57 4 1 3 4 0.085 0 0 0 1 2 411 1 0
0 29.58 1.75 1 4 4 1.25 0 0 0 1 2 280 1 0
0 44.17 6.66 2 11 4 7.375 1 1 3 1 2 0 1 1
1 21.92 0.54 1 14 4 0.04 1 1 1 1 2 840 60 1
1 20.67 5.29 2 11 4 0.375 1 1 1 0 2 160 1 0
1 59.5 2.75 2 9 4 1.75 1 1 5 1 2 60 59 1
0 36.58 0.28 2 1 1 0 0 1 10 0 2 200 19 0
0 47.42 3 2 14 4 13.875 1 1 2 1 2 519 1705 1
0 26.08 8.66 2 6 4 1.415 1 0 0 0 2 160 151 1
1 54.42 0.5 1 4 8 3.96 1 0 0 0 2 180 315 1
1 41.5 1.54 2 3 5 3.5 0 0 0 0 2 216 1 1
0 41 2.04 1 11 8 0.125 1 1 23 1 2 455 1237 1
1 19.57 0.58 2 1 1 0 0 1 3 0 2 350 770 0
0 24.75 12.5 2 6 4 1.5 1 1 12 1 2 120 568 1
1 40.58 3.29 2 7 4 3.5 0 0 0 1 1 400 1 0
1 17.67 4.46 2 8 4 0.25 0 0 0 0 1 80 1 0
1 16.32 2.75 2 6 4 0.665 0 1 1 0 2 80 22 0
1 74.83 19 1 1 1 0.04 0 1 2 0 2 0 352 0
1 32.75 1.5 2 13 8 5.5 1 1 3 1 2 0 1 1
0 21.5 6 2 6 4 2.5 1 1 3 0 2 80 919 1
1 38.42 0.7 2 8 4 0.375 0 1 2 0 2 225 501 0
0 49.83 13.58 2 4 8 8.5 1 0 0 1 2 0 1 1
1 33.17 1.04 2 12 8 6.5 1 0 0 1 2 164 31286 1
1 57.42 8.5 2 10 8 7 1 1 3 0 2 0 1 1
1 31.67 16.16 2 2 4 3 1 1 9 0 2 250 731 1

