0 44.17 6.66 2 11 4 7.375 1 1 3 1 2 0 1 1
1 36.67 3.25 2 11 8 9 1 0 0 1 2 102 640 1
0 25 11 1 6 4 4.5 1 0 0 0 2 120 1 0
1 26.75 2 2 2 4 0.75 0 0 0 1 2 80 1 0
0 20.67 3 2 11 4 0.165 1 1 3 0 2 100 7 1
0 26.92 13.5 2 11 8 5 1 1 2 0 2 0 5001 1
1 19.32 10.91 2 8 5 0.585 0 1 2 1 2 200 8 0
0 19.17 0.58 1 6 4 0.585 1 0 0 1 2 160 1 0
1 20 1.25 1 4 4 0.125 0 0 0 0 2 140 5 0
0 20.75 10.25 2 11 4 0.71 1 1 2 1 2 49 1 1
1 33.58 2.75 2 7 4 4.25 1 1 6 0 2 204 1 1
0 26.17 2 2 5 3 0 0 0 0 1 2 276 2 0
1 13.75 4 1 9 4 1.75 1 1 2 1 2 120 1001 1
0 33.08 1.62 2 2 4 0.54 0 0 0 1 2 0 1 0
1 23.25 1 2 8 4 0.835 1 0 0 0 1 300 1 1
1 32.33 3.5 2 4 4 0.5 0 0 0 1 2 232 1 0
1 32.25 14 1 1 1 0 0 1 2 0 2 160 2 0
1 48.08 6.04 2 4 4 0.04 0 0 0 0 2 0 2691 1
1 33.58 0.33 1 13 4 0.085 0 0 0 0 2 180 1 0
1 34.5 4.04 1 3 5 8.5 1 1 7 1 2 195 1 1
1 52.42 1.5 2 2 4 3.75 0 0 0 1 2 0 351 0
1 13.75 4 1 9 4 1.75 1 1 2 1 2 120 1001 1
1 37.5 1.12 1 2 4 1.5 0 0 0 1 2 431 1 1
0 19.67 0.21 2 11 8 0.29 1 1 11 0 2 80 100 1
1 21.92 0.5 2 8 4 0.125 0 0 0 0 2 360 1 0
1 35.17 2.5 2 4 4 4.5 1 1 7 0 2 150 1271 1
1 20 0 2 2 4 0.5 0 0 0 0 2 144 1 0
0 20.67 3 2 11 4 0.165 1 1 3 0 2 100 7 1
1 40.25 21.5 2 10 9 20 1 1 11 0 2 0 1201 1
0 18.42 9.25 2 11 4 1.21 1 1 4 0 2 60 541 1
1 31.58 0.75 1 6 4 3.5 0 0 0 1 2 320 1 0
1 20.67 5.29 2 11 4 0.375 1 1 1 0 2 160 1 0
1 48.75 26.33 1 1 1 0 1 0 0 1 2 0 1 0
1 20.42 0 2 8 4 0 0 0 0 0 3 184 1 0
1 32.33 7.5 2 10 5 1.585 1 0 0 1 1 420 1 0
0 39.08 4 2 8 4 3 0 0 0 0 2 480 1 0
1 19.5 9.58 2 6 4 0.79 0 0 0 0 2 80 351 0
1 23.92 1.5 2 2 8 1.875 1 1 6 0 2 200 328 1
1 25 11.25 2 8 4 2.5 1 1 17 0 2 200 1209 1
1 73.42 17.75 2 1 1 0 1 0 0 1 2 0 1 1
1 20.5 2.41 2 8 4 2 1 1 11 1 2 200 3001 1
1 29.42 1.25 2 8 8 0.25 0 1 2 1 2 400 109 0
0 19.5 0.16 2 11 4 0.04 0 0 0 1 2 380 1 0
1 33.58 0.25 2 3 5 4 0 0 0 1 1 420 1 0
0 68.67 15 2 10 9 0 1 1 14 0 2 0 3377 1
0 60.58 16.5 2 11 4 11 1 0 0 1 2 21 10562 1
1 32.33 2.5 2 8 4 1.25 0 0 0 1 2 280 1 0
1 42.75 4.08 2 6 4 0.04 0 0 0 0 2 108 101 0
1 43.25 25.21 2 11 8 0.21 1 1 1 0 2 760 91 0
0 22.42 5.66 2 11 4 2.585 1 1 7 0 2 129 3258 1
1 34.25 1.75 2 9 5 0.25 1 0 0 1 2 163 1 0
0 22.67 0.75 2 8 4 2 0 1 2 1 2 200 395 0
0 30.25 5.5 2 4 4 5.5 0 0 0 1 1 100 1 0
1 23.58 0.46 1 9 4 2.625 1 1 6 1 2 208 348 0
0 40.33 7.54 1 11 8 8 1 1 14 0 2 0 2301 1
1 22.17 0.58 1 1 1 0 0 0 0 0 2 100 1 0
1 29.92 1.83 2 8 8 4.335 1 0 0 0 2 260 201 1
0 23.58 11.5 1 4 8 3 0 0 0 1 2 20 17 0
1 34.25 3 2 13 8 7.415 1 0 0 1 2 0 1 1
0 35.42 12 2 11 8 14 1 1 8 0 2 0 6591 1
1 27 1.5 1 9 4 0.375 1 0 0 1 2 260 1066 1
1 27.75 1.29 2 4 8 0.25 0 0 0 1 1 140 1 0
0 37.75 5.5 2 11 4 0.125 1 0 0 1 2 228 1 1
1 48.17 3.5 2 6 4 3.5 1 0 0 0 1 230 1 1
0 16.32 0.21 2 6 4 0.125 0 0 0 0 2 200 2 0
1 25.08 1.71 2 14 4 1.665 1 1 1 1 2 395 21 1
1 37.33 2.66 2 13 4 0.165 0 0 0 1 2 0 502 0
0 40.33 7.54 1 11 8 8 1 1 14 0 2 0 2301 1
1 40.92 0.83 2 1 1 0 1 0 0 0 2 130 2 0
1 33.58 0.25 2 3 5 4 0 0 0 1 1 420 1 0
0 29.5 2 1 10 8 2 0 0 0 0 2 256 18 0
1 60.08 14.5 2 1 1 18 1 1 15 1 2 0 1001 1
0 21.08 5 1 1 1 0 0 0 0 0 2 0 1 0
1 21.25 1.5 2 9 4 1.5 0 0 0 0 2 150 9 1
1 40.58 5 2 8 4 5 1 1 7 0 2 0 3066 1
0 17.92 10.21 2 1 1 0 0 0 0 0 2 0 51 0
1 42.83 1.25 2 7 4 13.875 0 1 1 1 2 352 113 0
1 36.33 2.12 1 9 4 0.085 1 1 1 0 2 50 1188 1
1 54.83 15.5 2 10 9 0 1 1 20 0 2 152 131 0
1 29.92 1.83 2 8 8 4.335 1 0 0 0 2 260 201 1
1 28.33 5 2 9 4 11 1 0 0 1 2 70 1 1
1 26.75 4.5 1 8 5 2.5 0 0 0 0 2 200 1211 0
1 27.75 0.58 1 13 4 0.25 1 1 2 0 2 260 501 1
0 17.57 9 2 6 4 1.375 1 0 0 1 2 0 1 1
1 21.25 1.5 2 9 4 1.5 0 0 0 0 2 150 9 1
1 25.67 0.28 1 8 4 1.5 0 0 0 1 2 160 1 0
1 36.17 5.5 2 3 5 5 0 0 0 0 2 210 688 0
1 19.32 10.91 2 8 5 0.585 0 1 2 1 2 200 8 0
1 27.58 3.25 1 11 8 5.085 0 1 2 1 2 369 2 0
0 28.67 1.04 2 8 4 2.5 1 1 5 1 2 300 1431 1
1 23.25 4 2 8 5 0.25 1 0 0 1 2 160 1 1
1 20 11.04 2 8 4 2 0 0 0 1 2 136 1 0
1 22.75 11 2 11 4 2.5 1 1 7 1 2 100 810 1
0 23.5 9 2 11 4 8.5 1 1 5 1 2 120 1 1
1 39 5 2 13 4 3.5 1 1 10 1 2 0 1 1
1 24.17 0.87 2 11 4 4.625 1 1 2 1 2 520 2001 1
1 39.17 1.71 2 14 4 0.125 1 1 5 1 2 480 1 1
1 34.67 1.08 2 7 4 1.165 0 0 0 0 1 28 1 0
0 20.42 10.5 1 14 8 0 0 0 0 1 2 154 33 0
1 35.17 4.5 2 14 8 5.75 0 0 0 1 1 711 1 1
0 34.83 1.25 1 3 8 0.5 0 0 0 1 2 160 1 0
1 20.67 5.29 2 11 4 0.375 1 1 1 0 2 160 1 0
1 23.92 1.5 2 2 8 1.875 1 1 6 0 2 200 328 1
1 30.33 0.5 2 2 8 0.085 0 0 0 1 1 252 1 0
1 19 0 1 1 1 0 0 1 4 0 2 45 2 0
1 48.17 3.5 2 6 4 3.5 1 0 0 0 1 230 1 1
1 25 11.25 2 8 4 2.5 1 1 17 0 2 200 1209 1
0 31.57 3.5 2 2 4 3 1 0 0 1 2 300 1 0
0 22.67 0.75 2 8 4 2 0 1 2 1 2 200 395 0
1 55.92 11.5 2 1 1 5 1 1 5 0 2 0 8852 1
0 17.82 11 2 14 8 1 1 1 11 0 2 0 3001 1
1 29.92 1.83 2 8 8 4.335 1 0 0 0 2 260 201 1
0 22.42 5.66 2 11 4 2.585 1 1 7 0 2 129 3258 1
1 33.17 1 2 14 4 0.75 1 1 7 1 2 340 4072 1
1 43.17 5 2 3 5 2.25 0 0 0 1 2 141 1 0
0 55.75 7.08 2 4 8 6.75 1 1 3 1 2 100 51 0
1 23.17 0 2 13 4 0.085 1 0 0 0 2 0 1 1
0 31.75 3 1 5 3 0 0 0 0 0 2 160 21 0
1 23.5 3.16 1 4 4 0.415 0 1 1 1 2 280 81 0
1 32.42 3 2 2 4 0.165 0 0 0 1 2 120 1 0
0 24.08 0.5 2 11 8 1.25 1 1 1 0 2 0 679 1
1 25 12 2 4 4 2.25 1 1 2 1 2 120 6 0
1 16.25 0.83 2 7 4 0.085 1 0 0 0 1 200 1 0
1 44.33 0.5 2 3 8 5 1 0 0 1 2 320 1 1
1 25.08 1.71 2 14 4 1.665 1 1 1 1 2 395 21 1
0 16.5 1.25 2 11 4 0.25 0 1 1 0 2 108 99 0
1 28.67 14.5 2 2 4 0.125 0 0 0 0 2 0 287 0
0 32.33 0.54 2 13 4 0.04 1 0 0 0 2 440 11178 1
1 22.58 10.03 2 14 4 0.04 1 1 9 0 2 60 397 1
1 31.57 10.5 2 14 4 6.5 1 0 0 0 2 0 1 1
1 32.25 14 1 1 1 0 0 1 2 0 2 160 2 0
1 53.92 9.62 2 10 4 8.665 1 1 5 0 2 0 1 1
1 52.33 1.37 1 8 8 9.46 1 0 0 1 2 200 101 0
0 35.75 0.91 2 6 4 0.75 1 1 4 0 2 0 1584 1
0 71.58 0 2 8 4 0 0 0 0 0 3 184 1 1
0 20.42 10.5 1 14 8 0 0 0 0 1 2 154 33 0
1 23.25 4 2 8 5 0.25 1 0 0 1 2 160 1 1
1 54.33 6.75 2 8 8 2.625 1 1 11 1 2 0 285 1
0 22.92 11.58 2 13 4 0.04 1 0 0 0 2 80 1350 1
1 21 4.79 1 9 4 2.25 1 1 1 1 2 80 301 1
1 23.92 1.5 2 2 8 1.875 1 1 6 0 2 200 328 1
1 18.32 1.21 1 10 2 0 0 0 0 0 2 100 1 0
1 47.67 2.5 2 7 5 2.5 1 1 12 1 2 410 2511 1
1 36.17 0.42 1 9 4 0.29 0 0 0 1 2 309 3 0
0 27.67 1.5 2 7 4 2 1 0 0 0 1 368 1 0
0 24.08 0.5 2 11 8 1.25 1 1 1 0 2 0 679 1
0 22.5 0.41 2 3 4 0.335 0 0 0 1 1 144 1 0
1 20.67 0.41 2 8 4 0.125 0 0 0 0 2 0 45 0
1 20.42 7 2 8 4 1.625 1 1 3 0 2 200 1392 1
1 23.92 0.58 1 13 8 0.125 0 0 0 0 2 240 2 0
0 27.25 0.28 2 7 8 0.125 0 1 1 1 2 272 109 0
1 37.5 1.12 1 2 4 1.5 0 0 0 1 2 431 1 1
1 30.58 2.71 1 7 4 0.125 0 0 0 1 1 80 1 0
1 32.33 3.5 2 4 4 0.5 0 0 0 1 2 232 1 0
1 39.92 0.54 1 6 4 0.5 1 1 3 0 2 200 1001 1
1 40.58 3.29 2 7 4 3.5 0 0 0 1 1 400 1 0
0 24.33 2.5 1 3 5 4.5 0 0 0 0 2 200 457 0
1 23.25 12.62 2 8 4 0.125 0 1 2 0 2 0 5553 0
1 33.17 3.04 1 8 8 2.04 1 1 1 1 2 180 18028 1
0 52.17 0 1 1 1 0 0 0 0 0 2 0 1 0
0 16 0.16 2 6 4 1 0 1 2 1 2 320 2 0
1 27.83 1 1 2 8 3 0 0 0 0 2 176 538 0
0 20.75 10.25 2 11 4 0.71 1 1 2 1 2 49 1 1
0 18.82 9.53 2 6 4 0.085 1 0 0 0 2 100 1 1
0 21.5 6 2 6 4 2.5 1 1 3 0 2 80 919 1
0 31.57 3.5 2 2 4 3 1 0 0 1 2 300 1 0
0 45 4.58 2 4 8 1 0 0 0 1 1 240 1 0
1 49.17 2.29 2 1 1 0.29 0 0 0 0 2 200 4 0
1 35.25 3.16 2 14 8 3.75 1 0 0 1 2 680 1 0
1 24.33 6.62 1 2 4 5.5 1 0 0 1 1 100 1 1
1 20.5 10 1 8 4 2.5 1 0 0 0 1 40 1 1
1 26.17 0.25 2 3 5 0 1 0 0 1 2 0 1 1
1 37.58 0 2 8 4 0 0 0 0 0 3 184 1 1
0 30.58 10.66 2 11 8 0.085 0 1 12 1 2 129 4 0
0 21.75 11.75 2 8 4 0.25 0 0 0 1 2 180 1 0
1 18.07 6.75 1 7 4 0.04 0 0 0 0 2 140 1 0
0 21.08 5 1 1 1 0 0 0 0 0 2 0 1 0
1 25.33 0.57 2 8 4 0.29 1 1 7 1 2 96 5125 1
1 25.33 0.57 2 8 4 0.29 1 1 7 1 2 96 5125 1
1 22.17 0.58 1 1 1 0 0 0 0 0 2 100 1 0
1 59.67 1.54 2 11 4 0.125 1 0 0 1 2 260 1 1
1 42 0.2 2 3 8 5.125 1 0 0 0 2 400 1 1
0 26.92 13.5 2 11 8 5 1 1 2 0 2 0 5001 1
1 23.42 1 2 8 4 0.5 0 0 0 1 1 280 1 0
0 24.5 12.75 2 8 5 4.75 1 1 2 0 2 73 445 1
1 34.75 15 2 12 7 5.375 1 1 9 1 2 0 135 1
0 27.25 0.28 2 7 8 0.125 0 1 1 1 2 272 109 0
1 39.92 0.54 1 6 4 0.5 1 1 3 0 2 200 1001 1
0 20.75 10.25 2 11 4 0.71 1 1 2 1 2 49 1 1
0 19.17 8.58 2 13 8 0.75 1 1 7 0 2 96 1 1
1 54.42 0.5 1 4 8 3.96 1 0 0 0 2 180 315 1
1 43.25 25.21 2 11 8 0.21 1 1 1 0 2 760 91 0
1 59.67 1.54 2 11 4 0.125 1 0 0 1 2 260 1 1
1 36.67 4.41 1 4 4 0.25 1 1 10 1 2 320 1 1
1 31.42 15.5 2 8 4 0.5 1 0 0 0 2 120 1 0
1 39.25 9.5 2 7 4 6.5 1 1 14 0 2 240 4608 1
1 24.42 12.33 2 11 8 1.585 1 0 0 1 2 120 1 1
1 20.67 1.25 1 8 8 1.375 1 1 3 1 2 140 211 0
0 26.17 2 2 5 3 0 0 0 0 1 2 276 2 0
0 16.5 1.25 2 11 4 0.25 0 1 1 0 2 108 99 0
1 18.82 3.54 1 1 1 0 0 0 0 1 2 180 2 0
1 36.67 2 2 3 4 0.25 0 0 0 1 2 221 1 0
1 24.42 12.33 2 11 8 1.585 1 0 0 1 2 120 1 1
0 20.67 3 2 11 4 0.165 1 1 3 0 2 100 7 1
1 37.17 4 2 8 5 5 1 0 0 1 1 280 1 0
1 21.17 0.25 1 8 8 0.25 0 0 0 0 2 280 205 0
0 33.67 0.37 2 13 4 0.375 0 0 0 0 2 300 45 1
1 16.25 0 1 6 4 0.25 0 0 0 0 2 60 1 0
1 37.5 0.83 2 10 4 0.04 0 0 0 0 2 120 6 0
1 56.42 28 1 8 4 28.5 1 1 40 0 2 0 16 1
1 44.25 0.5 2 7 4 10.75 1 0 0 0 1 400 1 0
1 23.42 1 2 8 4 0.5 0 0 0 1 1 280 1 0
1 22.25 0.46 2 4 4 0.125 0 0 0 1 2 280 56 0
1 47.33 6.5 2 8 4 1 0 0 0 1 2 0 229 0
0 25.08 2.54 1 6 4 0.25 1 0 0 1 2 370 1 1
1 30.83 0 2 9 4 1.25 1 1 1 0 2 202 1 1
1 31.67 0.83 2 14 4 1.335 1 1 8 1 2 303 3291 1
0 24.75 12.5 2 6 4 1.5 1 1 12 1 2 120 568 1
1 31.57 5 1 6 4 8.5 1 0 0 0 2 0 1 0
1 16.25 0 1 6 4 0.25 0 0 0 0 2 60 1 0
1 29.5 0.57 2 9 4 0.29 0 1 1 0 2 340 2804 0
1 21.33 10.5 2 8 4 3 1 0 0 1 2 0 1 1
1 30.75 1.58 2 2 4 0.585 0 0 0 1 1 0 1 0
1 40.92 0.5 1 7 4 0.5 0 0 0 1 2 130 1 0
0 20.07 0.12 2 11 4 1 0 1 1 0 2 240 769 1
1 34.42 1.33 2 3 5 0.125 0 0 0 1 2 440 4501 0
0 45 4.58 2 4 8 1 0 0 0 1 1 240 1 0
1 28.58 3.62 2 6 4 0.25 0 0 0 1 2 100 1 0
1 24.58 13.5 1 1 1 0 0 0 0 0 2 184 1 0
1 23.58 0.46 1 9 4 2.625 1 1 6 1 2 208 348 0
1 21.08 10.08 1 10 8 1.25 0 0 0 0 2 260 1 0
0 33.25 3 1 6 4 2 0 0 0 0 2 180 1 0
1 34.42 4.25 2 3 5 3.25 1 1 2 0 2 274 611 1
0 25.33 2.08 2 8 8 2.75 1 0 0 1 2 360 2 0
0 22.67 0.75 2 8 4 2 0 1 2 1 2 200 395 0
1 42.75 4.08 2 6 4 0.04 0 0 0 0 2 108 101 0
1 34.67 1.08 2 7 4 1.165 0 0 0 0 1 28 1 0
1 19.42 1.5 1 13 4 2 1 0 0 1 2 100 21 0
1 64.08 20 2 14 8 17.5 1 1 9 1 2 0 1001 1
0 28.67 1.04 2 8 4 2.5 1 1 5 1 2 300 1431 1
0 23.25 5.87 2 11 4 3.17 1 1 10 0 2 120 246 1
1 20.5 10 1 8 4 2.5 1 0 0 0 1 40 1 1
0 16.32 0.21 2 6 4 0.125 0 0 0 0 2 200 2 0
0 16.32 0.21 2 6 4 0.125 0 0 0 0 2 200 2 0
1 34.25 3 2 13 8 7.415 1 0 0 1 2 0 1 1
1 25.33 0.57 2 8 4 0.29 1 1 7 1 2 96 5125 1
1 26.17 0.25 2 3 5 0 1 0 0 1 2 0 1 1
0 25.17 2.87 2 14 8 0.875 1 0 0 0 2 360 1 1
1 43.17 5 2 3 5 2.25 0 0 0 1 2 141 1 0
1 37.5 1.12 1 2 4 1.5 0 0 0 1 2 431 1 1
1 31.67 0.83 2 14 4 1.335 1 1 8 1 2 303 3291 1
1 31.92 4.46 2 13 8 6.04 1 1 3 0 2 311 301 1
0 38.58 5 2 13 4 13.5 1 0 0 1 2 980 1 0
0 28.67 1.04 2 8 4 2.5 1 1 5 1 2 300 1431 1
1 56.42 28 1 8 4 28.5 1 1 40 0 2 0 16 1
1 28.25 5.04 1 8 5 1.5 1 1 8 1 2 144 8 1
0 17.32 9.5 2 6 4 1.75 0 1 10 1 2 0 11 0
0 32.25 1.5 2 8 4 0.25 0 0 0 1 2 372 123 0
1 42.17 5.04 2 11 8 12.75 1 0 0 1 2 92 1 1
0 23.58 0.58 1 1 1 0.125 0 0 0 0 2 120 88 0
1 25.17 3 2 8 4 1.25 0 1 1 0 2 0 23 0
0 57.58 2 2 1 1 6.5 0 1 1 0 2 0 11 0
1 31.57 4 1 3 4 0.085 0 0 0 1 2 411 1 0
1 20.67 1.25 1 8 8 1.375 1 1 3 1 2 140 211 0
1 26.67 4.25 2 13 4 4.29 1 1 1 1 2 120 1 1
1 19.32 10.91 2 8 5 0.585 0 1 2 1 2 200 8 0
1 32.42 3 2 2 4 0.165 0 0 0 1 2 120 1 0
1 27.83 1.54 2 9 4 3.75 1 1 5 1 2 100 4 1
1 27.83 1 1 2 8 3 0 0 0 0 2 176 538 0
1 25.67 12.5 2 13 4 1.21 1 1 67 1 2 140 259 1
0 20.07 0.12 2 11 4 1 0 1 1 0 2 240 769 1
0 24.5 1.75 1 8 4 0.165 0 0 0 0 2 132 1 0
1 40.92 0.5 1 7 4 0.5 0 0 0 1 2 130 1 0
1 22 0.79 2 9 4 0.29 0 1 1 0 2 420 284 0
1 24.08 9 2 6 4 0.25 0 0 0 1 2 0 1 0
0 33.17 2.25 1 13 4 3.5 0 0 0 1 2 200 142 0

