0 58.42 21 2 3 5 10 1 1 13 0 2 0 6701 1
1 39.42 1.71 1 7 4 0.165 0 0 0 0 1 400 1 0
1 40.58 3.29 2 7 4 3.5 0 0 0 1 1 400 1 0
1 26.17 0.83 2 13 4 1.165 0 0 0 0 2 100 1 0
1 16.07 0.75 2 8 4 1.75 1 1 5 1 2 352 691 1
1 48.08 6.04 2 4 4 0.04 0 0 0 0 2 0 2691 1
1 34.17 1.54 2 13 4 1.54 1 1 1 1 2 520 50001 1
0 21.5 6 2 6 4 2.5 1 1 3 0 2 80 919 1
1 20.67 1.25 1 8 8 1.375 1 1 3 1 2 140 211 0
1 26.67 4.25 2 13 4 4.29 1 1 1 1 2 120 1 1
0 21.75 11.75 2 8 4 0.25 0 0 0 1 2 180 1 0
1 30.33 0.5 2 2 8 0.085 0 0 0 1 1 252 1 0
1 23.17 11.12 2 14 8 0.46 1 1 1 0 2 100 1 1
1 40.58 5 2 8 4 5 1 1 7 0 2 0 3066 1
1 34 5.5 1 8 4 1.5 0 0 0 1 2 60 1 0
1 25.33 0.57 2 8 4 0.29 1 1 7 1 2 96 5125 1
1 36.08 2.54 2 1 1 0 0 0 0 0 2 0 1001 0
1 48.33 12 2 7 4 16 1 0 0 0 1 110 1 1
0 22.58 10.75 2 11 4 0.415 1 1 5 1 2 0 561 1
1 48.17 3.5 2 6 4 3.5 1 0 0 0 1 230 1 1
1 22.17 12.12 2 8 4 3.335 0 1 2 1 2 180 174 0
1 16.32 4.08 2 3 8 0.415 0 0 0 1 2 120 1 0
1 25.5 0.37 2 7 4 0.25 1 1 3 0 2 260 15109 1
1 25.25 1 2 6 4 0.5 0 0 0 0 2 200 1 0
0 42.25 1.75 1 8 4 0 0 0 0 1 2 150 2 0
0 18.07 0.37 3 13 1 10 0 0 0 1 1 300 1 1
0 33.17 2.25 1 13 4 3.5 0 0 0 1 2 200 142 0
0 38.75 1.5 2 1 1 0 0 0 0 0 2 76 1 0
1 22.58 10.03 2 14 4 0.04 1 1 9 0 2 60 397 1
0 18.57 10 2 2 4 0.415 0 0 0 0 2 80 43 0
1 15.17 7 2 10 4 1 0 0 0 0 2 600 1 0
1 20 7 2 8 4 0.5 0 0 0 0 2 0 1 0
1 22.75 11.5 2 3 4 0.415 0 0 0 0 2 0 1 0
1 31.57 0.04 1 2 4 4.25 0 0 0 1 2 460 1 0
0 19.67 0.21 2 11 8 0.29 1 1 11 0 2 80 100 1
1 36.17 18.12 2 9 4 0.085 0 0 0 0 2 320 3553 0
1 23.75 12 2 8 4 2.085 0 0 0 0 1 80 1 0
1 31.57 0.37 2 2 4 0.875 1 0 0 1 1 928 1 0
0 37.75 5.5 2 11 4 0.125 1 0 0 1 2 228 1 1
1 16.32 4.08 2 3 8 0.415 0 0 0 1 2 120 1 0
0 40.83 10 2 11 8 1.75 1 0 0 0 2 29 838 1
1 27 1.5 1 9 4 0.375 1 0 0 1 2 260 1066 1
1 37.33 2.66 2 13 4 0.165 0 0 0 1 2 0 502 0
1 49.17 2.29 2 1 1 0.29 0 0 0 0 2 200 4 0
1 53.92 9.62 2 10 4 8.665 1 1 5 0 2 0 1 1
1 17.67 4.46 2 8 4 0.25 0 0 0 0 1 80 1 0
1 57.83 7.04 2 7 4 14 1 1 6 1 2 360 1333 1
0 40.83 3.5 2 3 5 0.5 0 0 0 0 1 1160 1 0
1 36.33 2.12 1 9 4 0.085 1 1 1 0 2 50 1188 1
0 24.5 12.75 2 8 5 4.75 1 1 2 0 2 73 445 1
1 39.92 0.54 1 6 4 0.5 1 1 3 0 2 200 1001 1
1 24.83 2.75 2 8 4 2.25 1 1 6 0 2 184 601 1
0 32.33 0.54 2 13 4 0.04 1 0 0 0 2 440 11178 1
1 22.75 11.5 2 3 4 0.415 0 0 0 0 2 0 1 0
0 58.42 21 2 3 5 10 1 1 13 0 2 0 6701 1
0 21.5 6 2 6 4 2.5 1 1 3 0 2 80 919 1
1 25.33 0.57 2 8 4 0.29 1 1 7 1 2 96 5125 1
0 52.17 0 1 1 1 0 0 0 0 0 2 0 1 0
0 42.25 1.75 1 8 4 0 0 0 0 1 2 150 2 0
1 39.5 1.62 2 8 4 1.5 0 0 0 0 2 0 317 0
1 23.92 0.66 2 8 4 0.165 0 0 0 0 2 100 1 1
0 22.67 3.8 2 8 4 0.165 0 0 0 0 2 160 1 0
1 23.08 0 2 4 4 1 0 1 11 0 1 0 1 0
1 29.67 1.41 2 9 8 0.75 1 1 1 0 2 240 101 1
1 31.57 5 1 6 4 8.5 1 0 0 0 2 0 1 0
1 52.5 6.5 2 4 4 6.29 1 1 15 0 2 0 11203 1
1 27.25 1.58 2 13 8 1.835 1 1 12 1 2 583 714 1
1 43 0.28 1 13 8 1.75 1 1 8 0 2 100 376 1
1 27.67 0.75 2 11 8 0.165 0 0 0 1 2 220 252 0
0 17.57 9 2 6 4 1.375 1 0 0 1 2 0 1 1
1 41.42 5 2 11 8 5 1 1 6 1 2 470 1 1
1 34.92 2.5 2 9 4 0 1 0 0 1 2 239 201 1
1 27 0.75 2 8 8 4.25 1 1 3 1 2 312 151 1
1 35.75 2.41 2 9 4 0.125 0 1 2 0 2 220 2 0
0 23.25 5.87 2 11 4 3.17 1 1 10 0 2 120 246 1
0 22.42 5.66 2 11 4 2.585 1 1 7 0 2 129 3258 1
0 25.42 1.12 2 11 4 1.29 1 1 2 0 2 200 1 0
1 26.17 0.25 2 3 5 0 1 0 0 1 2 0 1 1
1 29.58 4.75 2 7 4 2 0 1 1 1 2 460 69 0
1 27.75 0.58 1 13 4 0.25 1 1 2 0 2 260 501 1
1 32.08 4 2 7 4 2.5 1 0 0 1 2 360 1 1
1 27.58 3.25 1 11 8 5.085 0 1 2 1 2 369 2 0
1 31.25 1.12 2 1 1 0 0 1 1 0 2 96 20 0
1 31.57 10.5 2 14 4 6.5 1 0 0 0 2 0 1 1
1 40.58 5 2 8 4 5 1 1 7 0 2 0 3066 1
1 32.08 4 1 13 4 1.5 0 0 0 1 2 120 1 0
1 32.08 4 1 13 4 1.5 0 0 0 1 2 120 1 0
1 29.83 2.04 1 14 8 0.04 0 0 0 0 2 128 2 0
1 48.58 6.5 2 11 8 6 1 0 0 1 2 350 1 1
0 44.17 6.66 2 11 4 7.375 1 1 3 1 2 0 1 1
1 17.42 6.5 2 3 4 0.125 0 0 0 0 2 60 101 0
1 37.33 6.5 2 7 8 4.25 1 1 12 1 2 93 1 1
1 23.42 0.58 2 8 8 0.085 1 0 0 0 2 180 1 0
0 22.5 0.41 2 3 4 0.335 0 0 0 1 1 144 1 0
1 42.75 4.08 2 6 4 0.04 0 0 0 0 2 108 101 0
1 27.25 0.62 2 6 4 0.455 1 0 0 1 2 200 1 0
1 36.25 5 2 8 5 2.5 1 1 6 0 2 0 368 1
1 39.17 1.62 2 8 4 1.5 1 1 10 0 2 186 4701 1
0 23.42 0.79 1 11 4 1.5 1 1 2 1 2 80 401 1
1 48.75 8.5 2 8 8 12.5 1 1 9 0 2 181 1656 1
1 32.33 7.5 2 10 5 1.585 1 0 0 1 1 420 1 0
1 31.57 0.62 2 4 4 0.25 0 0 0 0 2 380 2011 0
1 26.83 0.54 2 4 1 0 0 0 0 0 2 100 1 0
0 24.5 1.75 1 8 4 0.165 0 0 0 0 2 132 1 0
1 48.58 6.5 2 11 8 6 1 0 0 1 2 350 1 1
1 31.57 3 1 3 5 7 0 0 0 0 2 0 2 0
1 19.57 0.58 2 1 1 0 0 1 3 0 2 350 770 0
1 21.17 0.25 1 8 8 0.25 0 0 0 0 2 280 205 0
1 19.17 4 1 3 4 1 0 0 0 1 2 360 1001 0
1 40.25 21.5 2 10 9 20 1 1 11 0 2 0 1201 1
1 31.58 0.75 1 6 4 3.5 0 0 0 1 2 320 1 0
1 22.67 1.58 1 9 4 3.085 1 1 6 0 2 80 1 1
1 20.42 0 2 8 4 0 0 0 0 0 3 184 1 0
0 19.17 5.41 2 3 8 0.29 0 0 0 0 2 80 485 0
1 27.83 1 1 2 8 3 0 0 0 0 2 176 538 0
1 34.75 15 2 12 7 5.375 1 1 9 1 2 0 135 1
0 45.33 1 2 11 4 0.125 0 0 0 1 2 263 1 0
0 17.92 10.21 2 1 1 0 0 0 0 0 2 0 51 0
1 20 7 2 8 4 0.5 0 0 0 0 2 0 1 0
1 38.25 10.12 1 4 4 0.125 0 0 0 0 2 160 1 0
1 16.25 0 1 6 4 0.25 0 0 0 0 2 60 1 0
1 24.5 13.33 1 6 4 0.04 0 0 0 1 2 120 476 0
0 16.32 0.21 2 6 4 0.125 0 0 0 0 2 200 2 0
1 80.25 5.5 2 8 4 0.54 1 0 0 0 2 0 341 0
1 26 1 2 11 4 1.75 1 0 0 1 2 280 1 1
1 36.17 18.12 2 9 4 0.085 0 0 0 0 2 320 3553 0
1 27.25 0.62 2 6 4 0.455 1 0 0 1 2 200 1 0
1.234 22.08 11.46 2 4 4 1.585 0 0 0 1 2 100 1213 0
0 22.25 1.25 1 1 1 3.25 0 0 0 0 2 280 1 0
1 28.25 0.87 2 7 4 0.96 1 1 3 1 2 396 1 1
1 23 0.75 2 7 4 0.5 1 0 0 1 1 320 1 0
1 40.58 5 2 8 4 5 1 1 7 0 2 0 3066 1
1 35.17 2.5 2 4 4 4.5 1 1 7 0 2 150 1271 1
1 57.42 8.5 2 10 8 7 1 1 3 0 2 0 1 1
1 63.33 0.54 2 8 4 0.585 1 1 3 1 2 180 1 0
1 40.58 5 2 8 4 5 1 1 7 0 2 0 3066 1
1 31.57 0.62 2 4 4 0.25 0 0 0 0 2 380 2011 0
1 34 5.08 1 3 5 1.085 0 0 0 1 2 480 1 0
0 27.25 0.28 2 7 8 0.125 0 1 1 1 2 272 109 0
1 22.92 0.17 2 7 4 0.085 0 0 0 0 1 0 1 0
0 45.83 10.5 2 11 4 5 1 1 7 1 2 0 1 1
1 36.25 5 2 8 5 2.5 1 1 6 0 2 0 368 1
1 44.25 0.5 2 7 4 10.75 1 0 0 0 1 400 1 0
0 22.67 0.75 2 8 4 2 0 1 2 1 2 200 395 0
1 30.83 0 2 9 4 1.25 1 1 1 0 2 202 1 1
0 26.17 2 2 5 3 0 0 0 0 1 2 276 2 0
0 16.32 0.21 2 6 4 0.125 0 0 0 0 2 200 2 0
1 36.17 5.5 2 3 5 5 0 0 0 0 2 210 688 0
1 22.67 1.58 1 9 4 3.085 1 1 6 0 2 80 1 1
0 28.5 3.04 1 14 8 2.54 1 1 1 0 2 70 1 1
1 31.67 16.16 2 2 4 3 1 1 9 0 2 250 731 1
1 21.17 0.25 1 8 8 0.25 0 0 0 0 2 280 205 0
1 34.75 2.5 2 13 5 0.5 0 0 0 0 2 348 1 0
1 64.08 20 2 14 8 17.5 1 1 9 1 2 0 1001 1
1 21 3 1 2 4 1.085 1 1 8 1 2 160 2 1
0 27.67 1.5 2 7 4 2 1 0 0 0 1 368 1 0
1 34 5.08 1 3 5 1.085 0 0 0 1 2 480 1 0
0 17.82 11 2 14 8 1 1 1 11 0 2 0 3001 1
0 52.5 7 2 6 8 3 0 0 0 0 2 0 1 0
1 33.5 1.75 2 14 8 4.5 1 1 4 1 2 253 858 1
0 27.17 1.25 2 1 1 0 0 1 1 0 2 92 301 0
1 26.75 2 2 2 4 0.75 0 0 0 1 2 80 1 0
0 19.5 0.16 2 11 4 0.04 0 0 0 1 2 380 1 0
0 21.75 11.75 2 8 4 0.25 0 0 0 1 2 180 1 0
1 21.92 0.5 2 8 4 0.125 0 0 0 0 2 360 1 0
1 34.75 2.5 2 13 5 0.5 0 0 0 0 2 348 1 0
0 23.5 9 2 11 4 8.5 1 1 5 1 2 120 1 1
0 20.75 9.53 2 3 4 0.04 0 0 0 0 2 200 1001 0
0 26.17 2 2 5 3 0 0 0 0 1 2 276 2 0
1 39.25 9.5 2 7 4 6.5 1 1 14 0 2 240 4608 1
1 20.42 1.08 2 11 4 1.5 0 0 0 0 2 108 8 0
0 16 0.16 2 6 4 1 0 1 2 1 2 320 2 0
1 53.92 9.62 2 10 4 8.665 1 1 5 0 2 0 1 1
0 21.5 6 2 6 4 2.5 1 1 3 0 2 80 919 1
1 23.25 1.5 2 11 4 2.375 1 1 3 1 2 0 583 1
1 25.67 2.21 1 6 4 4 1 0 0 0 2 188 1 0
1 20.5 2.41 2 8 4 2 1 1 11 1 2 200 3001 1
0 57.58 2 2 1 1 6.5 0 1 1 0 2 0 11 0
0 24.92 1.25 2 1 1 0 1 0 0 0 2 80 1 0
0 18.07 0.37 3 13 1 10 0 0 0 1 1 300 1 1
1 44.25 11 1 2 4 1.5 1 0 0 0 1 0 1 0
0 26.17 2 2 5 3 0 0 0 0 1 2 276 2 0
0 52.5 7 2 6 8 3 0 0 0 0 2 0 1 0
0 64.08 0.16 2 1 1 0 1 1 1 0 2 232 101 1
1 29.25 14.79 2 6 4 5.04 1 1 5 1 2 168 1 1
1 23.25 1 2 8 4 0.835 1 0 0 0 1 300 1 1
0 24.5 1.04 1 1 1 0.5 1 1 3 0 2 180 148 0
0 28.17 0.58 2 6 4 0.04 0 0 0 0 2 260 1005 0
0 18.57 10 2 2 4 0.415 0 0 0 0 2 80 43 0
1 40.58 1.5 2 3 5 0 0 0 0 0 1 300 1 0
1 19.67 10 1 4 8 0.835 1 0 0 1 2 140 1 0
1 39.42 1.71 1 7 4 0.165 0 0 0 0 1 400 1 0
1 39.92 6.21 2 11 4 0.04 1 1 1 0 2 200 301 1
1 24.83 2.75 2 8 4 2.25 1 1 6 0 2 184 601 1
1 28 2 2 4 8 4.165 1 1 2 1 2 181 1 1
0 18.75 7.5 2 11 4 2.71 1 1 5 0 2 184 26727 1
0 21.08 5 1 1 1 0 0 0 0 0 2 0 1 0
1 19.17 0 1 7 5 0 0 0 0 1 1 500 2 1
1 21.08 10.08 1 10 8 1.25 0 0 0 0 2 260 1 0
1 37.33 6.5 2 7 8 4.25 1 1 12 1 2 93 1 1
1 42 0.2 2 3 8 5.125 1 0 0 0 2 400 1 1
0 25.75 0.5 2 8 8 0.875 1 0 0 1 2 491 1 1
0 24.33 2.5 1 3 5 4.5 0 0 0 0 2 200 457 0
0 30.25 5.5 2 4 4 5.5 0 0 0 1 1 100 1 0
1 60.08 14.5 2 1 1 18 1 1 15 1 2 0 1001 1
1 19.67 10 1 4 8 0.835 1 0 0 1 2 140 1 0
0 44.33 0 2 8 4 2.5 1 0 0 0 2 0 1 1
1 16.32 4.08 2 3 8 0.415 0 0 0 1 2 120 1 0
1 52.42 1.5 2 2 4 3.75 0 0 0 1 2 0 351 0
1 53.92 9.62 2 10 4 8.665 1 1 5 0 2 0 1 1
1 33.58 0.25 2 3 5 4 0 0 0 1 1 420 1 0
0 16.07 0.33 2 1 1 0 0 1 1 0 2 160 127 0
1 36.67 2 2 3 4 0.25 0 0 0 1 2 221 1 0
1 34.5 4.04 1 3 5 8.5 1 1 7 1 2 195 1 1
1 26.67 4.25 2 13 4 4.29 1 1 1 1 2 120 1 1
1 16.25 0 1 6 4 0.25 0 0 0 0 2 60 1 0
1 20.67 1.25 1 8 8 1.375 1 1 3 1 2 140 211 0
0 42.25 1.75 1 8 4 0 0 0 0 1 2 150 2 0
1 41.42 5 2 11 8 5 1 1 6 1 2 470 1 1
1 41.5 1.54 2 3 5 3.5 0 0 0 0 2 216 1 1
0 18.92 9.25 1 8 4 1 1 1 4 1 2 80 501 1
0 31.57 11.25 2 1 1 0 0 0 0 0 2 184 5201 0
0 20.5 11.83 2 8 8 6 1 0 0 0 2 340 1 1
0 18.92 9.25 1 8 4 1 1 1 4 1 2 80 501 1
1 39.25 9.5 2 7 4 6.5 1 1 14 0 2 240 4608 1
1 29.42 1.25 2 8 8 0.25 0 1 2 1 2 400 109 0
1 39.42 1.71 1 7 4 0.165 0 0 0 0 1 400 1 0
0 24.33 2.5 1 3 5 4.5 0 0 0 0 2 200 457 0
1 51.83 2.04 1 1 1 1.5 0 0 0 0 2 120 2 0
1 34.83 2.5 1 9 4 3 0 0 0 0 1 200 1 0
1 25.67 0.28 1 8 4 1.5 0 0 0 1 2 160 1 0
1 25 12.5 2 6 4 3 1 0 0 1 1 20 1 1
1 33.75 2.75 2 3 5 0 0 0 0 0 2 180 1 0
1 42.75 3 2 3 5 1 1 0 0 0 2 0 201 0
0 28.5 3.04 1 14 8 2.54 1 1 1 0 2 70 1 1
0 19.5 0.16 2 11 4 0.04 0 0 0 1 2 380 1 0
0 18.42 9.25 2 11 4 1.21 1 1 4 0 2 60 541 1
1 60.08 14.5 2 1 1 18 1 1 15 1 2 0 1001 1
1 31.57 4 1 3 4 0.085 0 0 0 1 2 411 1 0
1 34.92 5 2 14 8 7.5 1 1 6 1 2 0 1001 1
1 36.33 2.12 1 9 4 0.085 1 1 1 0 2 50 1188 1
0 17.92 0.54 2 8 4 1.75 0 1 1 1 2 80 6 0
0 18.57 10 2 2 4 0.415 0 0 0 0 2 80 43 0
0 46 4 2 5 3 0 1 0 0 0 2 100 961 1
1 23.92 0.66 2 8 4 0.165 0 0 0 0 2 100 1 1
1 58.58 2.71 2 8 4 2.415 0 0 0 1 2 320 1 0
0 51.92 6.5 2 3 5 3.085 0 0 0 1 2 73 1 0
0 27.58 3 2 7 4 2.79 0 1 1 1 2 280 11 0
1 43.25 25.21 2 11 8 0.21 1 1 1 0 2 760 91 0
1 27.58 3.25 1 11 8 5.085 0 1 2 1 2 369 2 0
0 19.5 0.16 2 11 4 0.04 0 0 0 1 2 380 1 0
0 24.5 1.04 1 1 1 0.5 1 1 3 0 2 180 148 0
1 21.17 0.25 1 8 8 0.25 0 0 0 0 2 280 205 0
1 20.67 0.41 2 8 4 0.125 0 0 0 0 2 0 45 0
0 28.5 1 2 11 4 1 1 1 2 1 2 167 501 0
1 23.92 0.66 2 8 4 0.165 0 0 0 0 2 100 1 1
1 27.25 1.58 2 13 8 1.835 1 1 12 1 2 583 714 1
1 16 3.12 2 9 4 0.085 0 1 1 0 2 0 7 0
0 33.08 4.62 2 11 8 1.625 1 1 2 0 2 0 1 1
0 28.75 3.75 2 8 4 1.085 1 1 1 1 2 371 1 1
1 21.5 9.75 2 8 4 0.25 1 0 0 0 2 140 1 0
1 39.17 2.5 1 3 8 10 0 0 0 1 1 200 1 0
0 28.75 3.75 2 8 4 1.085 1 1 1 1 2 371 1 1
0 50.08 12.54 2 6 4 2.29 1 1 3 1 2 156 1 1
1 22.08 2.33 2 4 4 0.75 0 0 0 0 2 180 1 0
1 27.58 2.04 1 6 4 2 1 1 3 1 2 370 561 1
1 21.67 1.16 1 4 4 2.5 1 1 1 0 2 180 21 0
1 19.32 10.91 2 8 5 0.585 0 1 2 1 2 200 8 0
1 74.83 19 1 1 1 0.04 0 1 2 0 2 0 352 0
0 24.33 2.5 1 3 5 4.5 0 0 0 0 2 200 457 0
1 20.5 10 1 8 4 2.5 1 0 0 0 1 40 1 1
1 40.58 1.5 2 3 5 0 0 0 0 0 1 300 1 0
1 23.25 4 2 8 5 0.25 1 0 0 1 2 160 1 1
1 63.33 0.54 2 8 4 0.585 1 1 3 1 2 180 1 0
1 23.42 0.58 2 8 8 0.085 1 0 0 0 2 180 1 0
1 21.25 1.5 2 9 4 1.5 0 0 0 0 2 150 9 1

