0 25 11 1 6 4 4.5 1 0 0 0 2 120 1 0
0 29.5 2 1 10 8 2 0 0 0 0 2 256 18 0
0 42.25 1.75 1 8 4 0 0 0 0 1 2 150 2 0
1 48.08 6.04 2 4 4 0.04 0 0 0 0 2 0 2691 1
1 65.42 11 2 10 9 20 1 1 7 1 2 22 1 1
1 27.58 2.04 1 6 4 2 1 1 3 1 2 370 561 1
1 26.75 2 2 2 4 0.75 0 0 0 1 2 80 1 0
1 32.25 0.16 1 8 8 3.25 1 1 1 1 2 432 8001 1
0 19.5 0.16 2 11 4 0.04 0 0 0 1 2 380 1 0
1 56.42 28 1 8 4 28.5 1 1 40 0 2 0 16 1
1 23.42 1 2 8 4 0.5 0 0 0 1 1 280 1 0
1 23.17 0 2 13 4 0.085 1 0 0 0 2 0 1 1
1 32.25 14 1 1 1 0 0 1 2 0 2 160 2 0
1 43.17 2.25 2 3 5 0.75 1 0 0 0 2 560 1 0
1 48.17 3.5 2 6 4 3.5 1 0 0 0 1 230 1 1
1 25.25 1 2 6 4 0.5 0 0 0 0 2 200 1 0
1 30.33 0.5 2 2 8 0.085 0 0 0 1 1 252 1 0
1 19.42 1.5 1 13 4 2 1 0 0 1 2 100 21 0
1 27.58 3.25 1 11 8 5.085 0 1 2 1 2 369 2 0
1 28 3 2 9 4 0.75 0 0 0 1 2 300 68 0
0 32 6 2 2 4 1.25 0 0 0 0 2 272 1 0
1 19.67 0.37 2 11 4 2 1 1 2 1 2 80 1 1
0 52.83 15 2 8 4 5.5 1 1 14 0 2 0 2201 1
1 31.58 0.75 1 6 4 3.5 0 0 0 1 2 320 1 0
1 19.57 0.58 2 1 1 0 0 1 3 0 2 350 770 0
1 20.17 9.25 2 8 4 1.665 1 1 3 1 2 40 29 1
0 18.92 9.25 1 8 4 1 1 1 4 1 2 80 501 1
1 27.25 1.58 2 13 8 1.835 1 1 12 1 2 583 714 1
1 34.75 2.5 2 13 5 0.5 0 0 0 0 2 348 1 0
1 27.25 0.62 2 6 4 0.455 1 0 0 1 2 200 1 0
1 22.08 11 2 13 4 0.665 1 0 0 0 2 100 1 1
1 22.17 12.12 2 8 4 3.335 0 1 2 1 2 180 174 0
1 19.32 10.91 2 8 5 0.585 0 1 2 1 2 200 8 0
1 39 5 2 13 4 3.5 1 1 10 1 2 0 1 1
1 23.5 3.16 1 4 4 0.415 0 1 1 1 2 280 81 0
0 21.5 6 2 6 4 2.5 1 1 3 0 2 80 919 1
1 73.42 17.75 2 1 1 0 1 0 0 1 2 0 1 1
0 28.5 1 2 11 4 1 1 1 2 1 2 167 501 0
0 38.25 6 2 4 4 1 1 0 0 1 2 0 1 1
1 39 5 2 13 4 3.5 1 1 10 1 2 0 1 1
0 38.75 1.5 2 1 1 0 0 0 0 0 2 76 1 0
1 17.67 4.46 2 8 4 0.25 0 0 0 0 1 80 1 0
1 27 1.5 1 9 4 0.375 1 0 0 1 2 260 1066 1
1 54.83 15.5 2 10 9 0 1 1 20 0 2 152 131 0
1 17.42 6.5 2 3 4 0.125 0 0 0 0 2 60 101 0
0 37.75 5.5 2 11 4 0.125 1 0 0 1 2 228 1 1
0 25.42 1.12 2 11 4 1.29 1 1 2 0 2 200 1 0
0 29.58 1.75 1 4 4 1.25 0 0 0 1 2 280 1 0
1 34.08 6.5 2 6 4 0.125 1 0 0 1 2 443 1 0
0 33.08 4.62 2 11 8 1.625 1 1 2 0 2 0 1 1
0 23.75 0.71 2 9 4 0.25 0 1 1 1 2 240 5 0
1 48.08 6.04 2 4 4 0.04 0 0 0 0 2 0 2691 1
1 23.08 2.5 2 1 1 0.085 0 0 0 1 2 100 4209 0
0 26.5 2.71 1 8 4 0.085 0 0 0 0 1 80 1 0
0 33.17 2.25 1 13 4 3.5 0 0 0 1 2 200 142 0
0 15.75 0.37 2 8 4 1 0 0 0 0 2 120 19 0
0 19.17 0.58 1 6 4 0.585 1 0 0 1 2 160 1 0
0 49.83 13.58 2 4 8 8.5 1 0 0 1 2 0 1 1
1 43 0.28 1 13 8 1.75 1 1 8 0 2 100 376 1
1 34.83 2.5 1 9 4 3 0 0 0 0 1 200 1 0
1 22.08 2.33 2 4 4 0.75 0 0 0 0 2 180 1 0
1 16.32 4.08 2 3 8 0.415 0 0 0 1 2 120 1 0
1 36.17 18.12 2 9 4 0.085 0 0 0 0 2 320 3553 0
1 36.17 5.5 2 3 5 5 0 0 0 0 2 210 688 0
0 26.17 2 2 5 3 0 0 0 0 1 2 276 2 0
1 22.25 0.46 2 4 4 0.125 0 0 0 1 2 280 56 0
0 27.67 1.5 2 7 4 2 1 0 0 0 1 368 1 0
1 69.17 9 2 1 1 4 0 1 1 0 2 70 7 0
1 43.25 3 2 11 8 6 1 1 11 0 2 80 1 1
1 25.92 0.87 2 4 4 0.375 0 1 2 1 2 174 4 0
1 36.67 4.41 1 4 4 0.25 1 1 10 1 2 320 1 1
1 23.25 4 2 8 5 0.25 1 0 0 1 2 160 1 1
1 31.57 0.5 2 8 5 0.835 1 0 0 1 1 320 1 0
1 24.42 12.33 2 11 8 1.585 1 0 0 1 2 120 1 1
1 31.57 0.62 2 4 4 0.25 0 0 0 0 2 380 2011 0
1 24.58 12.5 2 9 4 0.875 1 0 0 1 2 260 1 0
1 39.17 1.71 2 14 4 0.125 1 1 5 1 2 480 1 1
1 39.17 1.71 2 14 4 0.125 1 1 5 1 2 480 1 1
1 31.08 3.08 2 8 4 2.5 0 1 2 1 2 160 42 0
1 39.5 1.62 2 8 4 1.5 0 0 0 0 2 0 317 0
1 31 2.08 2 8 4 0.085 0 0 0 0 2 300 1 0
1 39.5 1.62 2 8 4 1.5 0 0 0 0 2 0 317 0
1 23.75 12 2 8 4 2.085 0 0 0 0 1 80 1 0
1 31.08 3.08 2 8 4 2.5 0 1 2 1 2 160 42 0
1 22.67 2.54 1 8 8 2.585 1 0 0 0 2 0 1 1
1 24.83 2.75 2 8 4 2.25 1 1 6 0 2 184 601 1
1 22.25 0.46 2 4 4 0.125 0 0 0 1 2 280 56 0
0 22.58 10.75 2 11 4 0.415 1 1 5 1 2 0 561 1
1 33.17 3.16 1 14 4 3.165 1 1 3 1 2 380 1 1
1 30.17 0.5 2 8 4 1.75 1 1 11 0 2 32 541 1
0 26.92 13.5 2 11 8 5 1 1 2 0 2 0 5001 1
0 18.82 9.53 2 6 4 0.085 1 0 0 0 2 100 1 1
0 33.92 1.58 1 1 1 0 1 0 0 0 2 320 1 0
1 39.92 6.21 2 11 4 0.04 1 1 1 0 2 200 301 1
1 59.5 2.75 2 9 4 1.75 1 1 5 1 2 60 59 1
1 30.17 6.5 2 13 4 3.125 1 1 8 0 2 330 1201 1
0 42.25 1.75 1 8 4 0 0 0 0 1 2 150 2 0
1 36.17 0.42 1 9 4 0.29 0 0 0 1 2 309 3 0
1 48.33 12 2 7 4 16 1 0 0 0 1 110 1 1
1 15.17 7 2 10 4 1 0 0 0 0 2 600 1 0
1 31.25 1.12 2 1 1 0 0 1 1 0 2 96 20 0
1 35.75 2.41 2 9 4 0.125 0 1 2 0 2 220 2 0
0 21.5 6 2 6 4 2.5 1 1 3 0 2 80 919 1
1 25.5 0.37 2 7 4 0.25 1 1 3 0 2 260 15109 1
0 23.25 5.87 2 11 4 3.17 1 1 10 0 2 120 246 1
0 24.5 1.04 1 1 1 0.5 1 1 3 0 2 180 148 0
0 23 11.75 2 14 8 0.5 1 1 2 1 2 300 552 1
0 45 4.58 2 4 8 1 0 0 0 1 1 240 1 0
0 24.5 2.41 1 8 4 0 0 0 0 0 2 120 1 0
1 18.07 5.5 2 4 4 0.5 1 0 0 0 2 80 1 1
0 18.82 9.53 2 6 4 0.085 1 0 0 0 2 100 1 1
1 35.25 16.5 1 8 4 4 1 0 0 0 2 80 1 0
1 16 3.12 2 9 4 0.085 0 1 1 0 2 0 7 0
1 27.75 0.58 1 13 4 0.25 1 1 2 0 2 260 501 1
0 15.83 0.58 2 8 8 1.5 1 1 2 0 2 100 1 1
1 31.08 1.5 1 9 4 0.04 0 0 0 0 1 160 1 0
0 21.75 11.75 2 8 4 0.25 0 0 0 1 2 180 1 0
0 33.67 0.37 2 13 4 0.375 0 0 0 0 2 300 45 1
1 26.33 13 2 10 2 0 0 0 0 1 2 140 1111 0
0 23 11.75 2 14 8 0.5 1 1 2 1 2 300 552 1
1 29.92 1.83 2 8 8 4.335 1 0 0 0 2 260 201 1
1 21.5 9.75 2 8 4 0.25 1 0 0 0 2 140 1 0
1 27.58 3.25 1 11 8 5.085 0 1 2 1 2 369 2 0
1 65.42 11 2 10 9 20 1 1 7 1 2 22 1 1
1 18.67 5 2 11 4 0.375 1 1 2 0 2 0 39 0
1 54.83 15.5 2 10 9 0 1 1 20 0 2 152 131 0
1 33.67 1.25 2 9 4 1.165 0 0 0 0 2 120 1 0
1 34.17 1.54 2 13 4 1.54 1 1 1 1 2 520 50001 1
0 52.5 7 2 6 8 3 0 0 0 0 2 0 1 0
1 35.17 4.5 2 14 8 5.75 0 0 0 1 1 711 1 1
1 20 0 2 2 4 0.5 0 0 0 0 2 144 1 0
1 20.42 7 2 8 4 1.625 1 1 3 0 2 200 1392 1
1 31.83 0.04 1 7 4 0.04 0 0 0 0 2 0 1 0
1 59.67 1.54 2 11 4 0.125 1 0 0 1 2 260 1 1
1 25.75 0.75 2 8 5 0.25 1 0 0 0 2 349 24 1
0 38.25 6 2 4 4 1 1 0 0 1 2 0 1 1
0 38.58 5 2 13 4 13.5 1 0 0 1 2 980 1 0
0 37.33 2.5 2 3 8 0.21 0 0 0 0 2 260 247 0
0 22.67 3.8 2 8 4 0.165 0 0 0 0 2 160 1 0
1 42.83 4.62 2 11 4 4.58 1 0 0 0 1 0 1 1
1 38.92 1.75 2 4 4 0.5 0 0 0 1 2 300 3 0
1 38.92 1.75 2 4 4 0.5 0 0 0 1 2 300 3 0
1 25 12.5 2 6 4 3 1 0 0 1 1 20 1 1
1 23.92 0.66 2 8 4 0.165 0 0 0 0 2 100 1 1
1 31 2.08 2 8 4 0.085 0 0 0 0 2 300 1 0
0 22.67 0.79 2 3 4 0.085 0 0 0 0 2 144 1 0
1 41 0.04 2 10 4 0.04 0 1 1 0 1 560 1 1
0 58.42 21 2 3 5 10 1 1 13 0 2 0 6701 1
0 19.17 5.41 2 3 8 0.29 0 0 0 0 2 80 485 0
1 74.83 19 1 1 1 0.04 0 1 2 0 2 0 352 0
0 25.42 1.12 2 11 4 1.29 1 1 2 0 2 200 1 0
1 27.83 1 1 2 8 3 0 0 0 0 2 176 538 0
1 38.25 10.12 1 4 4 0.125 0 0 0 0 2 160 1 0
1 25.25 1 2 6 4 0.5 0 0 0 0 2 200 1 0
0 34.83 1.25 1 3 8 0.5 0 0 0 1 2 160 1 0
1 17.42 6.5 2 3 4 0.125 0 0 0 0 2 60 101 0
0 22.83 2.29 2 11 8 2.29 1 1 7 1 2 140 2385 1
1 80.25 5.5 2 8 4 0.54 1 0 0 0 2 0 341 0
1 18.07 6.75 1 7 4 0.04 0 0 0 0 2 140 1 0
1 44.83 7 1 8 4 1.625 0 0 0 0 2 160 3 0
0 28.17 0.58 2 6 4 0.04 0 0 0 0 2 260 1005 0
0 29.5 1.08 1 14 4 1 0 0 0 0 2 280 14 0
0 21.75 1.75 1 5 3 0 0 0 0 0 2 160 1 0
1 39.92 0.54 1 6 4 0.5 1 1 3 0 2 200 1001 1
1 19 1.75 1 8 4 2.335 0 0 0 1 2 112 7 0
1 30.17 6.5 2 13 4 3.125 1 1 8 0 2 330 1201 1
1 67.75 5.5 2 10 9 13 1 1 1 1 2 0 1 1
1 23.17 0 2 8 4 0 0 0 0 0 3 184 1 1
1 33.67 2.16 2 8 4 1.5 0 0 0 0 3 120 1 0
1 17.42 6.5 2 3 4 0.125 0 0 0 0 2 60 101 0
0 18.25 10 2 9 4 1 0 1 1 0 2 120 2 0
0 28.75 3.75 2 8 4 1.085 1 1 1 1 2 371 1 1
1 26.83 0.54 2 4 1 0 0 0 0 0 2 100 1 0
1 28.75 1.5 1 8 4 1.5 1 0 0 1 2 0 226 0
1 31.83 0.04 1 7 4 0.04 0 0 0 0 2 0 1 0
1 19.42 1.5 1 13 4 2 1 0 0 1 2 100 21 0
1 32.67 5.5 2 11 8 5.5 1 1 12 1 2 408 1001 1
0 24.92 1.25 2 1 1 0 1 0 0 0 2 80 1 0
1 32.25 0.16 1 8 8 3.25 1 1 1 1 2 432 8001 1
1 59.67 1.54 2 11 4 0.125 1 0 0 1 2 260 1 1
1 27.83 1 1 2 8 3 0 0 0 0 2 176 538 0
0 41.58 1.04 2 6 4 0.665 0 0 0 0 2 240 238 0
0 29.5 2 1 10 8 2 0 0 0 0 2 256 18 0
0 20.83 0.5 1 10 2 1 0 0 0 0 2 260 1 0
1 33.17 1.04 2 12 8 6.5 1 0 0 1 2 164 31286 1
1 18.32 1.21 1 10 2 0 0 0 0 0 2 100 1 0
0 28.58 1.66 2 11 4 2.415 1 0 0 1 2 440 1 0
1 16.25 0.83 2 7 4 0.085 1 0 0 0 1 200 1 0
1 27.58 3.25 1 11 8 5.085 0 1 2 1 2 369 2 0
0 25.25 13.5 1 1 1 2 0 1 1 1 2 200 2 0
0 33.67 0.37 2 13 4 0.375 0 0 0 0 2 300 45 1
1 29.25 13 2 2 8 0.5 0 0 0 0 2 228 1 0
1 33.17 3.16 1 14 4 3.165 1 1 3 1 2 380 1 1
1 32.33 7.5 2 10 5 1.585 1 0 0 1 1 420 1 0
1 26.17 0.25 2 3 5 0 1 0 0 1 2 0 1 1
1 35.75 2.41 2 9 4 0.125 0 1 2 0 2 220 2 0
1 59.67 1.54 2 11 4 0.125 1 0 0 1 2 260 1 1
1 48.58 6.5 2 11 8 6 1 0 0 1 2 350 1 1
1 30.75 1.58 2 2 4 0.585 0 0 0 1 1 0 1 0
1 37.5 1.75 1 8 5 0.25 1 0 0 1 2 164 401 0
0 29.58 1.75 1 4 4 1.25 0 0 0 1 2 280 1 0
1 32.83 2.5 2 13 8 2.75 1 1 6 0 2 160 2073 1
1 31.33 19.5 2 8 4 7 1 1 16 0 2 0 5001 1
1 36.25 5 2 8 5 2.5 1 1 6 0 2 0 368 1
1 37.33 2.66 2 13 4 0.165 0 0 0 1 2 0 502 0
1 37.33 6.5 2 7 8 4.25 1 1 12 1 2 93 1 1
0 52.5 7 2 6 8 3 0 0 0 0 2 0 1 0
1 25.75 0.75 2 8 5 0.25 1 0 0 0 2 349 24 1
1 28.25 0.87 2 7 4 0.96 1 1 3 1 2 396 1 1
0 23.58 0.83 2 11 4 0.415 0 1 1 1 2 200 12 0
1 22.67 1.58 1 9 4 3.085 1 1 6 0 2 80 1 1
0 25.17 2.87 2 14 8 0.875 1 0 0 0 2 360 1 1
1 27.25 1.58 2 13 8 1.835 1 1 12 1 2 583 714 1
1 23.08 11.5 2 3 4 3.5 1 1 9 0 2 56 743 1
1 20.42 1.08 2 11 4 1.5 0 0 0 0 2 108 8 0
1 19.17 4 1 3 4 1 0 0 0 1 2 360 1001 0
1 39.92 5 2 3 5 0.21 0 0 0 0 2 550 1 0
0 20.32 10 2 8 8 1 1 1 4 0 2 50 1466 1
1 16.25 0.83 2 7 4 0.085 1 0 0 0 1 200 1 0
0 38.25 6 2 4 4 1 1 0 0 1 2 0 1 1
0 36.75 5.12 2 10 4 5 1 0 0 1 2 0 4001 1
0 28.67 1.04 2 8 4 2.5 1 1 5 1 2 300 1431 1
0 31.57 11.25 2 1 1 0 0 0 0 0 2 184 5201 0
1 33.17 1.04 2 12 8 6.5 1 0 0 1 2 164 31286 1
0 39.08 4 2 8 4 3 0 0 0 0 2 480 1 0
0 19.17 5.41 2 3 8 0.29 0 0 0 0 2 80 485 0
1 21.83 0.25 2 2 8 0.665 1 0 0 1 2 0 1 1
0 24.5 1.75 1 8 4 0.165 0 0 0 0 2 132 1 0
1 30.17 1.08 1 8 4 0.04 0 0 0 0 2 170 180 0
1 20 11.04 2 8 4 2 0 0 0 1 2 136 1 0
1 74.83 19 1 1 1 0.04 0 1 2 0 2 0 352 0
0 36.58 0.28 2 1 1 0 0 1 10 0 2 200 19 0
1 23.08 2.5 2 1 1 0.085 0 0 0 1 2 100 4209 0
1 23 0.75 2 7 4 0.5 1 0 0 1 1 320 1 0
1 20 1.25 1 4 4 0.125 0 0 0 0 2 140 5 0
1 19.17 0 1 7 5 0 0 0 0 1 1 500 2 1
0 24.75 12.5 2 6 4 1.5 1 1 12 1 2 120 568 1
1 38.92 1.75 2 4 4 0.5 0 0 0 1 2 300 3 0
0 27.25 0.28 2 7 8 0.125 0 1 1 1 2 272 109 0
1 30.17 1.08 1 8 4 0.04 0 0 0 0 2 170 180 0
0 21.67 11.5 1 5 3 0 1 1 11 1 2 0 1 1
0 26.92 13.5 2 11 8 5 1 1 2 0 2 0 5001 1
1 18.32 1.21 1 10 2 0 0 0 0 0 2 100 1 0
1 20.17 5.62 2 9 4 1.71 1 0 0 0 1 120 1 1
1 51.83 2.04 1 1 1 1.5 0 0 0 0 2 120 2 0
1.234 22.08 11.46 2 4 4 1.585 0 0 0 1 2 100 1213 0
0 21.67 11.5 1 5 3 0 1 1 11 1 2 0 1 1
1 16.07 0.75 2 8 4 1.75 1 1 5 1 2 352 691 1
1 20.42 1.08 2 11 4 1.5 0 0 0 0 2 108 8 0
1 20.42 1.08 2 11 4 1.5 0 0 0 0 2 108 8 0
1 34 5.08 1 3 5 1.085 0 0 0 1 2 480 1 0
1 64.08 20 2 14 8 17.5 1 1 9 1 2 0 1001 1
1 34 5.08 1 3 5 1.085 0 0 0 1 2 480 1 0
1 29.67 1.41 2 9 8 0.75 1 1 1 0 2 240 101 1
0 15.83 7.62 2 11 4 0.125 0 1 1 1 2 0 161 0
1 33.67 2.16 2 8 4 1.5 0 0 0 0 3 120 1 0
1 37.5 0.83 2 10 4 0.04 0 0 0 0 2 120 6 0
1 18.82 0 2 11 4 0.665 0 0 0 0 2 160 2 0
1 26.92 2.25 2 3 5 0.5 0 0 0 1 2 640 4001 0
1 16.07 0.75 2 8 4 1.75 1 1 5 1 2 352 691 1
1 25.67 12.5 2 13 4 1.21 1 1 67 1 2 140 259 1
1 20.67 0.83 1 8 4 2 0 0 0 1 1 240 1 0
1 44.33 0.5 2 3 8 5 1 0 0 1 2 320 1 1
1 42 9.78 2 14 8 7.96 1 1 8 0 2 0 1 1
1 69.17 9 2 1 1 4 0 1 1 0 2 70 7 0
0 44.17 6.66 2 11 4 7.375 1 1 3 1 2 0 1 1
1 22.17 0.58 1 1 1 0 0 0 0 0 2 100 1 0
1 32.92 2.5 2 6 4 1.75 0 1 2 1 2 720 1 0
0 20.42 10.5 1 14 8 0 0 0 0 1 2 154 33 0
1 20.42 7 2 8 4 1.625 1 1 3 0 2 200 1392 1
1 80.25 5.5 2 8 4 0.54 1 0 0 0 2 0 341 0
1 44 2 2 7 4 1.75 1 1 2 1 2 0 16 1
1 39.17 1.71 2 14 4 0.125 1 1 5 1 2 480 1 1
1 25.83 12.83 2 13 4 0.5 0 0 0 0 2 0 3 0
0 25.08 2.54 1 6 4 0.25 1 0 0 1 2 370 1 1
1 22.17 12.12 2 8 4 3.335 0 1 2 1 2 180 174 0

