0 33.08 4.62 2 11 8 1.625 1 1 2 0 2 0 1 1
0 30.58 10.66 2 11 8 0.085 0 1 12 1 2 129 4 0
1 41.42 5 2 11 8 5 1 1 6 1 2 470 1 1
1 17.07 0.08 1 8 4 0.04 0 0 0 0 2 140 723 0
1 41.17 1.25 1 9 4 0.25 0 0 0 0 2 0 196 0
1 26.67 4.25 2 13 4 4.29 1 1 1 1 2 120 1 1
1 36.67 4.41 1 4 4 0.25 1 1 10 1 2 320 1 1
1 16.92 0.33 1 4 4 0.29 0 0 0 0 1 200 1 0
0 31.57 11.25 2 1 1 0 0 0 0 0 2 184 5201 0
1 23.42 1 2 8 4 0.5 0 0 0 1 1 280 1 0
0 44.33 0 2 8 4 2.5 1 0 0 0 2 0 1 1
1 27 1.5 1 9 4 0.375 1 0 0 1 2 260 1066 1
1 27.25 1.58 2 13 8 1.835 1 1 12 1 2 583 714 1
1 21.08 10.08 1 10 8 1.25 0 0 0 0 2 260 1 0
1 30.58 2.71 1 7 4 0.125 0 0 0 1 1 80 1 0
0 24.33 2.5 1 3 5 4.5 0 0 0 0 2 200 457 0
1 33.58 2.75 2 7 4 4.25 1 1 6 0 2 204 1 1
1 17.42 6.5 2 3 4 0.125 0 0 0 0 2 60 101 0
1 56.42 28 1 8 4 28.5 1 1 40 0 2 0 16 1
1 38.92 1.75 2 4 4 0.5 0 0 0 1 2 300 3 0
1 36.5 4.25 2 11 4 3.5 0 0 0 0 2 454 51 0
1 44.33 0.5 2 3 8 5 1 0 0 1 2 320 1 1
1 43.08 0.37 1 8 4 0.375 1 1 8 1 2 300 163 1
1 42.83 1.25 2 7 4 13.875 0 1 1 1 2 352 113 0
1 43.17 5 2 3 5 2.25 0 0 0 1 2 141 1 0
1 44.25 11 1 2 4 1.5 1 0 0 0 1 0 1 0
0 28.5 1 2 11 4 1 1 1 2 1 2 167 501 0
1 39.25 9.5 2 7 4 6.5 1 1 14 0 2 240 4608 1
1 26.17 0.25 2 3 5 0 1 0 0 1 2 0 1 1
1 22.25 0.46 2 4 4 0.125 0 0 0 1 2 280 56 0
1 38.25 10.12 1 4 4 0.125 0 0 0 0 2 160 1 0
1 36.67 3.25 2 11 8 9 1 0 0 1 2 102 640 1
0 17.82 11 2 14 8 1 1 1 11 0 2 0 3001 1
1 22.92 3.16 1 8 4 0.165 0 0 0 0 2 160 1059 0
1 56.42 28 1 8 4 28.5 1 1 40 0 2 0 16 1
1 24.58 1.25 2 8 4 0.25 0 0 0 0 2 110 1 0
0 28.42 3.5 2 9 4 0.835 1 0 0 0 1 280 1 1
1 45 8.5 2 13 8 14 1 1 1 1 2 88 2001 1
1 36.33 3.79 2 9 4 1.165 1 0 0 1 2 200 1 0
1 23.58 1.79 2 8 4 0.54 0 0 0 1 2 136 2 0
0 26.08 8.66 2 6 4 1.415 1 0 0 0 2 160 151 1
1 18.5 2 2 3 4 1.5 1 1 2 0 2 120 301 1
1 28.25 5.04 1 8 5 1.5 1 1 8 1 2 144 8 1
1 37.5 1.12 1 2 4 1.5 0 0 0 1 2 431 1 1
1 32.25 0.16 1 8 8 3.25 1 1 1 1 2 432 8001 1
1 34.67 1.08 2 7 4 1.165 0 0 0 0 1 28 1 0
1 16 3.12 2 9 4 0.085 0 1 1 0 2 0 7 0
1 37.42 2.04 2 9 4 0.04 1 0 0 1 2 400 5801 1
1 42.83 4.62 2 11 4 4.58 1 0 0 0 1 0 1 1
0 25.08 2.54 1 6 4 0.25 1 0 0 1 2 370 1 1
1 54.33 6.75 2 8 8 2.625 1 1 11 1 2 0 285 1
0 20.07 1.25 2 8 4 0 0 0 0 0 2 0 1 0
1 34.17 9.17 2 8 4 4.5 1 1 12 1 2 0 222 1
1 26.67 4.25 2 13 4 4.29 1 1 1 1 2 120 1 1
1 36.33 3.79 2 9 4 1.165 1 0 0 1 2 200 1 0
0 60.58 16.5 2 11 4 11 1 0 0 1 2 21 10562 1
1 31.92 4.46 2 13 8 6.04 1 1 3 0 2 311 301 1
1 43.25 3 2 11 8 6 1 1 11 0 2 80 1 1
1 23.08 11.5 2 3 4 3.5 1 1 9 0 2 56 743 1
1 36.67 4.41 1 4 4 0.25 1 1 10 1 2 320 1 1
0 25.25 13.5 1 1 1 2 0 1 1 1 2 200 2 0
1 27.25 1.58 2 13 8 1.835 1 1 12 1 2 583 714 1
1.234 22.08 11.46 2 4 4 1.585 0 0 0 1 2 100 1213 0
0 20.75 10.25 2 11 4 0.71 1 1 2 1 2 49 1 1
1 27.25 1.58 2 13 8 1.835 1 1 12 1 2 583 714 1
1 34.25 3 2 13 8 7.415 1 0 0 1 2 0 1 1
1 23.08 2.5 2 1 1 0.085 0 0 0 1 2 100 4209 0
0 45.83 10.5 2 11 4 5 1 1 7 1 2 0 1 1
1 28.33 5 2 9 4 11 1 0 0 1 2 70 1 1
1 51.83 3 1 1 1 1.5 0 0 0 0 2 180 5 0
1 73.42 17.75 2 1 1 0 1 0 0 1 2 0 1 1
1 55.92 11.5 2 1 1 5 1 1 5 0 2 0 8852 1
0 16.32 0.21 2 6 4 0.125 0 0 0 0 2 200 2 0
1 19 0 1 1 1 0 0 1 4 0 2 45 2 0
0 16.07 0.33 2 1 1 0 0 1 1 0 2 160 127 0
1 31.57 0.62 2 4 4 0.25 0 0 0 0 2 380 2011 0
0 18.57 10 2 2 4 0.415 0 0 0 0 2 80 43 0
1 54.42 0.5 1 4 8 3.96 1 0 0 0 2 180 315 1
1 28 3 2 9 4 0.75 0 0 0 1 2 300 68 0
1 23.33 1.5 2 8 8 1.415 1 0 0 0 2 422 201 1
1 64.08 20 2 14 8 17.5 1 1 9 1 2 0 1001 1
1 23.92 0.66 2 8 4 0.165 0 0 0 0 2 100 1 1
1 34 5.08 1 3 5 1.085 0 0 0 1 2 480 1 0
1 28.25 0.87 2 7 4 0.96 1 1 3 1 2 396 1 1
0 17.82 11 2 14 8 1 1 1 11 0 2 0 3001 1
1 22.75 11 2 11 4 2.5 1 1 7 1 2 100 810 1
0 25.33 2.08 2 8 8 2.75 1 0 0 1 2 360 2 0
1 22.25 0.46 2 4 4 0.125 0 0 0 1 2 280 56 0
1 40.58 1.5 2 3 5 0 0 0 0 0 1 300 1 0
1 18.5 2 2 3 4 1.5 1 1 2 0 2 120 301 1
0 24.75 3 2 11 8 1.835 1 1 19 0 2 0 501 1
1 37.5 1.75 1 8 5 0.25 1 0 0 1 2 164 401 0
1 52.33 1.37 1 8 8 9.46 1 0 0 1 2 200 101 0
0 36.58 0.28 2 1 1 0 0 1 10 0 2 200 19 0
1 31.67 16.16 2 2 4 3 1 1 9 0 2 250 731 1
1 18.5 2 2 3 4 1.5 1 1 2 0 2 120 301 1
1 36.33 2.12 1 9 4 0.085 1 1 1 0 2 50 1188 1
1 39.92 5 2 3 5 0.21 0 0 0 0 2 550 1 0
1 19.57 0.58 2 1 1 0 0 1 3 0 2 350 770 0
0 21.75 11.75 2 8 4 0.25 0 0 0 1 2 180 1 0
1 21 3 1 2 4 1.085 1 1 8 1 2 160 2 1
1 19.57 0.58 2 1 1 0 0 1 3 0 2 350 770 0
1 36.67 4.41 1 4 4 0.25 1 1 10 1 2 320 1 1
1 34.17 2.75 2 3 5 2.5 0 0 0 1 2 232 201 0
1 43.08 0.37 1 8 4 0.375 1 1 8 1 2 300 163 1
0 60.58 16.5 2 11 4 11 1 0 0 1 2 21 10562 1
1 60.08 14.5 2 1 1 18 1 1 15 1 2 0 1001 1
1 18.07 6.75 1 7 4 0.04 0 0 0 0 2 140 1 0
0 20.07 1.25 2 8 4 0 0 0 0 0 2 0 1 0
0 20.07 1.25 2 8 4 0 0 0 0 0 2 0 1 0
1 27 0.75 2 8 8 4.25 1 1 3 1 2 312 151 1
1 23.08 11.5 2 3 4 3.5 1 1 9 0 2 56 743 1
1 44.83 7 1 8 4 1.625 0 0 0 0 2 160 3 0
1 53.92 9.62 2 10 4 8.665 1 1 5 0 2 0 1 1
1 16.17 0.04 2 8 4 0.04 0 0 0 0 2 0 1 1
1 21.08 10.08 1 10 8 1.25 0 0 0 0 2 260 1 0
0 28.75 3.75 2 8 4 1.085 1 1 1 1 2 371 1 1
1 37.17 4 2 8 5 5 1 0 0 1 1 280 1 0
1 56.75 12.25 2 7 4 1.25 1 1 4 1 2 200 1 1
0 27.67 1.5 2 7 4 2 1 0 0 0 1 368 1 0
1 18.07 6.75 1 7 4 0.04 0 0 0 0 2 140 1 0
0 30.42 1.37 2 9 8 0.04 0 1 3 0 2 0 34 0
0 46.67 0.46 2 13 8 0.415 1 1 11 1 2 440 7 1
0 22.42 5.66 2 11 4 2.585 1 1 7 0 2 129 3258 1
0 60.58 16.5 2 11 4 11 1 0 0 1 2 21 10562 1
1 60.08 14.5 2 1 1 18 1 1 15 1 2 0 1001 1
1 33.58 0.33 1 13 4 0.085 0 0 0 0 2 180 1 0
1 18.67 5 2 11 4 0.375 1 1 2 0 2 0 39 0
0 28.5 1 2 11 4 1 1 1 2 1 2 167 501 0
1 20.67 1.25 1 8 8 1.375 1 1 3 1 2 140 211 0
0 16 0.16 2 6 4 1 0 1 2 1 2 320 2 0
1 22.25 0.46 2 4 4 0.125 0 0 0 1 2 280 56 0
1 31.25 1.12 2 1 1 0 0 1 1 0 2 96 20 0
0 45 4.58 2 4 8 1 0 0 0 1 1 240 1 0
1 23.17 11.12 2 14 8 0.46 1 1 1 0 2 100 1 1
0 20.07 0.12 2 11 4 1 0 1 1 0 2 240 769 1
0 19.75 0.75 2 8 4 0.795 1 1 5 1 2 140 6 0
1 21.33 7.5 2 6 4 1.415 1 1 1 0 2 80 9801 1
1 34.08 6.5 2 6 4 0.125 1 0 0 1 2 443 1 0
0 29.58 1.75 1 4 4 1.25 0 0 0 1 2 280 1 0
1 39.92 6.21 2 11 4 0.04 1 1 1 0 2 200 301 1
0 58.42 21 2 3 5 10 1 1 13 0 2 0 6701 1
1 18.67 5 2 11 4 0.375 1 1 2 0 2 0 39 0
1 29.83 2.04 1 14 8 0.04 0 0 0 0 2 128 2 0
1 32.25 14 1 1 1 0 0 1 2 0 2 160 2 0
1 25.58 0.33 2 4 8 3.5 0 0 0 1 2 340 1 0
1 27.25 1.58 2 13 8 1.835 1 1 12 1 2 583 714 1
1 33.17 3.16 1 14 4 3.165 1 1 3 1 2 380 1 1
1 34.75 15 2 12 7 5.375 1 1 9 1 2 0 135 1
1 29.5 0.57 2 9 4 0.29 0 1 1 0 2 340 2804 0
1 60.08 14.5 2 1 1 18 1 1 15 1 2 0 1001 1
1 23.08 11.5 2 3 4 3.5 1 1 9 0 2 56 743 1
1 23.08 11.5 2 3 4 3.5 1 1 9 0 2 56 743 1
1 33.67 1.25 2 9 4 1.165 0 0 0 0 2 120 1 0
0 22.25 1.25 1 1 1 3.25 0 0 0 0 2 280 1 0
0 22.5 0.41 2 3 4 0.335 0 0 0 1 1 144 1 0
1 51.42 0.04 2 14 8 0.04 1 0 0 0 2 0 3001 1
1 19.57 0.58 2 1 1 0 0 1 3 0 2 350 770 0
1 23.92 0.66 2 8 4 0.165 0 0 0 0 2 100 1 1
1 40.58 3.29 2 7 4 3.5 0 0 0 1 1 400 1 0
0 30.58 10.66 2 11 8 0.085 0 1 12 1 2 129 4 0
1 19.5 9.58 2 6 4 0.79 0 0 0 0 2 80 351 0
1 25.67 0.28 1 8 4 1.5 0 0 0 1 2 160 1 0
0 25 12.33 2 13 8 3.5 1 1 6 0 2 400 459 1
0 20.67 3 2 11 4 0.165 1 1 3 0 2 100 7 1
1 40.92 0.83 2 1 1 0 1 0 0 0 2 130 2 0
0 28.08 15 1 10 9 0 1 0 0 0 2 0 13213 1
1 27.25 1.58 2 13 8 1.835 1 1 12 1 2 583 714 1
1 36.42 0.75 1 2 4 0.585 0 0 0 0 2 240 4 0
1 21.83 11 2 14 4 0.29 1 1 6 0 2 121 1 1
0 50.25 0.83 2 6 4 0.5 0 0 0 1 2 240 118 0
1 27.75 0.58 1 13 4 0.25 1 1 2 0 2 260 501 1
1 21.92 0.54 1 14 4 0.04 1 1 1 1 2 840 60 1
0 17.82 11 2 14 8 1 1 1 11 0 2 0 3001 1
0 27.67 1.5 2 7 4 2 1 0 0 0 1 368 1 0
1 29.5 0.57 2 9 4 0.29 0 1 1 0 2 340 2804 0
0 28.58 1.66 2 11 4 2.415 1 0 0 1 2 440 1 0
0 56.83 4.25 1 1 1 5 0 0 0 1 2 0 5 0
1 32.25 14 1 1 1 0 0 1 2 0 2 160 2 0
0 19.17 5.41 2 3 8 0.29 0 0 0 0 2 80 485 0
1 26.83 0.54 2 4 1 0 0 0 0 0 2 100 1 0
0 29.5 1.08 1 14 4 1 0 0 0 0 2 280 14 0
1 18.42 10.41 1 6 4 0.125 1 0 0 0 2 120 376 0
1 13.75 4 1 9 4 1.75 1 1 2 1 2 120 1001 1
1 37.17 4 2 8 5 5 1 0 0 1 1 280 1 0
0 18.82 9.5 2 9 4 1.625 1 1 6 1 2 40 601 1
1 54.42 0.5 1 4 8 3.96 1 0 0 0 2 180 315 1
0 36.75 4.71 2 1 1 0 0 0 0 0 2 160 1 0
1 29.67 0.75 1 8 4 0.04 0 0 0 0 2 240 1 0
1 25.42 0.54 2 9 4 0.165 0 1 1 0 2 272 445 0
1 35.17 4.5 2 14 8 5.75 0 0 0 1 1 711 1 1
0 20.07 1.25 2 8 4 0 0 0 0 0 2 0 1 0
1 54.42 0.5 1 4 8 3.96 1 0 0 0 2 180 315 1
1 26.67 1.75 1 8 4 1 1 1 5 1 2 160 5778 1
1 18.32 1.21 1 10 2 0 0 0 0 0 2 100 1 0
0 20.67 1.83 2 11 4 2.085 1 1 5 0 2 220 2504 1
1 25.67 2.21 1 6 4 4 1 0 0 0 2 188 1 0
1 34.83 4 2 2 5 12.5 1 0 0 1 2 184 1 0
1 24.33 6.62 1 2 4 5.5 1 0 0 1 1 100 1 1
0 17.92 0.54 2 8 4 1.75 0 1 1 1 2 80 6 0
1 32.25 0.16 1 8 8 3.25 1 1 1 1 2 432 8001 1
1 36.25 5 2 8 5 2.5 1 1 6 0 2 0 368 1
1 31.57 0.5 2 8 5 0.835 1 0 0 1 1 320 1 0
1 28.67 9.33 2 11 8 5.665 1 1 6 0 2 381 169 1
1 37.5 1.12 1 2 4 1.5 0 0 0 1 2 431 1 1
1 30.17 6.5 2 13 4 3.125 1 1 8 0 2 330 1201 1
1 24.58 12.5 2 9 4 0.875 1 0 0 1 2 260 1 0
1 28.67 9.33 2 11 8 5.665 1 1 6 0 2 381 169 1
1 37.17 4 2 8 5 5 1 0 0 1 1 280 1 0
1 21.83 0.25 2 2 8 0.665 1 0 0 1 2 0 1 1
1 34.83 2.5 1 9 4 3 0 0 0 0 1 200 1 0
1 26.75 4.5 1 8 5 2.5 0 0 0 0 2 200 1211 0
1 63.33 0.54 2 8 4 0.585 1 1 3 1 2 180 1 0
1 20.42 1.08 2 11 4 1.5 0 0 0 0 2 108 8 0
1 51.83 3 1 1 1 1.5 0 0 0 0 2 180 5 0
0 41 2.04 1 11 8 0.125 1 1 23 1 2 455 1237 1
1 23.08 11.5 2 3 4 3.5 1 1 9 0 2 56 743 1
1 23.92 0.58 1 13 8 0.125 0 0 0 0 2 240 2 0
1 35.25 16.5 1 8 4 4 1 0 0 0 2 80 1 0
0 56.83 4.25 1 1 1 5 0 0 0 1 2 0 5 0
0 18.57 10 2 2 4 0.415 0 0 0 0 2 80 43 0
1 33.5 1.75 2 14 8 4.5 1 1 4 1 2 253 858 1
0 58.42 21 2 3 5 10 1 1 13 0 2 0 6701 1
1 18.42 10.41 1 6 4 0.125 1 0 0 0 2 120 376 0
1 42.75 4.08 2 6 4 0.04 0 0 0 0 2 108 101 0
0 28.08 15 1 10 9 0 1 0 0 0 2 0 13213 1
1 36.67 4.41 1 4 4 0.25 1 1 10 1 2 320 1 1
0 25 11 1 6 4 4.5 1 0 0 0 2 120 1 0
1 24.58 13.5 1 1 1 0 0 0 0 0 2 184 1 0
0 33.25 2.5 1 8 4 2.5 0 0 0 1 2 0 3 0
1 51.42 0.04 2 14 8 0.04 1 0 0 0 2 0 3001 1
0 21.08 5 1 1 1 0 0 0 0 0 2 0 1 0
1 27 1.5 1 9 4 0.375 1 0 0 1 2 260 1066 1
1 30.33 0.5 2 2 8 0.085 0 0 0 1 1 252 1 0
1 51.33 10 2 3 5 0 1 1 11 0 2 0 1250 1
0 37.33 2.5 2 3 8 0.21 0 0 0 0 2 260 247 0
1 20.17 5.62 2 9 4 1.71 1 0 0 0 1 120 1 1
0 25.75 0.5 2 8 8 0.875 1 0 0 1 2 491 1 1
1 30.17 0.5 2 8 4 1.75 1 1 11 0 2 32 541 1
1 21.25 1.5 2 9 4 1.5 0 0 0 0 2 150 9 1
1 41.5 1.54 2 3 5 3.5 0 0 0 0 2 216 1 1
1 26.75 4.5 1 8 5 2.5 0 0 0 0 2 200 1211 0
1 39.33 5.87 2 13 8 10 1 1 14 1 2 399 1 1
1 51.83 2.04 1 1 1 1.5 0 0 0 0 2 120 2 0
1 34.5 4.04 1 3 5 8.5 1 1 7 1 2 195 1 1
1 30.17 1.08 1 8 4 0.04 0 0 0 0 2 170 180 0
0 20.42 7.5 2 4 4 1.5 1 1 1 0 2 160 235 1
1 39.17 1.62 2 8 4 1.5 1 1 10 0 2 186 4701 1
1 48.75 26.33 1 1 1 0 1 0 0 1 2 0 1 0
0 28.5 1 2 11 4 1 1 1 2 1 2 167 501 0
1 42.17 5.04 2 11 8 12.75 1 0 0 1 2 92 1 1
1 34.25 1.75 2 9 5 0.25 1 0 0 1 2 163 1 0
1 34.08 0.08 1 7 5 0.04 1 1 1 1 2 280 2001 1
1 34.17 1.54 2 13 4 1.54 1 1 1 1 2 520 50001 1
0 31.57 11.25 2 1 1 0 0 0 0 0 2 184 5201 0
1 25.25 1 2 6 4 0.5 0 0 0 0 2 200 1 0
1 25.5 0.37 2 7 4 0.25 1 1 3 0 2 260 15109 1
1 35.17 4.5 2 14 8 5.75 0 0 0 1 1 711 1 1
1 24.42 12.33 2 11 8 1.585 1 0 0 1 2 120 1 1
1 20.07 0.25 2 11 4 0.125 0 0 0 0 2 200 1 0
0 23.75 0.71 2 9 4 0.25 0 1 1 1 2 240 5 0
0 40.83 10 2 11 8 1.75 1 0 0 0 2 29 838 1
1 25 12 2 4 4 2.25 1 1 2 1 2 120 6 0
1 43.17 5 2 3 5 2.25 0 0 0 1 2 141 1 0
1 32.42 3 2 2 4 0.165 0 0 0 1 2 120 1 0
1 18.82 0.41 1 8 4 0.165 0 1 1 0 2 200 2 0
1 20.5 10 1 8 4 2.5 1 0 0 0 1 40 1 1
0 25 11 1 6 4 4.5 1 0 0 0 2 120 1 0
0 24.83 4.5 2 9 4 1 0 0 0 1 2 360 7 0
1 23 0.75 2 7 4 0.5 1 0 0 1 1 320 1 0
0 29.5 1.08 1 14 4 1 0 0 0 0 2 280 14 0
0 33.92 1.58 1 1 1 0 1 0 0 0 2 320 1 0
1 31.25 1.12 2 1 1 0 0 1 1 0 2 96 20 0
1 29.83 3.5 2 8 4 0.165 0 0 0 0 2 216 1 0
0 24.92 1.25 2 1 1 0 1 0 0 0 2 80 1 0
1 39.83 0.5 2 7 4 0.25 1 0 0 0 1 288 1 0

