1 29.5 0.57 2 9 4 0.29 0 1 1 0 2 340 2804 0
0 18.82 4.41 1 8 8 3 1 0 0 0 2 240 1 1
1 23.17 11.12 2 14 8 0.46 1 1 1 0 2 100 1 1
1 31.57 0.5 2 8 5 0.835 1 0 0 1 1 320 1 0
1 73.42 17.75 2 1 1 0 1 0 0 1 2 0 1 1
1 34.17 2.75 2 3 5 2.5 0 0 0 1 2 232 201 0
1 19 0 1 1 1 0 0 1 4 0 2 45 2 0
0 33.67 0.37 2 13 4 0.375 0 0 0 0 2 300 45 1
1 34.17 1.54 2 13 4 1.54 1 1 1 1 2 520 50001 1
0 20.42 7.5 2 4 4 1.5 1 1 1 0 2 160 235 1
1 44 2 2 7 4 1.75 1 1 2 1 2 0 16 1
1 34.08 6.5 2 6 4 0.125 1 0 0 1 2 443 1 0
0 18.82 9.5 2 9 4 1.625 1 1 6 1 2 40 601 1
0 26.08 8.66 2 6 4 1.415 1 0 0 0 2 160 151 1
1 28.67 14.5 2 2 4 0.125 0 0 0 0 2 0 287 0
1 30.33 0.5 2 2 8 0.085 0 0 0 1 1 252 1 0
0 23.58 0.58 1 1 1 0.125 0 0 0 0 2 120 88 0
0 36 1 2 8 4 2 1 1 11 0 2 0 457 1
0 20.67 1.83 2 11 4 2.085 1 1 5 0 2 220 2504 1
1 33.5 1.75 2 14 8 4.5 1 1 4 1 2 253 858 1
1 41.17 1.25 1 9 4 0.25 0 0 0 0 2 0 196 0
0 55.75 7.08 2 4 8 6.75 1 1 3 1 2 100 51 0
1 54.33 6.75 2 8 8 2.625 1 1 11 1 2 0 285 1
1 31.57 5 1 6 4 8.5 1 0 0 0 2 0 1 0
1 37.75 7 2 11 8 11.5 1 1 7 1 2 300 6 0
1 27.83 1.5 2 9 4 2.25 0 1 1 1 2 100 4 0
1 20.67 0.83 1 8 4 2 0 0 0 1 1 240 1 0
1 22.75 11.5 2 3 4 0.415 0 0 0 0 2 0 1 0
1 27.25 1.58 2 13 8 1.835 1 1 12 1 2 583 714 1
1 31.83 0.04 1 7 4 0.04 0 0 0 0 2 0 1 0
0 17.57 9 2 6 4 1.375 1 0 0 1 2 0 1 1
1 25.92 0.87 2 4 4 0.375 0 1 2 1 2 174 4 0
0 33.67 0.37 2 13 4 0.375 0 0 0 0 2 300 45 1
0 22.92 11.58 2 13 4 0.04 1 0 0 0 2 80 1350 1
1 31.57 3 1 3 5 7 0 0 0 0 2 0 2 0
1 32.75 2.33 2 2 8 5.75 0 0 0 1 2 292 1 0
0 27.58 3 2 7 4 2.79 0 1 1 1 2 280 11 0
0 16.07 0.33 2 1 1 0 0 1 1 0 2 160 127 0
1 25.67 0.28 1 8 4 1.5 0 0 0 1 2 160 1 0
1 31.57 0.62 2 4 4 0.25 0 0 0 0 2 380 2011 0
1 19 0 1 1 1 0 0 1 4 0 2 45 2 0
1 23.17 0 2 8 4 0 0 0 0 0 3 184 1 1
1 19.5 9.58 2 6 4 0.79 0 0 0 0 2 80 351 0
0 20.5 11.83 2 8 8 6 1 0 0 0 2 340 1 1
1 18.82 3.54 1 1 1 0 0 0 0 1 2 180 2 0
0 18.25 10 2 9 4 1 0 1 1 0 2 120 2 0
1 25.75 0.75 2 8 5 0.25 1 0 0 0 2 349 24 1
0 16.32 0.21 2 6 4 0.125 0 0 0 0 2 200 2 0
1 48.58 6.5 2 11 8 6 1 0 0 1 2 350 1 1
1 22.25 0.46 2 4 4 0.125 0 0 0 1 2 280 56 0
1 28.75 1.5 1 8 4 1.5 1 0 0 1 2 0 226 0
0 38.25 6 2 4 4 1 1 0 0 1 2 0 1 1
1 34.25 1.75 2 9 5 0.25 1 0 0 1 2 163 1 0
1 33.75 2.75 2 3 5 0 0 0 0 0 2 180 1 0
0 52.83 15 2 8 4 5.5 1 1 14 0 2 0 2201 1
0 17.92 10.21 2 1 1 0 0 0 0 0 2 0 51 0
1 22.67 2.54 1 8 8 2.585 1 0 0 0 2 0 1 1
0 16.07 0.33 2 1 1 0 0 1 1 0 2 160 127 0
1 31.57 5 1 6 4 8.5 1 0 0 0 2 0 1 0
1 20.07 0.25 2 11 4 0.125 0 0 0 0 2 200 1 0
1 56 12.5 2 4 8 8 1 0 0 1 2 24 2029 1
1 31.33 19.5 2 8 4 7 1 1 16 0 2 0 5001 1
0 20.42 0.83 2 11 4 1.585 1 1 1 0 2 0 1 1
0 31.57 11.25 2 1 1 0 0 0 0 0 2 184 5201 0
1 28.75 1.16 2 4 4 0.5 1 0 0 0 1 280 1 0
1 25.25 1 2 6 4 0.5 0 0 0 0 2 200 1 0
0 36 1 2 8 4 2 1 1 11 0 2 0 457 1
0 19.17 0.58 1 6 4 0.585 1 0 0 1 2 160 1 0
1 51.83 2.04 1 1 1 1.5 0 0 0 0 2 120 2 0
1 22 7.83 1 3 5 0.165 0 0 0 1 2 184 1 0
1 32.33 7.5 2 10 5 1.585 1 0 0 1 1 420 1 0
0 24.5 1.04 1 1 1 0.5 1 1 3 0 2 180 148 0
1 27 1.5 1 9 4 0.375 1 0 0 1 2 260 1066 1
1 29.67 1.41 2 9 8 0.75 1 1 1 0 2 240 101 1
1 32.33 7.5 2 10 5 1.585 1 0 0 1 1 420 1 0
1 25.67 3.25 2 8 8 2.29 0 1 1 1 2 416 22 0
1 23 0.75 2 7 4 0.5 0 0 0 1 1 320 1 0
1 19.17 9.5 2 9 4 1.5 1 0 0 0 2 120 2207 1
0 15.83 0.58 2 8 8 1.5 1 1 2 0 2 100 1 1
1 33.75 2.75 2 3 5 0 0 0 0 0 2 180 1 0
1 21.25 1.5 2 9 4 1.5 0 0 0 0 2 150 9 1
1 20.42 1.08 2 11 4 1.5 0 0 0 0 2 108 8 0
1 31.42 15.5 2 8 4 0.5 1 0 0 0 2 120 1 0
0 35.17 3.75 2 1 1 0 0 1 6 0 2 0 201 0
0 47.42 8 2 10 5 6.5 1 1 6 0 2 375 51101 1
1 17.42 6.5 2 3 4 0.125 0 0 0 0 2 60 101 0
0 22.5 8.5 2 11 4 1.75 1 1 10 0 2 80 991 0
1 20.5 10 1 8 4 2.5 1 0 0 0 1 40 1 1
1 67.75 5.5 2 10 9 13 1 1 1 1 2 0 1 1
1 28.58 3.62 2 6 4 0.25 0 0 0 1 2 100 1 0
0 21.5 6 2 6 4 2.5 1 1 3 0 2 80 919 1
1 35.17 2.5 2 4 4 4.5 1 1 7 0 2 150 1271 1
1 24.17 0.87 2 11 4 4.625 1 1 2 1 2 520 2001 1
1 36.75 0.12 1 8 4 1.5 0 0 0 1 2 232 114 1
1 29.83 3.5 2 8 4 0.165 0 0 0 0 2 216 1 0
1 29.58 4.75 2 7 4 2 0 1 1 1 2 460 69 0
1 56.75 12.25 2 7 4 1.25 1 1 4 1 2 200 1 1
0 22.67 0.33 2 11 4 0.75 0 0 0 0 1 160 1 0
1 23.17 11.12 2 14 8 0.46 1 1 1 0 2 100 1 1
1 23.5 3.16 1 4 4 0.415 0 1 1 1 2 280 81 0
1 19 1.75 1 8 4 2.335 0 0 0 1 2 112 7 0
1 38.42 0.7 2 8 4 0.375 0 1 2 0 2 225 501 0
0 31.57 3.5 2 2 4 3 1 0 0 1 2 300 1 0
1 47.67 2.5 2 7 5 2.5 1 1 12 1 2 410 2511 1
1 40.92 0.83 2 1 1 0 1 0 0 0 2 130 2 0
1 30.83 0 2 9 4 1.25 1 1 1 0 2 202 1 1
1 17.07 3.29 2 3 4 0.335 0 0 0 1 2 140 3 0
1 54.33 6.75 2 8 8 2.625 1 1 11 1 2 0 285 1
0 25.42 1.12 2 11 4 1.29 1 1 2 0 2 200 1 0
1 21.92 0.5 2 8 4 0.125 0 0 0 0 2 360 1 0
1 47.67 0.28 2 8 5 15 1 1 20 0 2 0 15001 1
1 34.17 9.17 2 8 4 4.5 1 1 12 1 2 0 222 1
1 22.08 11 2 13 4 0.665 1 0 0 0 2 100 1 1
0 19.75 0.75 2 8 4 0.795 1 1 5 1 2 140 6 0
1 27.58 2.04 1 6 4 2 1 1 3 1 2 370 561 1
1 22.17 2.25 2 3 4 0.125 0 0 0 0 2 160 11 0
1 48.08 6.04 2 4 4 0.04 0 0 0 0 2 0 2691 1
1 21.25 1.5 2 9 4 1.5 0 0 0 0 2 150 9 1
1 28.25 5.12 2 14 4 4.75 1 1 2 0 2 420 8 1
1 25.17 3 2 8 4 1.25 0 1 1 0 2 0 23 0
1 27.83 1.5 2 9 4 2.25 0 1 1 1 2 100 4 0
0 19.67 0.21 2 11 8 0.29 1 1 11 0 2 80 100 1
1 47.67 0.28 2 8 5 15 1 1 20 0 2 0 15001 1
1 32 1.75 1 10 8 0.04 1 0 0 1 2 393 1 1
1 37.58 0 2 8 4 0 0 0 0 0 3 184 1 1
1 32.92 2.5 2 6 4 1.75 0 1 2 1 2 720 1 0
1 23.08 0 2 4 4 1 0 1 11 0 1 0 1 0
1 34.25 3 2 13 8 7.415 1 0 0 1 2 0 1 1
1 20.42 0 2 8 4 0 0 0 0 0 3 184 1 0
1 51.33 10 2 3 5 0 1 1 11 0 2 0 1250 1
1 16.32 4.08 2 3 8 0.415 0 0 0 1 2 120 1 0
1 26.17 0.25 2 3 5 0 1 0 0 1 2 0 1 1
1 24.58 1.25 2 8 4 0.25 0 0 0 0 2 110 1 0
1 25.42 0.54 2 9 4 0.165 0 1 1 0 2 272 445 0
1 21.83 0.25 2 2 8 0.665 1 0 0 1 2 0 1 1
1 27.83 1.54 2 9 4 3.75 1 1 5 1 2 100 4 1
1 27.83 1.54 2 9 4 3.75 1 1 5 1 2 100 4 1
1 54.33 6.75 2 8 8 2.625 1 1 11 1 2 0 285 1
0 23.42 0.79 1 11 4 1.5 1 1 2 1 2 80 401 1
1 37.42 2.04 2 9 4 0.04 1 0 0 1 2 400 5801 1
1 23.17 11.12 2 14 8 0.46 1 1 1 0 2 100 1 1
1 20.67 0.83 1 8 4 2 0 0 0 1 1 240 1 0
0 24.08 0.5 2 11 8 1.25 1 1 1 0 2 0 679 1
1 36.75 0.12 1 8 4 1.5 0 0 0 1 2 232 114 1
1 39.92 6.21 2 11 4 0.04 1 1 1 0 2 200 301 1
1 19.32 10.91 2 8 5 0.585 0 1 2 1 2 200 8 0
0 24.5 2.41 1 8 4 0 0 0 0 0 2 120 1 0
1 27.58 3.25 1 11 8 5.085 0 1 2 1 2 369 2 0
1 51.58 15 2 8 4 8.5 1 1 9 0 2 0 1 1
1 19.17 0 1 7 5 0 0 0 0 1 1 500 2 1
1 23.25 1 2 8 4 0.835 1 0 0 0 1 300 1 1
0 26.08 8.66 2 6 4 1.415 1 0 0 0 2 160 151 1
0 28.5 3.04 1 14 8 2.54 1 1 1 0 2 70 1 1
1 28 3 2 9 4 0.75 0 0 0 1 2 300 68 0
1 51.83 2.04 1 1 1 1.5 0 0 0 0 2 120 2 0
0 19.17 0.58 1 6 4 0.585 1 0 0 1 2 160 1 0
1 62.75 7 2 10 9 0 0 0 0 0 2 0 13 0
0 23.58 0.58 1 1 1 0.125 0 0 0 0 2 120 88 0
1 30.83 0 2 9 4 1.25 1 1 1 0 2 202 1 1
1 27.83 1 1 2 8 3 0 0 0 0 2 176 538 0
1 34.25 1.75 2 9 5 0.25 1 0 0 1 2 163 1 0
1 17.07 3.29 2 3 4 0.335 0 0 0 1 2 140 3 0
1 80.25 5.5 2 8 4 0.54 1 0 0 0 2 0 341 0
1 27.42 12.5 2 6 5 0.25 0 0 0 1 2 720 1 0
0 37.75 5.5 2 11 4 0.125 1 0 0 1 2 228 1 1
0 25 12.33 2 13 8 3.5 1 1 6 0 2 400 459 1
1 21.33 7.5 2 6 4 1.415 1 1 1 0 2 80 9801 1
1 34.17 1.54 2 13 4 1.54 1 1 1 1 2 520 50001 1
0 30.25 5.5 2 4 4 5.5 0 0 0 1 1 100 1 0
0 22.25 1.25 1 1 1 3.25 0 0 0 0 2 280 1 0
1 34.83 2.5 1 9 4 3 0 0 0 0 1 200 1 0
1 31.57 4 2 14 4 5 1 1 3 1 2 290 2280 1
1 21.17 0.25 1 8 8 0.25 0 0 0 0 2 280 205 0
0 28.5 3.04 1 14 8 2.54 1 1 1 0 2 70 1 1
1 41.17 4.04 2 13 8 7 1 1 8 0 2 320 1 1
1 37.5 1.75 1 8 5 0.25 1 0 0 1 2 164 401 0
1 40.58 5 2 8 4 5 1 1 7 0 2 0 3066 1
1 21.5 9.75 2 8 4 0.25 1 0 0 0 2 140 1 0
1 19.42 1.5 1 13 4 2 1 0 0 1 2 100 21 0
0 26.08 8.66 2 6 4 1.415 1 0 0 0 2 160 151 1
1 30.17 6.5 2 13 4 3.125 1 1 8 0 2 330 1201 1
0 33.08 4.62 2 11 8 1.625 1 1 2 0 2 0 1 1
1 22.75 11 2 11 4 2.5 1 1 7 1 2 100 810 1
0 25 11 1 6 4 4.5 1 0 0 0 2 120 1 0
1 56.75 12.25 2 7 4 1.25 1 1 4 1 2 200 1 1
1 54.42 0.5 1 4 8 3.96 1 0 0 0 2 180 315 1
0 35.75 0.91 2 6 4 0.75 1 1 4 0 2 0 1584 1
1 17.07 0.08 1 8 4 0.04 0 0 0 0 2 140 723 0
1 23.17 0 2 13 4 0.085 1 0 0 0 2 0 1 1
0 20.42 0.83 2 11 4 1.585 1 1 1 0 2 0 1 1
1 33.5 1.75 2 14 8 4.5 1 1 4 1 2 253 858 1
0 24.75 3 2 11 8 1.835 1 1 19 0 2 0 501 1
1 40.25 21.5 2 10 9 20 1 1 11 0 2 0 1201 1
0 52.5 7 2 6 8 3 0 0 0 0 2 0 1 0
0 22.83 2.29 2 11 8 2.29 1 1 7 1 2 140 2385 1
0 21.67 11.5 1 5 3 0 1 1 11 1 2 0 1 1
1 37.5 0.83 2 10 4 0.04 0 0 0 0 2 120 6 0
1 36.17 18.12 2 9 4 0.085 0 0 0 0 2 320 3553 0
0 24.75 3 2 11 8 1.835 1 1 19 0 2 0 501 1
1 80.25 5.5 2 8 4 0.54 1 0 0 0 2 0 341 0
0 39.08 4 2 8 4 3 0 0 0 0 2 480 1 0
1 37.58 0 2 8 4 0 0 0 0 0 3 184 1 1
1 33.67 2.16 2 8 4 1.5 0 0 0 0 3 120 1 0
1 31.57 3 1 3 5 7 0 0 0 0 2 0 2 0
0 33.25 3 1 6 4 2 0 0 0 0 2 180 1 0
0 28.58 3.54 2 3 5 0.5 1 0 0 1 2 171 1 0
1 29.83 2.04 1 14 8 0.04 0 0 0 0 2 128 2 0
0 18.82 9.5 2 9 4 1.625 1 1 6 1 2 40 601 1
0 24.5 1.04 1 1 1 0.5 1 1 3 0 2 180 148 0
0 45 4.58 2 4 8 1 0 0 0 1 1 240 1 0
1 41.42 5 2 11 8 5 1 1 6 1 2 470 1 1
1 31.08 3.08 2 8 4 2.5 0 1 2 1 2 160 42 0
1 28.25 5.12 2 14 4 4.75 1 1 2 0 2 420 8 1
1 31.57 0.04 1 2 4 4.25 0 0 0 1 2 460 1 0
1 25.75 0.75 2 8 5 0.25 1 0 0 0 2 349 24 1
1 37.5 1.75 1 8 5 0.25 1 0 0 1 2 164 401 0
1 36.67 4.41 1 4 4 0.25 1 1 10 1 2 320 1 1
1 19.42 7.25 2 7 4 0.04 0 1 1 0 2 100 2 0
1 20 0 2 2 4 0.5 0 0 0 0 2 144 1 0
1 34.08 6.5 2 6 4 0.125 1 0 0 1 2 443 1 0
1 56.42 28 1 8 4 28.5 1 1 40 0 2 0 16 1
1 34.75 15 2 12 7 5.375 1 1 9 1 2 0 135 1
1 31.67 0.83 2 14 4 1.335 1 1 8 1 2 303 3291 1
1 40.58 5 2 8 4 5 1 1 7 0 2 0 3066 1
1 36.5 4.25 2 11 4 3.5 0 0 0 0 2 454 51 0
1 54.33 6.75 2 8 8 2.625 1 1 11 1 2 0 285 1
1 48.08 6.04 2 4 4 0.04 0 0 0 0 2 0 2691 1
0 24.75 12.5 2 6 4 1.5 1 1 12 1 2 120 568 1
1 28.75 1.5 1 8 4 1.5 1 0 0 1 2 0 226 0
0 58.33 10 2 11 4 4 1 1 14 0 2 0 1603 1
1 43.25 25.21 2 11 8 0.21 1 1 1 0 2 760 91 0
0 24.5 12.75 2 8 5 4.75 1 1 2 0 2 73 445 1
1 34.92 2.5 2 9 4 0 1 0 0 1 2 239 201 1
1 38.25 10.12 1 4 4 0.125 0 0 0 0 2 160 1 0
0 21.75 11.75 2 8 4 0.25 0 0 0 1 2 180 1 0
0 22.67 0.75 2 8 4 2 0 1 2 1 2 200 395 0
0 33.08 4.62 2 11 8 1.625 1 1 2 0 2 0 1 1
1 32.33 7.5 2 10 5 1.585 1 0 0 1 1 420 1 0
0 68.67 15 2 10 9 0 1 1 14 0 2 0 3377 1
1 18.07 6.75 1 7 4 0.04 0 0 0 0 2 140 1 0
1 36.67 2 2 3 4 0.25 0 0 0 1 2 221 1 0
1 20.42 7 2 8 4 1.625 1 1 3 0 2 200 1392 1
1 36.17 0.42 1 9 4 0.29 0 0 0 1 2 309 3 0
1 30.17 6.5 2 13 4 3.125 1 1 8 0 2 330 1201 1
0 28.17 0.37 2 11 4 0.585 1 1 4 0 2 80 1 1
1 24.58 12.5 2 9 4 0.875 1 0 0 1 2 260 1 0
1 31.57 0.37 2 2 4 0.875 1 0 0 1 1 928 1 0
0 25.42 1.12 2 11 4 1.29 1 1 2 0 2 200 1 0
1 31.33 19.5 2 8 4 7 1 1 16 0 2 0 5001 1
0 22.67 0.75 2 8 4 2 0 1 2 1 2 200 395 0
0 23.58 11.5 1 4 8 3 0 0 0 1 2 20 17 0
1 31.42 15.5 2 8 4 0.5 1 0 0 0 2 120 1 0
1 55.92 11.5 2 1 1 5 1 1 5 0 2 0 8852 1
1 31.57 4 1 3 4 0.085 0 0 0 1 2 411 1 0
0 41.58 1.04 2 6 4 0.665 0 0 0 0 2 240 238 0
1 19.42 7.25 2 7 4 0.04 0 1 1 0 2 100 2 0
0 22.5 8.5 2 11 4 1.75 1 1 10 0 2 80 991 0
1 51.83 2.04 1 1 1 1.5 0 0 0 0 2 120 2 0
1 20.42 7 2 8 4 1.625 1 1 3 0 2 200 1392 1
1 23.17 11.12 2 14 8 0.46 1 1 1 0 2 100 1 1
1 25.92 0.87 2 4 4 0.375 0 1 2 1 2 174 4 0
1 27 1.5 1 9 4 0.375 1 0 0 1 2 260 1066 1
0 20.75 10.25 2 11 4 0.71 1 1 2 1 2 49 1 1
1 20 1.25 1 4 4 0.125 0 0 0 0 2 140 5 0
1 23.5 3.16 1 4 4 0.415 0 1 1 1 2 280 81 0
1 34 5.5 1 8 4 1.5 0 0 0 1 2 60 1 0
1 67.75 5.5 2 10 9 13 1 1 1 1 2 0 1 1
0 36.58 0.28 2 1 1 0 0 1 10 0 2 200 19 0
0 22.5 8.5 2 11 4 1.75 1 1 10 0 2 80 991 0
0 30.58 10.66 2 11 8 0.085 0 1 12 1 2 129 4 0
1 32.08 4 1 13 4 1.5 0 0 0 1 2 120 1 0
1 54.42 0.5 1 4 8 3.96 1 0 0 0 2 180 315 1
1 34 5.08 1 3 5 1.085 0 0 0 1 2 480 1 0
0 18.42 9.25 2 11 4 1.21 1 1 4 0 2 60 541 1
1 32.08 4 1 13 4 1.5 0 0 0 1 2 120 1 0
1 23.92 1.5 2 2 8 1.875 1 1 6 0 2 200 328 1

