0 20.32 10 2 8 8 1 1 1 4 0 2 50 1466 1
1 31.08 1.5 1 9 4 0.04 0 0 0 0 1 160 1 0
1 19 0 1 1 1 0 0 1 4 0 2 45 2 0
1 42.75 3 2 3 5 1 1 0 0 0 2 0 201 0
1 21.33 10.5 2 8 4 3 1 0 0 1 2 0 1 1
1 42.83 4.62 2 11 4 4.58 1 0 0 0 1 0 1 1
1 54.83 15.5 2 10 9 0 1 1 20 0 2 152 131 0
0 45.83 10.5 2 11 4 5 1 1 7 1 2 0 1 1
1 23.25 1.5 2 11 4 2.375 1 1 3 1 2 0 583 1
1 21.5 9.75 2 8 4 0.25 1 0 0 0 2 140 1 0
1 16.07 0.75 2 8 4 1.75 1 1 5 1 2 352 691 1
1 42.83 1.25 2 7 4 13.875 0 1 1 1 2 352 113 0
1 28.25 5.12 2 14 4 4.75 1 1 2 0 2 420 8 1
1 33.17 1.04 2 12 8 6.5 1 0 0 1 2 164 31286 1
1 25.33 0.57 2 8 4 0.29 1 1 7 1 2 96 5125 1
0 69.5 6 2 1 1 0 0 0 0 0 1 0 1 0
1 31.08 3.08 2 8 4 2.5 0 1 2 1 2 160 42 0
1 20.42 7 2 8 4 1.625 1 1 3 0 2 200 1392 1
1 20 11.04 2 8 4 2 0 0 0 1 2 136 1 0
1 54.33 6.75 2 8 8 2.625 1 1 11 1 2 0 285 1
0 45.83 10.5 2 11 4 5 1 1 7 1 2 0 1 1
1 32.83 2.5 2 13 8 2.75 1 1 6 0 2 160 2073 1
0 36.75 4.71 2 1 1 0 0 0 0 0 2 160 1 0
1 29.5 0.57 2 9 4 0.29 0 1 1 0 2 340 2804 0
1 33.58 0.33 1 13 4 0.085 0 0 0 0 2 180 1 0
1 54.83 15.5 2 10 9 0 1 1 20 0 2 152 131 0
1 30.17 6.5 2 13 4 3.125 1 1 8 0 2 330 1201 1
1 21.08 10.08 1 10 8 1.25 0 0 0 0 2 260 1 0
1 32.33 2.5 2 8 4 1.25 0 0 0 1 2 280 1 0
1 28.67 14.5 2 2 4 0.125 0 0 0 0 2 0 287 0
1 20.42 7 2 8 4 1.625 1 1 3 0 2 200 1392 1
1 47.17 5.83 2 9 4 5.5 0 0 0 0 2 465 151 0
1 36.75 0.12 1 8 4 1.5 0 0 0 1 2 232 114 1
1 19.67 10 1 4 8 0.835 1 0 0 1 2 140 1 0
1 25 12 2 4 4 2.25 1 1 2 1 2 120 6 0
1 36.17 5.5 2 3 5 5 0 0 0 0 2 210 688 0
0 47 13 2 3 5 5.165 1 1 9 1 2 0 1 1
1 57.42 8.5 2 10 8 7 1 1 3 0 2 0 1 1
1 21.92 0.54 1 14 4 0.04 1 1 1 1 2 840 60 1
1 42 9.78 2 14 8 7.96 1 1 8 0 2 0 1 1
1 36.42 0.75 1 2 4 0.585 0 0 0 0 2 240 4 0
1 20.67 0.41 2 8 4 0.125 0 0 0 0 2 0 45 0
0 26.92 13.5 2 11 8 5 1 1 2 0 2 0 5001 1
1 37.42 2.04 2 9 4 0.04 1 0 0 1 2 400 5801 1
0 34.83 1.25 1 3 8 0.5 0 0 0 1 2 160 1 0
0 24.92 1.25 2 1 1 0 1 0 0 0 2 80 1 0
1 32.42 3 2 2 4 0.165 0 0 0 1 2 120 1 0
1 25 11.25 2 8 4 2.5 1 1 17 0 2 200 1209 1
0 25.75 0.5 2 8 8 0.875 1 0 0 1 2 491 1 1
0 47.42 3 2 14 4 13.875 1 1 2 1 2 519 1705 1
1 51.42 0.04 2 14 8 0.04 1 0 0 0 2 0 3001 1
0 32.25 1.5 2 8 4 0.25 0 0 0 1 2 372 123 0
0 22.58 10.75 2 11 4 0.415 1 1 5 1 2 0 561 1
0 60.58 16.5 2 11 4 11 1 0 0 1 2 21 10562 1
1 25.75 0.75 2 8 5 0.25 1 0 0 0 2 349 24 1
0 27.17 1.25 2 1 1 0 0 1 1 0 2 92 301 0
0 50.08 12.54 2 6 4 2.29 1 1 3 1 2 156 1 1
1 27 0.75 2 8 8 4.25 1 1 3 1 2 312 151 1
1 23.58 1.79 2 8 4 0.54 0 0 0 1 2 136 2 0
1 31.57 4 1 3 4 0.085 0 0 0 1 2 411 1 0
1 33.75 2.75 2 3 5 0 0 0 0 0 2 180 1 0
1 52.33 1.37 1 8 8 9.46 1 0 0 1 2 200 101 0
1 16.07 0.75 2 8 4 1.75 1 1 5 1 2 352 691 1
1 31.42 15.5 2 8 4 0.5 1 0 0 0 2 120 1 0
0 19.67 0.21 2 11 8 0.29 1 1 11 0 2 80 100 1
1 23.58 0.46 1 9 4 2.625 1 1 6 1 2 208 348 0
1 25.25 1 2 6 4 0.5 0 0 0 0 2 200 1 0
1 30.58 2.71 1 7 4 0.125 0 0 0 1 1 80 1 0
1 21.83 0.25 2 2 8 0.665 1 0 0 1 2 0 1 1
0 18.75 7.5 2 11 4 2.71 1 1 5 0 2 184 26727 1
1 19.17 4 1 3 4 1 0 0 0 1 2 360 1001 0
0 18.25 10 2 9 4 1 0 1 1 0 2 120 2 0
1 33.67 1.25 2 9 4 1.165 0 0 0 0 2 120 1 0
1 31.57 3 1 3 5 7 0 0 0 0 2 0 2 0
1 33.67 1.25 2 9 4 1.165 0 0 0 0 2 120 1 0
1 29.58 4.75 2 7 4 2 0 1 1 1 2 460 69 0
1 25.92 0.87 2 4 4 0.375 0 1 2 1 2 174 4 0
1 32.33 2.5 2 8 4 1.25 0 0 0 1 2 280 1 0
1 20.67 5.29 2 11 4 0.375 1 1 1 0 2 160 1 0
1 32.75 1.5 2 13 8 5.5 1 1 3 1 2 0 1 1
1 55.92 11.5 2 1 1 5 1 1 5 0 2 0 8852 1
0 27.25 0.28 2 7 8 0.125 0 1 1 1 2 272 109 0
0 19.75 0.75 2 8 4 0.795 1 1 5 1 2 140 6 0
1 23.92 0.58 1 13 8 0.125 0 0 0 0 2 240 2 0
0 40.83 3.5 2 3 5 0.5 0 0 0 0 1 1160 1 0
0 22.58 10.75 2 11 4 0.415 1 1 5 1 2 0 561 1
1 39.42 1.71 1 7 4 0.165 0 0 0 0 1 400 1 0
1 29.67 1.41 2 9 8 0.75 1 1 1 0 2 240 101 1
0 31.57 3.5 2 2 4 3 1 0 0 1 2 300 1 0
0 52.17 0 1 1 1 0 0 0 0 0 2 0 1 0
0 28.75 3.75 2 8 4 1.085 1 1 1 1 2 371 1 1
1 25.25 1 2 6 4 0.5 0 0 0 0 2 200 1 0
0 24.5 12.75 2 8 5 4.75 1 1 2 0 2 73 445 1
1 34.25 1.75 2 9 5 0.25 1 0 0 1 2 163 1 0
1 38.25 10.12 1 4 4 0.125 0 0 0 0 2 160 1 0
1 24.58 13.5 1 1 1 0 0 0 0 0 2 184 1 0
1 23.25 1.5 2 11 4 2.375 1 1 3 1 2 0 583 1
1 34.83 4 2 2 5 12.5 1 0 0 1 2 184 1 0
1 26.17 0.25 2 3 5 0 1 0 0 1 2 0 1 1
1 27.83 1.5 2 9 4 2.25 0 1 1 1 2 100 4 0
1 43.25 3 2 11 8 6 1 1 11 0 2 80 1 1
0 40.83 3.5 2 3 5 0.5 0 0 0 0 1 1160 1 0
1 30.17 1.08 1 8 4 0.04 0 0 0 0 2 170 180 0
0 22.92 1.25 2 11 4 0.25 0 0 0 1 2 120 810 0
0 58.67 4.46 2 11 8 3.04 1 1 6 0 2 43 561 1
0 31.75 3 1 5 3 0 0 0 0 0 2 160 21 0
1 27.83 1.54 2 9 4 3.75 1 1 5 1 2 100 4 1
0 18.07 0.37 3 13 1 10 0 0 0 1 1 300 1 1
1 31.57 4 1 3 4 0.085 0 0 0 1 2 411 1 0
0 38.58 5 2 13 4 13.5 1 0 0 1 2 980 1 0
0 22.67 3.8 2 8 4 0.165 0 0 0 0 2 160 1 0
1 29.5 0.57 2 9 4 0.29 0 1 1 0 2 340 2804 0
1 25.17 3 2 8 4 1.25 0 1 1 0 2 0 23 0
0 24.5 1.75 1 8 4 0.165 0 0 0 0 2 132 1 0
0 25.33 2.08 2 8 8 2.75 1 0 0 1 2 360 2 0
1 25.67 0.28 1 8 4 1.5 0 0 0 1 2 160 1 0
1 24.08 9 2 6 4 0.25 0 0 0 1 2 0 1 0
1 30.17 1.08 1 8 4 0.04 0 0 0 0 2 170 180 0
0 19.17 5.41 2 3 8 0.29 0 0 0 0 2 80 485 0
1 22.25 0.46 2 4 4 0.125 0 0 0 1 2 280 56 0
0 36.75 4.71 2 1 1 0 0 0 0 0 2 160 1 0
0 18.82 4.41 1 8 8 3 1 0 0 0 2 240 1 1
1 20.42 1.08 2 11 4 1.5 0 0 0 0 2 108 8 0
1 39.5 1.62 2 8 4 1.5 0 0 0 0 2 0 317 0
1 28.75 1.16 2 4 4 0.5 1 0 0 0 1 280 1 0
0 51.92 6.5 2 3 5 3.085 0 0 0 1 2 73 1 0
0 51.92 6.5 2 3 5 3.085 0 0 0 1 2 73 1 0
1 42.75 3 2 3 5 1 1 0 0 0 2 0 201 0
1 27.58 2.04 1 6 4 2 1 1 3 1 2 370 561 1
1 32.08 4 2 7 4 2.5 1 0 0 1 2 360 1 1
1 31.57 0.5 2 8 5 0.835 1 0 0 1 1 320 1 0
0 42.25 1.75 1 8 4 0 0 0 0 1 2 150 2 0
0 64.08 0.16 2 1 1 0 1 1 1 0 2 232 101 1
0 20.42 0.83 2 11 4 1.585 1 1 1 0 2 0 1 1
1 29.58 4.5 2 9 4 7.5 1 1 2 1 2 330 1 1
1 37.5 1.12 1 2 4 1.5 0 0 0 1 2 431 1 1
1 31.25 1.12 2 1 1 0 0 1 1 0 2 96 20 0
1 35.75 2.41 2 9 4 0.125 0 1 2 0 2 220 2 0
1 28.75 1.5 1 8 4 1.5 1 0 0 1 2 0 226 0
1 37.5 0.83 2 10 4 0.04 0 0 0 0 2 120 6 0
0 20.07 0.12 2 11 4 1 0 1 1 0 2 240 769 1
1 30.75 1.58 2 2 4 0.585 0 0 0 1 1 0 1 0
1 20.67 0.83 1 8 4 2 0 0 0 1 1 240 1 0
1 19.42 7.25 2 7 4 0.04 0 1 1 0 2 100 2 0
1 21.58 0.79 1 13 4 0.665 0 0 0 0 2 160 1 0
1 34.25 1.75 2 9 5 0.25 1 0 0 1 2 163 1 0
1 37.33 2.66 2 13 4 0.165 0 0 0 1 2 0 502 0
1 20.42 0 2 8 4 0 0 0 0 0 3 184 1 0
0 20.5 11.83 2 8 8 6 1 0 0 0 2 340 1 1
0 35.17 3.75 2 1 1 0 0 1 6 0 2 0 201 0
1 40.58 1.5 2 3 5 0 0 0 0 0 1 300 1 0
0 19.17 5.41 2 3 8 0.29 0 0 0 0 2 80 485 0
0 21.08 5 1 1 1 0 0 0 0 0 2 0 1 0
1 29.42 1.25 2 8 8 0.25 0 1 2 1 2 400 109 0
0 26.17 2 2 5 3 0 0 0 0 1 2 276 2 0
0 36.75 5.12 2 10 4 5 1 0 0 1 2 0 4001 1
1 27.75 0.58 1 13 4 0.25 1 1 2 0 2 260 501 1
1 25.67 3.25 2 8 8 2.29 0 1 1 1 2 416 22 0
0 41 2.04 1 11 8 0.125 1 1 23 1 2 455 1237 1
1 21.17 0.87 1 8 8 0.25 0 0 0 0 2 280 205 0
1 40.92 0.5 1 7 4 0.5 0 0 0 1 2 130 1 0
1 74.83 19 1 1 1 0.04 0 1 2 0 2 0 352 0
1 26.17 0.25 2 3 5 0 1 0 0 1 2 0 1 1
1 52.33 1.37 1 8 8 9.46 1 0 0 1 2 200 101 0
1 32.33 3.5 2 4 4 0.5 0 0 0 1 2 232 1 0
0 34.83 1.25 1 3 8 0.5 0 0 0 1 2 160 1 0
1 25.5 0.37 2 7 4 0.25 1 1 3 0 2 260 15109 1
1 35.25 16.5 1 8 4 4 1 0 0 0 2 80 1 0
1 51.42 0.04 2 14 8 0.04 1 0 0 0 2 0 3001 1
1 23.25 12.62 2 8 4 0.125 0 1 2 0 2 0 5553 0
1 65.42 11 2 10 9 20 1 1 7 1 2 22 1 1
0 21.75 1.75 1 5 3 0 0 0 0 0 2 160 1 0
1 31.67 16.16 2 2 4 3 1 1 9 0 2 250 731 1
1 19.5 0.28 2 4 4 0.29 0 0 0 0 2 280 365 0
1 18.42 10.41 1 6 4 0.125 1 0 0 0 2 120 376 0
0 19.75 0.75 2 8 4 0.795 1 1 5 1 2 140 6 0
0 65.17 14 2 1 1 0 1 1 11 1 2 0 1401 1
0 40.83 3.5 2 3 5 0.5 0 0 0 0 1 1160 1 0
0 45.83 10.5 2 11 4 5 1 1 7 1 2 0 1 1
1 56 12.5 2 4 8 8 1 0 0 1 2 24 2029 1
1 21 4.79 1 9 4 2.25 1 1 1 1 2 80 301 1
1 19.17 9.5 2 9 4 1.5 1 0 0 0 2 120 2207 1
1 39.17 1.71 2 14 4 0.125 1 1 5 1 2 480 1 1
0 44.33 0 2 8 4 2.5 1 0 0 0 2 0 1 1
1 18.17 2.46 2 8 7 0.96 0 1 2 1 2 160 588 0
1 19 1.75 1 8 4 2.335 0 0 0 1 2 112 7 0
1 33.17 3.04 1 8 8 2.04 1 1 1 1 2 180 18028 1
1 27.58 3.25 1 11 8 5.085 0 1 2 1 2 369 2 0
0 27.67 1.5 2 7 4 2 1 0 0 0 1 368 1 0
1 25.25 1 2 6 4 0.5 0 0 0 0 2 200 1 0
0 22.67 0.33 2 11 4 0.75 0 0 0 0 1 160 1 0
0 24.92 1.25 2 1 1 0 1 0 0 0 2 80 1 0
1 56.75 12.25 2 7 4 1.25 1 1 4 1 2 200 1 1
1 48.33 12 2 7 4 16 1 0 0 0 1 110 1 1
0 20.42 10.5 1 14 8 0 0 0 0 1 2 154 33 0
0 29.58 1.75 1 4 4 1.25 0 0 0 1 2 280 1 0
1 33.17 3.04 1 8 8 2.04 1 1 1 1 2 180 18028 1
0 40.33 7.54 1 11 8 8 1 1 14 0 2 0 2301 1
0 25.58 0 2 8 4 0 0 0 0 0 3 184 1 1
1 56 12.5 2 4 8 8 1 0 0 1 2 24 2029 1
1 34.17 2.75 2 3 5 2.5 0 0 0 1 2 232 201 0
0 28.08 15 1 10 9 0 1 0 0 0 2 0 13213 1
1 52.42 1.5 2 2 4 3.75 0 0 0 1 2 0 351 0
1 33.17 3.04 1 8 8 2.04 1 1 1 1 2 180 18028 1
1 19.67 10 1 4 8 0.835 1 0 0 1 2 140 1 0
1 31.57 10.5 2 14 4 6.5 1 0 0 0 2 0 1 1
1 22.75 11 2 11 4 2.5 1 1 7 1 2 100 810 1
0 68.67 15 2 10 9 0 1 1 14 0 2 0 3377 1
1 34 5.5 1 8 4 1.5 0 0 0 1 2 60 1 0
0 20.42 10.5 1 14 8 0 0 0 0 1 2 154 33 0
0 35.75 0.91 2 6 4 0.75 1 1 4 0 2 0 1584 1
1 36.67 2 2 3 4 0.25 0 0 0 1 2 221 1 0
0 33.75 0.75 2 4 5 1 1 1 3 1 2 212 1 0
1 41.5 1.54 2 3 5 3.5 0 0 0 0 2 216 1 1
1 31.57 0.5 2 8 5 0.835 1 0 0 1 1 320 1 0
1 25.75 0.75 2 8 5 0.25 1 0 0 0 2 349 24 1
1 23.08 11.5 2 3 4 3.5 1 1 9 0 2 56 743 1
1 20.07 0.25 2 11 4 0.125 0 0 0 0 2 200 1 0
1 43.17 2.25 2 3 5 0.75 1 0 0 0 2 560 1 0
1 18.82 0 2 11 4 0.665 0 0 0 0 2 160 2 0
0 32.25 1.5 2 8 4 0.25 0 0 0 1 2 372 123 0
0 33.67 0.37 2 13 4 0.375 0 0 0 0 2 300 45 1
1 23.58 1.79 2 8 4 0.54 0 0 0 1 2 136 2 0
1 16.07 0.75 2 8 4 1.75 1 1 5 1 2 352 691 1
0 23.75 0.71 2 9 4 0.25 0 1 1 1 2 240 5 0
1 57.83 7.04 2 7 4 14 1 1 6 1 2 360 1333 1
1 56.42 28 1 8 4 28.5 1 1 40 0 2 0 16 1
0 20.07 1.25 2 8 4 0 0 0 0 0 2 0 1 0
1 33.17 3.04 1 8 8 2.04 1 1 1 1 2 180 18028 1
1 20 1.25 1 4 4 0.125 0 0 0 0 2 140 5 0
1 15.17 7 2 10 4 1 0 0 0 0 2 600 1 0
0 20.5 11.83 2 8 8 6 1 0 0 0 2 340 1 1
1.234 22.08 11.46 2 4 4 1.585 0 0 0 1 2 100 1213 0
0 26.92 13.5 2 11 8 5 1 1 2 0 2 0 5001 1
0 23.5 9 2 11 4 8.5 1 1 5 1 2 120 1 1
1 69.17 9 2 1 1 4 0 1 1 0 2 70 7 0
0 25.08 2.54 1 6 4 0.25 1 0 0 1 2 370 1 1
0 24.5 12.75 2 8 5 4.75 1 1 2 0 2 73 445 1
1 24.58 1.25 2 8 4 0.25 0 0 0 0 2 110 1 0
1 28.75 1.5 1 8 4 1.5 1 0 0 1 2 0 226 0
0 58.33 10 2 11 4 4 1 1 14 0 2 0 1603 1
1 36.42 0.75 1 2 4 0.585 0 0 0 0 2 240 4 0
0 22.67 0.33 2 11 4 0.75 0 0 0 0 1 160 1 0
1 67.75 5.5 2 10 9 13 1 1 1 1 2 0 1 1
0 22.67 0.79 2 3 4 0.085 0 0 0 0 2 144 1 0
1 20.67 0.83 1 8 4 2 0 0 0 1 1 240 1 0
1 32.33 7.5 2 10 5 1.585 1 0 0 1 1 420 1 0
1 26.67 1.75 1 8 4 1 1 1 5 1 2 160 5778 1
1 26.17 0.25 2 3 5 0 1 0 0 1 2 0 1 1
1 21.33 7.5 2 6 4 1.415 1 1 1 0 2 80 9801 1
0 29.5 2 1 10 8 2 0 0 0 0 2 256 18 0
1 18.5 2 2 3 4 1.5 1 1 2 0 2 120 301 1
0 23.58 0.83 2 11 4 0.415 0 1 1 1 2 200 12 0
1 39.92 5 2 3 5 0.21 0 0 0 0 2 550 1 0
0 30.25 5.5 2 4 4 5.5 0 0 0 1 1 100 1 0
1 55.92 11.5 2 1 1 5 1 1 5 0 2 0 8852 1
1 35.25 3.16 2 14 8 3.75 1 0 0 1 2 680 1 0
1 37.58 0 2 8 4 0 0 0 0 0 3 184 1 1
0 24.08 0.5 2 11 8 1.25 1 1 1 0 2 0 679 1
1 17.07 0.08 1 8 4 0.04 0 0 0 0 2 140 723 0
1 27.58 2.04 1 6 4 2 1 1 3 1 2 370 561 1
1 31.08 3.08 2 8 4 2.5 0 1 2 1 2 160 42 0
1 32.08 4 2 7 4 2.5 1 0 0 1 2 360 1 1
0 36 1 2 8 4 2 1 1 11 0 2 0 457 1
1 31.33 19.5 2 8 4 7 1 1 16 0 2 0 5001 1
1 22 0.79 2 9 4 0.29 0 1 1 0 2 420 284 0
1 16.25 0.83 2 7 4 0.085 1 0 0 0 1 200 1 0
1 19.67 0.37 2 11 4 2 1 1 2 1 2 80 1 1
1 44 2 2 7 4 1.75 1 1 2 1 2 0 16 1
1 28.67 14.5 2 2 4 0.125 0 0 0 0 2 0 287 0
1 54.33 6.75 2 8 8 2.625 1 1 11 1 2 0 285 1
1 22 0.79 2 9 4 0.29 0 1 1 0 2 420 284 0
1 16.25 0 1 6 4 0.25 0 0 0 0 2 60 1 0
1 26.75 1.12 2 14 8 1.25 1 0 0 0 2 0 5299 1
1 20.5 10 1 8 4 2.5 1 0 0 0 1 40 1 1
1 23.17 11.12 2 14 8 0.46 1 1 1 0 2 100 1 1

