1 22.67 1.58 1 9 4 3.085 1 1 6 0 2 80 1 1
1 33.5 1.75 2 14 8 4.5 1 1 4 1 2 253 858 1
0 32.33 0.54 2 13 4 0.04 1 0 0 0 2 440 11178 1
0 24.33 2.5 1 3 5 4.5 0 0 0 0 2 200 457 0
0 37.33 2.5 2 3 8 0.21 0 0 0 0 2 260 247 0
0 18.92 9.25 1 8 4 1 1 1 4 1 2 80 501 1
0 52.5 7 2 6 8 3 0 0 0 0 2 0 1 0
1 25.42 0.54 2 9 4 0.165 0 1 1 0 2 272 445 0
1.234 22.08 11.46 2 4 4 1.585 0 0 0 1 2 100 1213 0
0 58.33 10 2 11 4 4 1 1 14 0 2 0 1603 1
1 27.25 1.66 2 13 8 5.085 1 1 9 0 2 399 828 1
1 31.83 0.04 1 7 4 0.04 0 0 0 0 2 0 1 0
1 73.42 17.75 2 1 1 0 1 0 0 1 2 0 1 1
1 23.25 1 2 8 4 0.835 1 0 0 0 1 300 1 1
0 44.33 0 2 8 4 2.5 1 0 0 0 2 0 1 1
0 24.5 2.41 1 8 4 0 0 0 0 0 2 120 1 0
1 28.67 14.5 2 2 4 0.125 0 0 0 0 2 0 287 0
1 22.08 0.83 2 8 8 2.165 0 0 0 1 2 128 1 1
0 25.42 1.12 2 11 4 1.29 1 1 2 0 2 200 1 0
0 20.67 3 2 11 4 0.165 1 1 3 0 2 100 7 1
0 15.83 7.62 2 11 4 0.125 0 1 1 1 2 0 161 0
1 36.17 5.5 2 3 5 5 0 0 0 0 2 210 688 0
1 18.5 2 2 3 4 1.5 1 1 2 0 2 120 301 1
1 15.17 7 2 10 4 1 0 0 0 0 2 600 1 0
1 28.58 3.62 2 6 4 0.25 0 0 0 1 2 100 1 0
1 21.25 1.5 2 9 4 1.5 0 0 0 0 2 150 9 1
1 22.92 0.17 2 7 4 0.085 0 0 0 0 1 0 1 0
1 19.67 10 1 4 8 0.835 1 0 0 1 2 140 1 0
1 34.92 2.5 2 9 4 0 1 0 0 1 2 239 201 1
1 40.25 21.5 2 10 9 20 1 1 11 0 2 0 1201 1
1 23.42 0.58 2 8 8 0.085 1 0 0 0 2 180 1 0
1 25.83 12.83 2 13 4 0.5 0 0 0 0 2 0 3 0
1 32.42 3 2 2 4 0.165 0 0 0 1 2 120 1 0
0 24.5 1.75 1 8 4 0.165 0 0 0 0 2 132 1 0
1 48.08 6.04 2 4 4 0.04 0 0 0 0 2 0 2691 1
1 26.67 1.75 1 8 4 1 1 1 5 1 2 160 5778 1
1 32 1.75 1 10 8 0.04 1 0 0 1 2 393 1 1
1 25.67 3.25 2 8 8 2.29 0 1 1 1 2 416 22 0
1 23.08 11.5 2 3 4 3.5 1 1 9 0 2 56 743 1
1 37.5 1.12 1 2 4 1.5 0 0 0 1 2 431 1 1
1 33.67 1.25 2 9 4 1.165 0 0 0 0 2 120 1 0
1 22.67 0.75 2 3 4 1.585 0 1 1 1 2 400 10 0
0 19.17 5.41 2 3 8 0.29 0 0 0 0 2 80 485 0
0 17.92 10.21 2 1 1 0 0 0 0 0 2 0 51 0
1 36.17 18.12 2 9 4 0.085 0 0 0 0 2 320 3553 0
1 30.17 6.5 2 13 4 3.125 1 1 8 0 2 330 1201 1
0 49 1.5 2 5 3 0 1 0 0 1 2 100 28 0
0 27.58 3 2 7 4 2.79 0 1 1 1 2 280 11 0
1 31.57 0.04 1 2 4 4.25 0 0 0 1 2 460 1 0
0 25 12.33 2 13 8 3.5 1 1 6 0 2 400 459 1
0 22.42 5.66 2 11 4 2.585 1 1 7 0 2 129 3258 1
1 31.57 10.5 2 14 4 6.5 1 0 0 0 2 0 1 1
0 22.42 5.66 2 11 4 2.585 1 1 7 0 2 129 3258 1
1 21.33 10.5 2 8 4 3 1 0 0 1 2 0 1 1
1 22.08 0.83 2 8 8 2.165 0 0 0 1 2 128 1 1
1 64.08 20 2 14 8 17.5 1 1 9 1 2 0 1001 1
1 39.25 9.5 2 7 4 6.5 1 1 14 0 2 240 4608 1
1 19.5 0.28 2 4 4 0.29 0 0 0 0 2 280 365 0
1 19.57 0.58 2 1 1 0 0 1 3 0 2 350 770 0
1 25 11.25 2 8 4 2.5 1 1 17 0 2 200 1209 1
1 26.67 4.25 2 13 4 4.29 1 1 1 1 2 120 1 1
1 31.57 3 1 3 5 7 0 0 0 0 2 0 2 0
1 27.58 2.04 1 6 4 2 1 1 3 1 2 370 561 1
1 34.92 2.5 2 9 4 0 1 0 0 1 2 239 201 1
0 18.07 0.37 3 13 1 10 0 0 0 1 1 300 1 1
1 31.83 2.5 2 6 4 7.5 1 0 0 1 2 523 1 0
1 31.57 0.37 2 2 4 0.875 1 0 0 1 1 928 1 0
1 23.92 0.58 1 13 8 0.125 0 0 0 0 2 240 2 0
1 19.42 7.25 2 7 4 0.04 0 1 1 0 2 100 2 0
1 45 8.5 2 13 8 14 1 1 1 1 2 88 2001 1
0 35.75 0.91 2 6 4 0.75 1 1 4 0 2 0 1584 1
0 56.83 4.25 1 1 1 5 0 0 0 1 2 0 5 0
1 30.17 1.08 1 8 4 0.04 0 0 0 0 2 170 180 0
0 18.82 4.41 1 8 8 3 1 0 0 0 2 240 1 1
1 65.42 11 2 10 9 20 1 1 7 1 2 22 1 1
0 28.58 1.66 2 11 4 2.415 1 0 0 1 2 440 1 0
1 22.17 12.12 2 8 4 3.335 0 1 2 1 2 180 174 0
1 16.17 0.04 2 8 4 0.04 0 0 0 0 2 0 1 1
1 59.5 2.75 2 9 4 1.75 1 1 5 1 2 60 59 1
1 33.17 3.04 1 8 8 2.04 1 1 1 1 2 180 18028 1
0 28.17 0.58 2 6 4 0.04 0 0 0 0 2 260 1005 0
0 65.17 14 2 1 1 0 1 1 11 1 2 0 1401 1
1 23.08 2.5 2 1 1 0.085 0 0 0 1 2 100 4209 0
0 47.75 8 2 8 4 7.875 1 1 6 1 2 0 1261 1
1 34.83 4 2 2 5 12.5 1 0 0 1 2 184 1 0
1 36.5 4.25 2 11 4 3.5 0 0 0 0 2 454 51 0
1 34 5.5 1 8 4 1.5 0 0 0 1 2 60 1 0
1 51.42 0.04 2 14 8 0.04 1 0 0 0 2 0 3001 1
1 25.5 0.37 2 7 4 0.25 1 1 3 0 2 260 15109 1
1 23.42 0.58 2 8 8 0.085 1 0 0 0 2 180 1 0
1 35.75 2.41 2 9 4 0.125 0 1 2 0 2 220 2 0
1 52.42 1.5 2 2 4 3.75 0 0 0 1 2 0 351 0
0 58.67 4.46 2 11 8 3.04 1 1 6 0 2 43 561 1
1 59.5 2.75 2 9 4 1.75 1 1 5 1 2 60 59 1
1 27.58 3.25 1 11 8 5.085 0 1 2 1 2 369 2 0
1 19 0 1 1 1 0 0 1 4 0 2 45 2 0
1 21.17 0.25 1 8 8 0.25 0 0 0 0 2 280 205 0
1 33.17 3.16 1 14 4 3.165 1 1 3 1 2 380 1 1
1 38.92 1.75 2 4 4 0.5 0 0 0 1 2 300 3 0
1 30.58 2.71 1 7 4 0.125 0 0 0 1 1 80 1 0
1 31.92 4.46 2 13 8 6.04 1 1 3 0 2 311 301 1
0 47 13 2 3 5 5.165 1 1 9 1 2 0 1 1
1 21.58 0.79 1 13 4 0.665 0 0 0 0 2 160 1 0
1 31.08 1.5 1 9 4 0.04 0 0 0 0 1 160 1 0
0 25.25 13.5 1 1 1 2 0 1 1 1 2 200 2 0
1 20.17 9.25 2 8 4 1.665 1 1 3 1 2 40 29 1
1 34 5.08 1 3 5 1.085 0 0 0 1 2 480 1 0
1 22.17 12.12 2 8 4 3.335 0 1 2 1 2 180 174 0
1 20.07 0.25 2 11 4 0.125 0 0 0 0 2 200 1 0
1 34 5.5 1 8 4 1.5 0 0 0 1 2 60 1 0
1 36.17 0.42 1 9 4 0.29 0 0 0 1 2 309 3 0
0 35.42 12 2 11 8 14 1 1 8 0 2 0 6591 1
0 30.58 10.66 2 11 8 0.085 0 1 12 1 2 129 4 0
1 25.75 0.75 2 8 5 0.25 1 0 0 0 2 349 24 1
1 29.58 4.5 2 9 4 7.5 1 1 2 1 2 330 1 1
1 31.57 0.5 2 8 5 0.835 1 0 0 1 1 320 1 0
1 26.83 0.54 2 4 1 0 0 0 0 0 2 100 1 0
1 29.42 1.25 2 8 8 0.25 0 1 2 1 2 400 109 0
1 64.08 20 2 14 8 17.5 1 1 9 1 2 0 1001 1
1 35 3.37 2 8 8 8.29 0 0 0 1 2 0 1 0
1 37.17 4 2 8 5 5 1 0 0 1 1 280 1 0
1 25.83 12.83 2 13 4 0.5 0 0 0 0 2 0 3 0
1 39.92 0.54 1 6 4 0.5 1 1 3 0 2 200 1001 1
0 52.17 0 1 1 1 0 0 0 0 0 2 0 1 0
0 51.92 6.5 2 3 5 3.085 0 0 0 1 2 73 1 0
0 28.67 1.04 2 8 4 2.5 1 1 5 1 2 300 1431 1
1 32.92 2.5 2 6 4 1.75 0 1 2 1 2 720 1 0
0 47.75 8 2 8 4 7.875 1 1 6 1 2 0 1261 1
1 22.17 12.12 2 8 4 3.335 0 1 2 1 2 180 174 0
0 23.75 0.71 2 9 4 0.25 0 1 1 1 2 240 5 0
0 33.92 1.58 1 1 1 0 1 0 0 0 2 320 1 0
1 30.75 1.58 2 2 4 0.585 0 0 0 1 1 0 1 0
0 46 4 2 5 3 0 1 0 0 0 2 100 961 1
0 40.83 3.5 2 3 5 0.5 0 0 0 0 1 1160 1 0
1 34.75 15 2 12 7 5.375 1 1 9 1 2 0 135 1
0 18.82 4.41 1 8 8 3 1 0 0 0 2 240 1 1
0 57.58 2 2 1 1 6.5 0 1 1 0 2 0 11 0
0 27.25 0.28 2 7 8 0.125 0 1 1 1 2 272 109 0
1 23.25 4 2 8 5 0.25 1 0 0 1 2 160 1 1
0 40.83 3.5 2 3 5 0.5 0 0 0 0 1 1160 1 0
1 19.42 1.5 1 13 4 2 1 0 0 1 2 100 21 0
1 36.5 4.25 2 11 4 3.5 0 0 0 0 2 454 51 0
1 31.42 15.5 2 8 4 0.5 1 0 0 0 2 120 1 0
1 39.5 1.62 2 8 4 1.5 0 0 0 0 2 0 317 0
0 25 12.33 2 13 8 3.5 1 1 6 0 2 400 459 1
1 25.17 3 2 8 4 1.25 0 1 1 0 2 0 23 0
1 25.08 1.71 2 14 4 1.665 1 1 1 1 2 395 21 1
1 39.42 1.71 1 7 4 0.165 0 0 0 0 1 400 1 0
0 33.92 1.58 1 1 1 0 1 0 0 0 2 320 1 0
0 28.58 3.54 2 3 5 0.5 1 0 0 1 2 171 1 0
1 52.33 1.37 1 8 8 9.46 1 0 0 1 2 200 101 0
1 34.42 1.33 2 3 5 0.125 0 0 0 1 2 440 4501 0
0 23.5 9 2 11 4 8.5 1 1 5 1 2 120 1 1
1 23.25 1 2 8 4 0.835 1 0 0 0 1 300 1 1
1 31 2.08 2 8 4 0.085 0 0 0 0 2 300 1 0
1 34 5.08 1 3 5 1.085 0 0 0 1 2 480 1 0
1 60.08 14.5 2 1 1 18 1 1 15 1 2 0 1001 1
1 39.92 6.21 2 11 4 0.04 1 1 1 0 2 200 301 1
0 23.58 11.5 1 4 8 3 0 0 0 1 2 20 17 0
1 20.07 0.25 2 11 4 0.125 0 0 0 0 2 200 1 0
1 56.42 28 1 8 4 28.5 1 1 40 0 2 0 16 1
0 58.67 4.46 2 11 8 3.04 1 1 6 0 2 43 561 1
1 22.08 0.83 2 8 8 2.165 0 0 0 1 2 128 1 1
0 32.25 1.5 2 8 4 0.25 0 0 0 1 2 372 123 0
1 80.25 5.5 2 8 4 0.54 1 0 0 0 2 0 341 0
1 31.57 10.5 2 14 4 6.5 1 0 0 0 2 0 1 1
1 42.17 5.04 2 11 8 12.75 1 0 0 1 2 92 1 1
1 36.33 3.79 2 9 4 1.165 1 0 0 1 2 200 1 0
1 22.92 0.17 2 7 4 0.085 0 0 0 0 1 0 1 0
1 54.33 6.75 2 8 8 2.625 1 1 11 1 2 0 285 1
0 24.08 0.5 2 11 8 1.25 1 1 1 0 2 0 679 1
1 18.17 2.46 2 8 7 0.96 0 1 2 1 2 160 588 0
0 19.17 5.41 2 3 8 0.29 0 0 0 0 2 80 485 0
0 16.5 1.25 2 11 4 0.25 0 1 1 0 2 108 99 0
1 60.08 14.5 2 1 1 18 1 1 15 1 2 0 1001 1
1.234 22.08 11.46 2 4 4 1.585 0 0 0 1 2 100 1213 0
0 18.92 9.25 1 8 4 1 1 1 4 1 2 80 501 1
1 34.25 3 2 13 8 7.415 1 0 0 1 2 0 1 1
1 17.42 6.5 2 3 4 0.125 0 0 0 0 2 60 101 0
0 36.75 4.71 2 1 1 0 0 0 0 0 2 160 1 0
1 25.67 2.21 1 6 4 4 1 0 0 0 2 188 1 0
1 35.25 16.5 1 8 4 4 1 0 0 0 2 80 1 0
0 17.92 10.21 2 1 1 0 0 0 0 0 2 0 51 0
1 21.5 9.75 2 8 4 0.25 1 0 0 0 2 140 1 0
1 30.33 0.5 2 2 8 0.085 0 0 0 1 1 252 1 0
1 34 5.5 1 8 4 1.5 0 0 0 1 2 60 1 0
1 60.08 14.5 2 1 1 18 1 1 15 1 2 0 1001 1
1 27.42 12.5 2 6 5 0.25 0 0 0 1 2 720 1 0
1 30.17 0.5 2 8 4 1.75 1 1 11 0 2 32 541 1
1 21.67 1.16 1 4 4 2.5 1 1 1 0 2 180 21 0
1 27.58 3.25 1 11 8 5.085 0 1 2 1 2 369 2 0
0 49 1.5 2 5 3 0 1 0 0 1 2 100 28 0
1 44 2 2 7 4 1.75 1 1 2 1 2 0 16 1
1 40.92 0.5 1 7 4 0.5 0 0 0 1 2 130 1 0
0 22.5 0.41 2 3 4 0.335 0 0 0 1 1 144 1 0
0 39.08 4 2 8 4 3 0 0 0 0 2 480 1 0
1 23 0.62 1 6 4 0.125 1 0 0 0 2 180 2 0
0 24.75 12.5 2 6 4 1.5 1 1 12 1 2 120 568 1
1 40.58 5 2 8 4 5 1 1 7 0 2 0 3066 1
1 41 0.04 2 10 4 0.04 0 1 1 0 1 560 1 1
0 22.58 10.75 2 11 4 0.415 1 1 5 1 2 0 561 1
1 39.17 1.71 2 14 4 0.125 1 1 5 1 2 480 1 1
0 36.75 5.12 2 10 4 5 1 0 0 1 2 0 4001 1
0 24.5 1.04 1 1 1 0.5 1 1 3 0 2 180 148 0
1.234 22.08 11.46 2 4 4 1.585 0 0 0 1 2 100 1213 0
0 31.75 3 1 5 3 0 0 0 0 0 2 160 21 0
1 24.5 13.33 1 6 4 0.04 0 0 0 1 2 120 476 0
1 34.92 5 2 14 8 7.5 1 1 6 1 2 0 1001 1
0 27.17 1.25 2 1 1 0 0 1 1 0 2 92 301 0
1 16.32 4.08 2 3 8 0.415 0 0 0 1 2 120 1 0
0 71.58 0 2 8 4 0 0 0 0 0 3 184 1 1
1 27.83 1.5 2 9 4 2.25 0 1 1 1 2 100 4 0
0 24.75 13.66 2 11 8 1.5 0 0 0 0 2 280 2 0
1 22 0.79 2 9 4 0.29 0 1 1 0 2 420 284 0
0 22.5 8.5 2 11 4 1.75 1 1 10 0 2 80 991 0
0 28.58 3.54 2 3 5 0.5 1 0 0 1 2 171 1 0
0 31.75 3 1 5 3 0 0 0 0 0 2 160 21 0
0 26.08 8.66 2 6 4 1.415 1 0 0 0 2 160 151 1
1 80.25 5.5 2 8 4 0.54 1 0 0 0 2 0 341 0
0 22.67 0.75 2 8 4 2 0 1 2 1 2 200 395 0
1 30.33 0.5 2 2 8 0.085 0 0 0 1 1 252 1 0
1 31.92 4.46 2 13 8 6.04 1 1 3 0 2 311 301 1
1 54.33 6.75 2 8 8 2.625 1 1 11 1 2 0 285 1
1 56 12.5 2 4 8 8 1 0 0 1 2 24 2029 1
1 32.33 2.5 2 8 4 1.25 0 0 0 1 2 280 1 0
0 30 5.29 2 10 2 2.25 1 1 5 1 2 99 501 1
0 18.82 9.5 2 9 4 1.625 1 1 6 1 2 40 601 1
0 40.33 7.54 1 11 8 8 1 1 14 0 2 0 2301 1
0 33.92 1.58 1 1 1 0 1 0 0 0 2 320 1 0
0 22.67 0.75 2 8 4 2 0 1 2 1 2 200 395 0
1 27.42 12.5 2 6 5 0.25 0 0 0 1 2 720 1 0
1 42 9.78 2 14 8 7.96 1 1 8 0 2 0 1 1
1 37.5 1.12 1 2 4 1.5 0 0 0 1 2 431 1 1
1 29.58 4.75 2 7 4 2 0 1 1 1 2 460 69 0
1 43.17 5 2 3 5 2.25 0 0 0 1 2 141 1 0
1 23.17 0 2 8 4 0 0 0 0 0 3 184 1 1
0 35.17 3.75 2 1 1 0 0 1 6 0 2 0 201 0
1 25.67 2.21 1 6 4 4 1 0 0 0 2 188 1 0
0 32.25 1.5 2 8 4 0.25 0 0 0 1 2 372 123 0
1 39.92 0.54 1 6 4 0.5 1 1 3 0 2 200 1001 1
0 17.82 11 2 14 8 1 1 1 11 0 2 0 3001 1
1 25.58 0.33 2 4 8 3.5 0 0 0 1 2 340 1 0
1 32.67 5.5 2 11 8 5.5 1 1 12 1 2 408 1001 1
0 24.08 0.5 2 11 8 1.25 1 1 1 0 2 0 679 1
1 37.33 6.5 2 7 8 4.25 1 1 12 1 2 93 1 1
1 25.75 0.75 2 8 5 0.25 1 0 0 0 2 349 24 1
1 31.57 0.37 2 2 4 0.875 1 0 0 1 1 928 1 0
1 36.67 4.41 1 4 4 0.25 1 1 10 1 2 320 1 1
1 19 0 1 1 1 0 0 1 4 0 2 45 2 0
1 44.83 7 1 8 4 1.625 0 0 0 0 2 160 3 0
1 23.17 11.12 2 14 8 0.46 1 1 1 0 2 100 1 1
0 17.92 0.54 2 8 4 1.75 0 1 1 1 2 80 6 0
1 23.33 1.5 2 8 8 1.415 1 0 0 0 2 422 201 1
1 25.17 3 2 8 4 1.25 0 1 1 0 2 0 23 0
1 20.5 2.41 2 8 4 2 1 1 11 1 2 200 3001 1
0 20.75 10.25 2 11 4 0.71 1 1 2 1 2 49 1 1
1 16 3.12 2 9 4 0.085 0 1 1 0 2 0 7 0
1 15.17 7 2 10 4 1 0 0 0 0 2 600 1 0
1 40.58 5 2 8 4 5 1 1 7 0 2 0 3066 1
1 20 7 2 8 4 0.5 0 0 0 0 2 0 1 0
1 18.82 0 2 11 4 0.665 0 0 0 0 2 160 2 0
0 57.58 2 2 1 1 6.5 0 1 1 0 2 0 11 0
1 20.17 5.62 2 9 4 1.71 1 0 0 0 1 120 1 1
1 23.75 12 2 8 4 2.085 0 0 0 0 1 80 1 0
0 15.75 0.37 2 8 4 1 0 0 0 0 2 120 19 0
1 31.57 5 1 6 4 8.5 1 0 0 0 2 0 1 0
1 36.25 5 2 8 5 2.5 1 1 6 0 2 0 368 1
1 24.33 6.62 1 2 4 5.5 1 0 0 1 1 100 1 1
1 26.75 4.5 1 8 5 2.5 0 0 0 0 2 200 1211 0
0 44.33 0 2 8 4 2.5 1 0 0 0 2 0 1 1
1 23.08 0 2 4 4 1 0 1 11 0 1 0 1 0
1 13.75 4 1 9 4 1.75 1 1 2 1 2 120 1001 1
0 18.82 9.5 2 9 4 1.625 1 1 6 1 2 40 601 1
1 39.42 1.71 1 7 4 0.165 0 0 0 0 1 400 1 0
1 31.25 1.12 2 1 1 0 0 1 1 0 2 96 20 0
1 33.58 0.25 2 3 5 4 0 0 0 1 1 420 1 0

