0 49.83 13.58 2 4 8 8.5 1 0 0 1 2 0 1 1
0 32.33 0.54 2 13 4 0.04 1 0 0 0 2 440 11178 1
1 74.83 19 1 1 1 0.04 0 1 2 0 2 0 352 0
0 23.25 5.87 2 11 4 3.17 1 1 10 0 2 120 246 1
1 25.67 12.5 2 13 4 1.21 1 1 67 1 2 140 259 1
1 31.92 4.46 2 13 8 6.04 1 1 3 0 2 311 301 1
1 31.08 3.08 2 8 4 2.5 0 1 2 1 2 160 42 0
0 18.82 9.53 2 6 4 0.085 1 0 0 0 2 100 1 1
1 17.42 6.5 2 3 4 0.125 0 0 0 0 2 60 101 0
1 32.83 2.5 2 13 8 2.75 1 1 6 0 2 160 2073 1
1 39 5 2 13 4 3.5 1 1 10 1 2 0 1 1
1 35.17 4.5 2 14 8 5.75 0 0 0 1 1 711 1 1
0 18.82 9.53 2 6 4 0.085 1 0 0 0 2 100 1 1
1 32.42 3 2 2 4 0.165 0 0 0 1 2 120 1 0
1 44.33 0.5 2 3 8 5 1 0 0 1 2 320 1 1
1 32.33 7.5 2 10 5 1.585 1 0 0 1 1 420 1 0
0 20.42 0.83 2 11 4 1.585 1 1 1 0 2 0 1 1
1 29.83 2.04 1 14 8 0.04 0 0 0 0 2 128 2 0
1 31.57 4 2 14 4 5 1 1 3 1 2 290 2280 1
1 22.75 11 2 11 4 2.5 1 1 7 1 2 100 810 1
1 25.75 0.75 2 8 5 0.25 1 0 0 0 2 349 24 1
1 21.25 1.5 2 9 4 1.5 0 0 0 0 2 150 9 1
0 23.42 0.79 1 11 4 1.5 1 1 2 1 2 80 401 1
1 41.17 4.04 2 13 8 7 1 1 8 0 2 320 1 1
0 38.25 6 2 4 4 1 1 0 0 1 2 0 1 1
0 65.17 14 2 1 1 0 1 1 11 1 2 0 1401 1
0 31.57 11.25 2 1 1 0 0 0 0 0 2 184 5201 0
0 23.58 0.58 1 1 1 0.125 0 0 0 0 2 120 88 0
0 20.07 1.25 2 8 4 0 0 0 0 0 2 0 1 0
0 41 2.04 1 11 8 0.125 1 1 23 1 2 455 1237 1
1 21.58 0.79 1 13 4 0.665 0 0 0 0 2 160 1 0
1 19.67 0.37 2 11 4 2 1 1 2 1 2 80 1 1
1 48.75 26.33 1 1 1 0 1 0 0 1 2 0 1 0
0 22.67 0.79 2 3 4 0.085 0 0 0 0 2 144 1 0
0 23 11.75 2 14 8 0.5 1 1 2 1 2 300 552 1
1 21.33 10.5 2 8 4 3 1 0 0 1 2 0 1 1
1 32.75 2.33 2 2 8 5.75 0 0 0 1 2 292 1 0
1 31.57 4 1 3 4 0.085 0 0 0 1 2 411 1 0
1 56.75 12.25 2 7 4 1.25 1 1 4 1 2 200 1 1
1 36.33 3.79 2 9 4 1.165 1 0 0 1 2 200 1 0
1 26.75 4.5 1 8 5 2.5 0 0 0 0 2 200 1211 0
0 58.33 10 2 11 4 4 1 1 14 0 2 0 1603 1
1 40.92 0.5 1 7 4 0.5 0 0 0 1 2 130 1 0
0 22.92 1.25 2 11 4 0.25 0 0 0 1 2 120 810 0
1 18.82 0 2 11 4 0.665 0 0 0 0 2 160 2 0
0 19.5 0.16 2 11 4 0.04 0 0 0 1 2 380 1 0
1 39.17 1.62 2 8 4 1.5 1 1 10 0 2 186 4701 1
1 25.08 1.71 2 14 4 1.665 1 1 1 1 2 395 21 1
0 47 13 2 3 5 5.165 1 1 9 1 2 0 1 1
0 39.08 4 2 8 4 3 0 0 0 0 2 480 1 0
0 20.67 3 2 11 4 0.165 1 1 3 0 2 100 7 1
1 44.25 11 1 2 4 1.5 1 0 0 0 1 0 1 0
0 17.57 9 2 6 4 1.375 1 0 0 1 2 0 1 1
1 62.75 7 2 10 9 0 0 0 0 0 2 0 13 0
0 24.5 1.75 1 8 4 0.165 0 0 0 0 2 132 1 0
0 19.67 0.21 2 11 8 0.29 1 1 11 0 2 80 100 1
0 22.5 8.5 2 11 4 1.75 1 1 10 0 2 80 991 0
1 41.42 5 2 11 8 5 1 1 6 1 2 470 1 1
0 25.25 13.5 1 1 1 2 0 1 1 1 2 200 2 0
1 19.5 9.58 2 6 4 0.79 0 0 0 0 2 80 351 0
1 43.17 5 2 3 5 2.25 0 0 0 1 2 141 1 0
0 20.75 10.25 2 11 4 0.71 1 1 2 1 2 49 1 1
1 32.75 2.33 2 2 8 5.75 0 0 0 1 2 292 1 0
0 18.82 9.5 2 9 4 1.625 1 1 6 1 2 40 601 1
1 74.83 19 1 1 1 0.04 0 1 2 0 2 0 352 0
1 24.5 13.33 1 6 4 0.04 0 0 0 1 2 120 476 0
1 30.17 0.5 2 8 4 1.75 1 1 11 0 2 32 541 1
1 32.42 3 2 2 4 0.165 0 0 0 1 2 120 1 0
0 24.5 12.75 2 8 5 4.75 1 1 2 0 2 73 445 1
1 19.5 0.28 2 4 4 0.29 0 0 0 0 2 280 365 0
0 69.5 6 2 1 1 0 0 0 0 0 1 0 1 0
1 25.5 0.37 2 7 4 0.25 1 1 3 0 2 260 15109 1
0 32 6 2 2 4 1.25 0 0 0 0 2 272 1 0
1 37.17 4 2 8 5 5 1 0 0 1 1 280 1 0
1 24.42 12.33 2 11 8 1.585 1 0 0 1 2 120 1 1
1 22.58 10.03 2 14 4 0.04 1 1 9 0 2 60 397 1
0 27.25 0.28 2 7 8 0.125 0 1 1 1 2 272 109 0
1 31.57 0.5 2 8 5 0.835 1 0 0 1 1 320 1 0
1 25.58 0.33 2 4 8 3.5 0 0 0 1 2 340 1 0
1 25.83 12.83 2 13 4 0.5 0 0 0 0 2 0 3 0
1 36.75 0.12 1 8 4 1.5 0 0 0 1 2 232 114 1
1 19.5 0.28 2 4 4 0.29 0 0 0 0 2 280 365 0
1 34.92 5 2 14 8 7.5 1 1 6 1 2 0 1001 1
1 20.17 9.25 2 8 4 1.665 1 1 3 1 2 40 29 1
1 21.33 10.5 2 8 4 3 1 0 0 1 2 0 1 1
1 80.25 5.5 2 8 4 0.54 1 0 0 0 2 0 341 0
0 30.25 5.5 2 4 4 5.5 0 0 0 1 1 100 1 0
0 23.58 0.83 2 11 4 0.415 0 1 1 1 2 200 12 0
1 39.92 6.21 2 11 4 0.04 1 1 1 0 2 200 301 1
0 19.17 0.58 1 6 4 0.585 1 0 0 1 2 160 1 0
1 32.08 4 1 13 4 1.5 0 0 0 1 2 120 1 0
1 39.42 1.71 1 7 4 0.165 0 0 0 0 1 400 1 0
0 24.83 4.5 2 9 4 1 0 0 0 1 2 360 7 0
1 41.17 1.25 1 9 4 0.25 0 0 0 0 2 0 196 0
1 23.92 0.58 1 13 8 0.125 0 0 0 0 2 240 2 0
1 35.75 2.41 2 9 4 0.125 0 1 2 0 2 220 2 0
1 18.82 3.54 1 1 1 0 0 0 0 1 2 180 2 0
1 45 8.5 2 13 8 14 1 1 1 1 2 88 2001 1
1 20.42 7 2 8 4 1.625 1 1 3 0 2 200 1392 1
1 33.58 2.75 2 7 4 4.25 1 1 6 0 2 204 1 1
1 20 11.04 2 8 4 2 0 0 0 1 2 136 1 0
0 20.75 10.25 2 11 4 0.71 1 1 2 1 2 49 1 1
1 19.42 7.25 2 7 4 0.04 0 1 1 0 2 100 2 0
1 27.42 12.5 2 6 5 0.25 0 0 0 1 2 720 1 0
0 19.17 8.58 2 13 8 0.75 1 1 7 0 2 96 1 1
1 23.92 0.66 2 8 4 0.165 0 0 0 0 2 100 1 1
0 40.83 3.5 2 3 5 0.5 0 0 0 0 1 1160 1 0
1 27.67 0.75 2 11 8 0.165 0 0 0 1 2 220 252 0
1 64.08 20 2 14 8 17.5 1 1 9 1 2 0 1001 1
0 28.75 3.75 2 8 4 1.085 1 1 1 1 2 371 1 1
1 18.67 5 2 11 4 0.375 1 1 2 0 2 0 39 0
1 52.33 1.37 1 8 8 9.46 1 0 0 1 2 200 101 0
1 36.08 2.54 2 1 1 0 0 0 0 0 2 0 1001 0
1 20.5 2.41 2 8 4 2 1 1 11 1 2 200 3001 1
0 20.67 1.83 2 11 4 2.085 1 1 5 0 2 220 2504 1
1 32.08 4 2 7 4 2.5 1 0 0 1 2 360 1 1
1 21.33 7.5 2 6 4 1.415 1 1 1 0 2 80 9801 1
0 21.75 11.75 2 8 4 0.25 0 0 0 1 2 180 1 0
0 23.25 5.87 2 11 4 3.17 1 1 10 0 2 120 246 1
1 26.67 2.71 1 13 4 5.25 1 1 1 0 2 211 1 1
1 28.33 5 2 9 4 11 1 0 0 1 2 70 1 1
0 56.83 4.25 1 1 1 5 0 0 0 1 2 0 5 0
1 37.17 4 2 8 5 5 1 0 0 1 1 280 1 0
0 47.42 3 2 14 4 13.875 1 1 2 1 2 519 1705 1
0 24.75 3 2 11 8 1.835 1 1 19 0 2 0 501 1
1 20 1.25 1 4 4 0.125 0 0 0 0 2 140 5 0
1 34.08 6.5 2 6 4 0.125 1 0 0 1 2 443 1 0
1 22.08 2.33 2 4 4 0.75 0 0 0 0 2 180 1 0
0 25.75 0.5 2 8 8 0.875 1 0 0 1 2 491 1 1
1 29.67 1.41 2 9 8 0.75 1 1 1 0 2 240 101 1
0 19.17 0.58 1 6 4 0.585 1 0 0 1 2 160 1 0
0 47.75 8 2 8 4 7.875 1 1 6 1 2 0 1261 1
1 25.5 0.37 2 7 4 0.25 1 1 3 0 2 260 15109 1
1 20.17 9.25 2 8 4 1.665 1 1 3 1 2 40 29 1
1 28.75 1.16 2 4 4 0.5 1 0 0 0 1 280 1 0
1 22.92 0.17 2 7 4 0.085 0 0 0 0 1 0 1 0
1 16.25 0 1 6 4 0.25 0 0 0 0 2 60 1 0
1 39.17 2.5 1 3 8 10 0 0 0 1 1 200 1 0
1 36.42 0.75 1 2 4 0.585 0 0 0 0 2 240 4 0
1 20.07 0.25 2 11 4 0.125 0 0 0 0 2 200 1 0
1 23.25 4 2 8 5 0.25 1 0 0 1 2 160 1 1
1 43.17 5 2 3 5 2.25 0 0 0 1 2 141 1 0
0 35.75 0.91 2 6 4 0.75 1 1 4 0 2 0 1584 1
1 36.67 3.25 2 11 8 9 1 0 0 1 2 102 640 1
1 23.17 11.12 2 14 8 0.46 1 1 1 0 2 100 1 1
1 36.17 5.5 2 3 5 5 0 0 0 0 2 210 688 0
1 32.25 14 1 1 1 0 0 1 2 0 2 160 2 0
1 52.5 6.5 2 4 4 6.29 1 1 15 0 2 0 11203 1
1 34.83 2.5 1 9 4 3 0 0 0 0 1 200 1 0
0 71.58 0 2 8 4 0 0 0 0 0 3 184 1 1
1 32.33 7.5 2 10 5 1.585 1 0 0 1 1 420 1 0
0 29.5 2 1 10 8 2 0 0 0 0 2 256 18 0
0 25.58 0 2 8 4 0 0 0 0 0 3 184 1 1
1 43.17 5 2 3 5 2.25 0 0 0 1 2 141 1 0
0 45.83 10.5 2 11 4 5 1 1 7 1 2 0 1 1
0 28.42 3.5 2 9 4 0.835 1 0 0 0 1 280 1 1
0 60.58 16.5 2 11 4 11 1 0 0 1 2 21 10562 1
0 33.17 2.25 1 13 4 3.5 0 0 0 1 2 200 142 0
1 20.42 0 2 8 4 0 0 0 0 0 3 184 1 0
1 20.5 2.41 2 8 4 2 1 1 11 1 2 200 3001 1
1 20.42 7 2 8 4 1.625 1 1 3 0 2 200 1392 1
0 20.75 9.53 2 3 4 0.04 0 0 0 0 2 200 1001 0
0 41 2.04 1 11 8 0.125 1 1 23 1 2 455 1237 1
1 22.17 2.25 2 3 4 0.125 0 0 0 0 2 160 11 0
1 45 8.5 2 13 8 14 1 1 1 1 2 88 2001 1
1 23.17 0 2 13 4 0.085 1 0 0 0 2 0 1 1
1 51.83 3 1 1 1 1.5 0 0 0 0 2 180 5 0
1 31.25 1.12 2 1 1 0 0 1 1 0 2 96 20 0
1 31.83 0.04 1 7 4 0.04 0 0 0 0 2 0 1 0
0 19.17 0.58 1 6 4 0.585 1 0 0 1 2 160 1 0
1 39.42 1.71 1 7 4 0.165 0 0 0 0 1 400 1 0
1 23.42 1 2 8 4 0.5 0 0 0 1 1 280 1 0
0 23.25 5.87 2 11 4 3.17 1 1 10 0 2 120 246 1
1 34.25 3 2 13 8 7.415 1 0 0 1 2 0 1 1
0 24.08 0.5 2 11 8 1.25 1 1 1 0 2 0 679 1
1 58.58 2.71 2 8 4 2.415 0 0 0 1 2 320 1 0
1 35 3.37 2 8 8 8.29 0 0 0 1 2 0 1 0
1 26.83 0.54 2 4 1 0 0 0 0 0 2 100 1 0
1 23.25 12.62 2 8 4 0.125 0 1 2 0 2 0 5553 0
0 22.5 0.41 2 3 4 0.335 0 0 0 1 1 144 1 0
1 28.33 5 2 9 4 11 1 0 0 1 2 70 1 1
0 18.07 0.37 3 13 1 10 0 0 0 1 1 300 1 1
1 41.17 4.04 2 13 8 7 1 1 8 0 2 320 1 1
0 33.25 2.5 1 8 4 2.5 0 0 0 1 2 0 3 0
0 26.08 8.66 2 6 4 1.415 1 0 0 0 2 160 151 1
1 24.58 13.5 1 1 1 0 0 0 0 0 2 184 1 0
1 23.33 1.5 2 8 8 1.415 1 0 0 0 2 422 201 1
1 28.75 1.16 2 4 4 0.5 1 0 0 0 1 280 1 0
1 34.17 1.54 2 13 4 1.54 1 1 1 1 2 520 50001 1
1 40.92 0.5 1 7 4 0.5 0 0 0 1 2 130 1 0
0 16.5 1.25 2 11 4 0.25 0 1 1 0 2 108 99 0
1 26.67 1.75 1 8 4 1 1 1 5 1 2 160 5778 1
1 24.08 9 2 6 4 0.25 0 0 0 1 2 0 1 0
0 34.83 1.25 1 3 8 0.5 0 0 0 1 2 160 1 0
1 31.08 3.08 2 8 4 2.5 0 1 2 1 2 160 42 0
1 64.08 20 2 14 8 17.5 1 1 9 1 2 0 1001 1
1 28.58 3.62 2 6 4 0.25 0 0 0 1 2 100 1 0
1 21.08 10.08 1 10 8 1.25 0 0 0 0 2 260 1 0
1 19.5 0.28 2 4 4 0.29 0 0 0 0 2 280 365 0
1 40.92 0.5 1 7 4 0.5 0 0 0 1 2 130 1 0
1 40.92 0.5 1 7 4 0.5 0 0 0 1 2 130 1 0
1 23 0.62 1 6 4 0.125 1 0 0 0 2 180 2 0
1 22.08 0.83 2 8 8 2.165 0 0 0 1 2 128 1 1
1 16.25 0 1 6 4 0.25 0 0 0 0 2 60 1 0
1 29.58 4.5 2 9 4 7.5 1 1 2 1 2 330 1 1
0 41.58 1.04 2 6 4 0.665 0 0 0 0 2 240 238 0
1 31.42 15.5 2 8 4 0.5 1 0 0 0 2 120 1 0
1 21.83 0.25 2 2 8 0.665 1 0 0 1 2 0 1 1
1 23.17 0 2 13 4 0.085 1 0 0 0 2 0 1 1
1 26.67 1.75 1 8 4 1 1 1 5 1 2 160 5778 1
0 30 5.29 2 10 2 2.25 1 1 5 1 2 99 501 1
0 44.17 6.66 2 11 4 7.375 1 1 3 1 2 0 1 1
0 18.25 10 2 9 4 1 0 1 1 0 2 120 2 0
1 37.5 0.83 2 10 4 0.04 0 0 0 0 2 120 6 0
1 24.17 0.87 2 11 4 4.625 1 1 2 1 2 520 2001 1
0 55.75 7.08 2 4 8 6.75 1 1 3 1 2 100 51 0
1 44.33 0.5 2 3 8 5 1 0 0 1 2 320 1 1
1 63.33 0.54 2 8 4 0.585 1 1 3 1 2 180 1 0
1 31.08 3.08 2 8 4 2.5 0 1 2 1 2 160 42 0
0 23.58 0.83 2 11 4 0.415 0 1 1 1 2 200 12 0
1 26.67 1.75 1 8 4 1 1 1 5 1 2 160 5778 1
1 32.33 3.5 2 4 4 0.5 0 0 0 1 2 232 1 0
1 19.42 1.5 1 13 4 2 1 0 0 1 2 100 21 0
1 42 0.2 2 3 8 5.125 1 0 0 0 2 400 1 1
1 26.17 0.25 2 3 5 0 1 0 0 1 2 0 1 1
1 31.57 10.5 2 14 4 6.5 1 0 0 0 2 0 1 1
0 31.75 3 1 5 3 0 0 0 0 0 2 160 21 0
0 39.08 4 2 8 4 3 0 0 0 0 2 480 1 0
0 31.57 3.5 2 2 4 3 1 0 0 1 2 300 1 0
1 41 0.04 2 10 4 0.04 0 1 1 0 1 560 1 1
1 34.25 1.75 2 9 5 0.25 1 0 0 1 2 163 1 0
1 28 2 2 4 8 4.165 1 1 2 1 2 181 1 1
1 21.83 0.25 2 2 8 0.665 1 0 0 1 2 0 1 1
0 18.82 9.5 2 9 4 1.625 1 1 6 1 2 40 601 1
1 22 7.83 1 3 5 0.165 0 0 0 1 2 184 1 0
0 28.17 0.37 2 11 4 0.585 1 1 4 0 2 80 1 1
1 32.25 14 1 1 1 0 0 1 2 0 2 160 2 0
1 48.58 6.5 2 11 8 6 1 0 0 1 2 350 1 1
1 54.83 15.5 2 10 9 0 1 1 20 0 2 152 131 0
1 32.08 4 1 13 4 1.5 0 0 0 1 2 120 1 0
1 37.58 0 2 8 4 0 0 0 0 0 3 184 1 1
1 39.92 6.21 2 11 4 0.04 1 1 1 0 2 200 301 1
0 23.58 0.58 1 1 1 0.125 0 0 0 0 2 120 88 0
0 32 6 2 2 4 1.25 0 0 0 0 2 272 1 0
0 19.17 8.58 2 13 8 0.75 1 1 7 0 2 96 1 1
1 47.33 6.5 2 8 4 1 0 0 0 1 2 0 229 0
1 27.42 12.5 2 6 5 0.25 0 0 0 1 2 720 1 0
0 68.67 15 2 10 9 0 1 1 14 0 2 0 3377 1
0 51.92 6.5 2 3 5 3.085 0 0 0 1 2 73 1 0
1 18.07 6.75 1 7 4 0.04 0 0 0 0 2 140 1 0
1 39.92 5 2 3 5 0.21 0 0 0 0 2 550 1 0
1 25.5 0.37 2 7 4 0.25 1 1 3 0 2 260 15109 1
1 26.75 1.12 2 14 8 1.25 1 0 0 0 2 0 5299 1
0 20.75 10.25 2 11 4 0.71 1 1 2 1 2 49 1 1
0 16 0.16 2 6 4 1 0 1 2 1 2 320 2 0
0 52.83 15 2 8 4 5.5 1 1 14 0 2 0 2201 1
0 18.25 10 2 9 4 1 0 1 1 0 2 120 2 0
0 20.75 9.53 2 3 4 0.04 0 0 0 0 2 200 1001 0
1 20.42 7 2 8 4 1.625 1 1 3 0 2 200 1392 1
1 22.92 0.17 2 7 4 0.085 0 0 0 0 1 0 1 0
0 49 1.5 2 5 3 0 1 0 0 1 2 100 28 0
1 23.25 4 2 8 5 0.25 1 0 0 1 2 160 1 1
1 23.42 1 2 8 4 0.5 0 0 0 1 1 280 1 0
1 39.92 6.21 2 11 4 0.04 1 1 1 0 2 200 301 1
0 30.25 5.5 2 4 4 5.5 0 0 0 1 1 100 1 0
1 19.42 7.25 2 7 4 0.04 0 1 1 0 2 100 2 0
1 22 7.83 1 3 5 0.165 0 0 0 1 2 184 1 0
1 20.07 0.25 2 11 4 0.125 0 0 0 0 2 200 1 0
0 20.75 9.53 2 3 4 0.04 0 0 0 0 2 200 1001 0
1 27 1.5 1 9 4 0.375 1 0 0 1 2 260 1066 1
0 45.33 1 2 11 4 0.125 0 0 0 1 2 263 1 0
1 19.42 1.5 1 13 4 2 1 0 0 1 2 100 21 0
1 31.92 4.46 2 13 8 6.04 1 1 3 0 2 311 301 1
0 28.17 0.37 2 11 4 0.585 1 1 4 0 2 80 1 1
0 38.75 1.5 2 1 1 0 0 0 0 0 2 76 1 0
1 43.25 25.21 2 11 8 0.21 1 1 1 0 2 760 91 0

