1 21.67 1.16 1 4 4 2.5 1 1 1 0 2 180 21 0
0 25 12.33 2 13 8 3.5 1 1 6 0 2 400 459 1
0 21.75 1.75 1 5 3 0 0 0 0 0 2 160 1 0
0 33.92 1.58 1 1 1 0 1 0 0 0 2 320 1 0
1 20.17 9.25 2 8 4 1.665 1 1 3 1 2 40 29 1
1 20.5 2.41 2 8 4 2 1 1 11 1 2 200 3001 1
1 26.17 12.5 1 4 8 1.25 0 0 0 1 2 0 18 0
1 26.92 2.25 2 3 5 0.5 0 0 0 1 2 640 4001 0
1 25.42 0.54 2 9 4 0.165 0 1 1 0 2 272 445 0
1 18.82 0 2 11 4 0.665 0 0 0 0 2 160 2 0
0 29.58 1.75 1 4 4 1.25 0 0 0 1 2 280 1 0
0 19.75 0.75 2 8 4 0.795 1 1 5 1 2 140 6 0
0 23.5 9 2 11 4 8.5 1 1 5 1 2 120 1 1
0 47.42 3 2 14 4 13.875 1 1 2 1 2 519 1705 1
0 24.75 12.5 2 6 4 1.5 1 1 12 1 2 120 568 1
1 31.58 0.75 1 6 4 3.5 0 0 0 1 2 320 1 0
1 39 5 2 13 4 3.5 1 1 10 1 2 0 1 1
0 28.17 0.58 2 6 4 0.04 0 0 0 0 2 260 1005 0
1 21.33 10.5 2 8 4 3 1 0 0 1 2 0 1 1
1 18.42 10.41 1 6 4 0.125 1 0 0 0 2 120 376 0
1 24.17 0.87 2 11 4 4.625 1 1 2 1 2 520 2001 1
0 39.08 4 2 8 4 3 0 0 0 0 2 480 1 0
1 34.75 15 2 12 7 5.375 1 1 9 1 2 0 135 1
0 28.17 0.37 2 11 4 0.585 1 1 4 0 2 80 1 1
1 23.58 1.79 2 8 4 0.54 0 0 0 1 2 136 2 0
1 41.5 1.54 2 3 5 3.5 0 0 0 0 2 216 1 1
1 22.17 2.25 2 3 4 0.125 0 0 0 0 2 160 11 0
1 18.42 10.41 1 6 4 0.125 1 0 0 0 2 120 376 0
0 30.25 5.5 2 4 4 5.5 0 0 0 1 1 100 1 0
0 33.75 0.75 2 4 5 1 1 1 3 1 2 212 1 0
0 23.58 0.83 2 11 4 0.415 0 1 1 1 2 200 12 0
0 25.58 0 2 8 4 0 0 0 0 0 3 184 1 1
0 22.67 0.75 2 8 4 2 0 1 2 1 2 200 395 0
1 30.17 1.08 1 8 4 0.04 0 0 0 0 2 170 180 0
1.234 22.08 11.46 2 4 4 1.585 0 0 0 1 2 100 1213 0
1 47.33 6.5 2 8 4 1 0 0 0 1 2 0 229 0
1 34.17 9.17 2 8 4 4.5 1 1 12 1 2 0 222 1
1 22.92 0.17 2 7 4 0.085 0 0 0 0 1 0 1 0
1 19.67 0.37 2 11 4 2 1 1 2 1 2 80 1 1
0 71.58 0 2 8 4 0 0 0 0 0 3 184 1 1
0 47.42 3 2 14 4 13.875 1 1 2 1 2 519 1705 1
1 25 12.5 2 6 4 3 1 0 0 1 1 20 1 1
1 29.42 1.25 2 8 8 0.25 0 1 2 1 2 400 109 0
1 52.33 1.37 1 8 8 9.46 1 0 0 1 2 200 101 0
1 24.08 9 2 6 4 0.25 0 0 0 1 2 0 1 0
1 42.17 5.04 2 11 8 12.75 1 0 0 1 2 92 1 1
1 41.17 1.25 1 9 4 0.25 0 0 0 0 2 0 196 0
0 16 0.16 2 6 4 1 0 1 2 1 2 320 2 0
1 20 11.04 2 8 4 2 0 0 0 1 2 136 1 0
0 23.58 0.83 2 11 4 0.415 0 1 1 1 2 200 12 0
0 22.83 2.29 2 11 8 2.29 1 1 7 1 2 140 2385 1
1 27.83 1.5 2 9 4 2.25 0 1 1 1 2 100 4 0
1 30.75 1.58 2 2 4 0.585 0 0 0 1 1 0 1 0
0 15.83 7.62 2 11 4 0.125 0 1 1 1 2 0 161 0
1 52.5 6.5 2 4 4 6.29 1 1 15 0 2 0 11203 1
0 28.17 0.58 2 6 4 0.04 0 0 0 0 2 260 1005 0
1 27.83 1.5 2 9 4 2.25 0 1 1 1 2 100 4 0
0 64.08 0.16 2 1 1 0 1 1 1 0 2 232 101 1
1 27.58 2.04 1 6 4 2 1 1 3 1 2 370 561 1
0 22.92 11.58 2 13 4 0.04 1 0 0 0 2 80 1350 1
0 22.67 0.79 2 3 4 0.085 0 0 0 0 2 144 1 0
1 28 3 2 9 4 0.75 0 0 0 1 2 300 68 0
1 32.08 4 1 13 4 1.5 0 0 0 1 2 120 1 0
1 16.25 0 1 6 4 0.25 0 0 0 0 2 60 1 0
0 23 1.83 2 5 3 0 0 1 1 0 2 200 54 0
1 20.17 5.62 2 9 4 1.71 1 0 0 0 1 120 1 1
0 49 1.5 2 5 3 0 1 0 0 1 2 100 28 0
1 32.08 4 2 7 4 2.5 1 0 0 1 2 360 1 1
1 22.67 0.16 2 8 3 2.25 0 0 0 1 1 0 1 1
1 27.58 2.04 1 6 4 2 1 1 3 1 2 370 561 1
1 26.75 2 2 2 4 0.75 0 0 0 1 2 80 1 0
1 45 8.5 2 13 8 14 1 1 1 1 2 88 2001 1
1 43.25 25.21 2 11 8 0.21 1 1 1 0 2 760 91 0
1 23.17 0 2 13 4 0.085 1 0 0 0 2 0 1 1
0 27.67 2.04 2 9 4 0.25 0 0 0 1 2 180 51 0
0 22.42 11.25 1 14 8 0.75 1 1 4 0 2 0 322 1
1.234 22.08 11.46 2 4 4 1.585 0 0 0 1 2 100 1213 0
0 58.33 10 2 11 4 4 1 1 14 0 2 0 1603 1
1 36.25 5 2 8 5 2.5 1 1 6 0 2 0 368 1
1 23.08 0 2 4 4 1 0 1 11 0 1 0 1 0
1 40.58 5 2 8 4 5 1 1 7 0 2 0 3066 1
1 23.08 11.5 2 3 4 3.5 1 1 9 0 2 56 743 1
1 32.67 5.5 2 11 8 5.5 1 1 12 1 2 408 1001 1
1 40.25 21.5 2 10 9 20 1 1 11 0 2 0 1201 1
1 32.08 4 1 13 4 1.5 0 0 0 1 2 120 1 0
1 24.33 6.62 1 2 4 5.5 1 0 0 1 1 100 1 1
0 15.83 7.62 2 11 4 0.125 0 1 1 1 2 0 161 0
1 36.17 5.5 2 3 5 5 0 0 0 0 2 210 688 0
1 48.17 3.5 2 6 4 3.5 1 0 0 0 1 230 1 1
1 16.17 0.04 2 8 4 0.04 0 0 0 0 2 0 1 1
1 37.17 4 2 8 5 5 1 0 0 1 1 280 1 0
0 26.17 2 2 5 3 0 0 0 0 1 2 276 2 0
0 24.5 2.41 1 8 4 0 0 0 0 0 2 120 1 0
0 35.42 12 2 11 8 14 1 1 8 0 2 0 6591 1
1 21.83 11 2 14 4 0.29 1 1 6 0 2 121 1 1
1 31.57 5 1 6 4 8.5 1 0 0 0 2 0 1 0
1 31.67 0.83 2 14 4 1.335 1 1 8 1 2 303 3291 1
0 23.25 5.87 2 11 4 3.17 1 1 10 0 2 120 246 1
1 44.25 0.5 2 7 4 10.75 1 0 0 0 1 400 1 0
0 33.25 3 1 6 4 2 0 0 0 0 2 180 1 0
0 35.75 0.91 2 6 4 0.75 1 1 4 0 2 0 1584 1
1 31.57 10.5 2 14 4 6.5 1 0 0 0 2 0 1 1
0 64.08 0.16 2 1 1 0 1 1 1 0 2 232 101 1
1 29.83 2.04 1 14 8 0.04 0 0 0 0 2 128 2 0
1 74.83 19 1 1 1 0.04 0 1 2 0 2 0 352 0
1 27.83 1.54 2 9 4 3.75 1 1 5 1 2 100 4 1
0 49 1.5 2 5 3 0 1 0 0 1 2 100 28 0
1 41.92 0.42 2 8 8 0.21 1 1 6 0 2 220 949 1
1 36.67 2 2 3 4 0.25 0 0 0 1 2 221 1 0
0 37.75 5.5 2 11 4 0.125 1 0 0 1 2 228 1 1
1 32.83 2.5 2 13 8 2.75 1 1 6 0 2 160 2073 1
0 24.75 12.5 2 6 4 1.5 1 1 12 1 2 120 568 1
1 41 0.04 2 10 4 0.04 0 1 1 0 1 560 1 1
0 33.75 0.75 2 4 5 1 1 1 3 1 2 212 1 0
0 32 6 2 2 4 1.25 0 0 0 0 2 272 1 0
1 22.67 0.16 2 8 3 2.25 0 0 0 1 1 0 1 1
0 15.83 0.58 2 8 8 1.5 1 1 2 0 2 100 1 1
1 24.83 2.75 2 8 4 2.25 1 1 6 0 2 184 601 1
1 19 0 1 1 1 0 0 1 4 0 2 45 2 0
1 32.75 1.5 2 13 8 5.5 1 1 3 1 2 0 1 1
1 23.42 0.58 2 8 8 0.085 1 0 0 0 2 180 1 0
1 20 11.04 2 8 4 2 0 0 0 1 2 136 1 0
1 31.57 0.5 2 8 5 0.835 1 0 0 1 1 320 1 0
0 50.08 12.54 2 6 4 2.29 1 1 3 1 2 156 1 1
1 33.17 1.04 2 12 8 6.5 1 0 0 1 2 164 31286 1
1 24.17 0.87 2 11 4 4.625 1 1 2 1 2 520 2001 1
0 17.92 10.21 2 1 1 0 0 0 0 0 2 0 51 0
1 34 5.08 1 3 5 1.085 0 0 0 1 2 480 1 0
1 34.83 4 2 2 5 12.5 1 0 0 1 2 184 1 0
1 17.67 4.46 2 8 4 0.25 0 0 0 0 1 80 1 0
0 28.42 3.5 2 9 4 0.835 1 0 0 0 1 280 1 1
1 18.32 1.21 1 10 2 0 0 0 0 0 2 100 1 0
1 30.17 1.08 1 8 4 0.04 0 0 0 0 2 170 180 0
0 41.58 1.04 2 6 4 0.665 0 0 0 0 2 240 238 0
0 20.32 10 2 8 8 1 1 1 4 0 2 50 1466 1
1 20.07 0.25 2 11 4 0.125 0 0 0 0 2 200 1 0
0 25.17 2.87 2 14 8 0.875 1 0 0 0 2 360 1 1
1 38.92 1.75 2 4 4 0.5 0 0 0 1 2 300 3 0
1 18.67 5 2 11 4 0.375 1 1 2 0 2 0 39 0
0 58.67 4.46 2 11 8 3.04 1 1 6 0 2 43 561 1
1 23.08 11.5 2 3 4 3.5 1 1 9 0 2 56 743 1
1 18.5 2 2 3 4 1.5 1 1 2 0 2 120 301 1
0 52.83 15 2 8 4 5.5 1 1 14 0 2 0 2201 1
0 18.57 10 2 2 4 0.415 0 0 0 0 2 80 43 0
0 30.42 1.37 2 9 8 0.04 0 1 3 0 2 0 34 0
1 26.67 1.75 1 8 4 1 1 1 5 1 2 160 5778 1
1 33.5 1.75 2 14 8 4.5 1 1 4 1 2 253 858 1
1 48.33 12 2 7 4 16 1 0 0 0 1 110 1 1
1 32.67 5.5 2 11 8 5.5 1 1 12 1 2 408 1001 1
1 19.67 10 1 4 8 0.835 1 0 0 1 2 140 1 0
1 37.33 2.66 2 13 4 0.165 0 0 0 1 2 0 502 0
1 34.08 6.5 2 6 4 0.125 1 0 0 1 2 443 1 0
1 41.42 5 2 11 8 5 1 1 6 1 2 470 1 1
1 25.58 0.33 2 4 8 3.5 0 0 0 1 2 340 1 0
0 20.75 9.53 2 3 4 0.04 0 0 0 0 2 200 1001 0
1 32.33 7.5 2 10 5 1.585 1 0 0 1 1 420 1 0
1 32.25 0.16 1 8 8 3.25 1 1 1 1 2 432 8001 1
1 41.5 1.54 2 3 5 3.5 0 0 0 0 2 216 1 1
1 32.75 1.5 2 13 8 5.5 1 1 3 1 2 0 1 1
1 38.25 10.12 1 4 4 0.125 0 0 0 0 2 160 1 0
1 17.42 6.5 2 3 4 0.125 0 0 0 0 2 60 101 0
1 47.67 0.28 2 8 5 15 1 1 20 0 2 0 15001 1
1 30.17 0.5 2 8 4 1.75 1 1 11 0 2 32 541 1
1 22.75 11.5 2 3 4 0.415 0 0 0 0 2 0 1 0
1 22.25 0.46 2 4 4 0.125 0 0 0 1 2 280 56 0
0 45.33 1 2 11 4 0.125 0 0 0 1 2 263 1 0
1 32.08 4 2 7 4 2.5 1 0 0 1 2 360 1 1
0 40.33 7.54 1 11 8 8 1 1 14 0 2 0 2301 1
0 36.75 5.12 2 10 4 5 1 0 0 1 2 0 4001 1
1 22.92 0.17 2 7 4 0.085 0 0 0 0 1 0 1 0
1 27.58 3.25 1 11 8 5.085 0 1 2 1 2 369 2 0
1 15.17 7 2 10 4 1 0 0 0 0 2 600 1 0
0 23.58 11.5 1 4 8 3 0 0 0 1 2 20 17 0
1 29.83 2.04 1 14 8 0.04 0 0 0 0 2 128 2 0
0 24.75 3 2 11 8 1.835 1 1 19 0 2 0 501 1
1 31.57 4 2 14 4 5 1 1 3 1 2 290 2280 1
0 22.25 1.25 1 1 1 3.25 0 0 0 0 2 280 1 0
1 35.75 2.41 2 9 4 0.125 0 1 2 0 2 220 2 0
1 49.17 2.29 2 1 1 0.29 0 0 0 0 2 200 4 0
1 23.42 0.58 2 8 8 0.085 1 0 0 0 2 180 1 0
0 17.32 9.5 2 6 4 1.75 0 1 10 1 2 0 11 0
0 23 1.83 2 5 3 0 0 1 1 0 2 200 54 0
0 22.67 0.79 2 3 4 0.085 0 0 0 0 2 144 1 0
1 29.67 1.41 2 9 8 0.75 1 1 1 0 2 240 101 1
1 56.75 12.25 2 7 4 1.25 1 1 4 1 2 200 1 1
1 47.67 0.28 2 8 5 15 1 1 20 0 2 0 15001 1
1 40.58 3.29 2 7 4 3.5 0 0 0 1 1 400 1 0
1 25 12.5 2 6 4 3 1 0 0 1 1 20 1 1
1 27.83 1.54 2 9 4 3.75 1 1 5 1 2 100 4 1
1 25 12 2 4 4 2.25 1 1 2 1 2 120 6 0
1 80.25 5.5 2 8 4 0.54 1 0 0 0 2 0 341 0
1 39.83 0.5 2 7 4 0.25 1 0 0 0 1 288 1 0
1 65.42 11 2 10 9 20 1 1 7 1 2 22 1 1
1 30.17 1.08 1 8 4 0.04 0 0 0 0 2 170 180 0
0 25.25 13.5 1 1 1 2 0 1 1 1 2 200 2 0
1 35.17 2.5 2 4 4 4.5 1 1 7 0 2 150 1271 1
1 25.75 0.75 2 8 5 0.25 1 0 0 0 2 349 24 1
0 19.75 0.75 2 8 4 0.795 1 1 5 1 2 140 6 0
1 39.42 1.71 1 7 4 0.165 0 0 0 0 1 400 1 0
0 20.83 0.5 1 10 2 1 0 0 0 0 2 260 1 0
1 73.42 17.75 2 1 1 0 1 0 0 1 2 0 1 1
1 29.42 1.25 2 8 8 0.25 0 1 2 1 2 400 109 0
0 49.83 13.58 2 4 8 8.5 1 0 0 1 2 0 1 1
1 25.67 0.28 1 8 4 1.5 0 0 0 1 2 160 1 0
1 18.42 10.41 1 6 4 0.125 1 0 0 0 2 120 376 0
0 52.17 0 1 1 1 0 0 0 0 0 2 0 1 0
1 42.17 5.04 2 11 8 12.75 1 0 0 1 2 92 1 1
1 28 2 2 4 8 4.165 1 1 2 1 2 181 1 1
0 28.17 0.37 2 11 4 0.585 1 1 4 0 2 80 1 1
1 22 7.83 1 3 5 0.165 0 0 0 1 2 184 1 0
1 37.33 2.66 2 13 4 0.165 0 0 0 1 2 0 502 0
1 31.57 5 1 6 4 8.5 1 0 0 0 2 0 1 0
1 25 12 2 4 4 2.25 1 1 2 1 2 120 6 0
1 74.83 19 1 1 1 0.04 0 1 2 0 2 0 352 0
1 28.25 0.87 2 7 4 0.96 1 1 3 1 2 396 1 1
1 19.42 7.25 2 7 4 0.04 0 1 1 0 2 100 2 0
1 32.33 2.5 2 8 4 1.25 0 0 0 1 2 280 1 0
1 30.33 0.5 2 2 8 0.085 0 0 0 1 1 252 1 0
0 26.92 13.5 2 11 8 5 1 1 2 0 2 0 5001 1
1 35 3.37 2 8 8 8.29 0 0 0 1 2 0 1 0
1 19.42 1.5 1 13 4 2 1 0 0 1 2 100 21 0
0 15.83 7.62 2 11 4 0.125 0 1 1 1 2 0 161 0
1 16.25 0 1 6 4 0.25 0 0 0 0 2 60 1 0
1 32.08 4 2 7 4 2.5 1 0 0 1 2 360 1 1
0 21.75 1.75 1 5 3 0 0 0 0 0 2 160 1 0
1 19.32 10.91 2 8 5 0.585 0 1 2 1 2 200 8 0
1 25.17 3 2 8 4 1.25 0 1 1 0 2 0 23 0
1 27.42 12.5 2 6 5 0.25 0 0 0 1 2 720 1 0
0 28.08 15 1 10 9 0 1 0 0 0 2 0 13213 1
1 32.42 3 2 2 4 0.165 0 0 0 1 2 120 1 0
1 23.33 1.5 2 8 8 1.415 1 0 0 0 2 422 201 1
1 19.5 9.58 2 6 4 0.79 0 0 0 0 2 80 351 0
1 21.83 11 2 14 4 0.29 1 1 6 0 2 121 1 1
1 42.83 1.25 2 7 4 13.875 0 1 1 1 2 352 113 0
1 40.25 21.5 2 10 9 20 1 1 11 0 2 0 1201 1
1 57.83 7.04 2 7 4 14 1 1 6 1 2 360 1333 1
1 21.17 0.87 1 8 8 0.25 0 0 0 0 2 280 205 0
0 37.33 2.5 2 3 8 0.21 0 0 0 0 2 260 247 0
1 19.42 1.5 1 13 4 2 1 0 0 1 2 100 21 0
1 29.58 4.5 2 9 4 7.5 1 1 2 1 2 330 1 1
0 32 6 2 2 4 1.25 0 0 0 0 2 272 1 0
1 21.25 1.5 2 9 4 1.5 0 0 0 0 2 150 9 1
1 34.92 5 2 14 8 7.5 1 1 6 1 2 0 1001 1
0 51.92 6.5 2 3 5 3.085 0 0 0 1 2 73 1 0
1 16.32 2.75 2 6 4 0.665 0 1 1 0 2 80 22 0
1 15.17 7 2 10 4 1 0 0 0 0 2 600 1 0
1 40.25 21.5 2 10 9 20 1 1 11 0 2 0 1201 1
0 20.75 9.53 2 3 4 0.04 0 0 0 0 2 200 1001 0
1 36.33 2.12 1 9 4 0.085 1 1 1 0 2 50 1188 1
1 34.25 3 2 13 8 7.415 1 0 0 1 2 0 1 1
1 23.17 0 2 13 4 0.085 1 0 0 0 2 0 1 1
1 19.17 4 1 3 4 1 0 0 0 1 2 360 1001 0
0 28.67 1.04 2 8 4 2.5 1 1 5 1 2 300 1431 1
0 27.25 0.28 2 7 8 0.125 0 1 1 1 2 272 109 0
1 37.17 4 2 8 5 5 1 0 0 1 1 280 1 0
1 24.08 9 2 6 4 0.25 0 0 0 1 2 0 1 0
0 29.5 1.08 1 14 4 1 0 0 0 0 2 280 14 0
1 23.17 0 2 8 4 0 0 0 0 0 3 184 1 1
0 21.75 1.75 1 5 3 0 0 0 0 0 2 160 1 0
0 22.58 10.75 2 11 4 0.415 1 1 5 1 2 0 561 1
0 28.67 1.04 2 8 4 2.5 1 1 5 1 2 300 1431 1
0 22.42 5.66 2 11 4 2.585 1 1 7 0 2 129 3258 1
1 22.25 0.46 2 4 4 0.125 0 0 0 1 2 280 56 0
1 60.08 14.5 2 1 1 18 1 1 15 1 2 0 1001 1
1 55.92 11.5 2 1 1 5 1 1 5 0 2 0 8852 1
1 51.58 15 2 8 4 8.5 1 1 9 0 2 0 1 1
1 18.67 5 2 11 4 0.375 1 1 2 0 2 0 39 0
1 30.17 6.5 2 13 4 3.125 1 1 8 0 2 330 1201 1
0 30 5.29 2 10 2 2.25 1 1 5 1 2 99 501 1
1 17.67 4.46 2 8 4 0.25 0 0 0 0 1 80 1 0
0 15.83 0.58 2 8 8 1.5 1 1 2 0 2 100 1 1
1 26.17 0.83 2 13 4 1.165 0 0 0 0 2 100 1 0
1 29.5 0.57 2 9 4 0.29 0 1 1 0 2 340 2804 0
0 20.67 3 2 11 4 0.165 1 1 3 0 2 100 7 1
1 29.42 1.25 2 8 8 0.25 0 1 2 1 2 400 109 0
1 38.42 0.7 2 8 4 0.375 0 1 2 0 2 225 501 0

