1 33.17 1.04 2 12 8 6.5 1 0 0 1 2 164 31286 1
0 23.42 0.79 1 11 4 1.5 1 1 2 1 2 80 401 1
1 30.58 2.71 1 7 4 0.125 0 0 0 1 1 80 1 0
0 24.5 1.75 1 8 4 0.165 0 0 0 0 2 132 1 0
1 30.58 2.71 1 7 4 0.125 0 0 0 1 1 80 1 0
1 65.42 11 2 10 9 20 1 1 7 1 2 22 1 1
1 24.17 0.87 2 11 4 4.625 1 1 2 1 2 520 2001 1
1 25.67 3.25 2 8 8 2.29 0 1 1 1 2 416 22 0
0 27.67 2.04 2 9 4 0.25 0 0 0 1 2 180 51 0
0 17.92 0.54 2 8 4 1.75 0 1 1 1 2 80 6 0
1 42.83 4.62 2 11 4 4.58 1 0 0 0 1 0 1 1
1 32.25 0.16 1 8 8 3.25 1 1 1 1 2 432 8001 1
1 22 7.83 1 3 5 0.165 0 0 0 1 2 184 1 0
1 22.67 2.54 1 8 8 2.585 1 0 0 0 2 0 1 1
1 33.17 1.04 2 12 8 6.5 1 0 0 1 2 164 31286 1
0 40.33 7.54 1 11 8 8 1 1 14 0 2 0 2301 1
0 33.92 1.58 1 1 1 0 1 0 0 0 2 320 1 0
1 25.83 12.83 2 13 4 0.5 0 0 0 0 2 0 3 0
0 44.33 0 2 8 4 2.5 1 0 0 0 2 0 1 1
1 51.58 15 2 8 4 8.5 1 1 9 0 2 0 1 1
0 25 11 1 6 4 4.5 1 0 0 0 2 120 1 0
1 36.75 0.12 1 8 4 1.5 0 0 0 1 2 232 114 1
1 25.33 0.57 2 8 4 0.29 1 1 7 1 2 96 5125 1
0 18.75 7.5 2 11 4 2.71 1 1 5 0 2 184 26727 1
1 25 12 2 4 4 2.25 1 1 2 1 2 120 6 0
0 33.08 4.62 2 11 8 1.625 1 1 2 0 2 0 1 1
1 18.82 0 2 11 4 0.665 0 0 0 0 2 160 2 0
1 47.67 0.28 2 8 5 15 1 1 20 0 2 0 15001 1
1 29.67 1.41 2 9 8 0.75 1 1 1 0 2 240 101 1
0 30.25 5.5 2 4 4 5.5 0 0 0 1 1 100 1 0
0 36.75 5.12 2 10 4 5 1 0 0 1 2 0 4001 1
0 36.58 0.28 2 1 1 0 0 1 10 0 2 200 19 0
1 16 3.12 2 9 4 0.085 0 1 1 0 2 0 7 0
1 41.17 4.04 2 13 8 7 1 1 8 0 2 320 1 1
1 20.67 5.29 2 11 4 0.375 1 1 1 0 2 160 1 0
1 42 9.78 2 14 8 7.96 1 1 8 0 2 0 1 1
1 23.58 1.79 2 8 4 0.54 0 0 0 1 2 136 2 0
0 22.5 0.41 2 3 4 0.335 0 0 0 1 1 144 1 0
0 28.58 3.54 2 3 5 0.5 1 0 0 1 2 171 1 0
0 33.08 1.62 2 2 4 0.54 0 0 0 1 2 0 1 0
1 20 1.25 1 4 4 0.125 0 0 0 0 2 140 5 0
0 19.5 0.16 2 11 4 0.04 0 0 0 1 2 380 1 0
0 24.75 12.5 2 6 4 1.5 1 1 12 1 2 120 568 1
1 34.42 4.25 2 3 5 3.25 1 1 2 0 2 274 611 1
0 28.5 3.04 1 14 8 2.54 1 1 1 0 2 70 1 1
1 21.92 0.54 1 14 4 0.04 1 1 1 1 2 840 60 1
0 21.67 11.5 1 5 3 0 1 1 11 1 2 0 1 1
1 36.33 3.79 2 9 4 1.165 1 0 0 1 2 200 1 0
0 57.58 2 2 1 1 6.5 0 1 1 0 2 0 11 0
0 30.25 5.5 2 4 4 5.5 0 0 0 1 1 100 1 0
0 25.42 1.12 2 11 4 1.29 1 1 2 0 2 200 1 0
1 23.25 4 2 8 5 0.25 1 0 0 1 2 160 1 1
1 21.33 10.5 2 8 4 3 1 0 0 1 2 0 1 1
1 20.42 0 2 8 4 0 0 0 0 0 3 184 1 0
1 30.17 1.08 1 8 4 0.04 0 0 0 0 2 170 180 0
1 25.08 1.71 2 14 4 1.665 1 1 1 1 2 395 21 1
1 18.5 2 2 3 4 1.5 1 1 2 0 2 120 301 1
1 37.5 1.12 1 2 4 1.5 0 0 0 1 2 431 1 1
1 37.75 7 2 11 8 11.5 1 1 7 1 2 300 6 0
1 17.67 4.46 2 8 4 0.25 0 0 0 0 1 80 1 0
1 35.25 16.5 1 8 4 4 1 0 0 0 2 80 1 0
0 52.5 7 2 6 8 3 0 0 0 0 2 0 1 0
0 28.67 1.04 2 8 4 2.5 1 1 5 1 2 300 1431 1
0 24.75 12.5 2 6 4 1.5 1 1 12 1 2 120 568 1
1 18.07 6.75 1 7 4 0.04 0 0 0 0 2 140 1 0
0 52.5 7 2 6 8 3 0 0 0 0 2 0 1 0
0 28.5 1 2 11 4 1 1 1 2 1 2 167 501 0
1 45 8.5 2 13 8 14 1 1 1 1 2 88 2001 1
0 23.75 0.71 2 9 4 0.25 0 1 1 1 2 240 5 0
1 34.83 4 2 2 5 12.5 1 0 0 1 2 184 1 0
1 18.82 0.41 1 8 4 0.165 0 1 1 0 2 200 2 0
1 48.33 12 2 7 4 16 1 0 0 0 1 110 1 1
0 27.67 2.04 2 9 4 0.25 0 0 0 1 2 180 51 0
1 20.5 2.41 2 8 4 2 1 1 11 1 2 200 3001 1
1 29.25 14.79 2 6 4 5.04 1 1 5 1 2 168 1 1
1 31.57 0.5 2 8 5 0.835 1 0 0 1 1 320 1 0
1 33.75 2.75 2 3 5 0 0 0 0 0 2 180 1 0
0 15.83 0.58 2 8 8 1.5 1 1 2 0 2 100 1 1
1 57.83 7.04 2 7 4 14 1 1 6 1 2 360 1333 1
0 58.42 21 2 3 5 10 1 1 13 0 2 0 6701 1
0 24.75 12.5 2 6 4 1.5 1 1 12 1 2 120 568 1
1 22 7.83 1 3 5 0.165 0 0 0 1 2 184 1 0
1 42.75 3 2 3 5 1 1 0 0 0 2 0 201 0
1 28.25 5.04 1 8 5 1.5 1 1 8 1 2 144 8 1
1 47.67 0.28 2 8 5 15 1 1 20 0 2 0 15001 1
1 37.58 0 2 8 4 0 0 0 0 0 3 184 1 1
1 34.5 4.04 1 3 5 8.5 1 1 7 1 2 195 1 1
1 29.25 14.79 2 6 4 5.04 1 1 5 1 2 168 1 1
0 33.17 2.25 1 13 4 3.5 0 0 0 1 2 200 142 0
1 32.08 4 2 7 4 2.5 1 0 0 1 2 360 1 1
0 25.17 2.87 2 14 8 0.875 1 0 0 0 2 360 1 1
1 36.67 4.41 1 4 4 0.25 1 1 10 1 2 320 1 1
1 52.5 6.5 2 4 4 6.29 1 1 15 0 2 0 11203 1
1 40.58 5 2 8 4 5 1 1 7 0 2 0 3066 1
1 29.42 1.25 2 8 8 0.25 0 1 2 1 2 400 109 0
0 28.17 0.37 2 11 4 0.585 1 1 4 0 2 80 1 1
1 22 0.79 2 9 4 0.29 0 1 1 0 2 420 284 0
1 28 3 2 9 4 0.75 0 0 0 1 2 300 68 0
1 29.67 1.41 2 9 8 0.75 1 1 1 0 2 240 101 1
1 25.67 2.21 1 6 4 4 1 0 0 0 2 188 1 0
1 36.5 4.25 2 11 4 3.5 0 0 0 0 2 454 51 0
1 27.58 2.04 1 6 4 2 1 1 3 1 2 370 561 1
1 23.5 3.16 1 4 4 0.415 0 1 1 1 2 280 81 0
1 22 0.79 2 9 4 0.29 0 1 1 0 2 420 284 0
1 58.58 2.71 2 8 4 2.415 0 0 0 1 2 320 1 0
0 24.75 3 2 11 8 1.835 1 1 19 0 2 0 501 1
0 28.67 1.04 2 8 4 2.5 1 1 5 1 2 300 1431 1
1 31.83 0.04 1 7 4 0.04 0 0 0 0 2 0 1 0
1 20.67 1.25 1 8 8 1.375 1 1 3 1 2 140 211 0
0 47 13 2 3 5 5.165 1 1 9 1 2 0 1 1
1 36.67 4.41 1 4 4 0.25 1 1 10 1 2 320 1 1
1 40.25 21.5 2 10 9 20 1 1 11 0 2 0 1201 1
1 25.58 0.33 2 4 8 3.5 0 0 0 1 2 340 1 0
1 25.33 0.57 2 8 4 0.29 1 1 7 1 2 96 5125 1
0 29.5 2 1 10 8 2 0 0 0 0 2 256 18 0
0 22.67 0.33 2 11 4 0.75 0 0 0 0 1 160 1 0
1 52.33 1.37 1 8 8 9.46 1 0 0 1 2 200 101 0
1 17.07 3.29 2 3 4 0.335 0 0 0 1 2 140 3 0
0 34.83 1.25 1 3 8 0.5 0 0 0 1 2 160 1 0
1 31.08 1.5 1 9 4 0.04 0 0 0 0 1 160 1 0
1 22.08 11 2 13 4 0.665 1 0 0 0 2 100 1 1
1 24.08 9 2 6 4 0.25 0 0 0 1 2 0 1 0
0 22.67 0.75 2 8 4 2 0 1 2 1 2 200 395 0
0 23.75 0.71 2 9 4 0.25 0 1 1 1 2 240 5 0
0 22.83 2.29 2 11 8 2.29 1 1 7 1 2 140 2385 1
0 18.82 4.41 1 8 8 3 1 0 0 0 2 240 1 1
1 39.17 1.71 2 14 4 0.125 1 1 5 1 2 480 1 1
0 47.75 8 2 8 4 7.875 1 1 6 1 2 0 1261 1
0 33.75 0.75 2 4 5 1 1 1 3 1 2 212 1 0
1 24.58 12.5 2 9 4 0.875 1 0 0 1 2 260 1 0
1 34.75 15 2 12 7 5.375 1 1 9 1 2 0 135 1
0 22.25 1.25 1 1 1 3.25 0 0 0 0 2 280 1 0
1 42 9.78 2 14 8 7.96 1 1 8 0 2 0 1 1
1 24.58 12.5 2 9 4 0.875 1 0 0 1 2 260 1 0
0 19.67 0.21 2 11 8 0.29 1 1 11 0 2 80 100 1
1 35.75 2.41 2 9 4 0.125 0 1 2 0 2 220 2 0
0 37.33 2.5 2 3 8 0.21 0 0 0 0 2 260 247 0
1 28.75 1.5 1 8 4 1.5 1 0 0 1 2 0 226 0
1 28.58 3.62 2 6 4 0.25 0 0 0 1 2 100 1 0
1 22.17 12.12 2 8 4 3.335 0 1 2 1 2 180 174 0
0 18.82 4.41 1 8 8 3 1 0 0 0 2 240 1 1
1 34.17 9.17 2 8 4 4.5 1 1 12 1 2 0 222 1
1 31.57 5 1 6 4 8.5 1 0 0 0 2 0 1 0
1 21.25 1.5 2 9 4 1.5 0 0 0 0 2 150 9 1
1 32.25 14 1 1 1 0 0 1 2 0 2 160 2 0
1 22.17 0.58 1 1 1 0 0 0 0 0 2 100 1 0
1 31.57 4 1 3 4 0.085 0 0 0 1 2 411 1 0
1 55.92 11.5 2 1 1 5 1 1 5 0 2 0 8852 1
1 26.75 1.12 2 14 8 1.25 1 0 0 0 2 0 5299 1
1 23.17 0 2 13 4 0.085 1 0 0 0 2 0 1 1
1 22.92 3.16 1 8 4 0.165 0 0 0 0 2 160 1059 0
1 20 11.04 2 8 4 2 0 0 0 1 2 136 1 0
1 32.83 2.5 2 13 8 2.75 1 1 6 0 2 160 2073 1
0 33.92 1.58 1 1 1 0 1 0 0 0 2 320 1 0
1 48.33 12 2 7 4 16 1 0 0 0 1 110 1 1
1 39.83 0.5 2 7 4 0.25 1 0 0 0 1 288 1 0
1 21.92 0.5 2 8 4 0.125 0 0 0 0 2 360 1 0
1 28 2 2 4 8 4.165 1 1 2 1 2 181 1 1
1 26.83 0.54 2 4 1 0 0 0 0 0 2 100 1 0
1 32.92 2.5 2 6 4 1.75 0 1 2 1 2 720 1 0
1 43.25 3 2 11 8 6 1 1 11 0 2 80 1 1
1 32.67 5.5 2 11 8 5.5 1 1 12 1 2 408 1001 1
0 31.57 3.5 2 2 4 3 1 0 0 1 2 300 1 0
1 32 1.75 1 10 8 0.04 1 0 0 1 2 393 1 1
1 32.33 2.5 2 8 4 1.25 0 0 0 1 2 280 1 0
1 37.75 7 2 11 8 11.5 1 1 7 1 2 300 6 0
0 17.57 9 2 6 4 1.375 1 0 0 1 2 0 1 1
0 17.92 0.54 2 8 4 1.75 0 1 1 1 2 80 6 0
1 18.17 2.46 2 8 7 0.96 0 1 2 1 2 160 588 0
1 26.33 13 2 10 2 0 0 0 0 1 2 140 1111 0
0 22.67 0.79 2 3 4 0.085 0 0 0 0 2 144 1 0
1 31.67 16.16 2 2 4 3 1 1 9 0 2 250 731 1
1 27.25 1.66 2 13 8 5.085 1 1 9 0 2 399 828 1
1 23.92 0.66 2 8 4 0.165 0 0 0 0 2 100 1 1
1 19.17 4 1 3 4 1 0 0 0 1 2 360 1001 0
1 34 5.08 1 3 5 1.085 0 0 0 1 2 480 1 0
0 47.42 3 2 14 4 13.875 1 1 2 1 2 519 1705 1
1 23.25 12.62 2 8 4 0.125 0 1 2 0 2 0 5553 0
1 23.25 1 2 8 4 0.835 1 0 0 0 1 300 1 1
0 27.25 0.28 2 7 8 0.125 0 1 1 1 2 272 109 0
1 40.58 5 2 8 4 5 1 1 7 0 2 0 3066 1
1 20.5 10 1 8 4 2.5 1 0 0 0 1 40 1 1
1 18.07 5.5 2 4 4 0.5 1 0 0 0 2 80 1 1
0 65.17 14 2 1 1 0 1 1 11 1 2 0 1401 1
1 47.67 2.5 2 7 5 2.5 1 1 12 1 2 410 2511 1
1 18.07 5.5 2 4 4 0.5 1 0 0 0 2 80 1 1
1 30.17 6.5 2 13 4 3.125 1 1 8 0 2 330 1201 1
0 26.17 2 2 5 3 0 0 0 0 1 2 276 2 0
1 39.17 1.62 2 8 4 1.5 1 1 10 0 2 186 4701 1
0 40.33 7.54 1 11 8 8 1 1 14 0 2 0 2301 1
1 26.17 0.83 2 13 4 1.165 0 0 0 0 2 100 1 0
1 34.83 4 2 2 5 12.5 1 0 0 1 2 184 1 0
1 30.58 2.71 1 7 4 0.125 0 0 0 1 1 80 1 0
1 39.17 2.5 1 3 8 10 0 0 0 1 1 200 1 0
1 21.25 1.5 2 9 4 1.5 0 0 0 0 2 150 9 1
0 25.33 2.08 2 8 8 2.75 1 0 0 1 2 360 2 0
1 32.08 4 1 13 4 1.5 0 0 0 1 2 120 1 0
1 20 0 2 2 4 0.5 0 0 0 0 2 144 1 0
1 29.5 0.57 2 9 4 0.29 0 1 1 0 2 340 2804 0
1 20.42 0 2 8 4 0 0 0 0 0 3 184 1 0
1 19.42 7.25 2 7 4 0.04 0 1 1 0 2 100 2 0
1 26.67 2.71 1 13 4 5.25 1 1 1 0 2 211 1 1
0 26.08 8.66 2 6 4 1.415 1 0 0 0 2 160 151 1
0 17.32 9.5 2 6 4 1.75 0 1 10 1 2 0 11 0
1 43.08 0.37 1 8 4 0.375 1 1 8 1 2 300 163 1
1 23.08 2.5 2 1 1 0.085 0 0 0 1 2 100 4209 0
1 18.82 0.41 1 8 4 0.165 0 1 1 0 2 200 2 0
0 23 1.83 2 5 3 0 0 1 1 0 2 200 54 0
0 55.75 7.08 2 4 8 6.75 1 1 3 1 2 100 51 0
1 16.92 0.33 1 4 4 0.29 0 0 0 0 1 200 1 0
1 22.75 11.5 2 3 4 0.415 0 0 0 0 2 0 1 0
1 43 0.28 1 13 8 1.75 1 1 8 0 2 100 376 1
1 31.57 4 1 3 4 0.085 0 0 0 1 2 411 1 0
0 33.08 1.62 2 2 4 0.54 0 0 0 1 2 0 1 0
1 52.5 6.5 2 4 4 6.29 1 1 15 0 2 0 11203 1
1 17.07 0.08 1 8 4 0.04 0 0 0 0 2 140 723 0
0 20.5 11.83 2 8 8 6 1 0 0 0 2 340 1 1
0 32 6 2 2 4 1.25 0 0 0 0 2 272 1 0
1 26.17 12.5 1 4 8 1.25 0 0 0 1 2 0 18 0
0 38.75 1.5 2 1 1 0 0 0 0 0 2 76 1 0
0 15.83 0.58 2 8 8 1.5 1 1 2 0 2 100 1 1
0 26.5 2.71 1 8 4 0.085 0 0 0 0 1 80 1 0
1 26.92 2.25 2 3 5 0.5 0 0 0 1 2 640 4001 0
0 68.67 15 2 10 9 0 1 1 14 0 2 0 3377 1
0 68.67 15 2 10 9 0 1 1 14 0 2 0 3377 1
0 33.92 1.58 1 1 1 0 1 0 0 0 2 320 1 0
1 34.83 4 2 2 5 12.5 1 0 0 1 2 184 1 0
1 16.32 4.08 2 3 8 0.415 0 0 0 1 2 120 1 0
1 34.67 1.08 2 7 4 1.165 0 0 0 0 1 28 1 0
0 25.17 2.87 2 14 8 0.875 1 0 0 0 2 360 1 1
0 33.08 4.62 2 11 8 1.625 1 1 2 0 2 0 1 1
1 19.67 0.37 2 11 4 2 1 1 2 1 2 80 1 1
0 33.75 0.75 2 4 5 1 1 1 3 1 2 212 1 0
1 29.67 0.75 1 8 4 0.04 0 0 0 0 2 240 1 0
1 22.17 2.25 2 3 4 0.125 0 0 0 0 2 160 11 0
1 31.83 0.04 1 7 4 0.04 0 0 0 0 2 0 1 0
0 24.75 12.5 2 6 4 1.5 1 1 12 1 2 120 568 1
0 19.17 5.41 2 3 8 0.29 0 0 0 0 2 80 485 0
0 19.17 5.41 2 3 8 0.29 0 0 0 0 2 80 485 0
0 56.83 4.25 1 1 1 5 0 0 0 1 2 0 5 0
1 57.42 8.5 2 10 8 7 1 1 3 0 2 0 1 1
1 28.67 9.33 2 11 8 5.665 1 1 6 0 2 381 169 1
0 18.92 9.25 1 8 4 1 1 1 4 1 2 80 501 1
1 27.83 1 1 2 8 3 0 0 0 0 2 176 538 0
0 25.75 0.5 2 8 8 0.875 1 0 0 1 2 491 1 1
1 29.67 0.75 1 8 4 0.04 0 0 0 0 2 240 1 0
1 18.82 0.41 1 8 4 0.165 0 1 1 0 2 200 2 0
1 28.67 14.5 2 2 4 0.125 0 0 0 0 2 0 287 0
0 17.32 9.5 2 6 4 1.75 0 1 10 1 2 0 11 0
1 25.33 0.57 2 8 4 0.29 1 1 7 1 2 96 5125 1
1 30.75 1.58 2 2 4 0.585 0 0 0 1 1 0 1 0
0 16.5 1.25 2 11 4 0.25 0 1 1 0 2 108 99 0
1 21.67 1.16 1 4 4 2.5 1 1 1 0 2 180 21 0
1 31.08 1.5 1 9 4 0.04 0 0 0 0 1 160 1 0
1 16.17 0.04 2 8 4 0.04 0 0 0 0 2 0 1 1
1 26.83 0.54 2 4 1 0 0 0 0 0 2 100 1 0
1 21.67 1.16 1 4 4 2.5 1 1 1 0 2 180 21 0
0 24.5 2.41 1 8 4 0 0 0 0 0 2 120 1 0
0 20.42 0.83 2 11 4 1.585 1 1 1 0 2 0 1 1
1 56.42 28 1 8 4 28.5 1 1 40 0 2 0 16 1
1 20.5 10 1 8 4 2.5 1 0 0 0 1 40 1 1
1 25.67 12.5 2 13 4 1.21 1 1 67 1 2 140 259 1
1 51.83 3 1 1 1 1.5 0 0 0 0 2 180 5 0
1 48.75 26.33 1 1 1 0 1 0 0 1 2 0 1 0
0 22.92 11.58 2 13 4 0.04 1 0 0 0 2 80 1350 1
1 31.42 15.5 2 8 4 0.5 1 0 0 0 2 120 1 0
0 41.58 1.04 2 6 4 0.665 0 0 0 0 2 240 238 0
1 56 12.5 2 4 8 8 1 0 0 1 2 24 2029 1
1 23.25 4 2 8 5 0.25 1 0 0 1 2 160 1 1
1 31.92 4.46 2 13 8 6.04 1 1 3 0 2 311 301 1
1 22 7.83 1 3 5 0.165 0 0 0 1 2 184 1 0
1 20.42 1.08 2 11 4 1.5 0 0 0 0 2 108 8 0
0 24.92 1.25 2 1 1 0 1 0 0 0 2 80 1 0
0 24.5 1.04 1 1 1 0.5 1 1 3 0 2 180 148 0
1 22.92 0.17 2 7 4 0.085 0 0 0 0 1 0 1 0
1 17.07 0.08 1 8 4 0.04 0 0 0 0 2 140 723 0

