1 19 0 1 1 1 0 0 1 4 0 2 45 2 0
1 29.5 0.57 2 9 4 0.29 0 1 1 0 2 340 2804 0
1 34 5.08 1 3 5 1.085 0 0 0 1 2 480 1 0
0 18.42 9.25 2 11 4 1.21 1 1 4 0 2 60 541 1
1 28.33 5 2 9 4 11 1 0 0 1 2 70 1 1
1 31.57 0.5 2 8 5 0.835 1 0 0 1 1 320 1 0
0 71.58 0 2 8 4 0 0 0 0 0 3 184 1 1
1 31.83 2.5 2 6 4 7.5 1 0 0 1 2 523 1 0
1 29.83 2.04 1 14 8 0.04 0 0 0 0 2 128 2 0
0 16.5 1.25 2 11 4 0.25 0 1 1 0 2 108 99 0
1 31 2.08 2 8 4 0.085 0 0 0 0 2 300 1 0
1 22.67 0.16 2 8 3 2.25 0 0 0 1 1 0 1 1
0 22.67 3.8 2 8 4 0.165 0 0 0 0 2 160 1 0
1 22 7.83 1 3 5 0.165 0 0 0 1 2 184 1 0
0 20.67 3 2 11 4 0.165 1 1 3 0 2 100 7 1
1 47.33 6.5 2 8 4 1 0 0 0 1 2 0 229 0
1 25 12 2 4 4 2.25 1 1 2 1 2 120 6 0
0 23.42 0.79 1 11 4 1.5 1 1 2 1 2 80 401 1
0 52.83 15 2 8 4 5.5 1 1 14 0 2 0 2201 1
1 34.42 1.33 2 3 5 0.125 0 0 0 1 2 440 4501 0
1 21.25 1.5 2 9 4 1.5 0 0 0 0 2 150 9 1
0 71.58 0 2 8 4 0 0 0 0 0 3 184 1 1
1 21.92 0.54 1 14 4 0.04 1 1 1 1 2 840 60 1
0 33.25 3 1 6 4 2 0 0 0 0 2 180 1 0
0 25.17 2.87 2 14 8 0.875 1 0 0 0 2 360 1 1
0 28.17 0.37 2 11 4 0.585 1 1 4 0 2 80 1 1
1 23.08 11.5 2 3 4 3.5 1 1 9 0 2 56 743 1
1 25.42 0.54 2 9 4 0.165 0 1 1 0 2 272 445 0
1 51.83 3 1 1 1 1.5 0 0 0 0 2 180 5 0
0 20.67 3 2 11 4 0.165 1 1 3 0 2 100 7 1
1 18.82 0.41 1 8 4 0.165 0 1 1 0 2 200 2 0
1 34 5.08 1 3 5 1.085 0 0 0 1 2 480 1 0
1 17.67 4.46 2 8 4 0.25 0 0 0 0 1 80 1 0
0 25 11 1 6 4 4.5 1 0 0 0 2 120 1 0
1 20.42 0 2 8 4 0 0 0 0 0 3 184 1 0
1 34.42 1.33 2 3 5 0.125 0 0 0 1 2 440 4501 0
1 23.92 1.5 2 2 8 1.875 1 1 6 0 2 200 328 1
0 18.75 7.5 2 11 4 2.71 1 1 5 0 2 184 26727 1
0 45.33 1 2 11 4 0.125 0 0 0 1 2 263 1 0
1 34.42 1.33 2 3 5 0.125 0 0 0 1 2 440 4501 0
1 34.17 9.17 2 8 4 4.5 1 1 12 1 2 0 222 1
1 44.25 11 1 2 4 1.5 1 0 0 0 1 0 1 0
1 27.25 0.62 2 6 4 0.455 1 0 0 1 2 200 1 0
1 18.5 2 2 3 4 1.5 1 1 2 0 2 120 301 1
1 34 5.08 1 3 5 1.085 0 0 0 1 2 480 1 0
0 23 11.75 2 14 8 0.5 1 1 2 1 2 300 552 1
1 21.25 1.5 2 9 4 1.5 0 0 0 0 2 150 9 1
1 26.67 1.75 1 8 4 1 1 1 5 1 2 160 5778 1
0 24.75 12.5 2 6 4 1.5 1 1 12 1 2 120 568 1
1 26.17 0.25 2 3 5 0 1 0 0 1 2 0 1 1
1 54.33 6.75 2 8 8 2.625 1 1 11 1 2 0 285 1
0 22.67 0.79 2 3 4 0.085 0 0 0 0 2 144 1 0
1 40.92 0.83 2 1 1 0 1 0 0 0 2 130 2 0
1 41 0.04 2 10 4 0.04 0 1 1 0 1 560 1 1
1 30.33 0.5 2 2 8 0.085 0 0 0 1 1 252 1 0
1 18.17 2.46 2 8 7 0.96 0 1 2 1 2 160 588 0
1 41 0.04 2 10 4 0.04 0 1 1 0 1 560 1 1
1 28.67 14.5 2 2 4 0.125 0 0 0 0 2 0 287 0
1 40.58 1.5 2 3 5 0 0 0 0 0 1 300 1 0
1 24.58 13.5 1 1 1 0 0 0 0 0 2 184 1 0
1 17.42 6.5 2 3 4 0.125 0 0 0 0 2 60 101 0
1 44 2 2 7 4 1.75 1 1 2 1 2 0 16 1
0 16 0.16 2 6 4 1 0 1 2 1 2 320 2 0
1 48.58 6.5 2 11 8 6 1 0 0 1 2 350 1 1
1 28 2 2 4 8 4.165 1 1 2 1 2 181 1 1
1 25.33 0.57 2 8 4 0.29 1 1 7 1 2 96 5125 1
1 30.17 1.08 1 8 4 0.04 0 0 0 0 2 170 180 0
1 26.92 2.25 2 3 5 0.5 0 0 0 1 2 640 4001 0
0 24.5 2.41 1 8 4 0 0 0 0 0 2 120 1 0
1 54.83 15.5 2 10 9 0 1 1 20 0 2 152 131 0
1 43.25 25.21 2 11 8 0.21 1 1 1 0 2 760 91 0
1 41.42 5 2 11 8 5 1 1 6 1 2 470 1 1
0 56.83 4.25 1 1 1 5 0 0 0 1 2 0 5 0
0 20.32 10 2 8 8 1 1 1 4 0 2 50 1466 1
0 22.58 10.75 2 11 4 0.415 1 1 5 1 2 0 561 1
0 25 12.33 2 13 8 3.5 1 1 6 0 2 400 459 1
0 35.42 12 2 11 8 14 1 1 8 0 2 0 6591 1
1 31.58 0.75 1 6 4 3.5 0 0 0 1 2 320 1 0
0 17.92 0.54 2 8 4 1.75 0 1 1 1 2 80 6 0
1 27.25 1.58 2 13 8 1.835 1 1 12 1 2 583 714 1
0 36.75 5.12 2 10 4 5 1 0 0 1 2 0 4001 1
1 23.08 11.5 2 3 4 3.5 1 1 9 0 2 56 743 1
1 59.67 1.54 2 11 4 0.125 1 0 0 1 2 260 1 1
0 34.83 1.25 1 3 8 0.5 0 0 0 1 2 160 1 0
0 23.58 11.5 1 4 8 3 0 0 0 1 2 20 17 0
1 34.17 9.17 2 8 4 4.5 1 1 12 1 2 0 222 1
0 23 11.75 2 14 8 0.5 1 1 2 1 2 300 552 1
0 18.42 9.25 2 11 4 1.21 1 1 4 0 2 60 541 1
1 40 6.5 2 6 5 3.5 1 1 1 0 2 0 501 1
0 24.08 0.5 2 11 8 1.25 1 1 1 0 2 0 679 1
0 50.08 12.54 2 6 4 2.29 1 1 3 1 2 156 1 1
1 32.83 2.5 2 13 8 2.75 1 1 6 0 2 160 2073 1
0 28.42 3.5 2 9 4 0.835 1 0 0 0 1 280 1 1
0 20.32 10 2 8 8 1 1 1 4 0 2 50 1466 1
1 25.08 1.71 2 14 4 1.665 1 1 1 1 2 395 21 1
1 31.83 0.04 1 7 4 0.04 0 0 0 0 2 0 1 0
1 25.67 0.28 1 8 4 1.5 0 0 0 1 2 160 1 0
0 15.75 0.37 2 8 4 1 0 0 0 0 2 120 19 0
1 18.82 0.41 1 8 4 0.165 0 1 1 0 2 200 2 0
0 17.32 9.5 2 6 4 1.75 0 1 10 1 2 0 11 0
1 26.33 13 2 10 2 0 0 0 0 1 2 140 1111 0
1 22.25 0.46 2 4 4 0.125 0 0 0 1 2 280 56 0
0 20.42 0.83 2 11 4 1.585 1 1 1 0 2 0 1 1
1 31.58 0.75 1 6 4 3.5 0 0 0 1 2 320 1 0
0 21.08 5 1 1 1 0 0 0 0 0 2 0 1 0
1 20.67 1.25 1 8 8 1.375 1 1 3 1 2 140 211 0
0 56.83 4.25 1 1 1 5 0 0 0 1 2 0 5 0
1 48.75 8.5 2 8 8 12.5 1 1 9 0 2 181 1656 1
1 31.57 5 1 6 4 8.5 1 0 0 0 2 0 1 0
1 51.42 0.04 2 14 8 0.04 1 0 0 0 2 0 3001 1
1 43 0.28 1 13 8 1.75 1 1 8 0 2 100 376 1
1 23.17 0 2 8 4 0 0 0 0 0 3 184 1 1
1 23.08 2.5 2 1 1 0.085 0 0 0 1 2 100 4209 0
1 26.67 2.71 1 13 4 5.25 1 1 1 0 2 211 1 1
1 26.75 4.5 1 8 5 2.5 0 0 0 0 2 200 1211 0
1 31.57 0.37 2 2 4 0.875 1 0 0 1 1 928 1 0
1 29.67 0.75 1 8 4 0.04 0 0 0 0 2 240 1 0
0 19.17 5.41 2 3 8 0.29 0 0 0 0 2 80 485 0
1 36.25 5 2 8 5 2.5 1 1 6 0 2 0 368 1
0 35.42 12 2 11 8 14 1 1 8 0 2 0 6591 1
0 30.58 10.66 2 11 8 0.085 0 1 12 1 2 129 4 0
1 54.33 6.75 2 8 8 2.625 1 1 11 1 2 0 285 1
1 38.25 10.12 1 4 4 0.125 0 0 0 0 2 160 1 0
1 20.17 9.25 2 8 4 1.665 1 1 3 1 2 40 29 1
1 31.57 0.04 1 2 4 4.25 0 0 0 1 2 460 1 0
0 38.25 6 2 4 4 1 1 0 0 1 2 0 1 1
1 43.17 5 2 3 5 2.25 0 0 0 1 2 141 1 0
1 23.58 1.79 2 8 4 0.54 0 0 0 1 2 136 2 0
0 18.25 10 2 9 4 1 0 1 1 0 2 120 2 0
1 26.17 0.25 2 3 5 0 1 0 0 1 2 0 1 1
0 42.25 1.75 1 8 4 0 0 0 0 1 2 150 2 0
1 52.5 6.5 2 4 4 6.29 1 1 15 0 2 0 11203 1
0 18.25 10 2 9 4 1 0 1 1 0 2 120 2 0
1 16.32 4.08 2 3 8 0.415 0 0 0 1 2 120 1 0
0 52.83 15 2 8 4 5.5 1 1 14 0 2 0 2201 1
1 48.75 8.5 2 8 8 12.5 1 1 9 0 2 181 1656 1
0 58.33 10 2 11 4 4 1 1 14 0 2 0 1603 1
1 21 3 1 2 4 1.085 1 1 8 1 2 160 2 1
0 20.07 0.12 2 11 4 1 0 1 1 0 2 240 769 1
1 24.33 6.62 1 2 4 5.5 1 0 0 1 1 100 1 1
1 16.17 0.04 2 8 4 0.04 0 0 0 0 2 0 1 1
0 27.17 1.25 2 1 1 0 0 1 1 0 2 92 301 0
1 39.17 2.5 1 3 8 10 0 0 0 1 1 200 1 0
0 33.08 4.62 2 11 8 1.625 1 1 2 0 2 0 1 1
1 47.67 0.28 2 8 5 15 1 1 20 0 2 0 15001 1
0 58.42 21 2 3 5 10 1 1 13 0 2 0 6701 1
1 24.5 13.33 1 6 4 0.04 0 0 0 1 2 120 476 0
1 24.58 1.25 2 8 4 0.25 0 0 0 0 2 110 1 0
0 19.17 5.41 2 3 8 0.29 0 0 0 0 2 80 485 0
1 25 12 2 4 4 2.25 1 1 2 1 2 120 6 0
0 55.75 7.08 2 4 8 6.75 1 1 3 1 2 100 51 0
0 55.75 7.08 2 4 8 6.75 1 1 3 1 2 100 51 0
1 18.17 2.46 2 8 7 0.96 0 1 2 1 2 160 588 0
0 36.75 4.71 2 1 1 0 0 0 0 0 2 160 1 0
1 33.67 1.25 2 9 4 1.165 0 0 0 0 2 120 1 0
1 28.75 1.5 1 8 4 1.5 1 0 0 1 2 0 226 0
1 24.58 13.5 1 1 1 0 0 0 0 0 2 184 1 0
1 25.67 2.21 1 6 4 4 1 0 0 0 2 188 1 0
1 23.17 0 2 13 4 0.085 1 0 0 0 2 0 1 1
0 23.25 5.87 2 11 4 3.17 1 1 10 0 2 120 246 1
1 28.25 0.87 2 7 4 0.96 1 1 3 1 2 396 1 1
0 24.5 1.04 1 1 1 0.5 1 1 3 0 2 180 148 0
1 37.33 2.66 2 13 4 0.165 0 0 0 1 2 0 502 0
1 31.25 1.12 2 1 1 0 0 1 1 0 2 96 20 0
1 30.58 2.71 1 7 4 0.125 0 0 0 1 1 80 1 0
1 39.33 5.87 2 13 8 10 1 1 14 1 2 399 1 1
0 21.5 6 2 6 4 2.5 1 1 3 0 2 80 919 1
0 20.42 0.83 2 11 4 1.585 1 1 1 0 2 0 1 1
0 21.67 11.5 1 5 3 0 1 1 11 1 2 0 1 1
1 22.67 2.54 1 8 8 2.585 1 0 0 0 2 0 1 1
0 20.67 1.83 2 11 4 2.085 1 1 5 0 2 220 2504 1
1 23.25 4 2 8 5 0.25 1 0 0 1 2 160 1 1
0 19.17 5.41 2 3 8 0.29 0 0 0 0 2 80 485 0
1 26.75 4.5 1 8 5 2.5 0 0 0 0 2 200 1211 0
1 26.17 0.25 2 3 5 0 1 0 0 1 2 0 1 1
1 19.67 10 1 4 8 0.835 1 0 0 1 2 140 1 0
0 68.67 15 2 10 9 0 1 1 14 0 2 0 3377 1
1 20 7 2 8 4 0.5 0 0 0 0 2 0 1 0
0 36.75 5.12 2 10 4 5 1 0 0 1 2 0 4001 1
1 57.83 7.04 2 7 4 14 1 1 6 1 2 360 1333 1
1 34.92 5 2 14 8 7.5 1 1 6 1 2 0 1001 1
1 22.17 0.58 1 1 1 0 0 0 0 0 2 100 1 0
0 18.92 9.25 1 8 4 1 1 1 4 1 2 80 501 1
1 19.67 10 1 4 8 0.835 1 0 0 1 2 140 1 0
1 20 11.04 2 8 4 2 0 0 0 1 2 136 1 0
1 27.42 12.5 2 6 5 0.25 0 0 0 1 2 720 1 0
0 25.75 0.5 2 8 8 0.875 1 0 0 1 2 491 1 1
0 23.58 0.58 1 1 1 0.125 0 0 0 0 2 120 88 0
1 26.92 2.25 2 3 5 0.5 0 0 0 1 2 640 4001 0
1 18.82 3.54 1 1 1 0 0 0 0 1 2 180 2 0
0 25.17 2.87 2 14 8 0.875 1 0 0 0 2 360 1 1
0 40.33 7.54 1 11 8 8 1 1 14 0 2 0 2301 1
1 34.67 1.08 2 7 4 1.165 0 0 0 0 1 28 1 0
1 31.57 0.37 2 2 4 0.875 1 0 0 1 1 928 1 0
0 21.08 5 1 1 1 0 0 0 0 0 2 0 1 0
0 20.32 10 2 8 8 1 1 1 4 0 2 50 1466 1
1 25.08 1.71 2 14 4 1.665 1 1 1 1 2 395 21 1
1 16.32 2.75 2 6 4 0.665 0 1 1 0 2 80 22 0
1 39.92 0.54 1 6 4 0.5 1 1 3 0 2 200 1001 1
0 38.58 5 2 13 4 13.5 1 0 0 1 2 980 1 0
0 41.58 1.04 2 6 4 0.665 0 0 0 0 2 240 238 0
1 20.5 10 1 8 4 2.5 1 0 0 0 1 40 1 1
1 34.92 5 2 14 8 7.5 1 1 6 1 2 0 1001 1
1 37.33 2.66 2 13 4 0.165 0 0 0 1 2 0 502 0
0 25.25 13.5 1 1 1 2 0 1 1 1 2 200 2 0
1 41.42 5 2 11 8 5 1 1 6 1 2 470 1 1
1 35.17 2.5 2 4 4 4.5 1 1 7 0 2 150 1271 1
1 51.83 2.04 1 1 1 1.5 0 0 0 0 2 120 2 0
0 24.5 2.41 1 8 4 0 0 0 0 0 2 120 1 0
1 33.67 2.16 2 8 4 1.5 0 0 0 0 3 120 1 0
1 31.57 4 2 14 4 5 1 1 3 1 2 290 2280 1
1 19.42 1.5 1 13 4 2 1 0 0 1 2 100 21 0
1 20.67 0.41 2 8 4 0.125 0 0 0 0 2 0 45 0
1 17.42 6.5 2 3 4 0.125 0 0 0 0 2 60 101 0
0 26.5 2.71 1 8 4 0.085 0 0 0 0 1 80 1 0
0 23 1.83 2 5 3 0 0 1 1 0 2 200 54 0
1 19.17 9.5 2 9 4 1.5 1 0 0 0 2 120 2207 1
0 15.75 0.37 2 8 4 1 0 0 0 0 2 120 19 0
0 56.83 4.25 1 1 1 5 0 0 0 1 2 0 5 0
1 21 3 1 2 4 1.085 1 1 8 1 2 160 2 1
1 58.58 2.71 2 8 4 2.415 0 0 0 1 2 320 1 0
0 24.08 0.5 2 11 8 1.25 1 1 1 0 2 0 679 1
0 28.17 0.58 2 6 4 0.04 0 0 0 0 2 260 1005 0
1 18.5 2 2 3 4 1.5 1 1 2 0 2 120 301 1
1 25 12 2 4 4 2.25 1 1 2 1 2 120 6 0
1 29.92 1.83 2 8 8 4.335 1 0 0 0 2 260 201 1
1 37.75 7 2 11 8 11.5 1 1 7 1 2 300 6 0
1 32.83 2.5 2 13 8 2.75 1 1 6 0 2 160 2073 1
0 25.58 0 2 8 4 0 0 0 0 0 3 184 1 1
0 17.32 9.5 2 6 4 1.75 0 1 10 1 2 0 11 0
1 23 0.62 1 6 4 0.125 1 0 0 0 2 180 2 0
1 27.25 0.62 2 6 4 0.455 1 0 0 1 2 200 1 0
1 19.57 0.58 2 1 1 0 0 1 3 0 2 350 770 0
0 20.83 0.5 1 10 2 1 0 0 0 0 2 260 1 0
1 32.33 2.5 2 8 4 1.25 0 0 0 1 2 280 1 0
1 17.07 0.08 1 8 4 0.04 0 0 0 0 2 140 723 0
1 26.75 4.5 1 8 5 2.5 0 0 0 0 2 200 1211 0
1 32.67 5.5 2 11 8 5.5 1 1 12 1 2 408 1001 1
1 31.42 15.5 2 8 4 0.5 1 0 0 0 2 120 1 0
1 25 12 2 4 4 2.25 1 1 2 1 2 120 6 0
1 34 5.08 1 3 5 1.085 0 0 0 1 2 480 1 0
1 33.67 1.25 2 9 4 1.165 0 0 0 0 2 120 1 0
0 23.58 0.58 1 1 1 0.125 0 0 0 0 2 120 88 0
0 58.33 10 2 11 4 4 1 1 14 0 2 0 1603 1
0 28.42 3.5 2 9 4 0.835 1 0 0 0 1 280 1 1
1 32.83 2.5 2 13 8 2.75 1 1 6 0 2 160 2073 1
1 28.33 5 2 9 4 11 1 0 0 1 2 70 1 1
1 32.25 0.16 1 8 8 3.25 1 1 1 1 2 432 8001 1
0 17.92 10.21 2 1 1 0 0 0 0 0 2 0 51 0
0 23.5 9 2 11 4 8.5 1 1 5 1 2 120 1 1
1 43.17 5 2 3 5 2.25 0 0 0 1 2 141 1 0
1 41.17 4.04 2 13 8 7 1 1 8 0 2 320 1 1
1 32.83 2.5 2 13 8 2.75 1 1 6 0 2 160 2073 1
0 35.75 0.91 2 6 4 0.75 1 1 4 0 2 0 1584 1
0 20.42 0.83 2 11 4 1.585 1 1 1 0 2 0 1 1
0 28.67 1.04 2 8 4 2.5 1 1 5 1 2 300 1431 1
1 18.32 1.21 1 10 2 0 0 0 0 0 2 100 1 0
0 25.42 1.12 2 11 4 1.29 1 1 2 0 2 200 1 0
1 40.58 1.5 2 3 5 0 0 0 0 0 1 300 1 0
1 31.57 0.5 2 8 5 0.835 1 0 0 1 1 320 1 0
0 18.82 9.53 2 6 4 0.085 1 0 0 0 2 100 1 1
1 20.42 1.08 2 11 4 1.5 0 0 0 0 2 108 8 0
0 24.83 4.5 2 9 4 1 0 0 0 1 2 360 7 0
1 31.57 3 1 3 5 7 0 0 0 0 2 0 2 0
1 25.75 0.75 2 8 5 0.25 1 0 0 0 2 349 24 1
1 22.75 11 2 11 4 2.5 1 1 7 1 2 100 810 1
1 22.92 3.16 1 8 4 0.165 0 0 0 0 2 160 1059 0
1 16.25 0.83 2 7 4 0.085 1 0 0 0 1 200 1 0
1 23.17 11.12 2 14 8 0.46 1 1 1 0 2 100 1 1
0 36 1 2 8 4 2 1 1 11 0 2 0 457 1
1 42.75 3 2 3 5 1 1 0 0 0 2 0 201 0
1 40.58 1.5 2 3 5 0 0 0 0 0 1 300 1 0
1 25.58 0.33 2 4 8 3.5 0 0 0 1 2 340 1 0
1 19.67 10 1 4 8 0.835 1 0 0 1 2 140 1 0
1 26.92 2.25 2 3 5 0.5 0 0 0 1 2 640 4001 0
1 22.17 12.12 2 8 4 3.335 0 1 2 1 2 180 174 0

