1 49.17 2.29 2 1 1 0.29 0 0 0 0 2 200 4 0
1 43.25 25.21 2 11 8 0.21 1 1 1 0 2 760 91 0
0 36.58 0.28 2 1 1 0 0 1 10 0 2 200 19 0
1 18.17 2.46 2 8 7 0.96 0 1 2 1 2 160 588 0
1 20.42 7 2 8 4 1.625 1 1 3 0 2 200 1392 1
1 23.25 1 2 8 4 0.835 1 0 0 0 1 300 1 1
0 26.17 2 2 5 3 0 0 0 0 1 2 276 2 0
1 21.25 1.5 2 9 4 1.5 0 0 0 0 2 150 9 1
1 60.08 14.5 2 1 1 18 1 1 15 1 2 0 1001 1
0 25.75 0.5 2 8 8 0.875 1 0 0 1 2 491 1 1
1 32.08 4 2 7 4 2.5 1 0 0 1 2 360 1 1
0 19.17 5.41 2 3 8 0.29 0 0 0 0 2 80 485 0
1 37.5 1.75 1 8 5 0.25 1 0 0 1 2 164 401 0
0 28.17 0.37 2 11 4 0.585 1 1 4 0 2 80 1 1
0 24.5 1.04 1 1 1 0.5 1 1 3 0 2 180 148 0
0 23.58 0.83 2 11 4 0.415 0 1 1 1 2 200 12 0
0 33.08 4.62 2 11 8 1.625 1 1 2 0 2 0 1 1
1 34 5.08 1 3 5 1.085 0 0 0 1 2 480 1 0
1 29.92 1.83 2 8 8 4.335 1 0 0 0 2 260 201 1
1 37.5 0.83 2 10 4 0.04 0 0 0 0 2 120 6 0
1 34.42 4.25 2 3 5 3.25 1 1 2 0 2 274 611 1
0 33.25 2.5 1 8 4 2.5 0 0 0 1 2 0 3 0
1 22 7.83 1 3 5 0.165 0 0 0 1 2 184 1 0
1 31.57 0.5 2 8 5 0.835 1 0 0 1 1 320 1 0
1 35.25 16.5 1 8 4 4 1 0 0 0 2 80 1 0
1 54.83 15.5 2 10 9 0 1 1 20 0 2 152 131 0
1 32.25 14 1 1 1 0 0 1 2 0 2 160 2 0
1 21.17 0.25 1 8 8 0.25 0 0 0 0 2 280 205 0
1 36.17 5.5 2 3 5 5 0 0 0 0 2 210 688 0
1 20.5 10 1 8 4 2.5 1 0 0 0 1 40 1 1
1 67.75 5.5 2 10 9 13 1 1 1 1 2 0 1 1
1 53.92 9.62 2 10 4 8.665 1 1 5 0 2 0 1 1
1 52.5 6.5 2 4 4 6.29 1 1 15 0 2 0 11203 1
0 19.5 0.16 2 11 4 0.04 0 0 0 1 2 380 1 0
0 33.67 0.37 2 13 4 0.375 0 0 0 0 2 300 45 1
1 25.67 12.5 2 13 4 1.21 1 1 67 1 2 140 259 1
1 27.67 0.75 2 11 8 0.165 0 0 0 1 2 220 252 0
1 32.33 3.5 2 4 4 0.5 0 0 0 1 2 232 1 0
0 37.75 5.5 2 11 4 0.125 1 0 0 1 2 228 1 1
1 25.17 3 2 8 4 1.25 0 1 1 0 2 0 23 0
1 21.17 0.25 1 8 8 0.25 0 0 0 0 2 280 205 0
1 22.08 2.33 2 4 4 0.75 0 0 0 0 2 180 1 0
0 25.08 2.54 1 6 4 0.25 1 0 0 1 2 370 1 1
0 47.42 3 2 14 4 13.875 1 1 2 1 2 519 1705 1
1 34.17 2.75 2 3 5 2.5 0 0 0 1 2 232 201 0
0 49 1.5 2 5 3 0 1 0 0 1 2 100 28 0
1 41.92 0.42 2 8 8 0.21 1 1 6 0 2 220 949 1
0 28.5 1 2 11 4 1 1 1 2 1 2 167 501 0
0 28.5 3.04 1 14 8 2.54 1 1 1 0 2 70 1 1
0 24.5 1.04 1 1 1 0.5 1 1 3 0 2 180 148 0
0 50.25 0.83 2 6 4 0.5 0 0 0 1 2 240 118 0
1 64.08 20 2 14 8 17.5 1 1 9 1 2 0 1001 1
0 25.58 0 2 8 4 0 0 0 0 0 3 184 1 1
1 27.42 12.5 2 6 5 0.25 0 0 0 1 2 720 1 0
1 31.67 16.16 2 2 4 3 1 1 9 0 2 250 731 1
1 57.83 7.04 2 7 4 14 1 1 6 1 2 360 1333 1
0 23 11.75 2 14 8 0.5 1 1 2 1 2 300 552 1
1 23.75 12 2 8 4 2.085 0 0 0 0 1 80 1 0
0 37.75 5.5 2 11 4 0.125 1 0 0 1 2 228 1 1
1 16.32 4.08 2 3 8 0.415 0 0 0 1 2 120 1 0
1 43.25 3 2 11 8 6 1 1 11 0 2 80 1 1
1 34.25 1.75 2 9 5 0.25 1 0 0 1 2 163 1 0
1 43.17 2.25 2 3 5 0.75 1 0 0 0 2 560 1 0
1 20.42 1.08 2 11 4 1.5 0 0 0 0 2 108 8 0
1 28.25 5.12 2 14 4 4.75 1 1 2 0 2 420 8 1
1 30.17 0.5 2 8 4 1.75 1 1 11 0 2 32 541 1
0 21.75 1.75 1 5 3 0 0 0 0 0 2 160 1 0
0 24.5 12.75 2 8 5 4.75 1 1 2 0 2 73 445 1
0 23.25 5.87 2 11 4 3.17 1 1 10 0 2 120 246 1
0 51.92 6.5 2 3 5 3.085 0 0 0 1 2 73 1 0
0 18.92 9.25 1 8 4 1 1 1 4 1 2 80 501 1
1 27.83 1.54 2 9 4 3.75 1 1 5 1 2 100 4 1
1 22.08 11 2 13 4 0.665 1 0 0 0 2 100 1 1
1 31 2.08 2 8 4 0.085 0 0 0 0 2 300 1 0
1 31.58 0.75 1 6 4 3.5 0 0 0 1 2 320 1 0
1 16.07 0.75 2 8 4 1.75 1 1 5 1 2 352 691 1
0 33.17 2.25 1 13 4 3.5 0 0 0 1 2 200 142 0
0 21.75 11.75 2 8 4 0.25 0 0 0 1 2 180 1 0
1 21 3 1 2 4 1.085 1 1 8 1 2 160 2 1
0 47.42 3 2 14 4 13.875 1 1 2 1 2 519 1705 1
1 35.25 3.16 2 14 8 3.75 1 0 0 1 2 680 1 0
0 28.17 0.37 2 11 4 0.585 1 1 4 0 2 80 1 1
1 32.08 4 1 13 4 1.5 0 0 0 1 2 120 1 0
0 20.32 10 2 8 8 1 1 1 4 0 2 50 1466 1
0 28.75 3.75 2 8 4 1.085 1 1 1 1 2 371 1 1
1 22.58 10.03 2 14 4 0.04 1 1 9 0 2 60 397 1
1 31.57 0.5 2 8 5 0.835 1 0 0 1 1 320 1 0
0 23.58 0.83 2 11 4 0.415 0 1 1 1 2 200 12 0
1 26.83 0.54 2 4 1 0 0 0 0 0 2 100 1 0
1 43.17 2.25 2 3 5 0.75 1 0 0 0 2 560 1 0
1 31.92 4.46 2 13 8 6.04 1 1 3 0 2 311 301 1
1 34.17 9.17 2 8 4 4.5 1 1 12 1 2 0 222 1
0 24.75 13.66 2 11 8 1.5 0 0 0 0 2 280 2 0
1 36.08 2.54 2 1 1 0 0 0 0 0 2 0 1001 0
1 64.08 20 2 14 8 17.5 1 1 9 1 2 0 1001 1
1 37.5 1.75 1 8 5 0.25 1 0 0 1 2 164 401 0
0 24.5 1.75 1 8 4 0.165 0 0 0 0 2 132 1 0
1 42.17 5.04 2 11 8 12.75 1 0 0 1 2 92 1 1
1 27 0.75 2 8 8 4.25 1 1 3 1 2 312 151 1
1 20.67 0.83 1 8 4 2 0 0 0 1 1 240 1 0
1 34.25 3 2 13 8 7.415 1 0 0 1 2 0 1 1
1 36.25 5 2 8 5 2.5 1 1 6 0 2 0 368 1
0 58.42 21 2 3 5 10 1 1 13 0 2 0 6701 1
1 54.83 15.5 2 10 9 0 1 1 20 0 2 152 131 0
1 30.17 0.5 2 8 4 1.75 1 1 11 0 2 32 541 1
1 43 0.28 1 13 8 1.75 1 1 8 0 2 100 376 1
1 21.92 0.5 2 8 4 0.125 0 0 0 0 2 360 1 0
1 26.67 1.75 1 8 4 1 1 1 5 1 2 160 5778 1
0 33.25 3 1 6 4 2 0 0 0 0 2 180 1 0
1 23.75 12 2 8 4 2.085 0 0 0 0 1 80 1 0
1 17.07 0.08 1 8 4 0.04 0 0 0 0 2 140 723 0
1 31.83 0.04 1 7 4 0.04 0 0 0 0 2 0 1 0
1 57.83 7.04 2 7 4 14 1 1 6 1 2 360 1333 1
1 42 0.2 2 3 8 5.125 1 0 0 0 2 400 1 1
0 16.07 0.33 2 1 1 0 0 1 1 0 2 160 127 0
1 38.92 1.75 2 4 4 0.5 0 0 0 1 2 300 3 0
1 24.42 12.33 2 11 8 1.585 1 0 0 1 2 120 1 1
1 22.75 11 2 11 4 2.5 1 1 7 1 2 100 810 1
0 28.17 0.37 2 11 4 0.585 1 1 4 0 2 80 1 1
1 39.92 5 2 3 5 0.21 0 0 0 0 2 550 1 0
1 26.67 4.25 2 13 4 4.29 1 1 1 1 2 120 1 1
0 49.83 13.58 2 4 8 8.5 1 0 0 1 2 0 1 1
1 40.92 0.5 1 7 4 0.5 0 0 0 1 2 130 1 0
0 56.83 4.25 1 1 1 5 0 0 0 1 2 0 5 0
1 22.17 12.12 2 8 4 3.335 0 1 2 1 2 180 174 0
1 38.25 10.12 1 4 4 0.125 0 0 0 0 2 160 1 0
0 28.5 1 2 11 4 1 1 1 2 1 2 167 501 0
1 42.83 1.25 2 7 4 13.875 0 1 1 1 2 352 113 0
1 32 1.75 1 10 8 0.04 1 0 0 1 2 393 1 1
0 24.08 0.5 2 11 8 1.25 1 1 1 0 2 0 679 1
1 16.92 0.33 1 4 4 0.29 0 0 0 0 1 200 1 0
1 37.75 7 2 11 8 11.5 1 1 7 1 2 300 6 0
0 58.42 21 2 3 5 10 1 1 13 0 2 0 6701 1
1 24.08 9 2 6 4 0.25 0 0 0 1 2 0 1 0
1 43.25 25.21 2 11 8 0.21 1 1 1 0 2 760 91 0
1 18.82 0 2 11 4 0.665 0 0 0 0 2 160 2 0
1 22 7.83 1 3 5 0.165 0 0 0 1 2 184 1 0
1 52.42 1.5 2 2 4 3.75 0 0 0 1 2 0 351 0
0 35.75 0.91 2 6 4 0.75 1 1 4 0 2 0 1584 1
1 18.07 5.5 2 4 4 0.5 1 0 0 0 2 80 1 1
0 22.67 0.33 2 11 4 0.75 0 0 0 0 1 160 1 0
1 19.42 7.25 2 7 4 0.04 0 1 1 0 2 100 2 0
0 47.75 8 2 8 4 7.875 1 1 6 1 2 0 1261 1
1 38.25 10.12 1 4 4 0.125 0 0 0 0 2 160 1 0
1 37.5 1.12 1 2 4 1.5 0 0 0 1 2 431 1 1
1 22.08 2.33 2 4 4 0.75 0 0 0 0 2 180 1 0
0 38.58 5 2 13 4 13.5 1 0 0 1 2 980 1 0
1 26.17 0.25 2 3 5 0 1 0 0 1 2 0 1 1
1 22.67 1.58 1 9 4 3.085 1 1 6 0 2 80 1 1
1 35.17 4.5 2 14 8 5.75 0 0 0 1 1 711 1 1
1 31.67 0.83 2 14 4 1.335 1 1 8 1 2 303 3291 1
1 27.83 1.5 2 9 4 2.25 0 1 1 1 2 100 4 0
1 30.75 1.58 2 2 4 0.585 0 0 0 1 1 0 1 0
0 52.17 0 1 1 1 0 0 0 0 0 2 0 1 0
0 22.67 0.33 2 11 4 0.75 0 0 0 0 1 160 1 0
0 49 1.5 2 5 3 0 1 0 0 1 2 100 28 0
1 23.08 0 2 4 4 1 0 1 11 0 1 0 1 0
1 16.32 4.08 2 3 8 0.415 0 0 0 1 2 120 1 0
1 28.58 3.62 2 6 4 0.25 0 0 0 1 2 100 1 0
1 25 12 2 4 4 2.25 1 1 2 1 2 120 6 0
1 62.75 7 2 10 9 0 0 0 0 0 2 0 13 0
1 29.92 1.83 2 8 8 4.335 1 0 0 0 2 260 201 1
1 43 0.28 1 13 8 1.75 1 1 8 0 2 100 376 1
0 17.82 11 2 14 8 1 1 1 11 0 2 0 3001 1
0 21.08 5 1 1 1 0 0 0 0 0 2 0 1 0

