0 22.5 0.41 2 3 4 0.335 0 0 0 1 1 144 1 0
0 64.08 0.16 2 1 1 0 1 1 1 0 2 232 101 1
0 47.75 8 2 8 4 7.875 1 1 6 1 2 0 1261 1
1 36.33 2.12 1 9 4 0.085 1 1 1 0 2 50 1188 1
1 32.33 7.5 2 10 5 1.585 1 0 0 1 1 420 1 0
1 27.25 1.58 2 13 8 1.835 1 1 12 1 2 583 714 1
1 17.42 6.5 2 3 4 0.125 0 0 0 0 2 60 101 0
1 20.17 5.62 2 9 4 1.71 1 0 0 0 1 120 1 1
1 22.92 0.17 2 7 4 0.085 0 0 0 0 1 0 1 0
0 33.08 4.62 2 11 8 1.625 1 1 2 0 2 0 1 1
0 24.08 0.5 2 11 8 1.25 1 1 1 0 2 0 679 1
1 23.92 0.66 2 8 4 0.165 0 0 0 0 2 100 1 1
1 43 0.28 1 13 8 1.75 1 1 8 0 2 100 376 1
1 19 0 1 1 1 0 0 1 4 0 2 45 2 0
1 27 0.75 2 8 8 4.25 1 1 3 1 2 312 151 1
0 28.17 0.37 2 11 4 0.585 1 1 4 0 2 80 1 1
0 17.32 9.5 2 6 4 1.75 0 1 10 1 2 0 11 0
0 27.67 1.5 2 7 4 2 1 0 0 0 1 368 1 0
0 26.5 2.71 1 8 4 0.085 0 0 0 0 1 80 1 0
1 26.75 4.5 1 8 5 2.5 0 0 0 0 2 200 1211 0
1 15.17 7 2 10 4 1 0 0 0 0 2 600 1 0
0 18.25 10 2 9 4 1 0 1 1 0 2 120 2 0
0 57.58 2 2 1 1 6.5 0 1 1 0 2 0 11 0
1 48.58 6.5 2 11 8 6 1 0 0 1 2 350 1 1
0 22.25 1.25 1 1 1 3.25 0 0 0 0 2 280 1 0
1 32.25 14 1 1 1 0 0 1 2 0 2 160 2 0
1 18.67 5 2 11 4 0.375 1 1 2 0 2 0 39 0
1 28 3 2 9 4 0.75 0 0 0 1 2 300 68 0
1 29.58 4.75 2 7 4 2 0 1 1 1 2 460 69 0
1 19.17 4 1 3 4 1 0 0 0 1 2 360 1001 0
0 52.83 15 2 8 4 5.5 1 1 14 0 2 0 2201 1
1 31.25 1.12 2 1 1 0 0 1 1 0 2 96 20 0
1 31.57 5 1 6 4 8.5 1 0 0 0 2 0 1 0
1 20.42 7 2 8 4 1.625 1 1 3 0 2 200 1392 1
1 29.92 1.83 2 8 8 4.335 1 0 0 0 2 260 201 1
1 41.17 1.25 1 9 4 0.25 0 0 0 0 2 0 196 0
1 27.67 0.75 2 11 8 0.165 0 0 0 1 2 220 252 0
1 52.5 6.5 2 4 4 6.29 1 1 15 0 2 0 11203 1
1 18.07 5.5 2 4 4 0.5 1 0 0 0 2 80 1 1
0 47 13 2 3 5 5.165 1 1 9 1 2 0 1 1
1 43.17 2.25 2 3 5 0.75 1 0 0 0 2 560 1 0
1 34.17 9.17 2 8 4 4.5 1 1 12 1 2 0 222 1
1 54.33 6.75 2 8 8 2.625 1 1 11 1 2 0 285 1
0 20.67 1.83 2 11 4 2.085 1 1 5 0 2 220 2504 1
1 22.92 0.17 2 7 4 0.085 0 0 0 0 1 0 1 0
1 25 11.25 2 8 4 2.5 1 1 17 0 2 200 1209 1
1 59.5 2.75 2 9 4 1.75 1 1 5 1 2 60 59 1
0 45.33 1 2 11 4 0.125 0 0 0 1 2 263 1 0
1 23 0.75 2 7 4 0.5 0 0 0 1 1 320 1 0
1 31.57 3 1 3 5 7 0 0 0 0 2 0 2 0
1 39.83 0.5 2 7 4 0.25 1 0 0 0 1 288 1 0
0 27.58 3 2 7 4 2.79 0 1 1 1 2 280 11 0
1 25.33 0.57 2 8 4 0.29 1 1 7 1 2 96 5125 1
1 31.57 0.62 2 4 4 0.25 0 0 0 0 2 380 2011 0
1 34.17 1.54 2 13 4 1.54 1 1 1 1 2 520 50001 1
0 27.17 1.25 2 1 1 0 0 1 1 0 2 92 301 0
1 32.92 2.5 2 6 4 1.75 0 1 2 1 2 720 1 0
1 37.5 1.12 1 2 4 1.5 0 0 0 1 2 431 1 1
1 27.75 0.58 1 13 4 0.25 1 1 2 0 2 260 501 1
0 28.08 15 1 10 9 0 1 0 0 0 2 0 13213 1
1 23.92 0.58 1 13 8 0.125 0 0 0 0 2 240 2 0
1 49.58 19 2 1 1 0 1 1 1 0 2 94 1 0
1 39.17 1.62 2 8 4 1.5 1 1 10 0 2 186 4701 1
1 22.75 11 2 11 4 2.5 1 1 7 1 2 100 810 1
1 33.67 1.25 2 9 4 1.165 0 0 0 0 2 120 1 0
1 28 3 2 9 4 0.75 0 0 0 1 2 300 68 0
0 25.25 13.5 1 1 1 2 0 1 1 1 2 200 2 0
1 31.57 0.62 2 4 4 0.25 0 0 0 0 2 380 2011 0
1 29.25 13 2 2 8 0.5 0 0 0 0 2 228 1 0
1 20 7 2 8 4 0.5 0 0 0 0 2 0 1 0
0 25.42 1.12 2 11 4 1.29 1 1 2 0 2 200 1 0
1 35.25 16.5 1 8 4 4 1 0 0 0 2 80 1 0
1 54.83 15.5 2 10 9 0 1 1 20 0 2 152 131 0
1 21.92 0.5 2 8 4 0.125 0 0 0 0 2 360 1 0
1 21.5 9.75 2 8 4 0.25 1 0 0 0 2 140 1 0
0 23.75 0.71 2 9 4 0.25 0 1 1 1 2 240 5 0
1 23.25 1 2 8 4 0.835 1 0 0 0 1 300 1 1
0 55.75 7.08 2 4 8 6.75 1 1 3 1 2 100 51 0
0 23.25 5.87 2 11 4 3.17 1 1 10 0 2 120 246 1
1 33.67 1.25 2 9 4 1.165 0 0 0 0 2 120 1 0
1 26.67 4.25 2 13 4 4.29 1 1 1 1 2 120 1 1
0 28.58 3.54 2 3 5 0.5 1 0 0 1 2 171 1 0
0 33.17 2.25 1 13 4 3.5 0 0 0 1 2 200 142 0
1 26.92 2.25 2 3 5 0.5 0 0 0 1 2 640 4001 0
0 45.33 1 2 11 4 0.125 0 0 0 1 2 263 1 0
0 18.25 10 2 9 4 1 0 1 1 0 2 120 2 0
1 40.58 5 2 8 4 5 1 1 7 0 2 0 3066 1
1 31.57 4 1 3 4 0.085 0 0 0 1 2 411 1 0
1 23.08 0 2 4 4 1 0 1 11 0 1 0 1 0
1 18.67 5 2 11 4 0.375 1 1 2 0 2 0 39 0
1 43 0.28 1 13 8 1.75 1 1 8 0 2 100 376 1
1 16.25 0.83 2 7 4 0.085 1 0 0 0 1 200 1 0
1 32.08 4 1 13 4 1.5 0 0 0 1 2 120 1 0
1 16.07 0.75 2 8 4 1.75 1 1 5 1 2 352 691 1
0 22.92 1.25 2 11 4 0.25 0 0 0 1 2 120 810 0
1 32.25 0.16 1 8 8 3.25 1 1 1 1 2 432 8001 1
1 34.17 1.54 2 13 4 1.54 1 1 1 1 2 520 50001 1
0 22.5 8.5 2 11 4 1.75 1 1 10 0 2 80 991 0
0 42.25 1.75 1 8 4 0 0 0 0 1 2 150 2 0
0 26.17 2 2 5 3 0 0 0 0 1 2 276 2 0
0 28.5 1 2 11 4 1 1 1 2 1 2 167 501 0
0 27.67 1.5 2 7 4 2 1 0 0 0 1 368 1 0
1 23.92 1.5 2 2 8 1.875 1 1 6 0 2 200 328 1
1 36.5 4.25 2 11 4 3.5 0 0 0 0 2 454 51 0
1 18.82 0.41 1 8 4 0.165 0 1 1 0 2 200 2 0
1 20.07 0.25 2 11 4 0.125 0 0 0 0 2 200 1 0
1 23.92 0.66 2 8 4 0.165 0 0 0 0 2 100 1 1
1 19.42 7.25 2 7 4 0.04 0 1 1 0 2 100 2 0
0 18.42 9.25 2 11 4 1.21 1 1 4 0 2 60 541 1
1 22.08 2.33 2 4 4 0.75 0 0 0 0 2 180 1 0
0 36.75 4.71 2 1 1 0 0 0 0 0 2 160 1 0
1 43.17 5 2 3 5 2.25 0 0 0 1 2 141 1 0
1 25.67 2.21 1 6 4 4 1 0 0 0 2 188 1 0
1 37.42 2.04 2 9 4 0.04 1 0 0 1 2 400 5801 1
0 19.75 0.75 2 8 4 0.795 1 1 5 1 2 140 6 0
1 17.07 0.08 1 8 4 0.04 0 0 0 0 2 140 723 0
1 20.42 7 2 8 4 1.625 1 1 3 0 2 200 1392 1
0 25 12.33 2 13 8 3.5 1 1 6 0 2 400 459 1
0 22.5 0.41 2 3 4 0.335 0 0 0 1 1 144 1 0
1 36.25 5 2 8 5 2.5 1 1 6 0 2 0 368 1
1 29.92 1.83 2 8 8 4.335 1 0 0 0 2 260 201 1
0 20.75 10.25 2 11 4 0.71 1 1 2 1 2 49 1 1
1 22.08 2.33 2 4 4 0.75 0 0 0 0 2 180 1 0
0 34.83 1.25 1 3 8 0.5 0 0 0 1 2 160 1 0
0 38.25 6 2 4 4 1 1 0 0 1 2 0 1 1
1 22.08 2.33 2 4 4 0.75 0 0 0 0 2 180 1 0
1 49.17 2.29 2 1 1 0.29 0 0 0 0 2 200 4 0
1 25.75 0.75 2 8 5 0.25 1 0 0 0 2 349 24 1
1 19 1.75 1 8 4 2.335 0 0 0 1 2 112 7 0
1 31.57 0.5 2 8 5 0.835 1 0 0 1 1 320 1 0
0 39.08 4 2 8 4 3 0 0 0 0 2 480 1 0
0 20.75 10.25 2 11 4 0.71 1 1 2 1 2 49 1 1
1 28 3 2 9 4 0.75 0 0 0 1 2 300 68 0
1 36.67 4.41 1 4 4 0.25 1 1 10 1 2 320 1 1
1 29.92 1.83 2 8 8 4.335 1 0 0 0 2 260 201 1
1 28.25 5.04 1 8 5 1.5 1 1 8 1 2 144 8 1
1 18.5 2 2 3 4 1.5 1 1 2 0 2 120 301 1
1 39.42 1.71 1 7 4 0.165 0 0 0 0 1 400 1 0
0 22.25 1.25 1 1 1 3.25 0 0 0 0 2 280 1 0
1 25 12 2 4 4 2.25 1 1 2 1 2 120 6 0
0 18.07 0.37 3 13 1 10 0 0 0 1 1 300 1 1
0 23 11.75 2 14 8 0.5 1 1 2 1 2 300 552 1
1 37.5 1.12 1 2 4 1.5 0 0 0 1 2 431 1 1
0 16.5 1.25 2 11 4 0.25 0 1 1 0 2 108 99 0
1 23.17 0 2 8 4 0 0 0 0 0 3 184 1 1
1 21.92 0.5 2 8 4 0.125 0 0 0 0 2 360 1 0
1 33.17 1 2 14 4 0.75 1 1 7 1 2 340 4072 1
1 26.75 1.12 2 14 8 1.25 1 0 0 0 2 0 5299 1
1 23.92 1.5 2 2 8 1.875 1 1 6 0 2 200 328 1
0 51.92 6.5 2 3 5 3.085 0 0 0 1 2 73 1 0
1 22.08 11 2 13 4 0.665 1 0 0 0 2 100 1 1
0 49.83 13.58 2 4 8 8.5 1 0 0 1 2 0 1 1
1 22.17 0.58 1 1 1 0 0 0 0 0 2 100 1 0
1 47.33 6.5 2 8 4 1 0 0 0 1 2 0 229 0
1 24.42 12.33 2 11 8 1.585 1 0 0 1 2 120 1 1
1 22.17 12.12 2 8 4 3.335 0 1 2 1 2 180 174 0
0 28.67 1.04 2 8 4 2.5 1 1 5 1 2 300 1431 1
1 33.67 1.25 2 9 4 1.165 0 0 0 0 2 120 1 0
1 19.42 7.25 2 7 4 0.04 0 1 1 0 2 100 2 0
0 25.58 0 2 8 4 0 0 0 0 0 3 184 1 1
0 36.75 4.71 2 1 1 0 0 0 0 0 2 160 1 0
1 19.67 0.37 2 11 4 2 1 1 2 1 2 80 1 1
1 29.83 3.5 2 8 4 0.165 0 0 0 0 2 216 1 0
0 24.08 0.5 2 11 8 1.25 1 1 1 0 2 0 679 1
0 23.5 9 2 11 4 8.5 1 1 5 1 2 120 1 1

