1 41.5 1.54 2 3 5 3.5 0 0 0 0 2 216 1 1
1 32.08 4 1 13 4 1.5 0 0 0 1 2 120 1 0
0 36 1 2 8 4 2 1 1 11 0 2 0 457 1
0 58.42 21 2 3 5 10 1 1 13 0 2 0 6701 1
0 28.58 1.66 2 11 4 2.415 1 0 0 1 2 440 1 0
1 41.92 0.42 2 8 8 0.21 1 1 6 0 2 220 949 1
1 44.25 11 1 2 4 1.5 1 0 0 0 1 0 1 0
1 36.42 0.75 1 2 4 0.585 0 0 0 0 2 240 4 0
1 48.17 3.5 2 6 4 3.5 1 0 0 0 1 230 1 1
1 35.25 3.16 2 14 8 3.75 1 0 0 1 2 680 1 0
1 40 6.5 2 6 5 3.5 1 1 1 0 2 0 501 1
0 18.57 10 2 2 4 0.415 0 0 0 0 2 80 43 0
0 26.92 13.5 2 11 8 5 1 1 2 0 2 0 5001 1
0 22.67 0.79 2 3 4 0.085 0 0 0 0 2 144 1 0
0 40.83 10 2 11 8 1.75 1 0 0 0 2 29 838 1
1 17.07 0.08 1 8 4 0.04 0 0 0 0 2 140 723 0
0 25.58 0 2 8 4 0 0 0 0 0 3 184 1 1
0 19.17 8.58 2 13 8 0.75 1 1 7 0 2 96 1 1
1 33.75 2.75 2 3 5 0 0 0 0 0 2 180 1 0
0 20.07 1.25 2 8 4 0 0 0 0 0 2 0 1 0
1 35.25 3.16 2 14 8 3.75 1 0 0 1 2 680 1 0
1 36.75 0.12 1 8 4 1.5 0 0 0 1 2 232 114 1
1 39.17 1.62 2 8 4 1.5 1 1 10 0 2 186 4701 1
1 25.67 0.28 1 8 4 1.5 0 0 0 1 2 160 1 0
1 30.58 2.71 1 7 4 0.125 0 0 0 1 1 80 1 0
1 16.25 0 1 6 4 0.25 0 0 0 0 2 60 1 0
1 33.58 0.25 2 3 5 4 0 0 0 1 1 420 1 0
0 38.75 1.5 2 1 1 0 0 0 0 0 2 76 1 0
0 30.25 5.5 2 4 4 5.5 0 0 0 1 1 100 1 0
1 49.17 2.29 2 1 1 0.29 0 0 0 0 2 200 4 0
0 19.67 0.21 2 11 8 0.29 1 1 11 0 2 80 100 1
1 31.25 1.12 2 1 1 0 0 1 1 0 2 96 20 0
1 19.57 0.58 2 1 1 0 0 1 3 0 2 350 770 0
1 34.17 2.75 2 3 5 2.5 0 0 0 1 2 232 201 0
1 16.32 4.08 2 3 8 0.415 0 0 0 1 2 120 1 0
1 23.58 1.79 2 8 4 0.54 0 0 0 1 2 136 2 0
0 25.33 2.08 2 8 8 2.75 1 0 0 1 2 360 2 0
1 36.42 0.75 1 2 4 0.585 0 0 0 0 2 240 4 0
1 21.67 1.16 1 4 4 2.5 1 1 1 0 2 180 21 0
0 22.42 11.25 1 14 8 0.75 1 1 4 0 2 0 322 1
1 23.17 11.12 2 14 8 0.46 1 1 1 0 2 100 1 1
1 19.17 9.5 2 9 4 1.5 1 0 0 0 2 120 2207 1
1 25.08 1.71 2 14 4 1.665 1 1 1 1 2 395 21 1
1 34.08 6.5 2 6 4 0.125 1 0 0 1 2 443 1 0
1 40.58 3.29 2 7 4 3.5 0 0 0 1 1 400 1 0
0 25.25 13.5 1 1 1 2 0 1 1 1 2 200 2 0
1 67.75 5.5 2 10 9 13 1 1 1 1 2 0 1 1
0 32.25 1.5 2 8 4 0.25 0 0 0 1 2 372 123 0
0 20.07 1.25 2 8 4 0 0 0 0 0 2 0 1 0
1 69.17 9 2 1 1 4 0 1 1 0 2 70 7 0
1 21.17 0.87 1 8 8 0.25 0 0 0 0 2 280 205 0
0 20.32 10 2 8 8 1 1 1 4 0 2 50 1466 1
1 30.83 0 2 9 4 1.25 1 1 1 0 2 202 1 1
1 17.42 6.5 2 3 4 0.125 0 0 0 0 2 60 101 0
0 42.25 1.75 1 8 4 0 0 0 0 1 2 150 2 0
1 23.58 1.79 2 8 4 0.54 0 0 0 1 2 136 2 0
1 27.25 1.58 2 13 8 1.835 1 1 12 1 2 583 714 1
1 20.42 0 2 8 4 0 0 0 0 0 3 184 1 0
1 54.42 0.5 1 4 8 3.96 1 0 0 0 2 180 315 1
1 28.33 5 2 9 4 11 1 0 0 1 2 70 1 1
1 16 3.12 2 9 4 0.085 0 1 1 0 2 0 7 0
0 37.33 2.5 2 3 8 0.21 0 0 0 0 2 260 247 0
1 18.07 6.75 1 7 4 0.04 0 0 0 0 2 140 1 0
1 24.5 13.33 1 6 4 0.04 0 0 0 1 2 120 476 0
1 22.75 11 2 11 4 2.5 1 1 7 1 2 100 810 1
1 36.33 2.12 1 9 4 0.085 1 1 1 0 2 50 1188 1
1 51.42 0.04 2 14 8 0.04 1 0 0 0 2 0 3001 1
1 23 0.75 2 7 4 0.5 1 0 0 1 1 320 1 0
1 34.42 1.33 2 3 5 0.125 0 0 0 1 2 440 4501 0
1 31.33 19.5 2 8 4 7 1 1 16 0 2 0 5001 1
1 62.75 7 2 10 9 0 0 0 0 0 2 0 13 0
1 18.07 6.75 1 7 4 0.04 0 0 0 0 2 140 1 0
1 25.5 0.37 2 7 4 0.25 1 1 3 0 2 260 15109 1
0 22.83 2.29 2 11 8 2.29 1 1 7 1 2 140 2385 1
1 37.58 0 2 8 4 0 0 0 0 0 3 184 1 1
1 19.57 0.58 2 1 1 0 0 1 3 0 2 350 770 0
0 20.83 0.5 1 10 2 1 0 0 0 0 2 260 1 0
1 39.83 0.5 2 7 4 0.25 1 0 0 0 1 288 1 0
1 23 0.75 2 7 4 0.5 1 0 0 1 1 320 1 0
0 31.57 11.25 2 1 1 0 0 0 0 0 2 184 5201 0
0 45 4.58 2 4 8 1 0 0 0 1 1 240 1 0
0 28.58 1.66 2 11 4 2.415 1 0 0 1 2 440 1 0
1 36.5 4.25 2 11 4 3.5 0 0 0 0 2 454 51 0
1 32 1.75 1 10 8 0.04 1 0 0 1 2 393 1 1
1 31.25 1.12 2 1 1 0 0 1 1 0 2 96 20 0
0 19.17 5.41 2 3 8 0.29 0 0 0 0 2 80 485 0
1 44 2 2 7 4 1.75 1 1 2 1 2 0 16 1
1 15.17 7 2 10 4 1 0 0 0 0 2 600 1 0
1 19.5 9.58 2 6 4 0.79 0 0 0 0 2 80 351 0
1 20.42 0 2 8 4 0 0 0 0 0 3 184 1 0
1 34.75 15 2 12 7 5.375 1 1 9 1 2 0 135 1
0 18.75 7.5 2 11 4 2.71 1 1 5 0 2 184 26727 1
0 50.25 0.83 2 6 4 0.5 0 0 0 1 2 240 118 0
1 21.25 1.5 2 9 4 1.5 0 0 0 0 2 150 9 1
1 20 7 2 8 4 0.5 0 0 0 0 2 0 1 0
0 29.58 1.75 1 4 4 1.25 0 0 0 1 2 280 1 0
1 31.42 15.5 2 8 4 0.5 1 0 0 0 2 120 1 0
0 39.08 4 2 8 4 3 0 0 0 0 2 480 1 0
1 25.83 12.83 2 13 4 0.5 0 0 0 0 2 0 3 0
0 25.58 0 2 8 4 0 0 0 0 0 3 184 1 1
1 35.17 4.5 2 14 8 5.75 0 0 0 1 1 711 1 1
1 23.25 1.5 2 11 4 2.375 1 1 3 1 2 0 583 1
0 19.17 8.58 2 13 8 0.75 1 1 7 0 2 96 1 1
1 24.42 12.33 2 11 8 1.585 1 0 0 1 2 120 1 1
1 34.42 1.33 2 3 5 0.125 0 0 0 1 2 440 4501 0
1 40.25 21.5 2 10 9 20 1 1 11 0 2 0 1201 1
1 51.83 2.04 1 1 1 1.5 0 0 0 0 2 120 2 0
1 23.33 1.5 2 8 8 1.415 1 0 0 0 2 422 201 1
1 27.25 1.58 2 13 8 1.835 1 1 12 1 2 583 714 1
1 39.92 5 2 3 5 0.21 0 0 0 0 2 550 1 0
0 23.58 0.83 2 11 4 0.415 0 1 1 1 2 200 12 0
0 33.75 0.75 2 4 5 1 1 1 3 1 2 212 1 0
0 23 1.83 2 5 3 0 0 1 1 0 2 200 54 0
1 19.17 9.5 2 9 4 1.5 1 0 0 0 2 120 2207 1
1 39.17 2.5 1 3 8 10 0 0 0 1 1 200 1 0
1 22.25 0.46 2 4 4 0.125 0 0 0 1 2 280 56 0
1 31.57 0.5 2 8 5 0.835 1 0 0 1 1 320 1 0
1 31.57 0.37 2 2 4 0.875 1 0 0 1 1 928 1 0
1 28 2 2 4 8 4.165 1 1 2 1 2 181 1 1
0 55.75 7.08 2 4 8 6.75 1 1 3 1 2 100 51 0
1 52.33 1.37 1 8 8 9.46 1 0 0 1 2 200 101 0
1 21.58 0.79 1 13 4 0.665 0 0 0 0 2 160 1 0
0 52.17 0 1 1 1 0 0 0 0 0 2 0 1 0
1 21 3 1 2 4 1.085 1 1 8 1 2 160 2 1
0 40.83 3.5 2 3 5 0.5 0 0 0 0 1 1160 1 0
0 52.5 7 2 6 8 3 0 0 0 0 2 0 1 0
1 31.42 15.5 2 8 4 0.5 1 0 0 0 2 120 1 0
0 35.42 12 2 11 8 14 1 1 8 0 2 0 6591 1
1 36.17 18.12 2 9 4 0.085 0 0 0 0 2 320 3553 0
0 44.33 0 2 8 4 2.5 1 0 0 0 2 0 1 1
1 69.17 9 2 1 1 4 0 1 1 0 2 70 7 0
1 48.17 3.5 2 6 4 3.5 1 0 0 0 1 230 1 1
1 22.67 1.58 1 9 4 3.085 1 1 6 0 2 80 1 1
1 34.42 1.33 2 3 5 0.125 0 0 0 1 2 440 4501 0
0 45.83 10.5 2 11 4 5 1 1 7 1 2 0 1 1
1 24.33 6.62 1 2 4 5.5 1 0 0 1 1 100 1 1
1 22 7.83 1 3 5 0.165 0 0 0 1 2 184 1 0
1 18.82 0 2 11 4 0.665 0 0 0 0 2 160 2 0
0 15.83 7.62 2 11 4 0.125 0 1 1 1 2 0 161 0
1 24.33 6.62 1 2 4 5.5 1 0 0 1 1 100 1 1
1 29.25 13 2 2 8 0.5 0 0 0 0 2 228 1 0
0 68.67 15 2 10 9 0 1 1 14 0 2 0 3377 1
1 34.17 2.75 2 3 5 2.5 0 0 0 1 2 232 201 0
1 31.67 16.16 2 2 4 3 1 1 9 0 2 250 731 1
1 67.75 5.5 2 10 9 13 1 1 1 1 2 0 1 1
0 25.08 2.54 1 6 4 0.25 1 0 0 1 2 370 1 1
1 29.67 0.75 1 8 4 0.04 0 0 0 0 2 240 1 0
1 25.67 12.5 2 13 4 1.21 1 1 67 1 2 140 259 1
0 40.33 7.54 1 11 8 8 1 1 14 0 2 0 2301 1
1 21.83 11 2 14 4 0.29 1 1 6 0 2 121 1 1
0 18.82 9.53 2 6 4 0.085 1 0 0 0 2 100 1 1
1 34.83 2.5 1 9 4 3 0 0 0 0 1 200 1 0
1 24.08 9 2 6 4 0.25 0 0 0 1 2 0 1 0
1 26.75 1.12 2 14 8 1.25 1 0 0 0 2 0 5299 1
0 29.5 2 1 10 8 2 0 0 0 0 2 256 18 0
1 27.58 3.25 1 11 8 5.085 0 1 2 1 2 369 2 0
1 34.42 4.25 2 3 5 3.25 1 1 2 0 2 274 611 1
1 20 0 2 2 4 0.5 0 0 0 0 2 144 1 0
1 49.58 19 2 1 1 0 1 1 1 0 2 94 1 0
0 28.58 1.66 2 11 4 2.415 1 0 0 1 2 440 1 0
0 28.08 15 1 10 9 0 1 0 0 0 2 0 13213 1
1 40.92 0.5 1 7 4 0.5 0 0 0 1 2 130 1 0
1 31.57 3 1 3 5 7 0 0 0 0 2 0 2 0
0 20.32 10 2 8 8 1 1 1 4 0 2 50 1466 1
1 22.75 11.5 2 3 4 0.415 0 0 0 0 2 0 1 0

