1 22.08 2.33 2 4 4 0.75 0 0 0 0 2 180 1 0
1 18.82 0.41 1 8 4 0.165 0 1 1 0 2 200 2 0
1 20.42 1.08 2 11 4 1.5 0 0 0 0 2 108 8 0
1 17.42 6.5 2 3 4 0.125 0 0 0 0 2 60 101 0
1 23.75 12 2 8 4 2.085 0 0 0 0 1 80 1 0
0 27.58 3 2 7 4 2.79 0 1 1 1 2 280 11 0
1 47.67 2.5 2 7 5 2.5 1 1 12 1 2 410 2511 1
1 19.17 0 1 7 5 0 0 0 0 1 1 500 2 1
0 22.5 0.41 2 3 4 0.335 0 0 0 1 1 144 1 0
1 32.08 4 2 7 4 2.5 1 0 0 1 2 360 1 1
0 18.25 10 2 9 4 1 0 1 1 0 2 120 2 0
1 23.17 11.12 2 14 8 0.46 1 1 1 0 2 100 1 1
1 27 0.75 2 8 8 4.25 1 1 3 1 2 312 151 1
1 22.25 0.46 2 4 4 0.125 0 0 0 1 2 280 56 0
0 37.75 5.5 2 11 4 0.125 1 0 0 1 2 228 1 1
0 33.25 3 1 6 4 2 0 0 0 0 2 180 1 0
1 37.33 6.5 2 7 8 4.25 1 1 12 1 2 93 1 1
0 22.5 8.5 2 11 4 1.75 1 1 10 0 2 80 991 0
1 34.17 2.75 2 3 5 2.5 0 0 0 1 2 232 201 0
0 28.5 1 2 11 4 1 1 1 2 1 2 167 501 0
0 15.75 0.37 2 8 4 1 0 0 0 0 2 120 19 0
1 27.75 1.29 2 4 8 0.25 0 0 0 1 1 140 1 0
0 18.07 0.37 3 13 1 10 0 0 0 1 1 300 1 1
1 22.17 0.58 1 1 1 0 0 0 0 0 2 100 1 0
1 26.75 2 2 2 4 0.75 0 0 0 1 2 80 1 0
1 52.5 6.5 2 4 4 6.29 1 1 15 0 2 0 11203 1
1 26.17 12.5 1 4 8 1.25 0 0 0 1 2 0 18 0
1 23.25 1 2 8 4 0.835 1 0 0 0 1 300 1 1
0 24.5 1.04 1 1 1 0.5 1 1 3 0 2 180 148 0
1 28.33 5 2 9 4 11 1 0 0 1 2 70 1 1
1 22.75 11 2 11 4 2.5 1 1 7 1 2 100 810 1
1 39.92 6.21 2 11 4 0.04 1 1 1 0 2 200 301 1
1 32.33 7.5 2 10 5 1.585 1 0 0 1 1 420 1 0
1 38.92 1.75 2 4 4 0.5 0 0 0 1 2 300 3 0
0 55.75 7.08 2 4 8 6.75 1 1 3 1 2 100 51 0
0 20.75 10.25 2 11 4 0.71 1 1 2 1 2 49 1 1
1 18.82 0.41 1 8 4 0.165 0 1 1 0 2 200 2 0
0 25.17 2.87 2 14 8 0.875 1 0 0 0 2 360 1 1
0 20.67 1.83 2 11 4 2.085 1 1 5 0 2 220 2504 1
1 25.5 0.37 2 7 4 0.25 1 1 3 0 2 260 15109 1
0 39.08 4 2 8 4 3 0 0 0 0 2 480 1 0
0 32 6 2 2 4 1.25 0 0 0 0 2 272 1 0
1 19.17 0 1 7 5 0 0 0 0 1 1 500 2 1
1 22.17 12.12 2 8 4 3.335 0 1 2 1 2 180 174 0
0 33.25 2.5 1 8 4 2.5 0 0 0 1 2 0 3 0
1 25.5 0.37 2 7 4 0.25 1 1 3 0 2 260 15109 1
0 27.17 1.25 2 1 1 0 0 1 1 0 2 92 301 0
1 74.83 19 1 1 1 0.04 0 1 2 0 2 0 352 0
0 40.83 3.5 2 3 5 0.5 0 0 0 0 1 1160 1 0
1 39.92 6.21 2 11 4 0.04 1 1 1 0 2 200 301 1
0 23.58 0.83 2 11 4 0.415 0 1 1 1 2 200 12 0
1 39.83 0.5 2 7 4 0.25 1 0 0 0 1 288 1 0
1 20.42 1.08 2 11 4 1.5 0 0 0 0 2 108 8 0
0 20.42 7.5 2 4 4 1.5 1 1 1 0 2 160 235 1
1 30.33 0.5 2 2 8 0.085 0 0 0 1 1 252 1 0
0 38.25 6 2 4 4 1 1 0 0 1 2 0 1 1
1 18.17 2.46 2 8 7 0.96 0 1 2 1 2 160 588 0
1 28.25 0.87 2 7 4 0.96 1 1 3 1 2 396 1 1
1 37.33 2.66 2 13 4 0.165 0 0 0 1 2 0 502 0
0 64.08 0.16 2 1 1 0 1 1 1 0 2 232 101 1
1 44.83 7 1 8 4 1.625 0 0 0 0 2 160 3 0
0 24.5 2.41 1 8 4 0 0 0 0 0 2 120 1 0
1 80.25 5.5 2 8 4 0.54 1 0 0 0 2 0 341 0
0 23.42 0.79 1 11 4 1.5 1 1 2 1 2 80 401 1
1 22.08 0.83 2 8 8 2.165 0 0 0 1 2 128 1 1
1 20.07 0.25 2 11 4 0.125 0 0 0 0 2 200 1 0
1 17.67 4.46 2 8 4 0.25 0 0 0 0 1 80 1 0
1 33.5 1.75 2 14 8 4.5 1 1 4 1 2 253 858 1
0 22.67 0.75 2 8 4 2 0 1 2 1 2 200 395 0
1 28.25 0.87 2 7 4 0.96 1 1 3 1 2 396 1 1
1 24.58 1.25 2 8 4 0.25 0 0 0 0 2 110 1 0
1 37.33 6.5 2 7 8 4.25 1 1 12 1 2 93 1 1
1 31.42 15.5 2 8 4 0.5 1 0 0 0 2 120 1 0
0 20.07 0.12 2 11 4 1 0 1 1 0 2 240 769 1
0 19.67 0.21 2 11 8 0.29 1 1 11 0 2 80 100 1
1 28.58 3.62 2 6 4 0.25 0 0 0 1 2 100 1 0
1 26.17 12.5 1 4 8 1.25 0 0 0 1 2 0 18 0
1 16.32 4.08 2 3 8 0.415 0 0 0 1 2 120 1 0
1 34.75 15 2 12 7 5.375 1 1 9 1 2 0 135 1
1 32.25 0.16 1 8 8 3.25 1 1 1 1 2 432 8001 1
1 27 1.5 1 9 4 0.375 1 0 0 1 2 260 1066 1
1 59.67 1.54 2 11 4 0.125 1 0 0 1 2 260 1 1
1 31.08 1.5 1 9 4 0.04 0 0 0 0 1 160 1 0
1 47.17 5.83 2 9 4 5.5 0 0 0 0 2 465 151 0
0 38.58 5 2 13 4 13.5 1 0 0 1 2 980 1 0
0 55.75 7.08 2 4 8 6.75 1 1 3 1 2 100 51 0
0 33.25 2.5 1 8 4 2.5 0 0 0 1 2 0 3 0
1 18.07 5.5 2 4 4 0.5 1 0 0 0 2 80 1 1
1 16.92 0.33 1 4 4 0.29 0 0 0 0 1 200 1 0
1 21 3 1 2 4 1.085 1 1 8 1 2 160 2 1
1 64.08 20 2 14 8 17.5 1 1 9 1 2 0 1001 1
1 37.5 0.83 2 10 4 0.04 0 0 0 0 2 120 6 0
1 20.67 0.41 2 8 4 0.125 0 0 0 0 2 0 45 0
1 20.5 2.41 2 8 4 2 1 1 11 1 2 200 3001 1
1 35.17 4.5 2 14 8 5.75 0 0 0 1 1 711 1 1
0 52.5 7 2 6 8 3 0 0 0 0 2 0 1 0
0 31.57 3.5 2 2 4 3 1 0 0 1 2 300 1 0
0 49 1.5 2 5 3 0 1 0 0 1 2 100 28 0
1 27.83 1.54 2 9 4 3.75 1 1 5 1 2 100 4 1
1 25 12 2 4 4 2.25 1 1 2 1 2 120 6 0
0 22.83 2.29 2 11 8 2.29 1 1 7 1 2 140 2385 1
1 23.5 3.16 1 4 4 0.415 0 1 1 1 2 280 81 0
1 27.25 1.58 2 13 8 1.835 1 1 12 1 2 583 714 1
1 43.25 25.21 2 11 8 0.21 1 1 1 0 2 760 91 0
0 57.58 2 2 1 1 6.5 0 1 1 0 2 0 11 0
1 19.42 7.25 2 7 4 0.04 0 1 1 0 2 100 2 0
1 28.67 14.5 2 2 4 0.125 0 0 0 0 2 0 287 0
1 26.75 1.12 2 14 8 1.25 1 0 0 0 2 0 5299 1
1 27.58 3.25 1 11 8 5.085 0 1 2 1 2 369 2 0
1 18.07 6.75 1 7 4 0.04 0 0 0 0 2 140 1 0
1 36.17 0.42 1 9 4 0.29 0 0 0 1 2 309 3 0
1 34.5 4.04 1 3 5 8.5 1 1 7 1 2 195 1 1
1 19.67 0.37 2 11 4 2 1 1 2 1 2 80 1 1
1 34.42 4.25 2 3 5 3.25 1 1 2 0 2 274 611 1
1 30.17 0.5 2 8 4 1.75 1 1 11 0 2 32 541 1
1 19 1.75 1 8 4 2.335 0 0 0 1 2 112 7 0
1 20.17 9.25 2 8 4 1.665 1 1 3 1 2 40 29 1
0 19.5 0.16 2 11 4 0.04 0 0 0 1 2 380 1 0
0 50.08 12.54 2 6 4 2.29 1 1 3 1 2 156 1 1
0 50.25 0.83 2 6 4 0.5 0 0 0 1 2 240 118 0
1 34.17 2.75 2 3 5 2.5 0 0 0 1 2 232 201 0
0 17.32 9.5 2 6 4 1.75 0 1 10 1 2 0 11 0
0 38.75 1.5 2 1 1 0 0 0 0 0 2 76 1 0
1 33.58 2.75 2 7 4 4.25 1 1 6 0 2 204 1 1
0 23.42 0.79 1 11 4 1.5 1 1 2 1 2 80 401 1
1 22.17 0.58 1 1 1 0 0 0 0 0 2 100 1 0
1 52.33 1.37 1 8 8 9.46 1 0 0 1 2 200 101 0
1 18.67 5 2 11 4 0.375 1 1 2 0 2 0 39 0
0 50.25 0.83 2 6 4 0.5 0 0 0 1 2 240 118 0
1 31.08 3.08 2 8 4 2.5 0 1 2 1 2 160 42 0
1 32 1.75 1 10 8 0.04 1 0 0 1 2 393 1 1
0 26.08 8.66 2 6 4 1.415 1 0 0 0 2 160 151 1
0 34.83 1.25 1 3 8 0.5 0 0 0 1 2 160 1 0
1 22 7.83 1 3 5 0.165 0 0 0 1 2 184 1 0
0 21.5 6 2 6 4 2.5 1 1 3 0 2 80 919 1
1 31.57 4 1 3 4 0.085 0 0 0 1 2 411 1 0
1 28.67 14.5 2 2 4 0.125 0 0 0 0 2 0 287 0
1 23.17 0 2 13 4 0.085 1 0 0 0 2 0 1 1
0 20.5 11.83 2 8 8 6 1 0 0 0 2 340 1 1
1 27.25 1.58 2 13 8 1.835 1 1 12 1 2 583 714 1
1 23.08 2.5 2 1 1 0.085 0 0 0 1 2 100 4209 0
1 21 4.79 1 9 4 2.25 1 1 1 1 2 80 301 1
1 23 0.75 2 7 4 0.5 0 0 0 1 1 320 1 0
0 20.07 0.12 2 11 4 1 0 1 1 0 2 240 769 1
1 27.83 1.54 2 9 4 3.75 1 1 5 1 2 100 4 1
1 21.83 0.25 2 2 8 0.665 1 0 0 1 2 0 1 1
1 23.5 3.16 1 4 4 0.415 0 1 1 1 2 280 81 0
1 31.57 0.04 1 2 4 4.25 0 0 0 1 2 460 1 0
1 25.83 12.83 2 13 4 0.5 0 0 0 0 2 0 3 0
1 24.33 6.62 1 2 4 5.5 1 0 0 1 1 100 1 1
1 23.25 1.5 2 11 4 2.375 1 1 3 1 2 0 583 1
1 48.58 6.5 2 11 8 6 1 0 0 1 2 350 1 1
1 22.92 0.17 2 7 4 0.085 0 0 0 0 1 0 1 0
0 40.33 7.54 1 11 8 8 1 1 14 0 2 0 2301 1
1 51.33 10 2 3 5 0 1 1 11 0 2 0 1250 1
1 27.75 1.29 2 4 8 0.25 0 0 0 1 1 140 1 0
0 65.17 14 2 1 1 0 1 1 11 1 2 0 1401 1
0 57.58 2 2 1 1 6.5 0 1 1 0 2 0 11 0
1 25 11.25 2 8 4 2.5 1 1 17 0 2 200 1209 1
0 40.83 10 2 11 8 1.75 1 0 0 0 2 29 838 1
1 24.58 1.25 2 8 4 0.25 0 0 0 0 2 110 1 0
1 58.58 2.71 2 8 4 2.415 0 0 0 1 2 320 1 0
0 64.08 0.16 2 1 1 0 1 1 1 0 2 232 101 1
1 34.17 2.75 2 3 5 2.5 0 0 0 1 2 232 201 0
0 58.42 21 2 3 5 10 1 1 13 0 2 0 6701 1

