0 25.58 0 2 8 4 0 0 0 0 0 3 184 1 1
0 33.75 0.75 2 4 5 1 1 1 3 1 2 212 1 0
0 23.5 9 2 11 4 8.5 1 1 5 1 2 120 1 1
0 22.92 1.25 2 11 4 0.25 0 0 0 1 2 120 810 0
1 31.57 3 1 3 5 7 0 0 0 0 2 0 2 0
1 31.57 4 1 3 4 0.085 0 0 0 1 2 411 1 0
1 26.75 1.12 2 14 8 1.25 1 0 0 0 2 0 5299 1
1 34.25 3 2 13 8 7.415 1 0 0 1 2 0 1 1
1 30.17 1.08 1 8 4 0.04 0 0 0 0 2 170 180 0
0 25 12.33 2 13 8 3.5 1 1 6 0 2 400 459 1
0 38.58 5 2 13 4 13.5 1 0 0 1 2 980 1 0
1 23.92 0.58 1 13 8 0.125 0 0 0 0 2 240 2 0
1 31.57 4 1 3 4 0.085 0 0 0 1 2 411 1 0
1 47.33 6.5 2 8 4 1 0 0 0 1 2 0 229 0
1 25.67 0.28 1 8 4 1.5 0 0 0 1 2 160 1 0
1 37.17 4 2 8 5 5 1 0 0 1 1 280 1 0
0 47 13 2 3 5 5.165 1 1 9 1 2 0 1 1
1 18.82 0.41 1 8 4 0.165 0 1 1 0 2 200 2 0
1 36.75 0.12 1 8 4 1.5 0 0 0 1 2 232 114 1
1 31.67 16.16 2 2 4 3 1 1 9 0 2 250 731 1
0 23 1.83 2 5 3 0 0 1 1 0 2 200 54 0
1 26.17 0.83 2 13 4 1.165 0 0 0 0 2 100 1 0
1 47.67 2.5 2 7 5 2.5 1 1 12 1 2 410 2511 1
1 18.32 1.21 1 10 2 0 0 0 0 0 2 100 1 0
1 22.67 0.16 2 8 3 2.25 0 0 0 1 1 0 1 1
1 25.33 0.57 2 8 4 0.29 1 1 7 1 2 96 5125 1
1 25 12.5 2 6 4 3 1 0 0 1 1 20 1 1
1 28.67 9.33 2 11 8 5.665 1 1 6 0 2 381 169 1
0 35.42 12 2 11 8 14 1 1 8 0 2 0 6591 1
1 60.08 14.5 2 1 1 18 1 1 15 1 2 0 1001 1
0 60.58 16.5 2 11 4 11 1 0 0 1 2 21 10562 1
1 23.08 2.5 2 1 1 0.085 0 0 0 1 2 100 4209 0
1 31 2.08 2 8 4 0.085 0 0 0 0 2 300 1 0
1 32.33 7.5 2 10 5 1.585 1 0 0 1 1 420 1 0
1 44.25 0.5 2 7 4 10.75 1 0 0 0 1 400 1 0
1 34 5.08 1 3 5 1.085 0 0 0 1 2 480 1 0
0 17.92 0.54 2 8 4 1.75 0 1 1 1 2 80 6 0
1 29.92 1.83 2 8 8 4.335 1 0 0 0 2 260 201 1
0 20.32 10 2 8 8 1 1 1 4 0 2 50 1466 1
0 20.07 1.25 2 8 4 0 0 0 0 0 2 0 1 0
0 40.33 7.54 1 11 8 8 1 1 14 0 2 0 2301 1
0 26.08 8.66 2 6 4 1.415 1 0 0 0 2 160 151 1
1 26 1 2 11 4 1.75 1 0 0 1 2 280 1 1
1 21 3 1 2 4 1.085 1 1 8 1 2 160 2 1
1 23.17 0 2 13 4 0.085 1 0 0 0 2 0 1 1
1 25.67 2.21 1 6 4 4 1 0 0 0 2 188 1 0
0 24.5 1.75 1 8 4 0.165 0 0 0 0 2 132 1 0
1 36.25 5 2 8 5 2.5 1 1 6 0 2 0 368 1
1 32.25 14 1 1 1 0 0 1 2 0 2 160 2 0
1 35 3.37 2 8 8 8.29 0 0 0 1 2 0 1 0
0 22.92 11.58 2 13 4 0.04 1 0 0 0 2 80 1350 1
1 36.17 5.5 2 3 5 5 0 0 0 0 2 210 688 0
1 21.17 0.87 1 8 8 0.25 0 0 0 0 2 280 205 0
1 21 4.79 1 9 4 2.25 1 1 1 1 2 80 301 1
1 27.58 3.25 1 11 8 5.085 0 1 2 1 2 369 2 0
1 23 0.75 2 7 4 0.5 0 0 0 1 1 320 1 0
1 25 12.5 2 6 4 3 1 0 0 1 1 20 1 1
0 18.25 10 2 9 4 1 0 1 1 0 2 120 2 0
1 48.58 6.5 2 11 8 6 1 0 0 1 2 350 1 1
1 23.25 4 2 8 5 0.25 1 0 0 1 2 160 1 1
1 22.17 2.25 2 3 4 0.125 0 0 0 0 2 160 11 0
1 43.25 25.21 2 11 8 0.21 1 1 1 0 2 760 91 0
0 33.67 0.37 2 13 4 0.375 0 0 0 0 2 300 45 1
0 45 4.58 2 4 8 1 0 0 0 1 1 240 1 0
1 56 12.5 2 4 8 8 1 0 0 1 2 24 2029 1
0 28.58 1.66 2 11 4 2.415 1 0 0 1 2 440 1 0
1 17.07 3.29 2 3 4 0.335 0 0 0 1 2 140 3 0
1 25.67 0.28 1 8 4 1.5 0 0 0 1 2 160 1 0
0 20.42 10.5 1 14 8 0 0 0 0 1 2 154 33 0
1 19.17 0 1 7 5 0 0 0 0 1 1 500 2 1
1 21.33 10.5 2 8 4 3 1 0 0 1 2 0 1 1
1 36.25 5 2 8 5 2.5 1 1 6 0 2 0 368 1
1 26.92 2.25 2 3 5 0.5 0 0 0 1 2 640 4001 0
1 20.67 0.41 2 8 4 0.125 0 0 0 0 2 0 45 0
1 19.42 7.25 2 7 4 0.04 0 1 1 0 2 100 2 0
1 22.58 10.03 2 14 4 0.04 1 1 9 0 2 60 397 1
1 19.67 0.37 2 11 4 2 1 1 2 1 2 80 1 1
1 31.67 16.16 2 2 4 3 1 1 9 0 2 250 731 1
1 24.17 0.87 2 11 4 4.625 1 1 2 1 2 520 2001 1
0 23.5 9 2 11 4 8.5 1 1 5 1 2 120 1 1
1 24.58 13.5 1 1 1 0 0 0 0 0 2 184 1 0
1 31.57 0.04 1 2 4 4.25 0 0 0 1 2 460 1 0
1 30.33 0.5 2 2 8 0.085 0 0 0 1 1 252 1 0
0 28.17 0.58 2 6 4 0.04 0 0 0 0 2 260 1005 0
1 42.75 3 2 3 5 1 1 0 0 0 2 0 201 0
1 30.58 2.71 1 7 4 0.125 0 0 0 1 1 80 1 0
1 20.42 1.08 2 11 4 1.5 0 0 0 0 2 108 8 0
1 56 12.5 2 4 8 8 1 0 0 1 2 24 2029 1
1 64.08 20 2 14 8 17.5 1 1 9 1 2 0 1001 1
0 24.75 12.5 2 6 4 1.5 1 1 12 1 2 120 568 1
0 21.75 1.75 1 5 3 0 0 0 0 0 2 160 1 0
1 22.08 0.83 2 8 8 2.165 0 0 0 1 2 128 1 1
1 34.25 1.75 2 9 5 0.25 1 0 0 1 2 163 1 0
0 21.67 11.5 1 5 3 0 1 1 11 1 2 0 1 1
1 37.17 4 2 8 5 5 1 0 0 1 1 280 1 0
1 36.33 3.79 2 9 4 1.165 1 0 0 1 2 200 1 0
0 51.92 6.5 2 3 5 3.085 0 0 0 1 2 73 1 0
0 28.58 1.66 2 11 4 2.415 1 0 0 1 2 440 1 0
0 21.75 11.75 2 8 4 0.25 0 0 0 1 2 180 1 0
1 19.17 0 1 7 5 0 0 0 0 1 1 500 2 1
0 27.67 2.04 2 9 4 0.25 0 0 0 1 2 180 51 0
1 47.67 0.28 2 8 5 15 1 1 20 0 2 0 15001 1
1 25.92 0.87 2 4 4 0.375 0 1 2 1 2 174 4 0
0 18.75 7.5 2 11 4 2.71 1 1 5 0 2 184 26727 1
1 22.67 1.58 1 9 4 3.085 1 1 6 0 2 80 1 1
1 39.42 1.71 1 7 4 0.165 0 0 0 0 1 400 1 0
1 43.25 3 2 11 8 6 1 1 11 0 2 80 1 1
1 52.5 6.5 2 4 4 6.29 1 1 15 0 2 0 11203 1
0 18.75 7.5 2 11 4 2.71 1 1 5 0 2 184 26727 1
1 22.75 11.5 2 3 4 0.415 0 0 0 0 2 0 1 0
0 28.58 1.66 2 11 4 2.415 1 0 0 1 2 440 1 0
1 26.75 4.5 1 8 5 2.5 0 0 0 0 2 200 1211 0
1 36.42 0.75 1 2 4 0.585 0 0 0 0 2 240 4 0
0 47.75 8 2 8 4 7.875 1 1 6 1 2 0 1261 1
1 44 2 2 7 4 1.75 1 1 2 1 2 0 16 1
1 36.67 2 2 3 4 0.25 0 0 0 1 2 221 1 0
1 54.83 15.5 2 10 9 0 1 1 20 0 2 152 131 0
1 80.25 5.5 2 8 4 0.54 1 0 0 0 2 0 341 0
0 20.07 1.25 2 8 4 0 0 0 0 0 2 0 1 0
1 19.42 1.5 1 13 4 2 1 0 0 1 2 100 21 0
0 27.67 1.5 2 7 4 2 1 0 0 0 1 368 1 0
1 21.67 1.16 1 4 4 2.5 1 1 1 0 2 180 21 0
1 33.17 3.16 1 14 4 3.165 1 1 3 1 2 380 1 1
0 55.75 7.08 2 4 8 6.75 1 1 3 1 2 100 51 0
1 20 1.25 1 4 4 0.125 0 0 0 0 2 140 5 0
1 21.92 0.54 1 14 4 0.04 1 1 1 1 2 840 60 1
0 40.33 7.54 1 11 8 8 1 1 14 0 2 0 2301 1
1 26.17 0.25 2 3 5 0 1 0 0 1 2 0 1 1
0 55.75 7.08 2 4 8 6.75 1 1 3 1 2 100 51 0
0 56.83 4.25 1 1 1 5 0 0 0 1 2 0 5 0
1 17.07 0.08 1 8 4 0.04 0 0 0 0 2 140 723 0
0 17.57 9 2 6 4 1.375 1 0 0 1 2 0 1 1
0 25 11 1 6 4 4.5 1 0 0 0 2 120 1 0
0 20.5 11.83 2 8 8 6 1 0 0 0 2 340 1 1
1 39.92 0.54 1 6 4 0.5 1 1 3 0 2 200 1001 1
1 52.42 1.5 2 2 4 3.75 0 0 0 1 2 0 351 0
1 44.83 7 1 8 4 1.625 0 0 0 0 2 160 3 0
1 36.17 18.12 2 9 4 0.085 0 0 0 0 2 320 3553 0
1 42.17 5.04 2 11 8 12.75 1 0 0 1 2 92 1 1
1 24.08 9 2 6 4 0.25 0 0 0 1 2 0 1 0
1 15.17 7 2 10 4 1 0 0 0 0 2 600 1 0
0 25.17 2.87 2 14 8 0.875 1 0 0 0 2 360 1 1
1 58.58 2.71 2 8 4 2.415 0 0 0 1 2 320 1 0
1 37.58 0 2 8 4 0 0 0 0 0 3 184 1 1
1 25.25 1 2 6 4 0.5 0 0 0 0 2 200 1 0
1 35.75 2.41 2 9 4 0.125 0 1 2 0 2 220 2 0
0 23.58 11.5 1 4 8 3 0 0 0 1 2 20 17 0
0 28.42 3.5 2 9 4 0.835 1 0 0 0 1 280 1 1
0 50.08 12.54 2 6 4 2.29 1 1 3 1 2 156 1 1
0 36.75 4.71 2 1 1 0 0 0 0 0 2 160 1 0
1 24.5 13.33 1 6 4 0.04 0 0 0 1 2 120 476 0
1 43.17 2.25 2 3 5 0.75 1 0 0 0 2 560 1 0
1 34.83 4 2 2 5 12.5 1 0 0 1 2 184 1 0
1 47.17 5.83 2 9 4 5.5 0 0 0 0 2 465 151 0
1 25.75 0.75 2 8 5 0.25 1 0 0 0 2 349 24 1
0 20.07 0.12 2 11 4 1 0 1 1 0 2 240 769 1
0 16.32 0.21 2 6 4 0.125 0 0 0 0 2 200 2 0
1 23.92 1.5 2 2 8 1.875 1 1 6 0 2 200 328 1
0 24.75 3 2 11 8 1.835 1 1 19 0 2 0 501 1
1 22.75 11 2 11 4 2.5 1 1 7 1 2 100 810 1
1 22.67 0.16 2 8 3 2.25 0 0 0 1 1 0 1 1
1 29.83 2.04 1 14 8 0.04 0 0 0 0 2 128 2 0
1 48.58 6.5 2 11 8 6 1 0 0 1 2 350 1 1
0 23 1.83 2 5 3 0 0 1 1 0 2 200 54 0
0 26.92 13.5 2 11 8 5 1 1 2 0 2 0 5001 1

