0 17.57 9 2 6 4 1.375 1 0 0 1 2 0 1 1
1 43.25 3 2 11 8 6 1 1 11 0 2 80 1 1
1 35.25 3.16 2 14 8 3.75 1 0 0 1 2 680 1 0
1 20.67 1.25 1 8 8 1.375 1 1 3 1 2 140 211 0
1 29.67 1.41 2 9 8 0.75 1 1 1 0 2 240 101 1
1 51.42 0.04 2 14 8 0.04 1 0 0 0 2 0 3001 1
0 55.75 7.08 2 4 8 6.75 1 1 3 1 2 100 51 0
0 46.67 0.46 2 13 8 0.415 1 1 11 1 2 440 7 1
0 69.5 6 2 1 1 0 0 0 0 0 1 0 1 0
1 18.5 2 2 3 4 1.5 1 1 2 0 2 120 301 1
0 24.5 12.75 2 8 5 4.75 1 1 2 0 2 73 445 1
1 31 2.08 2 8 4 0.085 0 0 0 0 2 300 1 0
1 33.67 2.16 2 8 4 1.5 0 0 0 0 3 120 1 0
1 35 3.37 2 8 8 8.29 0 0 0 1 2 0 1 0
1 25.67 0.28 1 8 4 1.5 0 0 0 1 2 160 1 0
1 53.92 9.62 2 10 4 8.665 1 1 5 0 2 0 1 1
0 20.75 10.25 2 11 4 0.71 1 1 2 1 2 49 1 1
1 13.75 4 1 9 4 1.75 1 1 2 1 2 120 1001 1
1 34.92 2.5 2 9 4 0 1 0 0 1 2 239 201 1
1 48.58 6.5 2 11 8 6 1 0 0 1 2 350 1 1
1 36.42 0.75 1 2 4 0.585 0 0 0 0 2 240 4 0
0 52.17 0 1 1 1 0 0 0 0 0 2 0 1 0
1 34.75 2.5 2 13 5 0.5 0 0 0 0 2 348 1 0
0 16.5 1.25 2 11 4 0.25 0 1 1 0 2 108 99 0
1 38.25 10.12 1 4 4 0.125 0 0 0 0 2 160 1 0
1 13.75 4 1 9 4 1.75 1 1 2 1 2 120 1001 1
0 18.25 10 2 9 4 1 0 1 1 0 2 120 2 0
0 21.67 11.5 1 5 3 0 1 1 11 1 2 0 1 1
0 32.33 0.54 2 13 4 0.04 1 0 0 0 2 440 11178 1
0 28.67 1.04 2 8 4 2.5 1 1 5 1 2 300 1431 1
0 28.5 3.04 1 14 8 2.54 1 1 1 0 2 70 1 1
0 21.75 1.75 1 5 3 0 0 0 0 0 2 160 1 0
0 22.67 0.79 2 3 4 0.085 0 0 0 0 2 144 1 0
0 34.83 1.25 1 3 8 0.5 0 0 0 1 2 160 1 0
0 69.5 6 2 1 1 0 0 0 0 0 1 0 1 0
0 18.82 9.53 2 6 4 0.085 1 0 0 0 2 100 1 1
1 37.33 2.66 2 13 4 0.165 0 0 0 1 2 0 502 0
0 20.67 3 2 11 4 0.165 1 1 3 0 2 100 7 1
1 51.83 2.04 1 1 1 1.5 0 0 0 0 2 120 2 0
0 21.08 5 1 1 1 0 0 0 0 0 2 0 1 0
1 25.42 0.54 2 9 4 0.165 0 1 1 0 2 272 445 0
0 18.82 9.5 2 9 4 1.625 1 1 6 1 2 40 601 1
0 30.42 1.37 2 9 8 0.04 0 1 3 0 2 0 34 0
1 27.83 1.5 2 9 4 2.25 0 1 1 1 2 100 4 0
1 23.58 1.79 2 8 4 0.54 0 0 0 1 2 136 2 0
1 42.75 4.08 2 6 4 0.04 0 0 0 0 2 108 101 0
1 23.25 1.5 2 11 4 2.375 1 1 3 1 2 0 583 1
1 23.92 0.66 2 8 4 0.165 0 0 0 0 2 100 1 1
0 19.17 8.58 2 13 8 0.75 1 1 7 0 2 96 1 1
1 19.17 4 1 3 4 1 0 0 0 1 2 360 1001 0
1 29.67 0.75 1 8 4 0.04 0 0 0 0 2 240 1 0
1 34.92 2.5 2 9 4 0 1 0 0 1 2 239 201 1
1 28.75 1.16 2 4 4 0.5 1 0 0 0 1 280 1 0
0 17.92 10.21 2 1 1 0 0 0 0 0 2 0 51 0
1 24.58 1.25 2 8 4 0.25 0 0 0 0 2 110 1 0
0 20.67 1.83 2 11 4 2.085 1 1 5 0 2 220 2504 1
0 26.17 2 2 5 3 0 0 0 0 1 2 276 2 0
0 24.83 4.5 2 9 4 1 0 0 0 1 2 360 7 0
1 26.17 12.5 1 4 8 1.25 0 0 0 1 2 0 18 0
1 25.67 0.28 1 8 4 1.5 0 0 0 1 2 160 1 0
0 69.5 6 2 1 1 0 0 0 0 0 1 0 1 0
1 26.17 0.25 2 3 5 0 1 0 0 1 2 0 1 1
0 22.5 8.5 2 11 4 1.75 1 1 10 0 2 80 991 0
0 27.58 3 2 7 4 2.79 0 1 1 1 2 280 11 0
1 23.25 1.5 2 11 4 2.375 1 1 3 1 2 0 583 1
0 15.83 0.58 2 8 8 1.5 1 1 2 0 2 100 1 1
1 39.17 1.62 2 8 4 1.5 1 1 10 0 2 186 4701 1
0 26.08 8.66 2 6 4 1.415 1 0 0 0 2 160 151 1
1 32.75 2.33 2 2 8 5.75 0 0 0 1 2 292 1 0
0 46.67 0.46 2 13 8 0.415 1 1 11 1 2 440 7 1
1 21.33 10.5 2 8 4 3 1 0 0 1 2 0 1 1
1 19.17 9.5 2 9 4 1.5 1 0 0 0 2 120 2207 1
1 32.08 4 2 7 4 2.5 1 0 0 1 2 360 1 1
1 31.57 4 1 3 4 0.085 0 0 0 1 2 411 1 0
0 16.32 0.21 2 6 4 0.125 0 0 0 0 2 200 2 0
1 31.25 1.12 2 1 1 0 0 1 1 0 2 96 20 0
1 37.42 2.04 2 9 4 0.04 1 0 0 1 2 400 5801 1
1 36.67 3.25 2 11 8 9 1 0 0 1 2 102 640 1
1 16.32 4.08 2 3 8 0.415 0 0 0 1 2 120 1 0
0 23.58 0.58 1 1 1 0.125 0 0 0 0 2 120 88 0
0 20.75 10.25 2 11 4 0.71 1 1 2 1 2 49 1 1
1 41.42 5 2 11 8 5 1 1 6 1 2 470 1 1
1 37.5 1.12 1 2 4 1.5 0 0 0 1 2 431 1 1
1 27.58 3.25 1 11 8 5.085 0 1 2 1 2 369 2 0
1 51.83 2.04 1 1 1 1.5 0 0 0 0 2 120 2 0
1 31.57 0.04 1 2 4 4.25 0 0 0 1 2 460 1 0
1 22.25 0.46 2 4 4 0.125 0 0 0 1 2 280 56 0
1 30.75 1.58 2 2 4 0.585 0 0 0 1 1 0 1 0
1 42 9.78 2 14 8 7.96 1 1 8 0 2 0 1 1
0 16.32 0.21 2 6 4 0.125 0 0 0 0 2 200 2 0
0 27.58 3 2 7 4 2.79 0 1 1 1 2 280 11 0
1 25.25 1 2 6 4 0.5 0 0 0 0 2 200 1 0
0 33.92 1.58 1 1 1 0 1 0 0 0 2 320 1 0
1 20.67 0.41 2 8 4 0.125 0 0 0 0 2 0 45 0
1 42.75 4.08 2 6 4 0.04 0 0 0 0 2 108 101 0
1 25.67 0.28 1 8 4 1.5 0 0 0 1 2 160 1 0
1 20.17 5.62 2 9 4 1.71 1 0 0 0 1 120 1 1
1 17.42 6.5 2 3 4 0.125 0 0 0 0 2 60 101 0
1 37.17 4 2 8 5 5 1 0 0 1 1 280 1 0
1 19.5 9.58 2 6 4 0.79 0 0 0 0 2 80 351 0
1 31.83 0.04 1 7 4 0.04 0 0 0 0 2 0 1 0
0 17.92 0.54 2 8 4 1.75 0 1 1 1 2 80 6 0
1 28.25 5.04 1 8 5 1.5 1 1 8 1 2 144 8 1
0 29.5 1.08 1 14 4 1 0 0 0 0 2 280 14 0
0 24.08 0.5 2 11 8 1.25 1 1 1 0 2 0 679 1
1 43.17 5 2 3 5 2.25 0 0 0 1 2 141 1 0
1 19.42 7.25 2 7 4 0.04 0 1 1 0 2 100 2 0
0 18.25 10 2 9 4 1 0 1 1 0 2 120 2 0
1 34.08 0.08 1 7 5 0.04 1 1 1 1 2 280 2001 1
0 24.5 2.41 1 8 4 0 0 0 0 0 2 120 1 0
1 39.17 1.62 2 8 4 1.5 1 1 10 0 2 186 4701 1
1 60.08 14.5 2 1 1 18 1 1 15 1 2 0 1001 1
1 39.83 0.5 2 7 4 0.25 1 0 0 0 1 288 1 0
1 37.17 4 2 8 5 5 1 0 0 1 1 280 1 0
1 31.57 3 1 3 5 7 0 0 0 0 2 0 2 0
1 23.42 1 2 8 4 0.5 0 0 0 1 1 280 1 0
1 19.67 0.37 2 11 4 2 1 1 2 1 2 80 1 1
0 17.92 0.54 2 8 4 1.75 0 1 1 1 2 80 6 0
0 22.5 0.41 2 3 4 0.335 0 0 0 1 1 144 1 0
0 28.58 3.54 2 3 5 0.5 1 0 0 1 2 171 1 0
0 18.57 10 2 2 4 0.415 0 0 0 0 2 80 43 0
1 34.67 1.08 2 7 4 1.165 0 0 0 0 1 28 1 0
1 31.83 0.04 1 7 4 0.04 0 0 0 0 2 0 1 0
0 34.83 1.25 1 3 8 0.5 0 0 0 1 2 160 1 0
1 23.5 3.16 1 4 4 0.415 0 1 1 1 2 280 81 0
1 33.58 2.75 2 7 4 4.25 1 1 6 0 2 204 1 1
1 24.08 9 2 6 4 0.25 0 0 0 1 2 0 1 0
0 33.92 1.58 1 1 1 0 1 0 0 0 2 320 1 0
1 27 0.75 2 8 8 4.25 1 1 3 1 2 312 151 1
1 26.17 0.83 2 13 4 1.165 0 0 0 0 2 100 1 0
1 26.33 13 2 10 2 0 0 0 0 1 2 140 1111 0
1 27.83 1.54 2 9 4 3.75 1 1 5 1 2 100 4 1
1 17.07 3.29 2 3 4 0.335 0 0 0 1 2 140 3 0
1 20.67 0.41 2 8 4 0.125 0 0 0 0 2 0 45 0
1 48.08 6.04 2 4 4 0.04 0 0 0 0 2 0 2691 1
0 15.83 7.62 2 11 4 0.125 0 1 1 1 2 0 161 0
1 24.33 6.62 1 2 4 5.5 1 0 0 1 1 100 1 1
0 27.58 3 2 7 4 2.79 0 1 1 1 2 280 11 0
1 23.58 1.79 2 8 4 0.54 0 0 0 1 2 136 2 0
1 21.92 0.54 1 14 4 0.04 1 1 1 1 2 840 60 1
0 18.82 9.53 2 6 4 0.085 1 0 0 0 2 100 1 1
1 23.08 0 2 4 4 1 0 1 11 0 1 0 1 0
1 29.67 1.41 2 9 8 0.75 1 1 1 0 2 240 101 1
0 23.58 0.58 1 1 1 0.125 0 0 0 0 2 120 88 0
1 51.83 2.04 1 1 1 1.5 0 0 0 0 2 120 2 0
0 16.5 1.25 2 11 4 0.25 0 1 1 0 2 108 99 0
1 20.17 9.25 2 8 4 1.665 1 1 3 1 2 40 29 1
1 69.17 9 2 1 1 4 0 1 1 0 2 70 7 0
1 19.42 7.25 2 7 4 0.04 0 1 1 0 2 100 2 0
1 28.75 1.5 1 8 4 1.5 1 0 0 1 2 0 226 0
1 23.33 1.5 2 8 8 1.415 1 0 0 0 2 422 201 1
1 30.75 1.58 2 2 4 0.585 0 0 0 1 1 0 1 0
0 33.25 2.5 1 8 4 2.5 0 0 0 1 2 0 3 0
0 19.67 0.21 2 11 8 0.29 1 1 11 0 2 80 100 1
1 19.17 4 1 3 4 1 0 0 0 1 2 360 1001 0
0 29.58 1.75 1 4 4 1.25 0 0 0 1 2 280 1 0
0 52.5 7 2 6 8 3 0 0 0 0 2 0 1 0
1 32.33 7.5 2 10 5 1.585 1 0 0 1 1 420 1 0
0 47.42 8 2 10 5 6.5 1 1 6 0 2 375 51101 1
1 40 6.5 2 6 5 3.5 1 1 1 0 2 0 501 1
0 33.67 0.37 2 13 4 0.375 0 0 0 0 2 300 45 1
1 54.42 0.5 1 4 8 3.96 1 0 0 0 2 180 315 1
1 20.17 9.25 2 8 4 1.665 1 1 3 1 2 40 29 1
0 21.75 11.75 2 8 4 0.25 0 0 0 1 2 180 1 0
1 36.67 3.25 2 11 8 9 1 0 0 1 2 102 640 1

