1 23.25 1.5 2 11 4 2.375 1 1 3 1 2 0 583 1
0 18.57 10 2 2 4 0.415 0 0 0 0 2 80 43 0
1 21.33 10.5 2 8 4 3 1 0 0 1 2 0 1 1
1 27.75 1.29 2 4 8 0.25 0 0 0 1 1 140 1 0
1 33.58 0.25 2 3 5 4 0 0 0 1 1 420 1 0
1 40.92 0.5 1 7 4 0.5 0 0 0 1 2 130 1 0
1 25.67 2.21 1 6 4 4 1 0 0 0 2 188 1 0
0 27.25 0.28 2 7 8 0.125 0 1 1 1 2 272 109 0
1 51.42 0.04 2 14 8 0.04 1 0 0 0 2 0 3001 1
0 47.75 8 2 8 4 7.875 1 1 6 1 2 0 1261 1
1 37.5 1.75 1 8 5 0.25 1 0 0 1 2 164 401 0
1 20.5 10 1 8 4 2.5 1 0 0 0 1 40 1 1
0 22.67 0.33 2 11 4 0.75 0 0 0 0 1 160 1 0
1 30.33 0.5 2 2 8 0.085 0 0 0 1 1 252 1 0
1 31.57 0.5 2 8 5 0.835 1 0 0 1 1 320 1 0
0 22.83 2.29 2 11 8 2.29 1 1 7 1 2 140 2385 1
1 41.5 1.54 2 3 5 3.5 0 0 0 0 2 216 1 1
0 21.75 11.75 2 8 4 0.25 0 0 0 1 2 180 1 0
0 30 5.29 2 10 2 2.25 1 1 5 1 2 99 501 1
0 26.92 13.5 2 11 8 5 1 1 2 0 2 0 5001 1
1 38.42 0.7 2 8 4 0.375 0 1 2 0 2 225 501 0
1 17.07 0.08 1 8 4 0.04 0 0 0 0 2 140 723 0
0 24.5 1.75 1 8 4 0.165 0 0 0 0 2 132 1 0
1 35.25 3.16 2 14 8 3.75 1 0 0 1 2 680 1 0
1 34.42 1.33 2 3 5 0.125 0 0 0 1 2 440 4501 0
1 16.17 0.04 2 8 4 0.04 0 0 0 0 2 0 1 1
1 20.67 0.41 2 8 4 0.125 0 0 0 0 2 0 45 0
1 31.57 5 1 6 4 8.5 1 0 0 0 2 0 1 0
1 31.92 4.46 2 13 8 6.04 1 1 3 0 2 311 301 1
1 24.58 13.5 1 1 1 0 0 0 0 0 2 184 1 0
1 27.83 1.5 2 9 4 2.25 0 1 1 1 2 100 4 0
1 34.17 2.75 2 3 5 2.5 0 0 0 1 2 232 201 0
0 36.75 5.12 2 10 4 5 1 0 0 1 2 0 4001 1
1 35.17 4.5 2 14 8 5.75 0 0 0 1 1 711 1 1
1 27 1.5 1 9 4 0.375 1 0 0 1 2 260 1066 1
1 41 0.04 2 10 4 0.04 0 1 1 0 1 560 1 1
1 41.42 5 2 11 8 5 1 1 6 1 2 470 1 1
1 34.42 1.33 2 3 5 0.125 0 0 0 1 2 440 4501 0
0 22.83 2.29 2 11 8 2.29 1 1 7 1 2 140 2385 1
1 28 2 2 4 8 4.165 1 1 2 1 2 181 1 1
1 28.58 3.62 2 6 4 0.25 0 0 0 1 2 100 1 0
0 20.07 1.25 2 8 4 0 0 0 0 0 2 0 1 0
1 33.17 1.04 2 12 8 6.5 1 0 0 1 2 164 31286 1
1 22.75 11.5 2 3 4 0.415 0 0 0 0 2 0 1 0
1 21.83 0.25 2 2 8 0.665 1 0 0 1 2 0 1 1
0 58.33 10 2 11 4 4 1 1 14 0 2 0 1603 1
1 18.42 10.41 1 6 4 0.125 1 0 0 0 2 120 376 0
0 55.75 7.08 2 4 8 6.75 1 1 3 1 2 100 51 0
0 64.08 0.16 2 1 1 0 1 1 1 0 2 232 101 1
1 42.83 1.25 2 7 4 13.875 0 1 1 1 2 352 113 0
1 47.17 5.83 2 9 4 5.5 0 0 0 0 2 465 151 0
0 29.5 1.08 1 14 4 1 0 0 0 0 2 280 14 0
1 26.75 1.12 2 14 8 1.25 1 0 0 0 2 0 5299 1
1 26.75 2 2 2 4 0.75 0 0 0 1 2 80 1 0
1 23.92 0.58 1 13 8 0.125 0 0 0 0 2 240 2 0
1 22 0.79 2 9 4 0.29 0 1 1 0 2 420 284 0
1 18.17 2.46 2 8 7 0.96 0 1 2 1 2 160 588 0
0 24.5 2.41 1 8 4 0 0 0 0 0 2 120 1 0
1 23.08 11.5 2 3 4 3.5 1 1 9 0 2 56 743 1
0 58.67 4.46 2 11 8 3.04 1 1 6 0 2 43 561 1
1 17.07 0.08 1 8 4 0.04 0 0 0 0 2 140 723 0
0 18.07 0.37 3 13 1 10 0 0 0 1 1 300 1 1
1 59.5 2.75 2 9 4 1.75 1 1 5 1 2 60 59 1
0 30 5.29 2 10 2 2.25 1 1 5 1 2 99 501 1
1 36.08 2.54 2 1 1 0 0 0 0 0 2 0 1001 0
1 39.5 1.62 2 8 4 1.5 0 0 0 0 2 0 317 0
0 24.75 13.66 2 11 8 1.5 0 0 0 0 2 280 2 0
0 20.07 1.25 2 8 4 0 0 0 0 0 2 0 1 0
0 45.33 1 2 11 4 0.125 0 0 0 1 2 263 1 0
0 22.67 0.33 2 11 4 0.75 0 0 0 0 1 160 1 0
1 31.83 2.5 2 6 4 7.5 1 0 0 1 2 523 1 0
1 22.67 0.75 2 3 4 1.585 0 1 1 1 2 400 10 0
1 18.32 1.21 1 10 2 0 0 0 0 0 2 100 1 0
0 23.42 0.79 1 11 4 1.5 1 1 2 1 2 80 401 1
1 18.5 2 2 3 4 1.5 1 1 2 0 2 120 301 1
1 23.25 1 2 8 4 0.835 1 0 0 0 1 300 1 1
0 41 2.04 1 11 8 0.125 1 1 23 1 2 455 1237 1
1 18.32 1.21 1 10 2 0 0 0 0 0 2 100 1 0
1 32.42 3 2 2 4 0.165 0 0 0 1 2 120 1 0
1 39.42 1.71 1 7 4 0.165 0 0 0 0 1 400 1 0
0 28.67 1.04 2 8 4 2.5 1 1 5 1 2 300 1431 1
0 36.75 4.71 2 1 1 0 0 0 0 0 2 160 1 0
1 17.07 3.29 2 3 4 0.335 0 0 0 1 2 140 3 0
1 31.42 15.5 2 8 4 0.5 1 0 0 0 2 120 1 0
0 18.82 4.41 1 8 8 3 1 0 0 0 2 240 1 1
1 23.92 0.66 2 8 4 0.165 0 0 0 0 2 100 1 1
1 56.75 12.25 2 7 4 1.25 1 1 4 1 2 200 1 1
1 27.83 1.54 2 9 4 3.75 1 1 5 1 2 100 4 1
1 34.42 1.33 2 3 5 0.125 0 0 0 1 2 440 4501 0
1 67.75 5.5 2 10 9 13 1 1 1 1 2 0 1 1
0 23.58 11.5 1 4 8 3 0 0 0 1 2 20 17 0
1 22.17 12.12 2 8 4 3.335 0 1 2 1 2 180 174 0
1 26.75 1.12 2 14 8 1.25 1 0 0 0 2 0 5299 1
1 34.83 4 2 2 5 12.5 1 0 0 1 2 184 1 0
1 41.5 1.54 2 3 5 3.5 0 0 0 0 2 216 1 1
0 49.83 13.58 2 4 8 8.5 1 0 0 1 2 0 1 1
1 18.5 2 2 3 4 1.5 1 1 2 0 2 120 301 1
0 33.92 1.58 1 1 1 0 1 0 0 0 2 320 1 0
0 33.25 2.5 1 8 4 2.5 0 0 0 1 2 0 3 0
1 32.25 14 1 1 1 0 0 1 2 0 2 160 2 0
1 34.08 6.5 2 6 4 0.125 1 0 0 1 2 443 1 0
1 18.17 2.46 2 8 7 0.96 0 1 2 1 2 160 588 0
1 20.17 9.25 2 8 4 1.665 1 1 3 1 2 40 29 1
0 69.5 6 2 1 1 0 0 0 0 0 1 0 1 0
1 25.08 1.71 2 14 4 1.665 1 1 1 1 2 395 21 1
1 34.83 2.5 1 9 4 3 0 0 0 0 1 200 1 0
1 30.83 0 2 9 4 1.25 1 1 1 0 2 202 1 1
0 17.82 11 2 14 8 1 1 1 11 0 2 0 3001 1
1 19 1.75 1 8 4 2.335 0 0 0 1 2 112 7 0
1 40 6.5 2 6 5 3.5 1 1 1 0 2 0 501 1
1 23.58 1.79 2 8 4 0.54 0 0 0 1 2 136 2 0
1 34 5.08 1 3 5 1.085 0 0 0 1 2 480 1 0
1 27.42 12.5 2 6 5 0.25 0 0 0 1 2 720 1 0
1 18.42 10.41 1 6 4 0.125 1 0 0 0 2 120 376 0
0 25 11 1 6 4 4.5 1 0 0 0 2 120 1 0
1 69.17 9 2 1 1 4 0 1 1 0 2 70 7 0
1 23.25 1.5 2 11 4 2.375 1 1 3 1 2 0 583 1
1 31.57 0.5 2 8 5 0.835 1 0 0 1 1 320 1 0
0 22.5 8.5 2 11 4 1.75 1 1 10 0 2 80 991 0
0 55.75 7.08 2 4 8 6.75 1 1 3 1 2 100 51 0
0 44.17 6.66 2 11 4 7.375 1 1 3 1 2 0 1 1
1 26.67 1.75 1 8 4 1 1 1 5 1 2 160 5778 1
0 22.83 2.29 2 11 8 2.29 1 1 7 1 2 140 2385 1
1 51.83 2.04 1 1 1 1.5 0 0 0 0 2 120 2 0
1 52.33 1.37 1 8 8 9.46 1 0 0 1 2 200 101 0
1 23.58 1.79 2 8 4 0.54 0 0 0 1 2 136 2 0
1 16.07 0.75 2 8 4 1.75 1 1 5 1 2 352 691 1
1 31.42 15.5 2 8 4 0.5 1 0 0 0 2 120 1 0
0 17.32 9.5 2 6 4 1.75 0 1 10 1 2 0 11 0
0 30.42 1.37 2 9 8 0.04 0 1 3 0 2 0 34 0
0 47.75 8 2 8 4 7.875 1 1 6 1 2 0 1261 1
1 39.92 6.21 2 11 4 0.04 1 1 1 0 2 200 301 1
1 31.67 16.16 2 2 4 3 1 1 9 0 2 250 731 1
1 41.92 0.42 2 8 8 0.21 1 1 6 0 2 220 949 1
1 22.17 0.58 1 1 1 0 0 0 0 0 2 100 1 0
1 33.67 1.25 2 9 4 1.165 0 0 0 0 2 120 1 0
1 33.58 0.33 1 13 4 0.085 0 0 0 0 2 180 1 0
0 28.58 1.66 2 11 4 2.415 1 0 0 1 2 440 1 0
1 36.17 0.42 1 9 4 0.29 0 0 0 1 2 309 3 0
1 44.33 0.5 2 3 8 5 1 0 0 1 2 320 1 1
1 57.83 7.04 2 7 4 14 1 1 6 1 2 360 1333 1
0 15.83 7.62 2 11 4 0.125 0 1 1 1 2 0 161 0
1 20.67 0.83 1 8 4 2 0 0 0 1 1 240 1 0
1 34.17 2.75 2 3 5 2.5 0 0 0 1 2 232 201 0
1 42 0.2 2 3 8 5.125 1 0 0 0 2 400 1 1
0 24.75 3 2 11 8 1.835 1 1 19 0 2 0 501 1
1 25.58 0.33 2 4 8 3.5 0 0 0 1 2 340 1 0
1 39.92 6.21 2 11 4 0.04 1 1 1 0 2 200 301 1
1 27.83 1 1 2 8 3 0 0 0 0 2 176 538 0
1 47.17 5.83 2 9 4 5.5 0 0 0 0 2 465 151 0
1 25.83 12.83 2 13 4 0.5 0 0 0 0 2 0 3 0
1 40 6.5 2 6 5 3.5 1 1 1 0 2 0 501 1
1 48.08 6.04 2 4 4 0.04 0 0 0 0 2 0 2691 1
1 16.25 0 1 6 4 0.25 0 0 0 0 2 60 1 0
0 26.08 8.66 2 6 4 1.415 1 0 0 0 2 160 151 1
0 22.67 0.75 2 8 4 2 0 1 2 1 2 200 395 0
1 22.08 11 2 13 4 0.665 1 0 0 0 2 100 1 1
1 21.92 0.5 2 8 4 0.125 0 0 0 0 2 360 1 0
1 51.58 15 2 8 4 8.5 1 1 9 0 2 0 1 1
0 20.83 0.5 1 10 2 1 0 0 0 0 2 260 1 0
0 47.42 8 2 10 5 6.5 1 1 6 0 2 375 51101 1
1 27.83 1 1 2 8 3 0 0 0 0 2 176 538 0
0 56.83 4.25 1 1 1 5 0 0 0 1 2 0 5 0
1 22.17 12.12 2 8 4 3.335 0 1 2 1 2 180 174 0
1 18.82 3.54 1 1 1 0 0 0 0 1 2 180 2 0

