1 22.17 2.25 2 3 4 0.125 0 0 0 0 2 160 11 0
1 32.92 2.5 2 6 4 1.75 0 1 2 1 2 720 1 0
1 38.92 1.75 2 4 4 0.5 0 0 0 1 2 300 3 0
0 16.07 0.33 2 1 1 0 0 1 1 0 2 160 127 0
0 20.32 10 2 8 8 1 1 1 4 0 2 50 1466 1
0 47.75 8 2 8 4 7.875 1 1 6 1 2 0 1261 1
0 25.33 2.08 2 8 8 2.75 1 0 0 1 2 360 2 0
1 21.92 0.5 2 8 4 0.125 0 0 0 0 2 360 1 0
1 37.42 2.04 2 9 4 0.04 1 0 0 1 2 400 5801 1
1 15.17 7 2 10 4 1 0 0 0 0 2 600 1 0
1 20.07 0.25 2 11 4 0.125 0 0 0 0 2 200 1 0
0 25.58 0 2 8 4 0 0 0 0 0 3 184 1 1
0 22.67 0.75 2 8 4 2 0 1 2 1 2 200 395 0
0 51.92 6.5 2 3 5 3.085 0 0 0 1 2 73 1 0
1 30.17 0.5 2 8 4 1.75 1 1 11 0 2 32 541 1
1 20 1.25 1 4 4 0.125 0 0 0 0 2 140 5 0
1 16 3.12 2 9 4 0.085 0 1 1 0 2 0 7 0
1 33.17 1 2 14 4 0.75 1 1 7 1 2 340 4072 1
0 46.67 0.46 2 13 8 0.415 1 1 11 1 2 440 7 1
1 34.17 1.54 2 13 4 1.54 1 1 1 1 2 520 50001 1
0 16 0.16 2 6 4 1 0 1 2 1 2 320 2 0
1 36.17 5.5 2 3 5 5 0 0 0 0 2 210 688 0
1 16.32 4.08 2 3 8 0.415 0 0 0 1 2 120 1 0
1 20.67 1.25 1 8 8 1.375 1 1 3 1 2 140 211 0
1 27.25 1.66 2 13 8 5.085 1 1 9 0 2 399 828 1
0 19.17 0.58 1 6 4 0.585 1 0 0 1 2 160 1 0
1 29.58 4.75 2 7 4 2 0 1 1 1 2 460 69 0
0 19.75 0.75 2 8 4 0.795 1 1 5 1 2 140 6 0
1 19 1.75 1 8 4 2.335 0 0 0 1 2 112 7 0
1 19.32 10.91 2 8 5 0.585 0 1 2 1 2 200 8 0
1 24.33 6.62 1 2 4 5.5 1 0 0 1 1 100 1 1
1 21.17 0.25 1 8 8 0.25 0 0 0 0 2 280 205 0
1 23.92 1.5 2 2 8 1.875 1 1 6 0 2 200 328 1
1 36.75 0.12 1 8 4 1.5 0 0 0 1 2 232 114 1
0 24.5 1.75 1 8 4 0.165 0 0 0 0 2 132 1 0
0 22.5 0.41 2 3 4 0.335 0 0 0 1 1 144 1 0
1 31.33 19.5 2 8 4 7 1 1 16 0 2 0 5001 1
1 47.67 0.28 2 8 5 15 1 1 20 0 2 0 15001 1
0 35.75 0.91 2 6 4 0.75 1 1 4 0 2 0 1584 1
0 22.67 0.79 2 3 4 0.085 0 0 0 0 2 144 1 0
1 34.08 0.08 1 7 5 0.04 1 1 1 1 2 280 2001 1
1 36.33 2.12 1 9 4 0.085 1 1 1 0 2 50 1188 1
0 29.58 1.75 1 4 4 1.25 0 0 0 1 2 280 1 0
1 28.75 1.16 2 4 4 0.5 1 0 0 0 1 280 1 0
1 32.67 5.5 2 11 8 5.5 1 1 12 1 2 408 1001 1
1 16.25 0 1 6 4 0.25 0 0 0 0 2 60 1 0
1 22.58 10.03 2 14 4 0.04 1 1 9 0 2 60 397 1
1 28.25 0.87 2 7 4 0.96 1 1 3 1 2 396 1 1
0 35.42 12 2 11 8 14 1 1 8 0 2 0 6591 1
1 39.33 5.87 2 13 8 10 1 1 14 1 2 399 1 1
1 42 9.78 2 14 8 7.96 1 1 8 0 2 0 1 1
1 24.5 13.33 1 6 4 0.04 0 0 0 1 2 120 476 0
0 26.5 2.71 1 8 4 0.085 0 0 0 0 1 80 1 0
1 32.75 1.5 2 13 8 5.5 1 1 3 1 2 0 1 1
0 20.67 1.83 2 11 4 2.085 1 1 5 0 2 220 2504 1
1 13.75 4 1 9 4 1.75 1 1 2 1 2 120 1001 1
1 30.75 1.58 2 2 4 0.585 0 0 0 1 1 0 1 0
0 18.75 7.5 2 11 4 2.71 1 1 5 0 2 184 26727 1
0 25.33 2.08 2 8 8 2.75 1 0 0 1 2 360 2 0
1 22 7.83 1 3 5 0.165 0 0 0 1 2 184 1 0
1 64.08 20 2 14 8 17.5 1 1 9 1 2 0 1001 1
1 58.58 2.71 2 8 4 2.415 0 0 0 1 2 320 1 0
1 31.25 1.12 2 1 1 0 0 1 1 0 2 96 20 0
1 39.92 5 2 3 5 0.21 0 0 0 0 2 550 1 0
1 21.08 10.08 1 10 8 1.25 0 0 0 0 2 260 1 0
1 59.5 2.75 2 9 4 1.75 1 1 5 1 2 60 59 1
0 28.42 3.5 2 9 4 0.835 1 0 0 0 1 280 1 1
1 31.08 1.5 1 9 4 0.04 0 0 0 0 1 160 1 0
1 15.17 7 2 10 4 1 0 0 0 0 2 600 1 0
0 26.5 2.71 1 8 4 0.085 0 0 0 0 1 80 1 0
1 31.08 1.5 1 9 4 0.04 0 0 0 0 1 160 1 0
0 28.5 1 2 11 4 1 1 1 2 1 2 167 501 0
0 25 11 1 6 4 4.5 1 0 0 0 2 120 1 0
1 33.5 1.75 2 14 8 4.5 1 1 4 1 2 253 858 1
0 27.67 1.5 2 7 4 2 1 0 0 0 1 368 1 0
1 26.67 1.75 1 8 4 1 1 1 5 1 2 160 5778 1
1 16.92 0.33 1 4 4 0.29 0 0 0 0 1 200 1 0
0 25.08 2.54 1 6 4 0.25 1 0 0 1 2 370 1 1
1 19.67 10 1 4 8 0.835 1 0 0 1 2 140 1 0
1 13.75 4 1 9 4 1.75 1 1 2 1 2 120 1001 1
1 49.58 19 2 1 1 0 1 1 1 0 2 94 1 0
1 34.25 1.75 2 9 5 0.25 1 0 0 1 2 163 1 0
1 23.25 1.5 2 11 4 2.375 1 1 3 1 2 0 583 1
1 22.08 2.33 2 4 4 0.75 0 0 0 0 2 180 1 0
0 27.67 1.5 2 7 4 2 1 0 0 0 1 368 1 0
0 26.92 13.5 2 11 8 5 1 1 2 0 2 0 5001 1
1 27.83 1.5 2 9 4 2.25 0 1 1 1 2 100 4 0
0 58.33 10 2 11 4 4 1 1 14 0 2 0 1603 1
0 24.75 13.66 2 11 8 1.5 0 0 0 0 2 280 2 0
1 25 11.25 2 8 4 2.5 1 1 17 0 2 200 1209 1
1 39.17 1.62 2 8 4 1.5 1 1 10 0 2 186 4701 1
0 47.42 8 2 10 5 6.5 1 1 6 0 2 375 51101 1
1 36.67 3.25 2 11 8 9 1 0 0 1 2 102 640 1
1 27.25 1.66 2 13 8 5.085 1 1 9 0 2 399 828 1
0 34.83 1.25 1 3 8 0.5 0 0 0 1 2 160 1 0
0 23.5 9 2 11 4 8.5 1 1 5 1 2 120 1 1
0 28.58 1.66 2 11 4 2.415 1 0 0 1 2 440 1 0
1 34.08 6.5 2 6 4 0.125 1 0 0 1 2 443 1 0
1 28.25 5.04 1 8 5 1.5 1 1 8 1 2 144 8 1
1 27.83 1.54 2 9 4 3.75 1 1 5 1 2 100 4 1
1 22.67 0.75 2 3 4 1.585 0 1 1 1 2 400 10 0
1 15.17 7 2 10 4 1 0 0 0 0 2 600 1 0
0 28.17 0.37 2 11 4 0.585 1 1 4 0 2 80 1 1
0 31.57 11.25 2 1 1 0 0 0 0 0 2 184 5201 0
1 48.08 6.04 2 4 4 0.04 0 0 0 0 2 0 2691 1
0 50.25 0.83 2 6 4 0.5 0 0 0 1 2 240 118 0
0 22.42 5.66 2 11 4 2.585 1 1 7 0 2 129 3258 1
0 25.42 1.12 2 11 4 1.29 1 1 2 0 2 200 1 0
0 23.25 5.87 2 11 4 3.17 1 1 10 0 2 120 246 1
1 24.08 9 2 6 4 0.25 0 0 0 1 2 0 1 0
1 26.75 1.12 2 14 8 1.25 1 0 0 0 2 0 5299 1
1 22.17 12.12 2 8 4 3.335 0 1 2 1 2 180 174 0
1 27.83 1.5 2 9 4 2.25 0 1 1 1 2 100 4 0
1 28.33 5 2 9 4 11 1 0 0 1 2 70 1 1
0 26.92 13.5 2 11 8 5 1 1 2 0 2 0 5001 1
0 22.92 1.25 2 11 4 0.25 0 0 0 1 2 120 810 0
0 15.75 0.37 2 8 4 1 0 0 0 0 2 120 19 0
1 26.17 0.83 2 13 4 1.165 0 0 0 0 2 100 1 0
0 33.08 4.62 2 11 8 1.625 1 1 2 0 2 0 1 1
1 36.17 5.5 2 3 5 5 0 0 0 0 2 210 688 0
1 40.92 0.83 2 1 1 0 1 0 0 0 2 130 2 0
1 20.67 0.41 2 8 4 0.125 0 0 0 0 2 0 45 0
0 34.83 1.25 1 3 8 0.5 0 0 0 1 2 160 1 0
0 38.75 1.5 2 1 1 0 0 0 0 0 2 76 1 0
1 48.75 26.33 1 1 1 0 1 0 0 1 2 0 1 0
1 17.07 3.29 2 3 4 0.335 0 0 0 1 2 140 3 0
0 30.25 5.5 2 4 4 5.5 0 0 0 1 1 100 1 0
1 54.33 6.75 2 8 8 2.625 1 1 11 1 2 0 285 1
1 31.57 0.37 2 2 4 0.875 1 0 0 1 1 928 1 0
1 36.67 2 2 3 4 0.25 0 0 0 1 2 221 1 0
0 20.07 0.12 2 11 4 1 0 1 1 0 2 240 769 1
1 33.67 2.16 2 8 4 1.5 0 0 0 0 3 120 1 0
0 25.75 0.5 2 8 8 0.875 1 0 0 1 2 491 1 1
1 37.42 2.04 2 9 4 0.04 1 0 0 1 2 400 5801 1
1 34 5.5 1 8 4 1.5 0 0 0 1 2 60 1 0
0 38.58 5 2 13 4 13.5 1 0 0 1 2 980 1 0
1 44.25 0.5 2 7 4 10.75 1 0 0 0 1 400 1 0
0 28.42 3.5 2 9 4 0.835 1 0 0 0 1 280 1 1
0 29.58 1.75 1 4 4 1.25 0 0 0 1 2 280 1 0
1 22.25 0.46 2 4 4 0.125 0 0 0 1 2 280 56 0
1 31.08 1.5 1 9 4 0.04 0 0 0 0 1 160 1 0
1 21.17 0.25 1 8 8 0.25 0 0 0 0 2 280 205 0
0 27.58 3 2 7 4 2.79 0 1 1 1 2 280 11 0
0 28.5 3.04 1 14 8 2.54 1 1 1 0 2 70 1 1
1 23.42 0.58 2 8 8 0.085 1 0 0 0 2 180 1 0
1 21.92 0.54 1 14 4 0.04 1 1 1 1 2 840 60 1
1 22.67 0.75 2 3 4 1.585 0 1 1 1 2 400 10 0
0 28.67 1.04 2 8 4 2.5 1 1 5 1 2 300 1431 1
1 25 11.25 2 8 4 2.5 1 1 17 0 2 200 1209 1
1 49.58 19 2 1 1 0 1 1 1 0 2 94 1 0
0 36.58 0.28 2 1 1 0 0 1 10 0 2 200 19 0
0 30.58 10.66 2 11 8 0.085 0 1 12 1 2 129 4 0
0 33.08 1.62 2 2 4 0.54 0 0 0 1 2 0 1 0
0 15.75 0.37 2 8 4 1 0 0 0 0 2 120 19 0
1 27.42 12.5 2 6 5 0.25 0 0 0 1 2 720 1 0
0 22.67 0.79 2 3 4 0.085 0 0 0 0 2 144 1 0
1 23.92 0.66 2 8 4 0.165 0 0 0 0 2 100 1 1
0 33.08 1.62 2 2 4 0.54 0 0 0 1 2 0 1 0
1 34 5.5 1 8 4 1.5 0 0 0 1 2 60 1 0
1 19.42 1.5 1 13 4 2 1 0 0 1 2 100 21 0
0 20.67 3 2 11 4 0.165 1 1 3 0 2 100 7 1
0 15.75 0.37 2 8 4 1 0 0 0 0 2 120 19 0
1 23.25 12.62 2 8 4 0.125 0 1 2 0 2 0 5553 0
1 34.83 2.5 1 9 4 3 0 0 0 0 1 200 1 0
1 69.17 9 2 1 1 4 0 1 1 0 2 70 7 0

