0 28.58 1.66 2 11 4 2.415 1 0 0 1 2 440 1 0
0 27.25 0.28 2 7 8 0.125 0 1 1 1 2 272 109 0
0 24.75 3 2 11 8 1.835 1 1 19 0 2 0 501 1
1 20.67 0.83 1 8 4 2 0 0 0 1 1 240 1 0
1 28 2 2 4 8 4.165 1 1 2 1 2 181 1 1
1 19.32 10.91 2 8 5 0.585 0 1 2 1 2 200 8 0
1 29.58 4.5 2 9 4 7.5 1 1 2 1 2 330 1 1
1 20.42 7 2 8 4 1.625 1 1 3 0 2 200 1392 1
0 49 1.5 2 5 3 0 1 0 0 1 2 100 28 0
1 31.08 1.5 1 9 4 0.04 0 0 0 0 1 160 1 0
1 22.58 10.03 2 14 4 0.04 1 1 9 0 2 60 397 1
1 23.5 3.16 1 4 4 0.415 0 1 1 1 2 280 81 0
1 31.83 0.04 1 7 4 0.04 0 0 0 0 2 0 1 0
1 49.58 19 2 1 1 0 1 1 1 0 2 94 1 0
0 28.5 3.04 1 14 8 2.54 1 1 1 0 2 70 1 1
1 21.17 0.87 1 8 8 0.25 0 0 0 0 2 280 205 0
1 26.17 0.25 2 3 5 0 1 0 0 1 2 0 1 1
1 20.67 5.29 2 11 4 0.375 1 1 1 0 2 160 1 0
1 74.83 19 1 1 1 0.04 0 1 2 0 2 0 352 0
0 38.75 1.5 2 1 1 0 0 0 0 0 2 76 1 0
1 33.67 2.16 2 8 4 1.5 0 0 0 0 3 120 1 0
1 27.75 1.29 2 4 8 0.25 0 0 0 1 1 140 1 0
0 19.5 0.16 2 11 4 0.04 0 0 0 1 2 380 1 0
1 22.75 11 2 11 4 2.5 1 1 7 1 2 100 810 1
0 25.08 2.54 1 6 4 0.25 1 0 0 1 2 370 1 1
1 32.75 2.33 2 2 8 5.75 0 0 0 1 2 292 1 0
0 32.33 0.54 2 13 4 0.04 1 0 0 0 2 440 11178 1
1 30.83 0 2 9 4 1.25 1 1 1 0 2 202 1 1
1 36.17 5.5 2 3 5 5 0 0 0 0 2 210 688 0
0 23.75 0.71 2 9 4 0.25 0 1 1 1 2 240 5 0
1 27.58 2.04 1 6 4 2 1 1 3 1 2 370 561 1
1 41.5 1.54 2 3 5 3.5 0 0 0 0 2 216 1 1
1 23.5 3.16 1 4 4 0.415 0 1 1 1 2 280 81 0
1 16.17 0.04 2 8 4 0.04 0 0 0 0 2 0 1 1
1 32.08 4 2 7 4 2.5 1 0 0 1 2 360 1 1
1 39.92 0.54 1 6 4 0.5 1 1 3 0 2 200 1001 1
1 44.83 7 1 8 4 1.625 0 0 0 0 2 160 3 0
1 31 2.08 2 8 4 0.085 0 0 0 0 2 300 1 0
1 26.75 2 2 2 4 0.75 0 0 0 1 2 80 1 0
1 19.67 0.37 2 11 4 2 1 1 2 1 2 80 1 1
1 20.67 0.83 1 8 4 2 0 0 0 1 1 240 1 0
0 18.07 0.37 3 13 1 10 0 0 0 1 1 300 1 1
1 32.33 3.5 2 4 4 0.5 0 0 0 1 2 232 1 0
0 47.42 8 2 10 5 6.5 1 1 6 0 2 375 51101 1
1 62.75 7 2 10 9 0 0 0 0 0 2 0 13 0
1 19.32 10.91 2 8 5 0.585 0 1 2 1 2 200 8 0
1 58.58 2.71 2 8 4 2.415 0 0 0 1 2 320 1 0
1 32.33 3.5 2 4 4 0.5 0 0 0 1 2 232 1 0
0 18.57 10 2 2 4 0.415 0 0 0 0 2 80 43 0
1 31.42 15.5 2 8 4 0.5 1 0 0 0 2 120 1 0
0 24.75 12.5 2 6 4 1.5 1 1 12 1 2 120 568 1
1 32.08 4 1 13 4 1.5 0 0 0 1 2 120 1 0
1 40.92 0.83 2 1 1 0 1 0 0 0 2 130 2 0
1 21.92 0.54 1 14 4 0.04 1 1 1 1 2 840 60 1
1 31.33 19.5 2 8 4 7 1 1 16 0 2 0 5001 1
1 34.83 4 2 2 5 12.5 1 0 0 1 2 184 1 0
1 22.08 0.83 2 8 8 2.165 0 0 0 1 2 128 1 1
1 31.33 19.5 2 8 4 7 1 1 16 0 2 0 5001 1
0 20.67 1.83 2 11 4 2.085 1 1 5 0 2 220 2504 1
1.234 22.08 11.46 2 4 4 1.585 0 0 0 1 2 100 1213 0
1 48.17 3.5 2 6 4 3.5 1 0 0 0 1 230 1 1
1 28.25 5.12 2 14 4 4.75 1 1 2 0 2 420 8 1
1 28.25 0.87 2 7 4 0.96 1 1 3 1 2 396 1 1
0 23.5 9 2 11 4 8.5 1 1 5 1 2 120 1 1
0 17.57 9 2 6 4 1.375 1 0 0 1 2 0 1 1
1 23.92 0.66 2 8 4 0.165 0 0 0 0 2 100 1 1
1 32.75 2.33 2 2 8 5.75 0 0 0 1 2 292 1 0
1 25.67 3.25 2 8 8 2.29 0 1 1 1 2 416 22 0
0 45 4.58 2 4 8 1 0 0 0 1 1 240 1 0
1 34.75 15 2 12 7 5.375 1 1 9 1 2 0 135 1
1 39.92 0.54 1 6 4 0.5 1 1 3 0 2 200 1001 1
1 51.83 2.04 1 1 1 1.5 0 0 0 0 2 120 2 0
1 31.57 0.04 1 2 4 4.25 0 0 0 1 2 460 1 0
1 23.08 2.5 2 1 1 0.085 0 0 0 1 2 100 4209 0
0 30.42 1.37 2 9 8 0.04 0 1 3 0 2 0 34 0
1 53.92 9.62 2 10 4 8.665 1 1 5 0 2 0 1 1
0 45.83 10.5 2 11 4 5 1 1 7 1 2 0 1 1
0 22.92 11.58 2 13 4 0.04 1 0 0 0 2 80 1350 1
1 42 0.2 2 3 8 5.125 1 0 0 0 2 400 1 1
1 21.83 11 2 14 4 0.29 1 1 6 0 2 121 1 1
0 33.08 4.62 2 11 8 1.625 1 1 2 0 2 0 1 1
1 27.42 12.5 2 6 5 0.25 0 0 0 1 2 720 1 0
1 24.17 0.87 2 11 4 4.625 1 1 2 1 2 520 2001 1
1 39.33 5.87 2 13 8 10 1 1 14 1 2 399 1 1
1 26.17 0.83 2 13 4 1.165 0 0 0 0 2 100 1 0
1 28.75 1.16 2 4 4 0.5 1 0 0 0 1 280 1 0
1 33.17 1.04 2 12 8 6.5 1 0 0 1 2 164 31286 1
1 28 2 2 4 8 4.165 1 1 2 1 2 181 1 1
1 22.58 10.03 2 14 4 0.04 1 1 9 0 2 60 397 1
1 19.32 10.91 2 8 5 0.585 0 1 2 1 2 200 8 0
1 42 9.78 2 14 8 7.96 1 1 8 0 2 0 1 1
1 40.58 5 2 8 4 5 1 1 7 0 2 0 3066 1
1 31.57 0.37 2 2 4 0.875 1 0 0 1 1 928 1 0
1 25.83 12.83 2 13 4 0.5 0 0 0 0 2 0 3 0
1 16.32 2.75 2 6 4 0.665 0 1 1 0 2 80 22 0
1 41.17 4.04 2 13 8 7 1 1 8 0 2 320 1 1
1 23 0.75 2 7 4 0.5 1 0 0 1 1 320 1 0
1 21.83 0.25 2 2 8 0.665 1 0 0 1 2 0 1 1
1 27.58 2.04 1 6 4 2 1 1 3 1 2 370 561 1
0 18.75 7.5 2 11 4 2.71 1 1 5 0 2 184 26727 1
1 22.67 2.54 1 8 8 2.585 1 0 0 0 2 0 1 1
1 20.17 9.25 2 8 4 1.665 1 1 3 1 2 40 29 1
1 36.67 2 2 3 4 0.25 0 0 0 1 2 221 1 0
1 26.33 13 2 10 2 0 0 0 0 1 2 140 1111 0
1 30.17 1.08 1 8 4 0.04 0 0 0 0 2 170 180 0
0 24.33 2.5 1 3 5 4.5 0 0 0 0 2 200 457 0
1 34.08 0.08 1 7 5 0.04 1 1 1 1 2 280 2001 1
0 32.25 1.5 2 8 4 0.25 0 0 0 1 2 372 123 0
0 33.08 1.62 2 2 4 0.54 0 0 0 1 2 0 1 0
1 28 3 2 9 4 0.75 0 0 0 1 2 300 68 0
1 21.08 10.08 1 10 8 1.25 0 0 0 0 2 260 1 0
1 22.25 0.46 2 4 4 0.125 0 0 0 1 2 280 56 0
1 20.67 0.41 2 8 4 0.125 0 0 0 0 2 0 45 0
1 27.42 12.5 2 6 5 0.25 0 0 0 1 2 720 1 0
0 22.58 10.75 2 11 4 0.415 1 1 5 1 2 0 561 1
1 32.33 3.5 2 4 4 0.5 0 0 0 1 2 232 1 0
1 37.42 2.04 2 9 4 0.04 1 0 0 1 2 400 5801 1
1 56.75 12.25 2 7 4 1.25 1 1 4 1 2 200 1 1
1 27.75 1.29 2 4 8 0.25 0 0 0 1 1 140 1 0
0 24.5 1.75 1 8 4 0.165 0 0 0 0 2 132 1 0
0 23 11.75 2 14 8 0.5 1 1 2 1 2 300 552 1
1 44.25 11 1 2 4 1.5 1 0 0 0 1 0 1 0
0 33.17 2.25 1 13 4 3.5 0 0 0 1 2 200 142 0
1 48.33 12 2 7 4 16 1 0 0 0 1 110 1 1
1 25.42 0.54 2 9 4 0.165 0 1 1 0 2 272 445 0
0 25.08 2.54 1 6 4 0.25 1 0 0 1 2 370 1 1
1 20.42 1.08 2 11 4 1.5 0 0 0 0 2 108 8 0
1 25 12.5 2 6 4 3 1 0 0 1 1 20 1 1
0 25.17 2.87 2 14 8 0.875 1 0 0 0 2 360 1 1
1 18.07 5.5 2 4 4 0.5 1 0 0 0 2 80 1 1
1 32.25 14 1 1 1 0 0 1 2 0 2 160 2 0
1 41.17 4.04 2 13 8 7 1 1 8 0 2 320 1 1
1 65.42 11 2 10 9 20 1 1 7 1 2 22 1 1
1 56.75 12.25 2 7 4 1.25 1 1 4 1 2 200 1 1
1 48.17 3.5 2 6 4 3.5 1 0 0 0 1 230 1 1
0 22.25 1.25 1 1 1 3.25 0 0 0 0 2 280 1 0
1 18.82 3.54 1 1 1 0 0 0 0 1 2 180 2 0
1 37.58 0 2 8 4 0 0 0 0 0 3 184 1 1
1 39.92 6.21 2 11 4 0.04 1 1 1 0 2 200 301 1
1 51.42 0.04 2 14 8 0.04 1 0 0 0 2 0 3001 1
1 39.17 1.62 2 8 4 1.5 1 1 10 0 2 186 4701 1
0 46 4 2 5 3 0 1 0 0 0 2 100 961 1
1 22.17 0.58 1 1 1 0 0 0 0 0 2 100 1 0
0 32 6 2 2 4 1.25 0 0 0 0 2 272 1 0
0 24.5 2.41 1 8 4 0 0 0 0 0 2 120 1 0
1 25.67 2.21 1 6 4 4 1 0 0 0 2 188 1 0
1 20.67 1.25 1 8 8 1.375 1 1 3 1 2 140 211 0
1 42.75 3 2 3 5 1 1 0 0 0 2 0 201 0
1 36.5 4.25 2 11 4 3.5 0 0 0 0 2 454 51 0
0 15.83 7.62 2 11 4 0.125 0 1 1 1 2 0 161 0
1 21.92 0.54 1 14 4 0.04 1 1 1 1 2 840 60 1
1 23.58 1.79 2 8 4 0.54 0 0 0 1 2 136 2 0
1 16.92 0.33 1 4 4 0.29 0 0 0 0 1 200 1 0
1 28.67 9.33 2 11 8 5.665 1 1 6 0 2 381 169 1
1 47.67 0.28 2 8 5 15 1 1 20 0 2 0 15001 1
1 23 0.62 1 6 4 0.125 1 0 0 0 2 180 2 0
1 32.75 2.33 2 2 8 5.75 0 0 0 1 2 292 1 0
1.234 22.08 11.46 2 4 4 1.585 0 0 0 1 2 100 1213 0
1 41.92 0.42 2 8 8 0.21 1 1 6 0 2 220 949 1
1 47.17 5.83 2 9 4 5.5 0 0 0 0 2 465 151 0
1 21.83 0.25 2 2 8 0.665 1 0 0 1 2 0 1 1
0 20.5 11.83 2 8 8 6 1 0 0 0 2 340 1 1
1 30.83 0 2 9 4 1.25 1 1 1 0 2 202 1 1
0 20.07 0.12 2 11 4 1 0 1 1 0 2 240 769 1
0 25.25 13.5 1 1 1 2 0 1 1 1 2 200 2 0

