0 33.08 4.62 2 11 8 1.625 1 1 2 0 2 0 1 1
0 45.33 1 2 11 4 0.125 0 0 0 1 2 263 1 0
1 23 0.62 1 6 4 0.125 1 0 0 0 2 180 2 0
1 16.32 4.08 2 3 8 0.415 0 0 0 1 2 120 1 0
1 27.75 1.29 2 4 8 0.25 0 0 0 1 1 140 1 0
1 26.33 13 2 10 2 0 0 0 0 1 2 140 1111 0
1 32.42 3 2 2 4 0.165 0 0 0 1 2 120 1 0
0 32 6 2 2 4 1.25 0 0 0 0 2 272 1 0
1 29.83 3.5 2 8 4 0.165 0 0 0 0 2 216 1 0
1 19.17 9.5 2 9 4 1.5 1 0 0 0 2 120 2207 1
1 29.42 1.25 2 8 8 0.25 0 1 2 1 2 400 109 0
1 34.67 1.08 2 7 4 1.165 0 0 0 0 1 28 1 0
1 20.67 5.29 2 11 4 0.375 1 1 1 0 2 160 1 0
0 24.5 12.75 2 8 5 4.75 1 1 2 0 2 73 445 1
1 23.33 1.5 2 8 8 1.415 1 0 0 0 2 422 201 1
0 25.25 13.5 1 1 1 2 0 1 1 1 2 200 2 0
0 49 1.5 2 5 3 0 1 0 0 1 2 100 28 0
0 45.33 1 2 11 4 0.125 0 0 0 1 2 263 1 0
0 20.67 3 2 11 4 0.165 1 1 3 0 2 100 7 1
0 17.92 0.54 2 8 4 1.75 0 1 1 1 2 80 6 0
1 33.17 1 2 14 4 0.75 1 1 7 1 2 340 4072 1
0 32 6 2 2 4 1.25 0 0 0 0 2 272 1 0
1 47.67 0.28 2 8 5 15 1 1 20 0 2 0 15001 1
1 24.58 13.5 1 1 1 0 0 0 0 0 2 184 1 0
1 23.25 1.5 2 11 4 2.375 1 1 3 1 2 0 583 1
0 18.57 10 2 2 4 0.415 0 0 0 0 2 80 43 0
1 25.42 0.54 2 9 4 0.165 0 1 1 0 2 272 445 0
1 16.25 0.83 2 7 4 0.085 1 0 0 0 1 200 1 0
0 17.92 10.21 2 1 1 0 0 0 0 0 2 0 51 0
1 45 8.5 2 13 8 14 1 1 1 1 2 88 2001 1
0 45 4.58 2 4 8 1 0 0 0 1 1 240 1 0
1 31.08 1.5 1 9 4 0.04 0 0 0 0 1 160 1 0
1 23 0.75 2 7 4 0.5 1 0 0 1 1 320 1 0
0 41.58 1.04 2 6 4 0.665 0 0 0 0 2 240 238 0
1 33.58 0.25 2 3 5 4 0 0 0 1 1 420 1 0
1 36.5 4.25 2 11 4 3.5 0 0 0 0 2 454 51 0
0 64.08 0.16 2 1 1 0 1 1 1 0 2 232 101 1
0 15.75 0.37 2 8 4 1 0 0 0 0 2 120 19 0
1 23.25 1 2 8 4 0.835 1 0 0 0 1 300 1 1
1 35 3.37 2 8 8 8.29 0 0 0 1 2 0 1 0
0 41 2.04 1 11 8 0.125 1 1 23 1 2 455 1237 1
1 37.33 2.66 2 13 4 0.165 0 0 0 1 2 0 502 0
1 34 5.08 1 3 5 1.085 0 0 0 1 2 480 1 0
1 19.32 10.91 2 8 5 0.585 0 1 2 1 2 200 8 0
1 65.42 11 2 10 9 20 1 1 7 1 2 22 1 1
1 25.67 12.5 2 13 4 1.21 1 1 67 1 2 140 259 1
1 28.25 0.87 2 7 4 0.96 1 1 3 1 2 396 1 1
0 33.08 1.62 2 2 4 0.54 0 0 0 1 2 0 1 0
1 23.08 0 2 4 4 1 0 1 11 0 1 0 1 0
1 28.75 1.5 1 8 4 1.5 1 0 0 1 2 0 226 0
1 42.17 5.04 2 11 8 12.75 1 0 0 1 2 92 1 1
0 38.75 1.5 2 1 1 0 0 0 0 0 2 76 1 0
1 30.75 1.58 2 2 4 0.585 0 0 0 1 1 0 1 0
1 36.67 4.41 1 4 4 0.25 1 1 10 1 2 320 1 1
1 44.33 0.5 2 3 8 5 1 0 0 1 2 320 1 1
1 25.83 12.83 2 13 4 0.5 0 0 0 0 2 0 3 0
1 53.92 9.62 2 10 4 8.665 1 1 5 0 2 0 1 1
1 29.83 3.5 2 8 4 0.165 0 0 0 0 2 216 1 0
1 29.42 1.25 2 8 8 0.25 0 1 2 1 2 400 109 0
1 28.67 9.33 2 11 8 5.665 1 1 6 0 2 381 169 1
1 28.58 3.62 2 6 4 0.25 0 0 0 1 2 100 1 0
1 13.75 4 1 9 4 1.75 1 1 2 1 2 120 1001 1
0 16.32 0.21 2 6 4 0.125 0 0 0 0 2 200 2 0
0 29.5 1.08 1 14 4 1 0 0 0 0 2 280 14 0
1 23.75 12 2 8 4 2.085 0 0 0 0 1 80 1 0
0 15.83 7.62 2 11 4 0.125 0 1 1 1 2 0 161 0
1 60.08 14.5 2 1 1 18 1 1 15 1 2 0 1001 1
0 22.67 3.8 2 8 4 0.165 0 0 0 0 2 160 1 0
1 28.58 3.62 2 6 4 0.25 0 0 0 1 2 100 1 0
0 28.42 3.5 2 9 4 0.835 1 0 0 0 1 280 1 1
1 51.83 3 1 1 1 1.5 0 0 0 0 2 180 5 0
0 19.67 0.21 2 11 8 0.29 1 1 11 0 2 80 100 1
1 34.17 1.54 2 13 4 1.54 1 1 1 1 2 520 50001 1
1 73.42 17.75 2 1 1 0 1 0 0 1 2 0 1 1
1 25 12.5 2 6 4 3 1 0 0 1 1 20 1 1
1 27.58 3.25 1 11 8 5.085 0 1 2 1 2 369 2 0
0 23.75 0.71 2 9 4 0.25 0 1 1 1 2 240 5 0
1 22.67 1.58 1 9 4 3.085 1 1 6 0 2 80 1 1
1 19.57 0.58 2 1 1 0 0 1 3 0 2 350 770 0
1 29.42 1.25 2 8 8 0.25 0 1 2 1 2 400 109 0
1 16.32 2.75 2 6 4 0.665 0 1 1 0 2 80 22 0
1 26.67 1.75 1 8 4 1 1 1 5 1 2 160 5778 1
1 35 3.37 2 8 8 8.29 0 0 0 1 2 0 1 0
1 34.08 6.5 2 6 4 0.125 1 0 0 1 2 443 1 0
1 64.08 20 2 14 8 17.5 1 1 9 1 2 0 1001 1
1 21.58 0.79 1 13 4 0.665 0 0 0 0 2 160 1 0
0 21.5 6 2 6 4 2.5 1 1 3 0 2 80 919 1
1 29.42 1.25 2 8 8 0.25 0 1 2 1 2 400 109 0
0 26.08 8.66 2 6 4 1.415 1 0 0 0 2 160 151 1
1 51.83 3 1 1 1 1.5 0 0 0 0 2 180 5 0
1 20.5 10 1 8 4 2.5 1 0 0 0 1 40 1 1
1 19.32 10.91 2 8 5 0.585 0 1 2 1 2 200 8 0
1 33.58 2.75 2 7 4 4.25 1 1 6 0 2 204 1 1
1 31.57 3 1 3 5 7 0 0 0 0 2 0 2 0
1 23.75 12 2 8 4 2.085 0 0 0 0 1 80 1 0
1 19.17 4 1 3 4 1 0 0 0 1 2 360 1001 0
1 20.67 0.83 1 8 4 2 0 0 0 1 1 240 1 0
1 22.75 11.5 2 3 4 0.415 0 0 0 0 2 0 1 0
1 32.67 5.5 2 11 8 5.5 1 1 12 1 2 408 1001 1
1 27.25 1.58 2 13 8 1.835 1 1 12 1 2 583 714 1
1 35.25 3.16 2 14 8 3.75 1 0 0 1 2 680 1 0
0 37.33 2.5 2 3 8 0.21 0 0 0 0 2 260 247 0
0 19.5 0.16 2 11 4 0.04 0 0 0 1 2 380 1 0
1 34.42 4.25 2 3 5 3.25 1 1 2 0 2 274 611 1
1 27.58 2.04 1 6 4 2 1 1 3 1 2 370 561 1
1 24.58 13.5 1 1 1 0 0 0 0 0 2 184 1 0
1 51.83 3 1 1 1 1.5 0 0 0 0 2 180 5 0
0 26.92 13.5 2 11 8 5 1 1 2 0 2 0 5001 1
1 39.92 0.54 1 6 4 0.5 1 1 3 0 2 200 1001 1
0 36.75 4.71 2 1 1 0 0 0 0 0 2 160 1 0
0 33.08 1.62 2 2 4 0.54 0 0 0 1 2 0 1 0
0 15.75 0.37 2 8 4 1 0 0 0 0 2 120 19 0
1 21.17 0.25 1 8 8 0.25 0 0 0 0 2 280 205 0
1 22.08 11 2 13 4 0.665 1 0 0 0 2 100 1 1
0 18.82 9.5 2 9 4 1.625 1 1 6 1 2 40 601 1
1 23 0.75 2 7 4 0.5 1 0 0 1 1 320 1 0
1 16 3.12 2 9 4 0.085 0 1 1 0 2 0 7 0
1 73.42 17.75 2 1 1 0 1 0 0 1 2 0 1 1
1 21.92 0.54 1 14 4 0.04 1 1 1 1 2 840 60 1
1 48.08 6.04 2 4 4 0.04 0 0 0 0 2 0 2691 1
1 16.25 0 1 6 4 0.25 0 0 0 0 2 60 1 0
0 45.83 10.5 2 11 4 5 1 1 7 1 2 0 1 1
1 35.17 2.5 2 4 4 4.5 1 1 7 0 2 150 1271 1
1 41.17 4.04 2 13 8 7 1 1 8 0 2 320 1 1
1 37.58 0 2 8 4 0 0 0 0 0 3 184 1 1
0 41.58 1.04 2 6 4 0.665 0 0 0 0 2 240 238 0
1 33.17 1 2 14 4 0.75 1 1 7 1 2 340 4072 1
0 27.17 1.25 2 1 1 0 0 1 1 0 2 92 301 0
0 31.57 3.5 2 2 4 3 1 0 0 1 2 300 1 0
0 33.67 0.37 2 13 4 0.375 0 0 0 0 2 300 45 1
1 20 0 2 2 4 0.5 0 0 0 0 2 144 1 0
1 39 5 2 13 4 3.5 1 1 10 1 2 0 1 1
1 44.33 0.5 2 3 8 5 1 0 0 1 2 320 1 1
1 29.92 1.83 2 8 8 4.335 1 0 0 0 2 260 201 1
1 22.92 3.16 1 8 4 0.165 0 0 0 0 2 160 1059 0
1 21.5 9.75 2 8 4 0.25 1 0 0 0 2 140 1 0
0 24.33 2.5 1 3 5 4.5 0 0 0 0 2 200 457 0
1 34.92 5 2 14 8 7.5 1 1 6 1 2 0 1001 1
1 32.67 5.5 2 11 8 5.5 1 1 12 1 2 408 1001 1
1.234 22.08 11.46 2 4 4 1.585 0 0 0 1 2 100 1213 0
1 24.83 2.75 2 8 4 2.25 1 1 6 0 2 184 601 1
0 26.17 2 2 5 3 0 0 0 0 1 2 276 2 0
1 23.08 0 2 4 4 1 0 1 11 0 1 0 1 0
0 29.5 2 1 10 8 2 0 0 0 0 2 256 18 0
1 31.33 19.5 2 8 4 7 1 1 16 0 2 0 5001 1
1 25 11.25 2 8 4 2.5 1 1 17 0 2 200 1209 1
0 47.42 3 2 14 4 13.875 1 1 2 1 2 519 1705 1
1 33.17 1 2 14 4 0.75 1 1 7 1 2 340 4072 1
1 22.58 10.03 2 14 4 0.04 1 1 9 0 2 60 397 1
1 30.75 1.58 2 2 4 0.585 0 0 0 1 1 0 1 0
1 37.17 4 2 8 5 5 1 0 0 1 1 280 1 0
1 36.75 0.12 1 8 4 1.5 0 0 0 1 2 232 114 1
1 38.25 10.12 1 4 4 0.125 0 0 0 0 2 160 1 0
1 36.5 4.25 2 11 4 3.5 0 0 0 0 2 454 51 0
1 44.33 0.5 2 3 8 5 1 0 0 1 2 320 1 1
1 31.67 0.83 2 14 4 1.335 1 1 8 1 2 303 3291 1
1 25.75 0.75 2 8 5 0.25 1 0 0 0 2 349 24 1
1 54.42 0.5 1 4 8 3.96 1 0 0 0 2 180 315 1
1 37.33 6.5 2 7 8 4.25 1 1 12 1 2 93 1 1
1 43.17 5 2 3 5 2.25 0 0 0 1 2 141 1 0
1 31.67 16.16 2 2 4 3 1 1 9 0 2 250 731 1
1 31.33 19.5 2 8 4 7 1 1 16 0 2 0 5001 1
1 16.32 4.08 2 3 8 0.415 0 0 0 1 2 120 1 0
1 40.58 1.5 2 3 5 0 0 0 0 0 1 300 1 0
1 26.83 0.54 2 4 1 0 0 0 0 0 2 100 1 0

