1 26.67 2.71 1 13 4 5.25 1 1 1 0 2 211 1 1
1 57.42 8.5 2 10 8 7 1 1 3 0 2 0 1 1
1 31 2.08 2 8 4 0.085 0 0 0 0 2 300 1 0
1 23.58 0.46 1 9 4 2.625 1 1 6 1 2 208 348 0
0 21.75 11.75 2 8 4 0.25 0 0 0 1 2 180 1 0
0 25.33 2.08 2 8 8 2.75 1 0 0 1 2 360 2 0
1 51.83 3 1 1 1 1.5 0 0 0 0 2 180 5 0
0 29.58 1.75 1 4 4 1.25 0 0 0 1 2 280 1 0
1 25.58 0.33 2 4 8 3.5 0 0 0 1 2 340 1 0
0 56.83 4.25 1 1 1 5 0 0 0 1 2 0 5 0
0 26.5 2.71 1 8 4 0.085 0 0 0 0 1 80 1 0
0 31.57 11.25 2 1 1 0 0 0 0 0 2 184 5201 0
1 22.75 11.5 2 3 4 0.415 0 0 0 0 2 0 1 0
1 32.42 3 2 2 4 0.165 0 0 0 1 2 120 1 0
0 23.75 0.71 2 9 4 0.25 0 1 1 1 2 240 5 0
0 17.82 11 2 14 8 1 1 1 11 0 2 0 3001 1
0 17.32 9.5 2 6 4 1.75 0 1 10 1 2 0 11 0
1 30.75 1.58 2 2 4 0.585 0 0 0 1 1 0 1 0
1 27.58 2.04 1 6 4 2 1 1 3 1 2 370 561 1
0 68.67 15 2 10 9 0 1 1 14 0 2 0 3377 1
1 43.25 25.21 2 11 8 0.21 1 1 1 0 2 760 91 0
1 18.07 5.5 2 4 4 0.5 1 0 0 0 2 80 1 1
1 32.08 4 1 13 4 1.5 0 0 0 1 2 120 1 0
1 28.33 5 2 9 4 11 1 0 0 1 2 70 1 1
0 25.75 0.5 2 8 8 0.875 1 0 0 1 2 491 1 1
1 19.17 4 1 3 4 1 0 0 0 1 2 360 1001 0
0 29.5 1.08 1 14 4 1 0 0 0 0 2 280 14 0
0 40.33 7.54 1 11 8 8 1 1 14 0 2 0 2301 1
1 39.17 1.71 2 14 4 0.125 1 1 5 1 2 480 1 1
1 19.17 4 1 3 4 1 0 0 0 1 2 360 1001 0
1 51.33 10 2 3 5 0 1 1 11 0 2 0 1250 1
1 37.33 2.66 2 13 4 0.165 0 0 0 1 2 0 502 0
1 20.42 0 2 8 4 0 0 0 0 0 3 184 1 0
0 64.08 0.16 2 1 1 0 1 1 1 0 2 232 101 1
1 48.75 26.33 1 1 1 0 1 0 0 1 2 0 1 0
1 40.92 0.5 1 7 4 0.5 0 0 0 1 2 130 1 0
1 62.75 7 2 10 9 0 0 0 0 0 2 0 13 0
1 22.67 0.16 2 8 3 2.25 0 0 0 1 1 0 1 1
0 58.42 21 2 3 5 10 1 1 13 0 2 0 6701 1
1 43.17 5 2 3 5 2.25 0 0 0 1 2 141 1 0
0 18.92 9.25 1 8 4 1 1 1 4 1 2 80 501 1
1 18.67 5 2 11 4 0.375 1 1 2 0 2 0 39 0
0 35.42 12 2 11 8 14 1 1 8 0 2 0 6591 1
1 44 2 2 7 4 1.75 1 1 2 1 2 0 16 1
0 40.33 7.54 1 11 8 8 1 1 14 0 2 0 2301 1
1 43.25 3 2 11 8 6 1 1 11 0 2 80 1 1
0 38.58 5 2 13 4 13.5 1 0 0 1 2 980 1 0
1 34.17 9.17 2 8 4 4.5 1 1 12 1 2 0 222 1
0 25.33 2.08 2 8 8 2.75 1 0 0 1 2 360 2 0
1 15.17 7 2 10 4 1 0 0 0 0 2 600 1 0
1 16.25 0 1 6 4 0.25 0 0 0 0 2 60 1 0
1 67.75 5.5 2 10 9 13 1 1 1 1 2 0 1 1
1 20 1.25 1 4 4 0.125 0 0 0 0 2 140 5 0
1 48.75 8.5 2 8 8 12.5 1 1 9 0 2 181 1656 1
0 31.57 3.5 2 2 4 3 1 0 0 1 2 300 1 0
1 34.17 1.54 2 13 4 1.54 1 1 1 1 2 520 50001 1
0 58.67 4.46 2 11 8 3.04 1 1 6 0 2 43 561 1
1 32.75 1.5 2 13 8 5.5 1 1 3 1 2 0 1 1
1 28.58 3.62 2 6 4 0.25 0 0 0 1 2 100 1 0
1 19.42 1.5 1 13 4 2 1 0 0 1 2 100 21 0
1 52.5 6.5 2 4 4 6.29 1 1 15 0 2 0 11203 1
1 26.75 1.12 2 14 8 1.25 1 0 0 0 2 0 5299 1
1 23.08 0 2 4 4 1 0 1 11 0 1 0 1 0
1 23.08 11.5 2 3 4 3.5 1 1 9 0 2 56 743 1
1 30.33 0.5 2 2 8 0.085 0 0 0 1 1 252 1 0
0 21.75 11.75 2 8 4 0.25 0 0 0 1 2 180 1 0
1 27.25 0.62 2 6 4 0.455 1 0 0 1 2 200 1 0
0 37.75 5.5 2 11 4 0.125 1 0 0 1 2 228 1 1
1 34.92 5 2 14 8 7.5 1 1 6 1 2 0 1001 1
1 23.58 0.46 1 9 4 2.625 1 1 6 1 2 208 348 0
0 17.92 10.21 2 1 1 0 0 0 0 0 2 0 51 0
1 26.67 2.71 1 13 4 5.25 1 1 1 0 2 211 1 1
1 52.42 1.5 2 2 4 3.75 0 0 0 1 2 0 351 0
1 25.08 1.71 2 14 4 1.665 1 1 1 1 2 395 21 1
1 20.42 0 2 8 4 0 0 0 0 0 3 184 1 0
1 52.42 1.5 2 2 4 3.75 0 0 0 1 2 0 351 0
1 35.75 2.41 2 9 4 0.125 0 1 2 0 2 220 2 0
1 28.25 0.87 2 7 4 0.96 1 1 3 1 2 396 1 1
1 31.92 4.46 2 13 8 6.04 1 1 3 0 2 311 301 1
1 36.33 3.79 2 9 4 1.165 1 0 0 1 2 200 1 0
0 26.5 2.71 1 8 4 0.085 0 0 0 0 1 80 1 0
1 37.5 1.12 1 2 4 1.5 0 0 0 1 2 431 1 1
1 47.33 6.5 2 8 4 1 0 0 0 1 2 0 229 0
0 64.08 0.16 2 1 1 0 1 1 1 0 2 232 101 1
1 25.42 0.54 2 9 4 0.165 0 1 1 0 2 272 445 0
1 34.5 4.04 1 3 5 8.5 1 1 7 1 2 195 1 1
1 28.25 5.12 2 14 4 4.75 1 1 2 0 2 420 8 1
0 17.32 9.5 2 6 4 1.75 0 1 10 1 2 0 11 0
1 17.42 6.5 2 3 4 0.125 0 0 0 0 2 60 101 0
1 29.67 1.41 2 9 8 0.75 1 1 1 0 2 240 101 1
0 33.08 1.62 2 2 4 0.54 0 0 0 1 2 0 1 0
1 44 2 2 7 4 1.75 1 1 2 1 2 0 16 1
0 29.58 1.75 1 4 4 1.25 0 0 0 1 2 280 1 0
1 27.83 1.54 2 9 4 3.75 1 1 5 1 2 100 4 1
1 15.17 7 2 10 4 1 0 0 0 0 2 600 1 0
1 23.92 0.58 1 13 8 0.125 0 0 0 0 2 240 2 0
1 39 5 2 13 4 3.5 1 1 10 1 2 0 1 1
0 18.75 7.5 2 11 4 2.71 1 1 5 0 2 184 26727 1
1 34.67 1.08 2 7 4 1.165 0 0 0 0 1 28 1 0
0 36.58 0.28 2 1 1 0 0 1 10 0 2 200 19 0
1 36.33 3.79 2 9 4 1.165 1 0 0 1 2 200 1 0
1 26.17 0.83 2 13 4 1.165 0 0 0 0 2 100 1 0
1 32 1.75 1 10 8 0.04 1 0 0 1 2 393 1 1
1 22.92 3.16 1 8 4 0.165 0 0 0 0 2 160 1059 0
1 19.42 1.5 1 13 4 2 1 0 0 1 2 100 21 0
1 39.33 5.87 2 13 8 10 1 1 14 1 2 399 1 1
0 25.33 2.08 2 8 8 2.75 1 0 0 1 2 360 2 0
1 29.67 1.41 2 9 8 0.75 1 1 1 0 2 240 101 1
1 16.25 0.83 2 7 4 0.085 1 0 0 0 1 200 1 0
1 35.25 3.16 2 14 8 3.75 1 0 0 1 2 680 1 0
1 32.33 3.5 2 4 4 0.5 0 0 0 1 2 232 1 0
1 32.08 4 1 13 4 1.5 0 0 0 1 2 120 1 0
0 20.75 10.25 2 11 4 0.71 1 1 2 1 2 49 1 1
1 33.17 1 2 14 4 0.75 1 1 7 1 2 340 4072 1
0 51.92 6.5 2 3 5 3.085 0 0 0 1 2 73 1 0
1 22.25 0.46 2 4 4 0.125 0 0 0 1 2 280 56 0
1 27.75 0.58 1 13 4 0.25 1 1 2 0 2 260 501 1
1 23.25 4 2 8 5 0.25 1 0 0 1 2 160 1 1
1 22.67 1.58 1 9 4 3.085 1 1 6 0 2 80 1 1
1 49.17 2.29 2 1 1 0.29 0 0 0 0 2 200 4 0
1 22.92 3.16 1 8 4 0.165 0 0 0 0 2 160 1059 0
0 36 1 2 8 4 2 1 1 11 0 2 0 457 1
1 42.83 4.62 2 11 4 4.58 1 0 0 0 1 0 1 1
0 23 1.83 2 5 3 0 0 1 1 0 2 200 54 0
1 19.67 10 1 4 8 0.835 1 0 0 1 2 140 1 0
1 23.25 4 2 8 5 0.25 1 0 0 1 2 160 1 1
0 28.58 3.54 2 3 5 0.5 1 0 0 1 2 171 1 0
1 17.07 0.08 1 8 4 0.04 0 0 0 0 2 140 723 0
1 48.33 12 2 7 4 16 1 0 0 0 1 110 1 1
0 37.33 2.5 2 3 8 0.21 0 0 0 0 2 260 247 0
0 22.83 2.29 2 11 8 2.29 1 1 7 1 2 140 2385 1
1 25.67 3.25 2 8 8 2.29 0 1 1 1 2 416 22 0
1 25.5 0.37 2 7 4 0.25 1 1 3 0 2 260 15109 1
1 69.17 9 2 1 1 4 0 1 1 0 2 70 7 0
1 31.83 2.5 2 6 4 7.5 1 0 0 1 2 523 1 0
0 19.17 0.58 1 6 4 0.585 1 0 0 1 2 160 1 0
0 19.17 0.58 1 6 4 0.585 1 0 0 1 2 160 1 0
1 42.17 5.04 2 11 8 12.75 1 0 0 1 2 92 1 1
1 23.17 0 2 13 4 0.085 1 0 0 0 2 0 1 1
0 52.5 7 2 6 8 3 0 0 0 0 2 0 1 0
0 50.08 12.54 2 6 4 2.29 1 1 3 1 2 156 1 1
0 21.5 6 2 6 4 2.5 1 1 3 0 2 80 919 1
1 27.83 1 1 2 8 3 0 0 0 0 2 176 538 0
1 51.42 0.04 2 14 8 0.04 1 0 0 0 2 0 3001 1
0 58.67 4.46 2 11 8 3.04 1 1 6 0 2 43 561 1
1 48.08 6.04 2 4 4 0.04 0 0 0 0 2 0 2691 1
1 59.67 1.54 2 11 4 0.125 1 0 0 1 2 260 1 1
1 59.5 2.75 2 9 4 1.75 1 1 5 1 2 60 59 1
0 38.25 6 2 4 4 1 1 0 0 1 2 0 1 1
0 17.32 9.5 2 6 4 1.75 0 1 10 1 2 0 11 0
1 26.75 4.5 1 8 5 2.5 0 0 0 0 2 200 1211 0
1 22.25 0.46 2 4 4 0.125 0 0 0 1 2 280 56 0
1 33.17 3.16 1 14 4 3.165 1 1 3 1 2 380 1 1
0 45 4.58 2 4 8 1 0 0 0 1 1 240 1 0
1 28.58 3.62 2 6 4 0.25 0 0 0 1 2 100 1 0
1 20.67 5.29 2 11 4 0.375 1 1 1 0 2 160 1 0
0 19.17 0.58 1 6 4 0.585 1 0 0 1 2 160 1 0
0 52.5 7 2 6 8 3 0 0 0 0 2 0 1 0
0 57.58 2 2 1 1 6.5 0 1 1 0 2 0 11 0
1 26.67 4.25 2 13 4 4.29 1 1 1 1 2 120 1 1
1 20.67 1.25 1 8 8 1.375 1 1 3 1 2 140 211 0
0 18.92 9.25 1 8 4 1 1 1 4 1 2 80 501 1
1 23.08 2.5 2 1 1 0.085 0 0 0 1 2 100 4209 0
1 37.5 0.83 2 10 4 0.04 0 0 0 0 2 120 6 0
1 20.07 0.25 2 11 4 0.125 0 0 0 0 2 200 1 0

