0 18.82 9.53 2 6 4 0.085 1 0 0 0 2 100 1 1
1 35.17 4.5 2 14 8 5.75 0 0 0 1 1 711 1 1
1 39.17 1.71 2 14 4 0.125 1 1 5 1 2 480 1 1
1 19.42 7.25 2 7 4 0.04 0 1 1 0 2 100 2 0
0 33.08 1.62 2 2 4 0.54 0 0 0 1 2 0 1 0
1 19.42 1.5 1 13 4 2 1 0 0 1 2 100 21 0
1 63.33 0.54 2 8 4 0.585 1 1 3 1 2 180 1 0
1 13.75 4 1 9 4 1.75 1 1 2 1 2 120 1001 1
1 22.75 11.5 2 3 4 0.415 0 0 0 0 2 0 1 0
1 22.25 0.46 2 4 4 0.125 0 0 0 1 2 280 56 0
1 57.42 8.5 2 10 8 7 1 1 3 0 2 0 1 1
1 17.07 0.08 1 8 4 0.04 0 0 0 0 2 140 723 0
0 18.25 10 2 9 4 1 0 1 1 0 2 120 2 0
0 18.82 4.41 1 8 8 3 1 0 0 0 2 240 1 1
1 27.42 12.5 2 6 5 0.25 0 0 0 1 2 720 1 0
1 63.33 0.54 2 8 4 0.585 1 1 3 1 2 180 1 0
1 64.08 20 2 14 8 17.5 1 1 9 1 2 0 1001 1
0 29.5 1.08 1 14 4 1 0 0 0 0 2 280 14 0
0 22.92 1.25 2 11 4 0.25 0 0 0 1 2 120 810 0
1 63.33 0.54 2 8 4 0.585 1 1 3 1 2 180 1 0
0 58.42 21 2 3 5 10 1 1 13 0 2 0 6701 1
1 20 7 2 8 4 0.5 0 0 0 0 2 0 1 0
1 25.08 1.71 2 14 4 1.665 1 1 1 1 2 395 21 1
0 36 1 2 8 4 2 1 1 11 0 2 0 457 1
1 16.25 0 1 6 4 0.25 0 0 0 0 2 60 1 0
1 33.17 1 2 14 4 0.75 1 1 7 1 2 340 4072 1
1 51.42 0.04 2 14 8 0.04 1 0 0 0 2 0 3001 1
1 31.67 16.16 2 2 4 3 1 1 9 0 2 250 731 1
1 26.83 0.54 2 4 1 0 0 0 0 0 2 100 1 0
0 41 2.04 1 11 8 0.125 1 1 23 1 2 455 1237 1
1 18.17 2.46 2 8 7 0.96 0 1 2 1 2 160 588 0
1 45 8.5 2 13 8 14 1 1 1 1 2 88 2001 1
1 21.08 10.08 1 10 8 1.25 0 0 0 0 2 260 1 0
1 32.83 2.5 2 13 8 2.75 1 1 6 0 2 160 2073 1
1 26.33 13 2 10 2 0 0 0 0 1 2 140 1111 0
1 31 2.08 2 8 4 0.085 0 0 0 0 2 300 1 0
1 37.58 0 2 8 4 0 0 0 0 0 3 184 1 1
1 38.25 10.12 1 4 4 0.125 0 0 0 0 2 160 1 0
1 18.42 10.41 1 6 4 0.125 1 0 0 0 2 120 376 0
1 24.58 13.5 1 1 1 0 0 0 0 0 2 184 1 0
1 27 0.75 2 8 8 4.25 1 1 3 1 2 312 151 1
0 20.32 10 2 8 8 1 1 1 4 0 2 50 1466 1
0 25.08 2.54 1 6 4 0.25 1 0 0 1 2 370 1 1
1 36.17 18.12 2 9 4 0.085 0 0 0 0 2 320 3553 0
1 21.83 0.25 2 2 8 0.665 1 0 0 1 2 0 1 1
1 31.57 3 1 3 5 7 0 0 0 0 2 0 2 0
1 65.42 11 2 10 9 20 1 1 7 1 2 22 1 1
1 32.33 7.5 2 10 5 1.585 1 0 0 1 1 420 1 0
1 20.17 5.62 2 9 4 1.71 1 0 0 0 1 120 1 1
1 27 0.75 2 8 8 4.25 1 1 3 1 2 312 151 1
1 23.08 2.5 2 1 1 0.085 0 0 0 1 2 100 4209 0
1 31 2.08 2 8 4 0.085 0 0 0 0 2 300 1 0
0 44.33 0 2 8 4 2.5 1 0 0 0 2 0 1 1
1 31 2.08 2 8 4 0.085 0 0 0 0 2 300 1 0
0 26.17 2 2 5 3 0 0 0 0 1 2 276 2 0
0 18.25 10 2 9 4 1 0 1 1 0 2 120 2 0
0 47.42 3 2 14 4 13.875 1 1 2 1 2 519 1705 1
0 20.67 3 2 11 4 0.165 1 1 3 0 2 100 7 1
0 22.5 8.5 2 11 4 1.75 1 1 10 0 2 80 991 0
1 25.67 0.28 1 8 4 1.5 0 0 0 1 2 160 1 0
0 47.42 3 2 14 4 13.875 1 1 2 1 2 519 1705 1
1 19.17 4 1 3 4 1 0 0 0 1 2 360 1001 0
1 32.67 5.5 2 11 8 5.5 1 1 12 1 2 408 1001 1
0 60.58 16.5 2 11 4 11 1 0 0 1 2 21 10562 1
0 49 1.5 2 5 3 0 1 0 0 1 2 100 28 0
1 23.58 1.79 2 8 4 0.54 0 0 0 1 2 136 2 0
0 17.32 9.5 2 6 4 1.75 0 1 10 1 2 0 11 0
1 80.25 5.5 2 8 4 0.54 1 0 0 0 2 0 341 0
1 23.42 1 2 8 4 0.5 0 0 0 1 1 280 1 0
1 28.25 5.04 1 8 5 1.5 1 1 8 1 2 144 8 1
1 20.67 1.25 1 8 8 1.375 1 1 3 1 2 140 211 0
0 25 11 1 6 4 4.5 1 0 0 0 2 120 1 0
1 22.67 0.75 2 3 4 1.585 0 1 1 1 2 400 10 0
1 18.07 5.5 2 4 4 0.5 1 0 0 0 2 80 1 1
0 69.5 6 2 1 1 0 0 0 0 0 1 0 1 0
1 21.83 11 2 14 4 0.29 1 1 6 0 2 121 1 1
1 25.67 3.25 2 8 8 2.29 0 1 1 1 2 416 22 0
0 23.75 0.71 2 9 4 0.25 0 1 1 1 2 240 5 0
1 26 1 2 11 4 1.75 1 0 0 1 2 280 1 1
1 27 1.5 1 9 4 0.375 1 0 0 1 2 260 1066 1
1 26.17 0.83 2 13 4 1.165 0 0 0 0 2 100 1 0
1 41 0.04 2 10 4 0.04 0 1 1 0 1 560 1 1
0 28.17 0.37 2 11 4 0.585 1 1 4 0 2 80 1 1
0 56.83 4.25 1 1 1 5 0 0 0 1 2 0 5 0
1 28.67 14.5 2 2 4 0.125 0 0 0 0 2 0 287 0
1 27.58 2.04 1 6 4 2 1 1 3 1 2 370 561 1
0 25 11 1 6 4 4.5 1 0 0 0 2 120 1 0
1 34 5.08 1 3 5 1.085 0 0 0 1 2 480 1 0
1 23.25 4 2 8 5 0.25 1 0 0 1 2 160 1 1
1 29.25 14.79 2 6 4 5.04 1 1 5 1 2 168 1 1
1 23 0.75 2 7 4 0.5 0 0 0 1 1 320 1 0
0 60.58 16.5 2 11 4 11 1 0 0 1 2 21 10562 1
0 28.67 1.04 2 8 4 2.5 1 1 5 1 2 300 1431 1
0 32.25 1.5 2 8 4 0.25 0 0 0 1 2 372 123 0
0 22.92 1.25 2 11 4 0.25 0 0 0 1 2 120 810 0
0 18.42 9.25 2 11 4 1.21 1 1 4 0 2 60 541 1
1 39.42 1.71 1 7 4 0.165 0 0 0 0 1 400 1 0
1 21.5 9.75 2 8 4 0.25 1 0 0 0 2 140 1 0
0 18.42 9.25 2 11 4 1.21 1 1 4 0 2 60 541 1
0 28.5 3.04 1 14 8 2.54 1 1 1 0 2 70 1 1
0 36.75 5.12 2 10 4 5 1 0 0 1 2 0 4001 1
1 67.75 5.5 2 10 9 13 1 1 1 1 2 0 1 1
1 51.83 2.04 1 1 1 1.5 0 0 0 0 2 120 2 0
0 21.75 1.75 1 5 3 0 0 0 0 0 2 160 1 0
1 23 0.62 1 6 4 0.125 1 0 0 0 2 180 2 0
0 36.58 0.28 2 1 1 0 0 1 10 0 2 200 19 0
1 25.92 0.87 2 4 4 0.375 0 1 2 1 2 174 4 0
0 23.75 0.71 2 9 4 0.25 0 1 1 1 2 240 5 0
0 17.57 9 2 6 4 1.375 1 0 0 1 2 0 1 1
1 18.82 0.41 1 8 4 0.165 0 1 1 0 2 200 2 0
1 31.57 5 1 6 4 8.5 1 0 0 0 2 0 1 0
0 60.58 16.5 2 11 4 11 1 0 0 1 2 21 10562 1
1 36.42 0.75 1 2 4 0.585 0 0 0 0 2 240 4 0
1 22.67 0.16 2 8 3 2.25 0 0 0 1 1 0 1 1
1 36.42 0.75 1 2 4 0.585 0 0 0 0 2 240 4 0
1 73.42 17.75 2 1 1 0 1 0 0 1 2 0 1 1
1 18.32 1.21 1 10 2 0 0 0 0 0 2 100 1 0
1 51.33 10 2 3 5 0 1 1 11 0 2 0 1250 1
1 33.58 2.75 2 7 4 4.25 1 1 6 0 2 204 1 1
1 32.75 2.33 2 2 8 5.75 0 0 0 1 2 292 1 0
1 23.42 1 2 8 4 0.5 0 0 0 1 1 280 1 0
1 40.58 3.29 2 7 4 3.5 0 0 0 1 1 400 1 0
1 20 7 2 8 4 0.5 0 0 0 0 2 0 1 0
1 17.07 0.08 1 8 4 0.04 0 0 0 0 2 140 723 0
1 36.67 3.25 2 11 8 9 1 0 0 1 2 102 640 1
0 36 1 2 8 4 2 1 1 11 0 2 0 457 1
1 30.17 6.5 2 13 4 3.125 1 1 8 0 2 330 1201 1
1 32.75 1.5 2 13 8 5.5 1 1 3 1 2 0 1 1
1 31.57 4 2 14 4 5 1 1 3 1 2 290 2280 1
0 28.67 1.04 2 8 4 2.5 1 1 5 1 2 300 1431 1
1 26.92 2.25 2 3 5 0.5 0 0 0 1 2 640 4001 0
0 36.75 4.71 2 1 1 0 0 0 0 0 2 160 1 0
1 31.25 1.12 2 1 1 0 0 1 1 0 2 96 20 0
0 18.42 9.25 2 11 4 1.21 1 1 4 0 2 60 541 1
1 20.5 10 1 8 4 2.5 1 0 0 0 1 40 1 1
1 43.25 3 2 11 8 6 1 1 11 0 2 80 1 1
1 21 3 1 2 4 1.085 1 1 8 1 2 160 2 1
0 50.08 12.54 2 6 4 2.29 1 1 3 1 2 156 1 1
1 20 1.25 1 4 4 0.125 0 0 0 0 2 140 5 0
0 37.33 2.5 2 3 8 0.21 0 0 0 0 2 260 247 0
1 19 1.75 1 8 4 2.335 0 0 0 1 2 112 7 0
0 55.75 7.08 2 4 8 6.75 1 1 3 1 2 100 51 0
1 20.42 1.08 2 11 4 1.5 0 0 0 0 2 108 8 0
1 34.42 1.33 2 3 5 0.125 0 0 0 1 2 440 4501 0
1 32.92 2.5 2 6 4 1.75 0 1 2 1 2 720 1 0
0 26.5 2.71 1 8 4 0.085 0 0 0 0 1 80 1 0
1 36.33 2.12 1 9 4 0.085 1 1 1 0 2 50 1188 1
1 51.83 3 1 1 1 1.5 0 0 0 0 2 180 5 0
1 17.67 4.46 2 8 4 0.25 0 0 0 0 1 80 1 0
1 44.33 0.5 2 3 8 5 1 0 0 1 2 320 1 1
1 26.17 0.25 2 3 5 0 1 0 0 1 2 0 1 1
1 23.92 0.66 2 8 4 0.165 0 0 0 0 2 100 1 1
1 42 0.2 2 3 8 5.125 1 0 0 0 2 400 1 1
0 58.33 10 2 11 4 4 1 1 14 0 2 0 1603 1
1 33.58 0.25 2 3 5 4 0 0 0 1 1 420 1 0
1 32.25 0.16 1 8 8 3.25 1 1 1 1 2 432 8001 1
1 25.5 0.37 2 7 4 0.25 1 1 3 0 2 260 15109 1
0 25.17 2.87 2 14 8 0.875 1 0 0 0 2 360 1 1
1 56 12.5 2 4 8 8 1 0 0 1 2 24 2029 1
0 28.67 1.04 2 8 4 2.5 1 1 5 1 2 300 1431 1
1 22.67 0.75 2 3 4 1.585 0 1 1 1 2 400 10 0
1 44.33 0.5 2 3 8 5 1 0 0 1 2 320 1 1
1 28.67 9.33 2 11 8 5.665 1 1 6 0 2 381 169 1
0 16.32 0.21 2 6 4 0.125 0 0 0 0 2 200 2 0
0 25.33 2.08 2 8 8 2.75 1 0 0 1 2 360 2 0

