1 29.92 1.83 2 8 8 4.335 1 0 0 0 2 260 201 1
1 28.58 3.62 2 6 4 0.25 0 0 0 1 2 100 1 0
0 41 2.04 1 11 8 0.125 1 1 23 1 2 455 1237 1
1 31.57 10.5 2 14 4 6.5 1 0 0 0 2 0 1 1
1 18.42 10.41 1 6 4 0.125 1 0 0 0 2 120 376 0
0 23.58 0.83 2 11 4 0.415 0 1 1 1 2 200 12 0
0 31.75 3 1 5 3 0 0 0 0 0 2 160 21 0
1 20.67 0.83 1 8 4 2 0 0 0 1 1 240 1 0
0 20.07 0.12 2 11 4 1 0 1 1 0 2 240 769 1
1 28.33 5 2 9 4 11 1 0 0 1 2 70 1 1
1 20.42 0 2 8 4 0 0 0 0 0 3 184 1 0
1 24.58 12.5 2 9 4 0.875 1 0 0 1 2 260 1 0
1 19.67 0.37 2 11 4 2 1 1 2 1 2 80 1 1
1 35.75 2.41 2 9 4 0.125 0 1 2 0 2 220 2 0
1 30.17 0.5 2 8 4 1.75 1 1 11 0 2 32 541 1
1 53.92 9.62 2 10 4 8.665 1 1 5 0 2 0 1 1
1 39.42 1.71 1 7 4 0.165 0 0 0 0 1 400 1 0
1 51.42 0.04 2 14 8 0.04 1 0 0 0 2 0 3001 1
0 71.58 0 2 8 4 0 0 0 0 0 3 184 1 1
1 28.33 5 2 9 4 11 1 0 0 1 2 70 1 1
1 19.42 1.5 1 13 4 2 1 0 0 1 2 100 21 0
1 63.33 0.54 2 8 4 0.585 1 1 3 1 2 180 1 0
1 65.42 11 2 10 9 20 1 1 7 1 2 22 1 1
1 36.67 3.25 2 11 8 9 1 0 0 1 2 102 640 1
1 44.25 0.5 2 7 4 10.75 1 0 0 0 1 400 1 0
1 16 3.12 2 9 4 0.085 0 1 1 0 2 0 7 0
1 32.25 0.16 1 8 8 3.25 1 1 1 1 2 432 8001 1
0 28.75 3.75 2 8 4 1.085 1 1 1 1 2 371 1 1
0 23.25 5.87 2 11 4 3.17 1 1 10 0 2 120 246 1
0 22.42 11.25 1 14 8 0.75 1 1 4 0 2 0 322 1
1 23.42 0.58 2 8 8 0.085 1 0 0 0 2 180 1 0
1 15.17 7 2 10 4 1 0 0 0 0 2 600 1 0
0 23 1.83 2 5 3 0 0 1 1 0 2 200 54 0
1 34.75 15 2 12 7 5.375 1 1 9 1 2 0 135 1
1 29.67 0.75 1 8 4 0.04 0 0 0 0 2 240 1 0
1 20.67 1.25 1 8 8 1.375 1 1 3 1 2 140 211 0
1 27.67 0.75 2 11 8 0.165 0 0 0 1 2 220 252 0
0 65.17 14 2 1 1 0 1 1 11 1 2 0 1401 1
1 18.42 10.41 1 6 4 0.125 1 0 0 0 2 120 376 0
0 16 0.16 2 6 4 1 0 1 2 1 2 320 2 0
1 51.33 10 2 3 5 0 1 1 11 0 2 0 1250 1
1 36.67 2 2 3 4 0.25 0 0 0 1 2 221 1 0
1 56.75 12.25 2 7 4 1.25 1 1 4 1 2 200 1 1
1 22.67 0.16 2 8 3 2.25 0 0 0 1 1 0 1 1
1 22.17 2.25 2 3 4 0.125 0 0 0 0 2 160 11 0
1 52.42 1.5 2 2 4 3.75 0 0 0 1 2 0 351 0
1 28.67 14.5 2 2 4 0.125 0 0 0 0 2 0 287 0
1 40.92 0.5 1 7 4 0.5 0 0 0 1 2 130 1 0
1 23.08 2.5 2 1 1 0.085 0 0 0 1 2 100 4209 0
1 23.42 0.58 2 8 8 0.085 1 0 0 0 2 180 1 0
0 47.42 8 2 10 5 6.5 1 1 6 0 2 375 51101 1
0 20.42 10.5 1 14 8 0 0 0 0 1 2 154 33 0
1 28 3 2 9 4 0.75 0 0 0 1 2 300 68 0
1 29.25 13 2 2 8 0.5 0 0 0 0 2 228 1 0
0 56.83 4.25 1 1 1 5 0 0 0 1 2 0 5 0
1 25.92 0.87 2 4 4 0.375 0 1 2 1 2 174 4 0
1 37.5 1.12 1 2 4 1.5 0 0 0 1 2 431 1 1
0 20.83 0.5 1 10 2 1 0 0 0 0 2 260 1 0
1 26.17 0.83 2 13 4 1.165 0 0 0 0 2 100 1 0
1 26.17 0.25 2 3 5 0 1 0 0 1 2 0 1 1
1 25.92 0.87 2 4 4 0.375 0 1 2 1 2 174 4 0
1 19 1.75 1 8 4 2.335 0 0 0 1 2 112 7 0
1 34.17 1.54 2 13 4 1.54 1 1 1 1 2 520 50001 1
1 21.25 1.5 2 9 4 1.5 0 0 0 0 2 150 9 1
0 26.92 13.5 2 11 8 5 1 1 2 0 2 0 5001 1
1 59.5 2.75 2 9 4 1.75 1 1 5 1 2 60 59 1
0 25.08 2.54 1 6 4 0.25 1 0 0 1 2 370 1 1
1 69.17 9 2 1 1 4 0 1 1 0 2 70 7 0
0 22.5 0.41 2 3 4 0.335 0 0 0 1 1 144 1 0
0 30 5.29 2 10 2 2.25 1 1 5 1 2 99 501 1
1 31.25 1.12 2 1 1 0 0 1 1 0 2 96 20 0
0 52.17 0 1 1 1 0 0 0 0 0 2 0 1 0
1 56 12.5 2 4 8 8 1 0 0 1 2 24 2029 1
0 24.5 2.41 1 8 4 0 0 0 0 0 2 120 1 0
1 36.08 2.54 2 1 1 0 0 0 0 0 2 0 1001 0
1 43.17 5 2 3 5 2.25 0 0 0 1 2 141 1 0
1 17.67 4.46 2 8 4 0.25 0 0 0 0 1 80 1 0
1 19.17 0 1 7 5 0 0 0 0 1 1 500 2 1
1 22.17 2.25 2 3 4 0.125 0 0 0 0 2 160 11 0
1 36.75 0.12 1 8 4 1.5 0 0 0 1 2 232 114 1
1 53.92 9.62 2 10 4 8.665 1 1 5 0 2 0 1 1
1 16.07 0.75 2 8 4 1.75 1 1 5 1 2 352 691 1
0 47.75 8 2 8 4 7.875 1 1 6 1 2 0 1261 1
1 35.25 3.16 2 14 8 3.75 1 0 0 1 2 680 1 0
0 22.67 3.8 2 8 4 0.165 0 0 0 0 2 160 1 0
0 22.67 3.8 2 8 4 0.165 0 0 0 0 2 160 1 0
0 27.58 3 2 7 4 2.79 0 1 1 1 2 280 11 0
0 34.83 1.25 1 3 8 0.5 0 0 0 1 2 160 1 0
1 31.67 0.83 2 14 4 1.335 1 1 8 1 2 303 3291 1
1 18.5 2 2 3 4 1.5 1 1 2 0 2 120 301 1
1 20.67 0.41 2 8 4 0.125 0 0 0 0 2 0 45 0
0 25.75 0.5 2 8 8 0.875 1 0 0 1 2 491 1 1
1 39.33 5.87 2 13 8 10 1 1 14 1 2 399 1 1
0 18.42 9.25 2 11 4 1.21 1 1 4 0 2 60 541 1
1 34.17 2.75 2 3 5 2.5 0 0 0 1 2 232 201 0
0 58.42 21 2 3 5 10 1 1 13 0 2 0 6701 1
1 49.58 19 2 1 1 0 1 1 1 0 2 94 1 0
1 34.92 2.5 2 9 4 0 1 0 0 1 2 239 201 1
0 31.75 3 1 5 3 0 0 0 0 0 2 160 21 0
0 20.07 0.12 2 11 4 1 0 1 1 0 2 240 769 1
0 29.5 1.08 1 14 4 1 0 0 0 0 2 280 14 0
1 26.75 4.5 1 8 5 2.5 0 0 0 0 2 200 1211 0
0 24.5 12.75 2 8 5 4.75 1 1 2 0 2 73 445 1
1 19 0 1 1 1 0 0 1 4 0 2 45 2 0
0 47.42 3 2 14 4 13.875 1 1 2 1 2 519 1705 1
0 42.25 1.75 1 8 4 0 0 0 0 1 2 150 2 0
0 18.25 10 2 9 4 1 0 1 1 0 2 120 2 0
1 40 6.5 2 6 5 3.5 1 1 1 0 2 0 501 1
1 37.5 1.75 1 8 5 0.25 1 0 0 1 2 164 401 0
1 38.25 10.12 1 4 4 0.125 0 0 0 0 2 160 1 0
1 44.25 11 1 2 4 1.5 1 0 0 0 1 0 1 0
1 16.92 0.33 1 4 4 0.29 0 0 0 0 1 200 1 0
0 31.57 11.25 2 1 1 0 0 0 0 0 2 184 5201 0
1 36.33 3.79 2 9 4 1.165 1 0 0 1 2 200 1 0
1 17.42 6.5 2 3 4 0.125 0 0 0 0 2 60 101 0
1 18.32 1.21 1 10 2 0 0 0 0 0 2 100 1 0
0 23.58 0.83 2 11 4 0.415 0 1 1 1 2 200 12 0
0 18.92 9.25 1 8 4 1 1 1 4 1 2 80 501 1
0 33.17 2.25 1 13 4 3.5 0 0 0 1 2 200 142 0
0 22.25 1.25 1 1 1 3.25 0 0 0 0 2 280 1 0
1 20.67 5.29 2 11 4 0.375 1 1 1 0 2 160 1 0
1 43.17 5 2 3 5 2.25 0 0 0 1 2 141 1 0
1 35.25 3.16 2 14 8 3.75 1 0 0 1 2 680 1 0
0 30.25 5.5 2 4 4 5.5 0 0 0 1 1 100 1 0
0 19.67 0.21 2 11 8 0.29 1 1 11 0 2 80 100 1
0 33.25 3 1 6 4 2 0 0 0 0 2 180 1 0
0 24.5 12.75 2 8 5 4.75 1 1 2 0 2 73 445 1
0 41 2.04 1 11 8 0.125 1 1 23 1 2 455 1237 1
0 22.83 2.29 2 11 8 2.29 1 1 7 1 2 140 2385 1
0 20.67 1.83 2 11 4 2.085 1 1 5 0 2 220 2504 1
0 20.67 3 2 11 4 0.165 1 1 3 0 2 100 7 1
1 69.17 9 2 1 1 4 0 1 1 0 2 70 7 0
1 34.75 2.5 2 13 5 0.5 0 0 0 0 2 348 1 0
1 51.42 0.04 2 14 8 0.04 1 0 0 0 2 0 3001 1
0 36.75 5.12 2 10 4 5 1 0 0 1 2 0 4001 1
1 22.25 0.46 2 4 4 0.125 0 0 0 1 2 280 56 0
1 25.67 3.25 2 8 8 2.29 0 1 1 1 2 416 22 0
0 19.75 0.75 2 8 4 0.795 1 1 5 1 2 140 6 0
0 24.75 13.66 2 11 8 1.5 0 0 0 0 2 280 2 0
0 19.17 5.41 2 3 8 0.29 0 0 0 0 2 80 485 0
0 30.58 10.66 2 11 8 0.085 0 1 12 1 2 129 4 0
0 42.25 1.75 1 8 4 0 0 0 0 1 2 150 2 0
1 20.5 2.41 2 8 4 2 1 1 11 1 2 200 3001 1
1 29.67 0.75 1 8 4 0.04 0 0 0 0 2 240 1 0
1 38.42 0.7 2 8 4 0.375 0 1 2 0 2 225 501 0
1 19.5 0.28 2 4 4 0.29 0 0 0 0 2 280 365 0
0 38.25 6 2 4 4 1 1 0 0 1 2 0 1 1
0 17.57 9 2 6 4 1.375 1 0 0 1 2 0 1 1
1 19.42 7.25 2 7 4 0.04 0 1 1 0 2 100 2 0
0 22.42 11.25 1 14 8 0.75 1 1 4 0 2 0 322 1
1 19.17 4 1 3 4 1 0 0 0 1 2 360 1001 0
1 54.42 0.5 1 4 8 3.96 1 0 0 0 2 180 315 1
0 45 4.58 2 4 8 1 0 0 0 1 1 240 1 0
0 65.17 14 2 1 1 0 1 1 11 1 2 0 1401 1
0 20.32 10 2 8 8 1 1 1 4 0 2 50 1466 1
0 33.08 1.62 2 2 4 0.54 0 0 0 1 2 0 1 0
1 19.42 1.5 1 13 4 2 1 0 0 1 2 100 21 0
1 39 5 2 13 4 3.5 1 1 10 1 2 0 1 1
1 22 0.79 2 9 4 0.29 0 1 1 0 2 420 284 0
1 13.75 4 1 9 4 1.75 1 1 2 1 2 120 1001 1
1 39.17 1.71 2 14 4 0.125 1 1 5 1 2 480 1 1
0 29.58 1.75 1 4 4 1.25 0 0 0 1 2 280 1 0
1 27.75 0.58 1 13 4 0.25 1 1 2 0 2 260 501 1
1 32.33 3.5 2 4 4 0.5 0 0 0 1 2 232 1 0
0 33.75 0.75 2 4 5 1 1 1 3 1 2 212 1 0

