1 33.75 2.75 2 3 5 0 0 0 0 0 2 180 1 0
1 34.92 5 2 14 8 7.5 1 1 6 1 2 0 1001 1
1 22 7.83 1 3 5 0.165 0 0 0 1 2 184 1 0
1 25.83 12.83 2 13 4 0.5 0 0 0 0 2 0 3 0
1 27.42 12.5 2 6 5 0.25 0 0 0 1 2 720 1 0
1 22.25 0.46 2 4 4 0.125 0 0 0 1 2 280 56 0
1 19.67 0.37 2 11 4 2 1 1 2 1 2 80 1 1
0 20.75 10.25 2 11 4 0.71 1 1 2 1 2 49 1 1
0 28.67 1.04 2 8 4 2.5 1 1 5 1 2 300 1431 1
0 51.92 6.5 2 3 5 3.085 0 0 0 1 2 73 1 0
0 16.5 1.25 2 11 4 0.25 0 1 1 0 2 108 99 0
1 21.58 0.79 1 13 4 0.665 0 0 0 0 2 160 1 0
1 25.67 3.25 2 8 8 2.29 0 1 1 1 2 416 22 0
1 26.92 2.25 2 3 5 0.5 0 0 0 1 2 640 4001 0
1 31.83 2.5 2 6 4 7.5 1 0 0 1 2 523 1 0
1 32.75 1.5 2 13 8 5.5 1 1 3 1 2 0 1 1
1 33.58 2.75 2 7 4 4.25 1 1 6 0 2 204 1 1
0 24.75 13.66 2 11 8 1.5 0 0 0 0 2 280 2 0
0 24.5 2.41 1 8 4 0 0 0 0 0 2 120 1 0
0 22.58 10.75 2 11 4 0.415 1 1 5 1 2 0 561 1
1 27.25 1.58 2 13 8 1.835 1 1 12 1 2 583 714 1
1 51.83 3 1 1 1 1.5 0 0 0 0 2 180 5 0
1 28.75 1.5 1 8 4 1.5 1 0 0 1 2 0 226 0
1 56.75 12.25 2 7 4 1.25 1 1 4 1 2 200 1 1
1 42.83 4.62 2 11 4 4.58 1 0 0 0 1 0 1 1
1 31.83 0.04 1 7 4 0.04 0 0 0 0 2 0 1 0
1 21 3 1 2 4 1.085 1 1 8 1 2 160 2 1
1 28.25 0.87 2 7 4 0.96 1 1 3 1 2 396 1 1
0 21.5 6 2 6 4 2.5 1 1 3 0 2 80 919 1
1 35.25 3.16 2 14 8 3.75 1 0 0 1 2 680 1 0
0 21.75 11.75 2 8 4 0.25 0 0 0 1 2 180 1 0
1 24.58 12.5 2 9 4 0.875 1 0 0 1 2 260 1 0
0 22.67 0.79 2 3 4 0.085 0 0 0 0 2 144 1 0
1 19.67 10 1 4 8 0.835 1 0 0 1 2 140 1 0
1 20 0 2 2 4 0.5 0 0 0 0 2 144 1 0
1 19.67 10 1 4 8 0.835 1 0 0 1 2 140 1 0
0 57.58 2 2 1 1 6.5 0 1 1 0 2 0 11 0
1 51.83 3 1 1 1 1.5 0 0 0 0 2 180 5 0
1 36.33 2.12 1 9 4 0.085 1 1 1 0 2 50 1188 1
1 25.17 3 2 8 4 1.25 0 1 1 0 2 0 23 0
1 38.25 10.12 1 4 4 0.125 0 0 0 0 2 160 1 0
1 24.5 13.33 1 6 4 0.04 0 0 0 1 2 120 476 0
1 36.17 18.12 2 9 4 0.085 0 0 0 0 2 320 3553 0
1 27.75 1.29 2 4 8 0.25 0 0 0 1 1 140 1 0
1 36.17 0.42 1 9 4 0.29 0 0 0 1 2 309 3 0
1 19.42 7.25 2 7 4 0.04 0 1 1 0 2 100 2 0
1 29.25 13 2 2 8 0.5 0 0 0 0 2 228 1 0
1 27.67 0.75 2 11 8 0.165 0 0 0 1 2 220 252 0
0 17.82 11 2 14 8 1 1 1 11 0 2 0 3001 1
0 55.75 7.08 2 4 8 6.75 1 1 3 1 2 100 51 0
1 23.25 12.62 2 8 4 0.125 0 1 2 0 2 0 5553 0
0 24.08 0.5 2 11 8 1.25 1 1 1 0 2 0 679 1
1 22.67 1.58 1 9 4 3.085 1 1 6 0 2 80 1 1
1 56.75 12.25 2 7 4 1.25 1 1 4 1 2 200 1 1
0 26.17 2 2 5 3 0 0 0 0 1 2 276 2 0
0 22.67 0.33 2 11 4 0.75 0 0 0 0 1 160 1 0
1 26.75 2 2 2 4 0.75 0 0 0 1 2 80 1 0
0 36.58 0.28 2 1 1 0 0 1 10 0 2 200 19 0
1 63.33 0.54 2 8 4 0.585 1 1 3 1 2 180 1 0
1 35.17 2.5 2 4 4 4.5 1 1 7 0 2 150 1271 1
1 16.92 0.33 1 4 4 0.29 0 0 0 0 1 200 1 0
1 19.67 0.37 2 11 4 2 1 1 2 1 2 80 1 1
1 23.25 1 2 8 4 0.835 1 0 0 0 1 300 1 1
1 47.33 6.5 2 8 4 1 0 0 0 1 2 0 229 0
1 41.92 0.42 2 8 8 0.21 1 1 6 0 2 220 949 1
1 42.75 4.08 2 6 4 0.04 0 0 0 0 2 108 101 0
1 16.17 0.04 2 8 4 0.04 0 0 0 0 2 0 1 1
1 29.67 0.75 1 8 4 0.04 0 0 0 0 2 240 1 0
0 28.58 1.66 2 11 4 2.415 1 0 0 1 2 440 1 0
1 22.08 0.83 2 8 8 2.165 0 0 0 1 2 128 1 1
0 46 4 2 5 3 0 1 0 0 0 2 100 961 1
1 31.57 0.62 2 4 4 0.25 0 0 0 0 2 380 2011 0
0 19.17 8.58 2 13 8 0.75 1 1 7 0 2 96 1 1
1 16.25 0.83 2 7 4 0.085 1 0 0 0 1 200 1 0
1 57.83 7.04 2 7 4 14 1 1 6 1 2 360 1333 1
1 65.42 11 2 10 9 20 1 1 7 1 2 22 1 1
1 49.17 2.29 2 1 1 0.29 0 0 0 0 2 200 4 0
1 25.75 0.75 2 8 5 0.25 1 0 0 0 2 349 24 1
1 16.32 4.08 2 3 8 0.415 0 0 0 1 2 120 1 0
1 23.08 2.5 2 1 1 0.085 0 0 0 1 2 100 4209 0
0 33.92 1.58 1 1 1 0 1 0 0 0 2 320 1 0
1 34.92 5 2 14 8 7.5 1 1 6 1 2 0 1001 1
1 17.07 3.29 2 3 4 0.335 0 0 0 1 2 140 3 0
0 35.17 3.75 2 1 1 0 0 1 6 0 2 0 201 0
1 32.83 2.5 2 13 8 2.75 1 1 6 0 2 160 2073 1
1 39.17 1.71 2 14 4 0.125 1 1 5 1 2 480 1 1
0 20.42 7.5 2 4 4 1.5 1 1 1 0 2 160 235 1
0 27.58 3 2 7 4 2.79 0 1 1 1 2 280 11 0
1 26.83 0.54 2 4 1 0 0 0 0 0 2 100 1 0
1 47.67 0.28 2 8 5 15 1 1 20 0 2 0 15001 1
0 57.58 2 2 1 1 6.5 0 1 1 0 2 0 11 0
0 20.07 1.25 2 8 4 0 0 0 0 0 2 0 1 0
1 34.83 2.5 1 9 4 3 0 0 0 0 1 200 1 0
0 20.67 3 2 11 4 0.165 1 1 3 0 2 100 7 1
1 57.42 8.5 2 10 8 7 1 1 3 0 2 0 1 1
1 24.58 13.5 1 1 1 0 0 0 0 0 2 184 1 0
0 19.75 0.75 2 8 4 0.795 1 1 5 1 2 140 6 0
1 42.83 4.62 2 11 4 4.58 1 0 0 0 1 0 1 1
1 23.5 3.16 1 4 4 0.415 0 1 1 1 2 280 81 0
1 20.5 2.41 2 8 4 2 1 1 11 1 2 200 3001 1
1 55.92 11.5 2 1 1 5 1 1 5 0 2 0 8852 1
0 49 1.5 2 5 3 0 1 0 0 1 2 100 28 0
0 18.42 9.25 2 11 4 1.21 1 1 4 0 2 60 541 1
1 27.83 1 1 2 8 3 0 0 0 0 2 176 538 0
1 67.75 5.5 2 10 9 13 1 1 1 1 2 0 1 1
1 19.42 7.25 2 7 4 0.04 0 1 1 0 2 100 2 0
1 34.75 2.5 2 13 5 0.5 0 0 0 0 2 348 1 0
1 37.17 4 2 8 5 5 1 0 0 1 1 280 1 0
1 54.83 15.5 2 10 9 0 1 1 20 0 2 152 131 0
0 17.92 0.54 2 8 4 1.75 0 1 1 1 2 80 6 0
1 34.42 4.25 2 3 5 3.25 1 1 2 0 2 274 611 1
1 22.17 12.12 2 8 4 3.335 0 1 2 1 2 180 174 0
1 30.17 6.5 2 13 4 3.125 1 1 8 0 2 330 1201 1
0 21.5 6 2 6 4 2.5 1 1 3 0 2 80 919 1
1 26.83 0.54 2 4 1 0 0 0 0 0 2 100 1 0
1 48.75 8.5 2 8 8 12.5 1 1 9 0 2 181 1656 1
0 28.17 0.37 2 11 4 0.585 1 1 4 0 2 80 1 1
1 21.08 10.08 1 10 8 1.25 0 0 0 0 2 260 1 0
0 32.25 1.5 2 8 4 0.25 0 0 0 1 2 372 123 0
1 34.08 6.5 2 6 4 0.125 1 0 0 1 2 443 1 0
1 31.67 0.83 2 14 4 1.335 1 1 8 1 2 303 3291 1
0 24.5 1.75 1 8 4 0.165 0 0 0 0 2 132 1 0
1 24.42 12.33 2 11 8 1.585 1 0 0 1 2 120 1 1
1 32.25 0.16 1 8 8 3.25 1 1 1 1 2 432 8001 1
0 22.67 0.79 2 3 4 0.085 0 0 0 0 2 144 1 0
1 18.82 0.41 1 8 4 0.165 0 1 1 0 2 200 2 0
0 24.75 3 2 11 8 1.835 1 1 19 0 2 0 501 1
1 23.5 3.16 1 4 4 0.415 0 1 1 1 2 280 81 0
0 33.08 4.62 2 11 8 1.625 1 1 2 0 2 0 1 1
1 48.75 26.33 1 1 1 0 1 0 0 1 2 0 1 0
1 23.17 0 2 8 4 0 0 0 0 0 3 184 1 1
0 19.17 5.41 2 3 8 0.29 0 0 0 0 2 80 485 0
1 19.17 0 1 7 5 0 0 0 0 1 1 500 2 1
0 20.75 10.25 2 11 4 0.71 1 1 2 1 2 49 1 1
1 27.83 1.5 2 9 4 2.25 0 1 1 1 2 100 4 0
1 21 3 1 2 4 1.085 1 1 8 1 2 160 2 1
1 25.67 2.21 1 6 4 4 1 0 0 0 2 188 1 0
1 31.57 0.37 2 2 4 0.875 1 0 0 1 1 928 1 0
0 50.25 0.83 2 6 4 0.5 0 0 0 1 2 240 118 0
1 18.17 2.46 2 8 7 0.96 0 1 2 1 2 160 588 0
1 19.5 0.28 2 4 4 0.29 0 0 0 0 2 280 365 0
0 22.67 0.33 2 11 4 0.75 0 0 0 0 1 160 1 0
0 24.75 3 2 11 8 1.835 1 1 19 0 2 0 501 1
0 56.83 4.25 1 1 1 5 0 0 0 1 2 0 5 0
1 36.17 0.42 1 9 4 0.29 0 0 0 1 2 309 3 0
1 34.17 1.54 2 13 4 1.54 1 1 1 1 2 520 50001 1
0 16 0.16 2 6 4 1 0 1 2 1 2 320 2 0
1 33.67 1.25 2 9 4 1.165 0 0 0 0 2 120 1 0
1 21.83 0.25 2 2 8 0.665 1 0 0 1 2 0 1 1
1 37.42 2.04 2 9 4 0.04 1 0 0 1 2 400 5801 1
1 20.42 1.08 2 11 4 1.5 0 0 0 0 2 108 8 0
1 21.17 0.87 1 8 8 0.25 0 0 0 0 2 280 205 0
0 58.42 21 2 3 5 10 1 1 13 0 2 0 6701 1
1 40.25 21.5 2 10 9 20 1 1 11 0 2 0 1201 1
1 19.67 0.37 2 11 4 2 1 1 2 1 2 80 1 1
1 32.33 3.5 2 4 4 0.5 0 0 0 1 2 232 1 0
1 19.42 1.5 1 13 4 2 1 0 0 1 2 100 21 0
1 34.75 15 2 12 7 5.375 1 1 9 1 2 0 135 1
1 19.17 0 1 7 5 0 0 0 0 1 1 500 2 1
1 38.25 10.12 1 4 4 0.125 0 0 0 0 2 160 1 0
1 28.25 5.04 1 8 5 1.5 1 1 8 1 2 144 8 1
1 37.5 0.83 2 10 4 0.04 0 0 0 0 2 120 6 0
1 41.17 1.25 1 9 4 0.25 0 0 0 0 2 0 196 0
1 30.17 1.08 1 8 4 0.04 0 0 0 0 2 170 180 0
0 31.57 11.25 2 1 1 0 0 0 0 0 2 184 5201 0

