0 24.75 3 2 11 8 1.835 1 1 19 0 2 0 501 1
1 29.58 4.75 2 7 4 2 0 1 1 1 2 460 69 0
1 43.08 0.37 1 8 4 0.375 1 1 8 1 2 300 163 1
1 40.92 0.83 2 1 1 0 1 0 0 0 2 130 2 0
1 25 12.5 2 6 4 3 1 0 0 1 1 20 1 1
0 20.75 9.53 2 3 4 0.04 0 0 0 0 2 200 1001 0
0 18.82 9.5 2 9 4 1.625 1 1 6 1 2 40 601 1
1 23.58 0.46 1 9 4 2.625 1 1 6 1 2 208 348 0
0 23.58 0.58 1 1 1 0.125 0 0 0 0 2 120 88 0
0 69.5 6 2 1 1 0 0 0 0 0 1 0 1 0
0 22.67 0.79 2 3 4 0.085 0 0 0 0 2 144 1 0
1 28.25 5.04 1 8 5 1.5 1 1 8 1 2 144 8 1
1 29.92 1.83 2 8 8 4.335 1 0 0 0 2 260 201 1
0 37.33 2.5 2 3 8 0.21 0 0 0 0 2 260 247 0
0 20.42 10.5 1 14 8 0 0 0 0 1 2 154 33 0
1 29.58 4.75 2 7 4 2 0 1 1 1 2 460 69 0
1 37.33 6.5 2 7 8 4.25 1 1 12 1 2 93 1 1
1 34.42 4.25 2 3 5 3.25 1 1 2 0 2 274 611 1
1 52.33 1.37 1 8 8 9.46 1 0 0 1 2 200 101 0
0 28.67 1.04 2 8 4 2.5 1 1 5 1 2 300 1431 1
1 37.33 6.5 2 7 8 4.25 1 1 12 1 2 93 1 1
1 49.17 2.29 2 1 1 0.29 0 0 0 0 2 200 4 0
1 18.42 10.41 1 6 4 0.125 1 0 0 0 2 120 376 0
1 36.25 5 2 8 5 2.5 1 1 6 0 2 0 368 1
1 27.83 1.5 2 9 4 2.25 0 1 1 1 2 100 4 0
0 23 1.83 2 5 3 0 0 1 1 0 2 200 54 0
0 22.67 0.33 2 11 4 0.75 0 0 0 0 1 160 1 0
1 64.08 20 2 14 8 17.5 1 1 9 1 2 0 1001 1
1 60.08 14.5 2 1 1 18 1 1 15 1 2 0 1001 1
1 23.75 12 2 8 4 2.085 0 0 0 0 1 80 1 0
0 23.58 0.83 2 11 4 0.415 0 1 1 1 2 200 12 0
1 31.57 0.5 2 8 5 0.835 1 0 0 1 1 320 1 0
1 28.25 5.04 1 8 5 1.5 1 1 8 1 2 144 8 1
1 33.58 0.33 1 13 4 0.085 0 0 0 0 2 180 1 0
1 36.67 3.25 2 11 8 9 1 0 0 1 2 102 640 1
1 19.17 4 1 3 4 1 0 0 0 1 2 360 1001 0
1 36.25 5 2 8 5 2.5 1 1 6 0 2 0 368 1
1 16.25 0.83 2 7 4 0.085 1 0 0 0 1 200 1 0
1 21 4.79 1 9 4 2.25 1 1 1 1 2 80 301 1
0 28.42 3.5 2 9 4 0.835 1 0 0 0 1 280 1 1
0 15.75 0.37 2 8 4 1 0 0 0 0 2 120 19 0
0 29.5 2 1 10 8 2 0 0 0 0 2 256 18 0
1 21 3 1 2 4 1.085 1 1 8 1 2 160 2 1
0 58.33 10 2 11 4 4 1 1 14 0 2 0 1603 1
1 37.33 6.5 2 7 8 4.25 1 1 12 1 2 93 1 1
0 33.92 1.58 1 1 1 0 1 0 0 0 2 320 1 0
1 21 3 1 2 4 1.085 1 1 8 1 2 160 2 1
1 65.42 11 2 10 9 20 1 1 7 1 2 22 1 1
1 20.67 0.41 2 8 4 0.125 0 0 0 0 2 0 45 0
0 20.75 9.53 2 3 4 0.04 0 0 0 0 2 200 1001 0
0 22.92 1.25 2 11 4 0.25 0 0 0 1 2 120 810 0
0 20.42 7.5 2 4 4 1.5 1 1 1 0 2 160 235 1
1 29.83 3.5 2 8 4 0.165 0 0 0 0 2 216 1 0
1 31.92 4.46 2 13 8 6.04 1 1 3 0 2 311 301 1
1 80.25 5.5 2 8 4 0.54 1 0 0 0 2 0 341 0
1 38.42 0.7 2 8 4 0.375 0 1 2 0 2 225 501 0
1 20.67 0.83 1 8 4 2 0 0 0 1 1 240 1 0
0 28.42 3.5 2 9 4 0.835 1 0 0 0 1 280 1 1
1 22.17 0.58 1 1 1 0 0 0 0 0 2 100 1 0
1 31.58 0.75 1 6 4 3.5 0 0 0 1 2 320 1 0
1 36.5 4.25 2 11 4 3.5 0 0 0 0 2 454 51 0
1 25.17 3 2 8 4 1.25 0 1 1 0 2 0 23 0
0 36.75 4.71 2 1 1 0 0 0 0 0 2 160 1 0
0 33.25 2.5 1 8 4 2.5 0 0 0 1 2 0 3 0
1 23.08 11.5 2 3 4 3.5 1 1 9 0 2 56 743 1
1 34 5.08 1 3 5 1.085 0 0 0 1 2 480 1 0
1 21.25 1.5 2 9 4 1.5 0 0 0 0 2 150 9 1
1 36.33 3.79 2 9 4 1.165 1 0 0 1 2 200 1 0
1 59.5 2.75 2 9 4 1.75 1 1 5 1 2 60 59 1
0 57.58 2 2 1 1 6.5 0 1 1 0 2 0 11 0
1 30.17 6.5 2 13 4 3.125 1 1 8 0 2 330 1201 1
0 24.33 2.5 1 3 5 4.5 0 0 0 0 2 200 457 0
1 42.75 4.08 2 6 4 0.04 0 0 0 0 2 108 101 0
1 21.83 0.25 2 2 8 0.665 1 0 0 1 2 0 1 1
1 69.17 9 2 1 1 4 0 1 1 0 2 70 7 0
1 37.33 6.5 2 7 8 4.25 1 1 12 1 2 93 1 1
0 33.92 1.58 1 1 1 0 1 0 0 0 2 320 1 0
1 34.17 1.54 2 13 4 1.54 1 1 1 1 2 520 50001 1
0 45.83 10.5 2 11 4 5 1 1 7 1 2 0 1 1
1 26.83 0.54 2 4 1 0 0 0 0 0 2 100 1 0
0 33.92 1.58 1 1 1 0 1 0 0 0 2 320 1 0
1 48.58 6.5 2 11 8 6 1 0 0 1 2 350 1 1
1 20.07 0.25 2 11 4 0.125 0 0 0 0 2 200 1 0
0 50.25 0.83 2 6 4 0.5 0 0 0 1 2 240 118 0
1 27.83 1 1 2 8 3 0 0 0 0 2 176 538 0
1 21.83 0.25 2 2 8 0.665 1 0 0 1 2 0 1 1
1 31.57 5 1 6 4 8.5 1 0 0 0 2 0 1 0
1.234 22.08 11.46 2 4 4 1.585 0 0 0 1 2 100 1213 0
1 30.58 2.71 1 7 4 0.125 0 0 0 1 1 80 1 0
1 36.67 4.41 1 4 4 0.25 1 1 10 1 2 320 1 1
1 20 11.04 2 8 4 2 0 0 0 1 2 136 1 0
0 24.75 13.66 2 11 8 1.5 0 0 0 0 2 280 2 0
1 20.5 2.41 2 8 4 2 1 1 11 1 2 200 3001 1
1 32.83 2.5 2 13 8 2.75 1 1 6 0 2 160 2073 1
1 24.08 9 2 6 4 0.25 0 0 0 1 2 0 1 0
1 36.5 4.25 2 11 4 3.5 0 0 0 0 2 454 51 0
1 36.67 2 2 3 4 0.25 0 0 0 1 2 221 1 0
1 23.17 0 2 13 4 0.085 1 0 0 0 2 0 1 1
1 19.57 0.58 2 1 1 0 0 1 3 0 2 350 770 0
1 36.25 5 2 8 5 2.5 1 1 6 0 2 0 368 1
0 28.67 1.04 2 8 4 2.5 1 1 5 1 2 300 1431 1
1 28.25 5.04 1 8 5 1.5 1 1 8 1 2 144 8 1
1 42.17 5.04 2 11 8 12.75 1 0 0 1 2 92 1 1
1 23.92 1.5 2 2 8 1.875 1 1 6 0 2 200 328 1
0 28.67 1.04 2 8 4 2.5 1 1 5 1 2 300 1431 1
0 22.92 11.58 2 13 4 0.04 1 0 0 0 2 80 1350 1
1 63.33 0.54 2 8 4 0.585 1 1 3 1 2 180 1 0
1 21.17 0.25 1 8 8 0.25 0 0 0 0 2 280 205 0
1 42.75 4.08 2 6 4 0.04 0 0 0 0 2 108 101 0
0 18.25 10 2 9 4 1 0 1 1 0 2 120 2 0
0 32.33 0.54 2 13 4 0.04 1 0 0 0 2 440 11178 1
1 52.33 1.37 1 8 8 9.46 1 0 0 1 2 200 101 0
1 31.57 5 1 6 4 8.5 1 0 0 0 2 0 1 0
0 47.42 8 2 10 5 6.5 1 1 6 0 2 375 51101 1
1 20.67 1.25 1 8 8 1.375 1 1 3 1 2 140 211 0
1 37.5 1.12 1 2 4 1.5 0 0 0 1 2 431 1 1
1 16 3.12 2 9 4 0.085 0 1 1 0 2 0 7 0
1 24.08 9 2 6 4 0.25 0 0 0 1 2 0 1 0
0 38.25 6 2 4 4 1 1 0 0 1 2 0 1 1
1 20.17 5.62 2 9 4 1.71 1 0 0 0 1 120 1 1
1 34 5.08 1 3 5 1.085 0 0 0 1 2 480 1 0
1 34.75 15 2 12 7 5.375 1 1 9 1 2 0 135 1
1 41.17 1.25 1 9 4 0.25 0 0 0 0 2 0 196 0
1 19.17 9.5 2 9 4 1.5 1 0 0 0 2 120 2207 1
0 19.17 8.58 2 13 8 0.75 1 1 7 0 2 96 1 1
1 23.08 0 2 4 4 1 0 1 11 0 1 0 1 0
1 18.82 0 2 11 4 0.665 0 0 0 0 2 160 2 0
0 22.83 2.29 2 11 8 2.29 1 1 7 1 2 140 2385 1
1 45 8.5 2 13 8 14 1 1 1 1 2 88 2001 1
0 21.75 1.75 1 5 3 0 0 0 0 0 2 160 1 0
1 21.08 10.08 1 10 8 1.25 0 0 0 0 2 260 1 0
0 34.83 1.25 1 3 8 0.5 0 0 0 1 2 160 1 0
1 21.17 0.87 1 8 8 0.25 0 0 0 0 2 280 205 0
1 22.67 2.54 1 8 8 2.585 1 0 0 0 2 0 1 1
1 27.83 1 1 2 8 3 0 0 0 0 2 176 538 0
1 21.92 0.5 2 8 4 0.125 0 0 0 0 2 360 1 0
1 36.67 4.41 1 4 4 0.25 1 1 10 1 2 320 1 1
0 25 11 1 6 4 4.5 1 0 0 0 2 120 1 0
1 19.42 7.25 2 7 4 0.04 0 1 1 0 2 100 2 0
1 17.67 4.46 2 8 4 0.25 0 0 0 0 1 80 1 0
0 17.57 9 2 6 4 1.375 1 0 0 1 2 0 1 1
1 21.33 7.5 2 6 4 1.415 1 1 1 0 2 80 9801 1
0 24.83 4.5 2 9 4 1 0 0 0 1 2 360 7 0
1 32.25 14 1 1 1 0 0 1 2 0 2 160 2 0
1 48.58 6.5 2 11 8 6 1 0 0 1 2 350 1 1
1 29.67 1.41 2 9 8 0.75 1 1 1 0 2 240 101 1
1 37.33 6.5 2 7 8 4.25 1 1 12 1 2 93 1 1
0 30.58 10.66 2 11 8 0.085 0 1 12 1 2 129 4 0
1 47.17 5.83 2 9 4 5.5 0 0 0 0 2 465 151 0
0 50.08 12.54 2 6 4 2.29 1 1 3 1 2 156 1 1
1 17.42 6.5 2 3 4 0.125 0 0 0 0 2 60 101 0
1 40.58 5 2 8 4 5 1 1 7 0 2 0 3066 1
1 25.5 0.37 2 7 4 0.25 1 1 3 0 2 260 15109 1
0 45 4.58 2 4 8 1 0 0 0 1 1 240 1 0
1 32.42 3 2 2 4 0.165 0 0 0 1 2 120 1 0
0 21.08 5 1 1 1 0 0 0 0 0 2 0 1 0
1 26.92 2.25 2 3 5 0.5 0 0 0 1 2 640 4001 0
0 20.42 10.5 1 14 8 0 0 0 0 1 2 154 33 0
1 28 2 2 4 8 4.165 1 1 2 1 2 181 1 1
0 18.25 10 2 9 4 1 0 1 1 0 2 120 2 0
0 16.5 1.25 2 11 4 0.25 0 1 1 0 2 108 99 0
0 21.75 11.75 2 8 4 0.25 0 0 0 1 2 180 1 0
1 63.33 0.54 2 8 4 0.585 1 1 3 1 2 180 1 0
1 36.17 18.12 2 9 4 0.085 0 0 0 0 2 320 3553 0
0 20.32 10 2 8 8 1 1 1 4 0 2 50 1466 1

