0 36 1 2 8 4 2 1 1 11 0 2 0 457 1
1 34.67 1.08 2 7 4 1.165 0 0 0 0 1 28 1 0
1 18.07 6.75 1 7 4 0.04 0 0 0 0 2 140 1 0
0 25.58 0 2 8 4 0 0 0 0 0 3 184 1 1
1 33.58 0.33 1 13 4 0.085 0 0 0 0 2 180 1 0
1 35.17 2.5 2 4 4 4.5 1 1 7 0 2 150 1271 1
1 27 0.75 2 8 8 4.25 1 1 3 1 2 312 151 1
1 15.17 7 2 10 4 1 0 0 0 0 2 600 1 0
1 31.57 5 1 6 4 8.5 1 0 0 0 2 0 1 0
1 52.5 6.5 2 4 4 6.29 1 1 15 0 2 0 11203 1
1 23.75 12 2 8 4 2.085 0 0 0 0 1 80 1 0
1 27.83 1.54 2 9 4 3.75 1 1 5 1 2 100 4 1
0 20.32 10 2 8 8 1 1 1 4 0 2 50 1466 1
1 20 1.25 1 4 4 0.125 0 0 0 0 2 140 5 0
0 29.5 1.08 1 14 4 1 0 0 0 0 2 280 14 0
1 31.57 0.5 2 8 5 0.835 1 0 0 1 1 320 1 0
0 22.25 1.25 1 1 1 3.25 0 0 0 0 2 280 1 0
0 44.17 6.66 2 11 4 7.375 1 1 3 1 2 0 1 1
1 31.33 19.5 2 8 4 7 1 1 16 0 2 0 5001 1
1 57.42 8.5 2 10 8 7 1 1 3 0 2 0 1 1
1 35.25 3.16 2 14 8 3.75 1 0 0 1 2 680 1 0
1 48.58 6.5 2 11 8 6 1 0 0 1 2 350 1 1
0 19.75 0.75 2 8 4 0.795 1 1 5 1 2 140 6 0
1 16.25 0 1 6 4 0.25 0 0 0 0 2 60 1 0
1 27 0.75 2 8 8 4.25 1 1 3 1 2 312 151 1
1.234 22.08 11.46 2 4 4 1.585 0 0 0 1 2 100 1213 0
1 16.32 4.08 2 3 8 0.415 0 0 0 1 2 120 1 0
1 27 1.5 1 9 4 0.375 1 0 0 1 2 260 1066 1
0 36.75 5.12 2 10 4 5 1 0 0 1 2 0 4001 1
1 31.67 16.16 2 2 4 3 1 1 9 0 2 250 731 1
0 33.17 2.25 1 13 4 3.5 0 0 0 1 2 200 142 0
1 22.92 0.17 2 7 4 0.085 0 0 0 0 1 0 1 0
0 28.75 3.75 2 8 4 1.085 1 1 1 1 2 371 1 1
1 31 2.08 2 8 4 0.085 0 0 0 0 2 300 1 0
1 30.17 0.5 2 8 4 1.75 1 1 11 0 2 32 541 1
1 16.32 2.75 2 6 4 0.665 0 1 1 0 2 80 22 0
1 26.75 4.5 1 8 5 2.5 0 0 0 0 2 200 1211 0
1 28 3 2 9 4 0.75 0 0 0 1 2 300 68 0
1 29.83 3.5 2 8 4 0.165 0 0 0 0 2 216 1 0
0 22.92 11.58 2 13 4 0.04 1 0 0 0 2 80 1350 1
0 40.83 3.5 2 3 5 0.5 0 0 0 0 1 1160 1 0
0 16.5 1.25 2 11 4 0.25 0 1 1 0 2 108 99 0
1 56 12.5 2 4 8 8 1 0 0 1 2 24 2029 1
0 52.83 15 2 8 4 5.5 1 1 14 0 2 0 2201 1
0 20.42 7.5 2 4 4 1.5 1 1 1 0 2 160 235 1
0 28.5 1 2 11 4 1 1 1 2 1 2 167 501 0
1 31.57 0.5 2 8 5 0.835 1 0 0 1 1 320 1 0
0 50.25 0.83 2 6 4 0.5 0 0 0 1 2 240 118 0
1 26.67 4.25 2 13 4 4.29 1 1 1 1 2 120 1 1
1 34.83 2.5 1 9 4 3 0 0 0 0 1 200 1 0
0 36 1 2 8 4 2 1 1 11 0 2 0 457 1
1 20.67 0.83 1 8 4 2 0 0 0 1 1 240 1 0
0 60.58 16.5 2 11 4 11 1 0 0 1 2 21 10562 1
1 30.17 6.5 2 13 4 3.125 1 1 8 0 2 330 1201 1
1 37.58 0 2 8 4 0 0 0 0 0 3 184 1 1
1 37.5 1.75 1 8 5 0.25 1 0 0 1 2 164 401 0
1 24.58 13.5 1 1 1 0 0 0 0 0 2 184 1 0
0 49 1.5 2 5 3 0 1 0 0 1 2 100 28 0
0 33.08 4.62 2 11 8 1.625 1 1 2 0 2 0 1 1
1 20 1.25 1 4 4 0.125 0 0 0 0 2 140 5 0
1 42 9.78 2 14 8 7.96 1 1 8 0 2 0 1 1
0 52.17 0 1 1 1 0 0 0 0 0 2 0 1 0
1 30.17 6.5 2 13 4 3.125 1 1 8 0 2 330 1201 1
0 45 4.58 2 4 8 1 0 0 0 1 1 240 1 0
1 21 4.79 1 9 4 2.25 1 1 1 1 2 80 301 1
0 17.82 11 2 14 8 1 1 1 11 0 2 0 3001 1
1 32.33 2.5 2 8 4 1.25 0 0 0 1 2 280 1 0
1 33.17 1 2 14 4 0.75 1 1 7 1 2 340 4072 1
1 20.67 0.83 1 8 4 2 0 0 0 1 1 240 1 0
1 39.17 1.71 2 14 4 0.125 1 1 5 1 2 480 1 1
0 31.57 3.5 2 2 4 3 1 0 0 1 2 300 1 0
1 44 2 2 7 4 1.75 1 1 2 1 2 0 16 1
1 25.67 12.5 2 13 4 1.21 1 1 67 1 2 140 259 1
0 52.5 7 2 6 8 3 0 0 0 0 2 0 1 0
1 41.42 5 2 11 8 5 1 1 6 1 2 470 1 1
1 34.92 5 2 14 8 7.5 1 1 6 1 2 0 1001 1
1 26 1 2 11 4 1.75 1 0 0 1 2 280 1 1
1 23.08 11.5 2 3 4 3.5 1 1 9 0 2 56 743 1
1 23.08 11.5 2 3 4 3.5 1 1 9 0 2 56 743 1
1 36.08 2.54 2 1 1 0 0 0 0 0 2 0 1001 0
1 21.92 0.5 2 8 4 0.125 0 0 0 0 2 360 1 0
1 20.5 10 1 8 4 2.5 1 0 0 0 1 40 1 1
1 20.67 1.25 1 8 8 1.375 1 1 3 1 2 140 211 0
0 47.42 3 2 14 4 13.875 1 1 2 1 2 519 1705 1
0 17.32 9.5 2 6 4 1.75 0 1 10 1 2 0 11 0
0 24.75 3 2 11 8 1.835 1 1 19 0 2 0 501 1
1 23.42 1 2 8 4 0.5 0 0 0 1 1 280 1 0
0 23 11.75 2 14 8 0.5 1 1 2 1 2 300 552 1
1 36.67 2 2 3 4 0.25 0 0 0 1 2 221 1 0
1 27.83 1.5 2 9 4 2.25 0 1 1 1 2 100 4 0
1 48.17 3.5 2 6 4 3.5 1 0 0 0 1 230 1 1
1 23.08 0 2 4 4 1 0 1 11 0 1 0 1 0
1 29.58 4.5 2 9 4 7.5 1 1 2 1 2 330 1 1
0 22.42 11.25 1 14 8 0.75 1 1 4 0 2 0 322 1
0 36.58 0.28 2 1 1 0 0 1 10 0 2 200 19 0
0 23.58 0.83 2 11 4 0.415 0 1 1 1 2 200 12 0
1 37.58 0 2 8 4 0 0 0 0 0 3 184 1 1
1 27.25 1.58 2 13 8 1.835 1 1 12 1 2 583 714 1
1 25.42 0.54 2 9 4 0.165 0 1 1 0 2 272 445 0
1 16.32 2.75 2 6 4 0.665 0 1 1 0 2 80 22 0
1 22.08 11 2 13 4 0.665 1 0 0 0 2 100 1 1
1 25.17 3 2 8 4 1.25 0 1 1 0 2 0 23 0
0 40.83 3.5 2 3 5 0.5 0 0 0 0 1 1160 1 0
1 39 5 2 13 4 3.5 1 1 10 1 2 0 1 1
1 33.17 1.04 2 12 8 6.5 1 0 0 1 2 164 31286 1
1 37.5 1.12 1 2 4 1.5 0 0 0 1 2 431 1 1
0 68.67 15 2 10 9 0 1 1 14 0 2 0 3377 1
1 52.33 1.37 1 8 8 9.46 1 0 0 1 2 200 101 0
0 15.83 7.62 2 11 4 0.125 0 1 1 1 2 0 161 0
1 63.33 0.54 2 8 4 0.585 1 1 3 1 2 180 1 0
0 21.5 6 2 6 4 2.5 1 1 3 0 2 80 919 1
1 43 0.28 1 13 8 1.75 1 1 8 0 2 100 376 1
1 23 0.62 1 6 4 0.125 1 0 0 0 2 180 2 0
1 27.25 1.58 2 13 8 1.835 1 1 12 1 2 583 714 1
0 22.42 5.66 2 11 4 2.585 1 1 7 0 2 129 3258 1
1 39.17 2.5 1 3 8 10 0 0 0 1 1 200 1 0
1 25.92 0.87 2 4 4 0.375 0 1 2 1 2 174 4 0
0 37.33 2.5 2 3 8 0.21 0 0 0 0 2 260 247 0
1 22.08 2.33 2 4 4 0.75 0 0 0 0 2 180 1 0
0 49 1.5 2 5 3 0 1 0 0 1 2 100 28 0
1 22.92 3.16 1 8 4 0.165 0 0 0 0 2 160 1059 0
0 23.25 5.87 2 11 4 3.17 1 1 10 0 2 120 246 1
1 20.67 0.41 2 8 4 0.125 0 0 0 0 2 0 45 0
0 33.08 4.62 2 11 8 1.625 1 1 2 0 2 0 1 1
1 18.32 1.21 1 10 2 0 0 0 0 0 2 100 1 0
0 24.75 13.66 2 11 8 1.5 0 0 0 0 2 280 2 0
0 23.58 0.83 2 11 4 0.415 0 1 1 1 2 200 12 0
0 28.5 1 2 11 4 1 1 1 2 1 2 167 501 0
1 56 12.5 2 4 8 8 1 0 0 1 2 24 2029 1
0 36 1 2 8 4 2 1 1 11 0 2 0 457 1
0 21.67 11.5 1 5 3 0 1 1 11 1 2 0 1 1
0 24.08 0.5 2 11 8 1.25 1 1 1 0 2 0 679 1
1 74.83 19 1 1 1 0.04 0 1 2 0 2 0 352 0
1 47.17 5.83 2 9 4 5.5 0 0 0 0 2 465 151 0
1 34.25 1.75 2 9 5 0.25 1 0 0 1 2 163 1 0
1 31.57 4 2 14 4 5 1 1 3 1 2 290 2280 1
1 32.92 2.5 2 6 4 1.75 0 1 2 1 2 720 1 0
1 17.07 0.08 1 8 4 0.04 0 0 0 0 2 140 723 0
1 22 7.83 1 3 5 0.165 0 0 0 1 2 184 1 0
1 29.25 13 2 2 8 0.5 0 0 0 0 2 228 1 0
1 18.17 2.46 2 8 7 0.96 0 1 2 1 2 160 588 0
1 22.08 2.33 2 4 4 0.75 0 0 0 0 2 180 1 0
1 39.17 1.71 2 14 4 0.125 1 1 5 1 2 480 1 1
0 32.33 0.54 2 13 4 0.04 1 0 0 0 2 440 11178 1
1 33.17 1.04 2 12 8 6.5 1 0 0 1 2 164 31286 1
1 39.5 1.62 2 8 4 1.5 0 0 0 0 2 0 317 0
0 36 1 2 8 4 2 1 1 11 0 2 0 457 1
1 22 0.79 2 9 4 0.29 0 1 1 0 2 420 284 0
1 51.58 15 2 8 4 8.5 1 1 9 0 2 0 1 1
0 45.83 10.5 2 11 4 5 1 1 7 1 2 0 1 1
1 56.75 12.25 2 7 4 1.25 1 1 4 1 2 200 1 1
0 36.75 5.12 2 10 4 5 1 0 0 1 2 0 4001 1
1 15.17 7 2 10 4 1 0 0 0 0 2 600 1 0
0 28.17 0.37 2 11 4 0.585 1 1 4 0 2 80 1 1
1 24.42 12.33 2 11 8 1.585 1 0 0 1 2 120 1 1
1 41.42 5 2 11 8 5 1 1 6 1 2 470 1 1
0 28.5 3.04 1 14 8 2.54 1 1 1 0 2 70 1 1
0 26.17 2 2 5 3 0 0 0 0 1 2 276 2 0
0 25.58 0 2 8 4 0 0 0 0 0 3 184 1 1
0 37.33 2.5 2 3 8 0.21 0 0 0 0 2 260 247 0
0 20.42 10.5 1 14 8 0 0 0 0 1 2 154 33 0
1 31.57 0.62 2 4 4 0.25 0 0 0 0 2 380 2011 0
1 20 0 2 2 4 0.5 0 0 0 0 2 144 1 0
1 44 2 2 7 4 1.75 1 1 2 1 2 0 16 1
1 22.67 2.54 1 8 8 2.585 1 0 0 0 2 0 1 1

