0 28.08 15 1 10 9 0 1 0 0 0 2 0 13213 1
0 23.58 0.83 2 11 4 0.415 0 1 1 1 2 200 12 0
1 19 1.75 1 8 4 2.335 0 0 0 1 2 112 7 0
0 25.33 2.08 2 8 8 2.75 1 0 0 1 2 360 2 0
1 19.5 9.58 2 6 4 0.79 0 0 0 0 2 80 351 0
0 18.25 10 2 9 4 1 0 1 1 0 2 120 2 0
0 16.32 0.21 2 6 4 0.125 0 0 0 0 2 200 2 0
0 18.82 9.5 2 9 4 1.625 1 1 6 1 2 40 601 1
1 35.75 2.41 2 9 4 0.125 0 1 2 0 2 220 2 0
1 28.67 9.33 2 11 8 5.665 1 1 6 0 2 381 169 1
1 25.83 12.83 2 13 4 0.5 0 0 0 0 2 0 3 0
1 30.75 1.58 2 2 4 0.585 0 0 0 1 1 0 1 0
0 38.75 1.5 2 1 1 0 0 0 0 0 2 76 1 0
0 25.17 2.87 2 14 8 0.875 1 0 0 0 2 360 1 1
1 22.17 2.25 2 3 4 0.125 0 0 0 0 2 160 11 0
0 40.83 10 2 11 8 1.75 1 0 0 0 2 29 838 1
1 19.17 9.5 2 9 4 1.5 1 0 0 0 2 120 2207 1
0 64.08 0.16 2 1 1 0 1 1 1 0 2 232 101 1
1 16.25 0 1 6 4 0.25 0 0 0 0 2 60 1 0
0 20.07 1.25 2 8 4 0 0 0 0 0 2 0 1 0
1 17.67 4.46 2 8 4 0.25 0 0 0 0 1 80 1 0
0 28.17 0.37 2 11 4 0.585 1 1 4 0 2 80 1 1
1 49.17 2.29 2 1 1 0.29 0 0 0 0 2 200 4 0
1 18.5 2 2 3 4 1.5 1 1 2 0 2 120 301 1
1 20 1.25 1 4 4 0.125 0 0 0 0 2 140 5 0
1 55.92 11.5 2 1 1 5 1 1 5 0 2 0 8852 1
1 18.17 2.46 2 8 7 0.96 0 1 2 1 2 160 588 0
1 34.08 0.08 1 7 5 0.04 1 1 1 1 2 280 2001 1
0 19.5 0.16 2 11 4 0.04 0 0 0 1 2 380 1 0
1 16.32 4.08 2 3 8 0.415 0 0 0 1 2 120 1 0
1 25.42 0.54 2 9 4 0.165 0 1 1 0 2 272 445 0
0 20.42 0.83 2 11 4 1.585 1 1 1 0 2 0 1 1
1 40.58 5 2 8 4 5 1 1 7 0 2 0 3066 1
1 29.42 1.25 2 8 8 0.25 0 1 2 1 2 400 109 0
1 20.07 0.25 2 11 4 0.125 0 0 0 0 2 200 1 0
1 20.67 0.83 1 8 4 2 0 0 0 1 1 240 1 0
0 21.75 11.75 2 8 4 0.25 0 0 0 1 2 180 1 0
0 36 1 2 8 4 2 1 1 11 0 2 0 457 1
1 26.17 12.5 1 4 8 1.25 0 0 0 1 2 0 18 0
1 23.42 1 2 8 4 0.5 0 0 0 1 1 280 1 0
0 24.75 12.5 2 6 4 1.5 1 1 12 1 2 120 568 1
1 32.83 2.5 2 13 8 2.75 1 1 6 0 2 160 2073 1
0 19.17 0.58 1 6 4 0.585 1 0 0 1 2 160 1 0
0 18.25 10 2 9 4 1 0 1 1 0 2 120 2 0
1 24.58 13.5 1 1 1 0 0 0 0 0 2 184 1 0
1 65.42 11 2 10 9 20 1 1 7 1 2 22 1 1
0 58.42 21 2 3 5 10 1 1 13 0 2 0 6701 1
1 17.67 4.46 2 8 4 0.25 0 0 0 0 1 80 1 0
0 47.75 8 2 8 4 7.875 1 1 6 1 2 0 1261 1
1 49.17 2.29 2 1 1 0.29 0 0 0 0 2 200 4 0
1 62.75 7 2 10 9 0 0 0 0 0 2 0 13 0
1 28.25 5.04 1 8 5 1.5 1 1 8 1 2 144 8 1
1 13.75 4 1 9 4 1.75 1 1 2 1 2 120 1001 1
1 23.08 11.5 2 3 4 3.5 1 1 9 0 2 56 743 1
1 32.25 0.16 1 8 8 3.25 1 1 1 1 2 432 8001 1
1 18.5 2 2 3 4 1.5 1 1 2 0 2 120 301 1
1 23 0.75 2 7 4 0.5 1 0 0 1 1 320 1 0
1 29.67 1.41 2 9 8 0.75 1 1 1 0 2 240 101 1
1 20.67 0.83 1 8 4 2 0 0 0 1 1 240 1 0
0 33.67 0.37 2 13 4 0.375 0 0 0 0 2 300 45 1
1 23.92 1.5 2 2 8 1.875 1 1 6 0 2 200 328 1
0 22.83 2.29 2 11 8 2.29 1 1 7 1 2 140 2385 1
1 40.58 5 2 8 4 5 1 1 7 0 2 0 3066 1
1 31.33 19.5 2 8 4 7 1 1 16 0 2 0 5001 1
0 30 5.29 2 10 2 2.25 1 1 5 1 2 99 501 1
0 38.25 6 2 4 4 1 1 0 0 1 2 0 1 1
0 22.92 1.25 2 11 4 0.25 0 0 0 1 2 120 810 0
0 22.67 0.33 2 11 4 0.75 0 0 0 0 1 160 1 0
0 35.42 12 2 11 8 14 1 1 8 0 2 0 6591 1
1 47.33 6.5 2 8 4 1 0 0 0 1 2 0 229 0
1 21.92 0.5 2 8 4 0.125 0 0 0 0 2 360 1 0
1 27.83 1.5 2 9 4 2.25 0 1 1 1 2 100 4 0
0 33.17 2.25 1 13 4 3.5 0 0 0 1 2 200 142 0
0 20.32 10 2 8 8 1 1 1 4 0 2 50 1466 1
1 39.42 1.71 1 7 4 0.165 0 0 0 0 1 400 1 0
1 24.58 12.5 2 9 4 0.875 1 0 0 1 2 260 1 0
0 34.83 1.25 1 3 8 0.5 0 0 0 1 2 160 1 0
1 20 11.04 2 8 4 2 0 0 0 1 2 136 1 0
0 47 13 2 3 5 5.165 1 1 9 1 2 0 1 1
0 22.58 10.75 2 11 4 0.415 1 1 5 1 2 0 561 1
0 24.5 1.75 1 8 4 0.165 0 0 0 0 2 132 1 0
0 25.58 0 2 8 4 0 0 0 0 0 3 184 1 1
1 27.42 12.5 2 6 5 0.25 0 0 0 1 2 720 1 0
0 28.5 1 2 11 4 1 1 1 2 1 2 167 501 0
1 26.17 0.25 2 3 5 0 1 0 0 1 2 0 1 1
1 39.42 1.71 1 7 4 0.165 0 0 0 0 1 400 1 0
1 31.83 0.04 1 7 4 0.04 0 0 0 0 2 0 1 0
1 65.42 11 2 10 9 20 1 1 7 1 2 22 1 1
0 33.08 4.62 2 11 8 1.625 1 1 2 0 2 0 1 1
0 39.08 4 2 8 4 3 0 0 0 0 2 480 1 0
0 49.83 13.58 2 4 8 8.5 1 0 0 1 2 0 1 1
1 40 6.5 2 6 5 3.5 1 1 1 0 2 0 501 1
1 18.42 10.41 1 6 4 0.125 1 0 0 0 2 120 376 0
1 31.57 0.5 2 8 5 0.835 1 0 0 1 1 320 1 0
0 49.83 13.58 2 4 8 8.5 1 0 0 1 2 0 1 1
1 19.67 10 1 4 8 0.835 1 0 0 1 2 140 1 0
0 47.42 8 2 10 5 6.5 1 1 6 0 2 375 51101 1
0 52.17 0 1 1 1 0 0 0 0 0 2 0 1 0
1 43.17 2.25 2 3 5 0.75 1 0 0 0 2 560 1 0
0 27.17 1.25 2 1 1 0 0 1 1 0 2 92 301 0
1 23.25 4 2 8 5 0.25 1 0 0 1 2 160 1 1
1 37.75 7 2 11 8 11.5 1 1 7 1 2 300 6 0
1 34 5.5 1 8 4 1.5 0 0 0 1 2 60 1 0
0 28.08 15 1 10 9 0 1 0 0 0 2 0 13213 1
1 26.17 12.5 1 4 8 1.25 0 0 0 1 2 0 18 0
1 43.25 25.21 2 11 8 0.21 1 1 1 0 2 760 91 0
1 36.17 0.42 1 9 4 0.29 0 0 0 1 2 309 3 0
1 36.17 18.12 2 9 4 0.085 0 0 0 0 2 320 3553 0
1 24.33 6.62 1 2 4 5.5 1 0 0 1 1 100 1 1
0 30.25 5.5 2 4 4 5.5 0 0 0 1 1 100 1 0
1 29.58 4.75 2 7 4 2 0 1 1 1 2 460 69 0
1 48.33 12 2 7 4 16 1 0 0 0 1 110 1 1
1 22.75 11.5 2 3 4 0.415 0 0 0 0 2 0 1 0
1 20 0 2 2 4 0.5 0 0 0 0 2 144 1 0
1 33.58 0.33 1 13 4 0.085 0 0 0 0 2 180 1 0
1 54.83 15.5 2 10 9 0 1 1 20 0 2 152 131 0
1 34.75 15 2 12 7 5.375 1 1 9 1 2 0 135 1
1 18.67 5 2 11 4 0.375 1 1 2 0 2 0 39 0
1 25.67 3.25 2 8 8 2.29 0 1 1 1 2 416 22 0
0 24.75 12.5 2 6 4 1.5 1 1 12 1 2 120 568 1
1 64.08 20 2 14 8 17.5 1 1 9 1 2 0 1001 1
1 27.25 1.66 2 13 8 5.085 1 1 9 0 2 399 828 1
1 34.17 1.54 2 13 4 1.54 1 1 1 1 2 520 50001 1
1 29.25 14.79 2 6 4 5.04 1 1 5 1 2 168 1 1
0 28.58 3.54 2 3 5 0.5 1 0 0 1 2 171 1 0
0 23 11.75 2 14 8 0.5 1 1 2 1 2 300 552 1
1 22.92 3.16 1 8 4 0.165 0 0 0 0 2 160 1059 0
0 22.67 3.8 2 8 4 0.165 0 0 0 0 2 160 1 0
1 25.42 0.54 2 9 4 0.165 0 1 1 0 2 272 445 0
0 24.92 1.25 2 1 1 0 1 0 0 0 2 80 1 0
0 29.5 1.08 1 14 4 1 0 0 0 0 2 280 14 0
1 33.58 0.33 1 13 4 0.085 0 0 0 0 2 180 1 0
1 22.92 0.17 2 7 4 0.085 0 0 0 0 1 0 1 0
1 39 5 2 13 4 3.5 1 1 10 1 2 0 1 1
0 36 1 2 8 4 2 1 1 11 0 2 0 457 1
0 24.5 12.75 2 8 5 4.75 1 1 2 0 2 73 445 1
0 23 11.75 2 14 8 0.5 1 1 2 1 2 300 552 1
1 37.5 1.75 1 8 5 0.25 1 0 0 1 2 164 401 0
1 34.75 2.5 2 13 5 0.5 0 0 0 0 2 348 1 0
0 17.92 0.54 2 8 4 1.75 0 1 1 1 2 80 6 0
1 21.67 1.16 1 4 4 2.5 1 1 1 0 2 180 21 0
1 31.58 0.75 1 6 4 3.5 0 0 0 1 2 320 1 0
1 23.08 2.5 2 1 1 0.085 0 0 0 1 2 100 4209 0
1 30.75 1.58 2 2 4 0.585 0 0 0 1 1 0 1 0
0 18.92 9.25 1 8 4 1 1 1 4 1 2 80 501 1
1 39.92 0.54 1 6 4 0.5 1 1 3 0 2 200 1001 1
1 30.17 0.5 2 8 4 1.75 1 1 11 0 2 32 541 1
1 31.83 0.04 1 7 4 0.04 0 0 0 0 2 0 1 0
1 25.58 0.33 2 4 8 3.5 0 0 0 1 2 340 1 0
1 27.25 1.58 2 13 8 1.835 1 1 12 1 2 583 714 1
1 20.17 9.25 2 8 4 1.665 1 1 3 1 2 40 29 1
0 26.08 8.66 2 6 4 1.415 1 0 0 0 2 160 151 1
0 25.25 13.5 1 1 1 2 0 1 1 1 2 200 2 0
0 50.08 12.54 2 6 4 2.29 1 1 3 1 2 156 1 1
0 46 4 2 5 3 0 1 0 0 0 2 100 961 1
1 31.57 0.04 1 2 4 4.25 0 0 0 1 2 460 1 0
0 18.82 9.5 2 9 4 1.625 1 1 6 1 2 40 601 1
0 20.5 11.83 2 8 8 6 1 0 0 0 2 340 1 1
1 34.17 2.75 2 3 5 2.5 0 0 0 1 2 232 201 0
1 34.08 0.08 1 7 5 0.04 1 1 1 1 2 280 2001 1
1 33.75 2.75 2 3 5 0 0 0 0 0 2 180 1 0
1 36.33 2.12 1 9 4 0.085 1 1 1 0 2 50 1188 1
1.234 22.08 11.46 2 4 4 1.585 0 0 0 1 2 100 1213 0
0 52.5 7 2 6 8 3 0 0 0 0 2 0 1 0
0 41 2.04 1 11 8 0.125 1 1 23 1 2 455 1237 1

