1 31.57 4 2 14 4 5 1 1 3 1 2 290 2280 1
0 22.25 1.25 1 1 1 3.25 0 0 0 0 2 280 1 0
0 16.32 0.21 2 6 4 0.125 0 0 0 0 2 200 2 0
1 37.42 2.04 2 9 4 0.04 1 0 0 1 2 400 5801 1
1 34.67 1.08 2 7 4 1.165 0 0 0 0 1 28 1 0
0 23 1.83 2 5 3 0 0 1 1 0 2 200 54 0
0 18.82 9.53 2 6 4 0.085 1 0 0 0 2 100 1 1
0 24.92 1.25 2 1 1 0 1 0 0 0 2 80 1 0
1 25.08 1.71 2 14 4 1.665 1 1 1 1 2 395 21 1
1 34.17 1.54 2 13 4 1.54 1 1 1 1 2 520 50001 1
1 30.17 1.08 1 8 4 0.04 0 0 0 0 2 170 180 0
0 20.42 10.5 1 14 8 0 0 0 0 1 2 154 33 0
1 42.75 3 2 3 5 1 1 0 0 0 2 0 201 0
1 29.83 2.04 1 14 8 0.04 0 0 0 0 2 128 2 0
1 22.25 0.46 2 4 4 0.125 0 0 0 1 2 280 56 0
1 36.33 3.79 2 9 4 1.165 1 0 0 1 2 200 1 0
0 28.17 0.58 2 6 4 0.04 0 0 0 0 2 260 1005 0
0 23.58 0.58 1 1 1 0.125 0 0 0 0 2 120 88 0
1 21.58 0.79 1 13 4 0.665 0 0 0 0 2 160 1 0
1 16.32 2.75 2 6 4 0.665 0 1 1 0 2 80 22 0
1 27.83 1.5 2 9 4 2.25 0 1 1 1 2 100 4 0
1 34.17 1.54 2 13 4 1.54 1 1 1 1 2 520 50001 1
0 20.5 11.83 2 8 8 6 1 0 0 0 2 340 1 1
1 22.58 10.03 2 14 4 0.04 1 1 9 0 2 60 397 1
1 31.08 3.08 2 8 4 2.5 0 1 2 1 2 160 42 0
1 28 3 2 9 4 0.75 0 0 0 1 2 300 68 0
1 36.67 2 2 3 4 0.25 0 0 0 1 2 221 1 0
1 31.08 3.08 2 8 4 2.5 0 1 2 1 2 160 42 0
0 71.58 0 2 8 4 0 0 0 0 0 3 184 1 1
1 36.17 5.5 2 3 5 5 0 0 0 0 2 210 688 0
1 39.33 5.87 2 13 8 10 1 1 14 1 2 399 1 1
1 22 0.79 2 9 4 0.29 0 1 1 0 2 420 284 0
1 21.92 0.54 1 14 4 0.04 1 1 1 1 2 840 60 1
1 32.33 2.5 2 8 4 1.25 0 0 0 1 2 280 1 0
0 47.42 3 2 14 4 13.875 1 1 2 1 2 519 1705 1
1 15.17 7 2 10 4 1 0 0 0 0 2 600 1 0
1 26.83 0.54 2 4 1 0 0 0 0 0 2 100 1 0
1 27.83 1 1 2 8 3 0 0 0 0 2 176 538 0
0 22.92 11.58 2 13 4 0.04 1 0 0 0 2 80 1350 1
1 20.67 0.41 2 8 4 0.125 0 0 0 0 2 0 45 0
0 18.82 9.53 2 6 4 0.085 1 0 0 0 2 100 1 1
0 46.67 0.46 2 13 8 0.415 1 1 11 1 2 440 7 1
1 32.75 2.33 2 2 8 5.75 0 0 0 1 2 292 1 0
1 27.58 3.25 1 11 8 5.085 0 1 2 1 2 369 2 0
1 29.25 13 2 2 8 0.5 0 0 0 0 2 228 1 0
1 21.67 1.16 1 4 4 2.5 1 1 1 0 2 180 21 0
1 22.75 11.5 2 3 4 0.415 0 0 0 0 2 0 1 0
1 25 11.25 2 8 4 2.5 1 1 17 0 2 200 1209 1
1 27.67 0.75 2 11 8 0.165 0 0 0 1 2 220 252 0
1 36.17 5.5 2 3 5 5 0 0 0 0 2 210 688 0
1 26.92 2.25 2 3 5 0.5 0 0 0 1 2 640 4001 0
0 21.5 6 2 6 4 2.5 1 1 3 0 2 80 919 1
1 32.83 2.5 2 13 8 2.75 1 1 6 0 2 160 2073 1
0 16.32 0.21 2 6 4 0.125 0 0 0 0 2 200 2 0
1 28.75 1.16 2 4 4 0.5 1 0 0 0 1 280 1 0
1 28.25 5.12 2 14 4 4.75 1 1 2 0 2 420 8 1
1 13.75 4 1 9 4 1.75 1 1 2 1 2 120 1001 1
0 24.83 4.5 2 9 4 1 0 0 0 1 2 360 7 0
1 22 7.83 1 3 5 0.165 0 0 0 1 2 184 1 0
1 43.25 3 2 11 8 6 1 1 11 0 2 80 1 1
1 32.25 14 1 1 1 0 0 1 2 0 2 160 2 0
1 36.25 5 2 8 5 2.5 1 1 6 0 2 0 368 1
0 20.75 9.53 2 3 4 0.04 0 0 0 0 2 200 1001 0
1 39.83 0.5 2 7 4 0.25 1 0 0 0 1 288 1 0
1 59.67 1.54 2 11 4 0.125 1 0 0 1 2 260 1 1
1 25.33 0.57 2 8 4 0.29 1 1 7 1 2 96 5125 1
0 31.57 11.25 2 1 1 0 0 0 0 0 2 184 5201 0
0 46.67 0.46 2 13 8 0.415 1 1 11 1 2 440 7 1
0 21.08 5 1 1 1 0 0 0 0 0 2 0 1 0
1 34.92 2.5 2 9 4 0 1 0 0 1 2 239 201 1
0 28.58 1.66 2 11 4 2.415 1 0 0 1 2 440 1 0
1 47.33 6.5 2 8 4 1 0 0 0 1 2 0 229 0
0 27.17 1.25 2 1 1 0 0 1 1 0 2 92 301 0
1 38.25 10.12 1 4 4 0.125 0 0 0 0 2 160 1 0
1 29.25 13 2 2 8 0.5 0 0 0 0 2 228 1 0
1 36.5 4.25 2 11 4 3.5 0 0 0 0 2 454 51 0
0 50.25 0.83 2 6 4 0.5 0 0 0 1 2 240 118 0
0 28.75 3.75 2 8 4 1.085 1 1 1 1 2 371 1 1
0 27.17 1.25 2 1 1 0 0 1 1 0 2 92 301 0
1 27.75 1.29 2 4 8 0.25 0 0 0 1 1 140 1 0
1 23.08 0 2 4 4 1 0 1 11 0 1 0 1 0
1 41.17 4.04 2 13 8 7 1 1 8 0 2 320 1 1
1 67.75 5.5 2 10 9 13 1 1 1 1 2 0 1 1
1 23 0.75 2 7 4 0.5 0 0 0 1 1 320 1 0
0 47.75 8 2 8 4 7.875 1 1 6 1 2 0 1261 1
1 63.33 0.54 2 8 4 0.585 1 1 3 1 2 180 1 0
1 26.67 4.25 2 13 4 4.29 1 1 1 1 2 120 1 1
1 23.17 0 2 8 4 0 0 0 0 0 3 184 1 1
1 42.83 1.25 2 7 4 13.875 0 1 1 1 2 352 113 0
1 32.75 1.5 2 13 8 5.5 1 1 3 1 2 0 1 1
0 32.33 0.54 2 13 4 0.04 1 0 0 0 2 440 11178 1
1 25.67 2.21 1 6 4 4 1 0 0 0 2 188 1 0
1 43 0.28 1 13 8 1.75 1 1 8 0 2 100 376 1
1 19.67 0.37 2 11 4 2 1 1 2 1 2 80 1 1
1 48.08 6.04 2 4 4 0.04 0 0 0 0 2 0 2691 1
1 47.33 6.5 2 8 4 1 0 0 0 1 2 0 229 0
0 45.83 10.5 2 11 4 5 1 1 7 1 2 0 1 1
0 45.33 1 2 11 4 0.125 0 0 0 1 2 263 1 0
1 20.67 0.41 2 8 4 0.125 0 0 0 0 2 0 45 0
1 23.58 1.79 2 8 4 0.54 0 0 0 1 2 136 2 0
0 15.75 0.37 2 8 4 1 0 0 0 0 2 120 19 0
0 25.17 2.87 2 14 8 0.875 1 0 0 0 2 360 1 1
1 26.67 1.75 1 8 4 1 1 1 5 1 2 160 5778 1
0 49.83 13.58 2 4 8 8.5 1 0 0 1 2 0 1 1
0 16.07 0.33 2 1 1 0 0 1 1 0 2 160 127 0
0 31.75 3 1 5 3 0 0 0 0 0 2 160 21 0
1 18.07 5.5 2 4 4 0.5 1 0 0 0 2 80 1 1
1 28.25 5.04 1 8 5 1.5 1 1 8 1 2 144 8 1
1 37.75 7 2 11 8 11.5 1 1 7 1 2 300 6 0
1 64.08 20 2 14 8 17.5 1 1 9 1 2 0 1001 1
0 37.33 2.5 2 3 8 0.21 0 0 0 0 2 260 247 0
0 30 5.29 2 10 2 2.25 1 1 5 1 2 99 501 1
1 49.58 19 2 1 1 0 1 1 1 0 2 94 1 0
0 44.17 6.66 2 11 4 7.375 1 1 3 1 2 0 1 1
1 23.5 3.16 1 4 4 0.415 0 1 1 1 2 280 81 0
1 23.25 1.5 2 11 4 2.375 1 1 3 1 2 0 583 1
1 51.58 15 2 8 4 8.5 1 1 9 0 2 0 1 1
1 17.07 3.29 2 3 4 0.335 0 0 0 1 2 140 3 0
1 25.67 3.25 2 8 8 2.29 0 1 1 1 2 416 22 0
1 32.92 2.5 2 6 4 1.75 0 1 2 1 2 720 1 0
1 32.83 2.5 2 13 8 2.75 1 1 6 0 2 160 2073 1
1 73.42 17.75 2 1 1 0 1 0 0 1 2 0 1 1
1 42.75 3 2 3 5 1 1 0 0 0 2 0 201 0
1 30.58 2.71 1 7 4 0.125 0 0 0 1 1 80 1 0
1 34.75 15 2 12 7 5.375 1 1 9 1 2 0 135 1
0 33.75 0.75 2 4 5 1 1 1 3 1 2 212 1 0
1 37.5 1.75 1 8 5 0.25 1 0 0 1 2 164 401 0
1 32 1.75 1 10 8 0.04 1 0 0 1 2 393 1 1
0 31.75 3 1 5 3 0 0 0 0 0 2 160 21 0
1 28 2 2 4 8 4.165 1 1 2 1 2 181 1 1
0 19.67 0.21 2 11 8 0.29 1 1 11 0 2 80 100 1
0 17.57 9 2 6 4 1.375 1 0 0 1 2 0 1 1
0 32 6 2 2 4 1.25 0 0 0 0 2 272 1 0
1 23 0.75 2 7 4 0.5 1 0 0 1 1 320 1 0
0 30 5.29 2 10 2 2.25 1 1 5 1 2 99 501 1
0 35.17 3.75 2 1 1 0 0 1 6 0 2 0 201 0
1 27.25 1.58 2 13 8 1.835 1 1 12 1 2 583 714 1
1 25.17 3 2 8 4 1.25 0 1 1 0 2 0 23 0
0 24.83 4.5 2 9 4 1 0 0 0 1 2 360 7 0
0 28.75 3.75 2 8 4 1.085 1 1 1 1 2 371 1 1
1 23.5 3.16 1 4 4 0.415 0 1 1 1 2 280 81 0
1 17.07 0.08 1 8 4 0.04 0 0 0 0 2 140 723 0
1 25 12 2 4 4 2.25 1 1 2 1 2 120 6 0
0 28.58 1.66 2 11 4 2.415 1 0 0 1 2 440 1 0
0 28.75 3.75 2 8 4 1.085 1 1 1 1 2 371 1 1
1 19.17 9.5 2 9 4 1.5 1 0 0 0 2 120 2207 1
1 23 0.75 2 7 4 0.5 1 0 0 1 1 320 1 0
1 22.67 1.58 1 9 4 3.085 1 1 6 0 2 80 1 1
1 26.17 0.83 2 13 4 1.165 0 0 0 0 2 100 1 0
0 52.17 0 1 1 1 0 0 0 0 0 2 0 1 0
0 24.5 12.75 2 8 5 4.75 1 1 2 0 2 73 445 1
0 28.75 3.75 2 8 4 1.085 1 1 1 1 2 371 1 1
1 43 0.28 1 13 8 1.75 1 1 8 0 2 100 376 1
1 39.33 5.87 2 13 8 10 1 1 14 1 2 399 1 1
1 34.75 15 2 12 7 5.375 1 1 9 1 2 0 135 1
0 23 1.83 2 5 3 0 0 1 1 0 2 200 54 0
1 74.83 19 1 1 1 0.04 0 1 2 0 2 0 352 0
0 22.83 2.29 2 11 8 2.29 1 1 7 1 2 140 2385 1
0 24.75 12.5 2 6 4 1.5 1 1 12 1 2 120 568 1
1 23.92 0.58 1 13 8 0.125 0 0 0 0 2 240 2 0
0 20.42 10.5 1 14 8 0 0 0 0 1 2 154 33 0
1 36.33 2.12 1 9 4 0.085 1 1 1 0 2 50 1188 1
1 34.5 4.04 1 3 5 8.5 1 1 7 1 2 195 1 1
0 28.75 3.75 2 8 4 1.085 1 1 1 1 2 371 1 1
1 39.5 1.62 2 8 4 1.5 0 0 0 0 2 0 317 0

