1 37.42 2.04 2 9 4 0.04 1 0 0 1 2 400 5801 1
1 37.58 0 2 8 4 0 0 0 0 0 3 184 1 1
1 42 0.2 2 3 8 5.125 1 0 0 0 2 400 1 1
1 33.67 1.25 2 9 4 1.165 0 0 0 0 2 120 1 0
1 49.17 2.29 2 1 1 0.29 0 0 0 0 2 200 4 0
1 28.75 1.16 2 4 4 0.5 1 0 0 0 1 280 1 0
1 20.17 9.25 2 8 4 1.665 1 1 3 1 2 40 29 1
0 71.58 0 2 8 4 0 0 0 0 0 3 184 1 1
0 71.58 0 2 8 4 0 0 0 0 0 3 184 1 1
0 28.17 0.37 2 11 4 0.585 1 1 4 0 2 80 1 1
0 41.58 1.04 2 6 4 0.665 0 0 0 0 2 240 238 0
1 21 3 1 2 4 1.085 1 1 8 1 2 160 2 1
0 31.75 3 1 5 3 0 0 0 0 0 2 160 21 0
0 37.33 2.5 2 3 8 0.21 0 0 0 0 2 260 247 0
1 25.67 3.25 2 8 8 2.29 0 1 1 1 2 416 22 0
0 24.83 4.5 2 9 4 1 0 0 0 1 2 360 7 0
1 31.57 10.5 2 14 4 6.5 1 0 0 0 2 0 1 1
1 29.25 14.79 2 6 4 5.04 1 1 5 1 2 168 1 1
1 80.25 5.5 2 8 4 0.54 1 0 0 0 2 0 341 0
1 20.17 5.62 2 9 4 1.71 1 0 0 0 1 120 1 1
1 20.67 0.41 2 8 4 0.125 0 0 0 0 2 0 45 0
1 23.75 12 2 8 4 2.085 0 0 0 0 1 80 1 0
1 23 0.75 2 7 4 0.5 0 0 0 1 1 320 1 0
1 22.08 11 2 13 4 0.665 1 0 0 0 2 100 1 1
1 17.42 6.5 2 3 4 0.125 0 0 0 0 2 60 101 0
0 30 5.29 2 10 2 2.25 1 1 5 1 2 99 501 1
0 17.92 10.21 2 1 1 0 0 0 0 0 2 0 51 0
1 34.75 2.5 2 13 5 0.5 0 0 0 0 2 348 1 0
1 27.75 0.58 1 13 4 0.25 1 1 2 0 2 260 501 1
1 34.83 2.5 1 9 4 3 0 0 0 0 1 200 1 0
1 49.58 19 2 1 1 0 1 1 1 0 2 94 1 0
0 32 6 2 2 4 1.25 0 0 0 0 2 272 1 0
1 37.58 0 2 8 4 0 0 0 0 0 3 184 1 1
1 48.33 12 2 7 4 16 1 0 0 0 1 110 1 1
1 31.33 19.5 2 8 4 7 1 1 16 0 2 0 5001 1
1 27.58 3.25 1 11 8 5.085 0 1 2 1 2 369 2 0
1 28.25 5.04 1 8 5 1.5 1 1 8 1 2 144 8 1
0 23.75 0.71 2 9 4 0.25 0 1 1 1 2 240 5 0
0 28.5 1 2 11 4 1 1 1 2 1 2 167 501 0
1 37.75 7 2 11 8 11.5 1 1 7 1 2 300 6 0
1 23.17 11.12 2 14 8 0.46 1 1 1 0 2 100 1 1
1 22.17 0.58 1 1 1 0 0 0 0 0 2 100 1 0
0 21.75 11.75 2 8 4 0.25 0 0 0 1 2 180 1 0
1 33.5 1.75 2 14 8 4.5 1 1 4 1 2 253 858 1
1 26.67 4.25 2 13 4 4.29 1 1 1 1 2 120 1 1
1 34.5 4.04 1 3 5 8.5 1 1 7 1 2 195 1 1
1 54.42 0.5 1 4 8 3.96 1 0 0 0 2 180 315 1
0 24.75 12.5 2 6 4 1.5 1 1 12 1 2 120 568 1
1 51.42 0.04 2 14 8 0.04 1 0 0 0 2 0 3001 1
1 63.33 0.54 2 8 4 0.585 1 1 3 1 2 180 1 0
1 36.33 2.12 1 9 4 0.085 1 1 1 0 2 50 1188 1
1 27.67 0.75 2 11 8 0.165 0 0 0 1 2 220 252 0
1 44.25 11 1 2 4 1.5 1 0 0 0 1 0 1 0
1 20.67 0.83 1 8 4 2 0 0 0 1 1 240 1 0
0 40.33 7.54 1 11 8 8 1 1 14 0 2 0 2301 1
1 20 7 2 8 4 0.5 0 0 0 0 2 0 1 0
1 39.92 6.21 2 11 4 0.04 1 1 1 0 2 200 301 1
1 19.67 0.37 2 11 4 2 1 1 2 1 2 80 1 1
0 19.5 0.16 2 11 4 0.04 0 0 0 1 2 380 1 0
0 22.58 10.75 2 11 4 0.415 1 1 5 1 2 0 561 1
1 39.42 1.71 1 7 4 0.165 0 0 0 0 1 400 1 0
1 56 12.5 2 4 8 8 1 0 0 1 2 24 2029 1
1 21.5 9.75 2 8 4 0.25 1 0 0 0 2 140 1 0
1 20.5 2.41 2 8 4 2 1 1 11 1 2 200 3001 1
1 30.17 6.5 2 13 4 3.125 1 1 8 0 2 330 1201 1
1 27.75 0.58 1 13 4 0.25 1 1 2 0 2 260 501 1
1 32.25 14 1 1 1 0 0 1 2 0 2 160 2 0
1 18.5 2 2 3 4 1.5 1 1 2 0 2 120 301 1
1 19.42 1.5 1 13 4 2 1 0 0 1 2 100 21 0
1 74.83 19 1 1 1 0.04 0 1 2 0 2 0 352 0
0 69.5 6 2 1 1 0 0 0 0 0 1 0 1 0
1 34.75 2.5 2 13 5 0.5 0 0 0 0 2 348 1 0
1 32.33 2.5 2 8 4 1.25 0 0 0 1 2 280 1 0
0 36.58 0.28 2 1 1 0 0 1 10 0 2 200 19 0
1 22.92 0.17 2 7 4 0.085 0 0 0 0 1 0 1 0
0 25 12.33 2 13 8 3.5 1 1 6 0 2 400 459 1
0 19.67 0.21 2 11 8 0.29 1 1 11 0 2 80 100 1
1 25 12 2 4 4 2.25 1 1 2 1 2 120 6 0
1 42.83 1.25 2 7 4 13.875 0 1 1 1 2 352 113 0
1 33.67 2.16 2 8 4 1.5 0 0 0 0 3 120 1 0
1 25.25 1 2 6 4 0.5 0 0 0 0 2 200 1 0
1 25.75 0.75 2 8 5 0.25 1 0 0 0 2 349 24 1
1 25 11.25 2 8 4 2.5 1 1 17 0 2 200 1209 1
1 36.17 0.42 1 9 4 0.29 0 0 0 1 2 309 3 0
0 18.75 7.5 2 11 4 2.71 1 1 5 0 2 184 26727 1
1 16 3.12 2 9 4 0.085 0 1 1 0 2 0 7 0
0 22.67 0.33 2 11 4 0.75 0 0 0 0 1 160 1 0
1 48.33 12 2 7 4 16 1 0 0 0 1 110 1 1
1 33.58 0.33 1 13 4 0.085 0 0 0 0 2 180 1 0
1 27.25 0.62 2 6 4 0.455 1 0 0 1 2 200 1 0
1 44 2 2 7 4 1.75 1 1 2 1 2 0 16 1
1 35.17 2.5 2 4 4 4.5 1 1 7 0 2 150 1271 1
1 36.5 4.25 2 11 4 3.5 0 0 0 0 2 454 51 0
1 29.25 13 2 2 8 0.5 0 0 0 0 2 228 1 0
1 20.17 9.25 2 8 4 1.665 1 1 3 1 2 40 29 1
1 16.32 2.75 2 6 4 0.665 0 1 1 0 2 80 22 0
1 38.25 10.12 1 4 4 0.125 0 0 0 0 2 160 1 0
1 34.42 4.25 2 3 5 3.25 1 1 2 0 2 274 611 1
0 23.58 11.5 1 4 8 3 0 0 0 1 2 20 17 0
0 36 1 2 8 4 2 1 1 11 0 2 0 457 1
1 42.83 4.62 2 11 4 4.58 1 0 0 0 1 0 1 1
0 20.67 1.83 2 11 4 2.085 1 1 5 0 2 220 2504 1
1 22.75 11.5 2 3 4 0.415 0 0 0 0 2 0 1 0
0 29.5 1.08 1 14 4 1 0 0 0 0 2 280 14 0
1 22.92 0.17 2 7 4 0.085 0 0 0 0 1 0 1 0
1 34.25 3 2 13 8 7.415 1 0 0 1 2 0 1 1
1 34.92 2.5 2 9 4 0 1 0 0 1 2 239 201 1
1 19.67 10 1 4 8 0.835 1 0 0 1 2 140 1 0
0 42.25 1.75 1 8 4 0 0 0 0 1 2 150 2 0
0 25.58 0 2 8 4 0 0 0 0 0 3 184 1 1
1 20.42 7 2 8 4 1.625 1 1 3 0 2 200 1392 1
0 23.42 0.79 1 11 4 1.5 1 1 2 1 2 80 401 1
0 18.82 9.53 2 6 4 0.085 1 0 0 0 2 100 1 1
1 22.17 0.58 1 1 1 0 0 0 0 0 2 100 1 0
1 23.08 11.5 2 3 4 3.5 1 1 9 0 2 56 743 1
0 31.57 3.5 2 2 4 3 1 0 0 1 2 300 1 0
0 24.5 12.75 2 8 5 4.75 1 1 2 0 2 73 445 1
0 40.83 10 2 11 8 1.75 1 0 0 0 2 29 838 1
0 35.42 12 2 11 8 14 1 1 8 0 2 0 6591 1
1 39.92 0.54 1 6 4 0.5 1 1 3 0 2 200 1001 1
0 24.5 1.04 1 1 1 0.5 1 1 3 0 2 180 148 0
0 22.42 11.25 1 14 8 0.75 1 1 4 0 2 0 322 1
0 24.75 13.66 2 11 8 1.5 0 0 0 0 2 280 2 0
1 31.57 5 1 6 4 8.5 1 0 0 0 2 0 1 0
0 47.75 8 2 8 4 7.875 1 1 6 1 2 0 1261 1
0 18.82 9.53 2 6 4 0.085 1 0 0 0 2 100 1 1
0 18.07 0.37 3 13 1 10 0 0 0 1 1 300 1 1
1 34.75 2.5 2 13 5 0.5 0 0 0 0 2 348 1 0
1 20.67 0.41 2 8 4 0.125 0 0 0 0 2 0 45 0
1 19.17 4 1 3 4 1 0 0 0 1 2 360 1001 0
0 21.5 6 2 6 4 2.5 1 1 3 0 2 80 919 1
1 36.33 2.12 1 9 4 0.085 1 1 1 0 2 50 1188 1
1 34.17 1.54 2 13 4 1.54 1 1 1 1 2 520 50001 1
1 19.67 0.37 2 11 4 2 1 1 2 1 2 80 1 1
1 24.58 1.25 2 8 4 0.25 0 0 0 0 2 110 1 0
1 34.75 15 2 12 7 5.375 1 1 9 1 2 0 135 1
1 27.58 3.25 1 11 8 5.085 0 1 2 1 2 369 2 0
1 28.33 5 2 9 4 11 1 0 0 1 2 70 1 1
1 31.92 4.46 2 13 8 6.04 1 1 3 0 2 311 301 1
0 22.5 0.41 2 3 4 0.335 0 0 0 1 1 144 1 0
0 52.17 0 1 1 1 0 0 0 0 0 2 0 1 0
1 18.32 1.21 1 10 2 0 0 0 0 0 2 100 1 0
0 44.33 0 2 8 4 2.5 1 0 0 0 2 0 1 1
1 23 0.62 1 6 4 0.125 1 0 0 0 2 180 2 0
0 33.08 4.62 2 11 8 1.625 1 1 2 0 2 0 1 1
1 16.32 2.75 2 6 4 0.665 0 1 1 0 2 80 22 0
1 16.32 2.75 2 6 4 0.665 0 1 1 0 2 80 22 0
1 27.83 1 1 2 8 3 0 0 0 0 2 176 538 0
0 26.5 2.71 1 8 4 0.085 0 0 0 0 1 80 1 0
1 59.5 2.75 2 9 4 1.75 1 1 5 1 2 60 59 1
1 22.75 11 2 11 4 2.5 1 1 7 1 2 100 810 1
1 64.08 20 2 14 8 17.5 1 1 9 1 2 0 1001 1
0 18.25 10 2 9 4 1 0 1 1 0 2 120 2 0
1 47.67 2.5 2 7 5 2.5 1 1 12 1 2 410 2511 1
0 25 12.33 2 13 8 3.5 1 1 6 0 2 400 459 1
1 37.5 0.83 2 10 4 0.04 0 0 0 0 2 120 6 0
1 22.75 11.5 2 3 4 0.415 0 0 0 0 2 0 1 0
0 28.58 3.54 2 3 5 0.5 1 0 0 1 2 171 1 0
1 48.75 26.33 1 1 1 0 1 0 0 1 2 0 1 0
1 67.75 5.5 2 10 9 13 1 1 1 1 2 0 1 1
0 19.5 0.16 2 11 4 0.04 0 0 0 1 2 380 1 0
0 20.32 10 2 8 8 1 1 1 4 0 2 50 1466 1
0 25.33 2.08 2 8 8 2.75 1 0 0 1 2 360 2 0
0 18.82 9.53 2 6 4 0.085 1 0 0 0 2 100 1 1
0 38.75 1.5 2 1 1 0 0 0 0 0 2 76 1 0

