0 45.83 10.5 2 11 4 5 1 1 7 1 2 0 1 1
0 22.25 1.25 1 1 1 3.25 0 0 0 0 2 280 1 0
0 22.42 11.25 1 14 8 0.75 1 1 4 0 2 0 322 1
1 24.33 6.62 1 2 4 5.5 1 0 0 1 1 100 1 1
1 23.25 12.62 2 8 4 0.125 0 1 2 0 2 0 5553 0
1 20.42 0 2 8 4 0 0 0 0 0 3 184 1 0
0 52.83 15 2 8 4 5.5 1 1 14 0 2 0 2201 1
1 29.67 1.41 2 9 8 0.75 1 1 1 0 2 240 101 1
1 28.75 1.16 2 4 4 0.5 1 0 0 0 1 280 1 0
0 35.17 3.75 2 1 1 0 0 1 6 0 2 0 201 0
0 23.58 11.5 1 4 8 3 0 0 0 1 2 20 17 0
1 16.32 4.08 2 3 8 0.415 0 0 0 1 2 120 1 0
1 31.57 0.5 2 8 5 0.835 1 0 0 1 1 320 1 0
0 20.75 10.25 2 11 4 0.71 1 1 2 1 2 49 1 1
1 31.57 4 2 14 4 5 1 1 3 1 2 290 2280 1
1 39 5 2 13 4 3.5 1 1 10 1 2 0 1 1
1 25.92 0.87 2 4 4 0.375 0 1 2 1 2 174 4 0
1 25.83 12.83 2 13 4 0.5 0 0 0 0 2 0 3 0
1 56.42 28 1 8 4 28.5 1 1 40 0 2 0 16 1
0 15.75 0.37 2 8 4 1 0 0 0 0 2 120 19 0
1 54.83 15.5 2 10 9 0 1 1 20 0 2 152 131 0
1 31.92 4.46 2 13 8 6.04 1 1 3 0 2 311 301 1
1 30.33 0.5 2 2 8 0.085 0 0 0 1 1 252 1 0
1 32.25 14 1 1 1 0 0 1 2 0 2 160 2 0
0 28.58 1.66 2 11 4 2.415 1 0 0 1 2 440 1 0
1 28 2 2 4 8 4.165 1 1 2 1 2 181 1 1
1 40.25 21.5 2 10 9 20 1 1 11 0 2 0 1201 1
1 26.17 0.83 2 13 4 1.165 0 0 0 0 2 100 1 0
1 32.08 4 1 13 4 1.5 0 0 0 1 2 120 1 0
1 37.5 1.12 1 2 4 1.5 0 0 0 1 2 431 1 1
0 24.75 13.66 2 11 8 1.5 0 0 0 0 2 280 2 0
0 17.32 9.5 2 6 4 1.75 0 1 10 1 2 0 11 0
1 31.57 4 2 14 4 5 1 1 3 1 2 290 2280 1
1 41 0.04 2 10 4 0.04 0 1 1 0 1 560 1 1
0 29.5 2 1 10 8 2 0 0 0 0 2 256 18 0
1 13.75 4 1 9 4 1.75 1 1 2 1 2 120 1001 1
1 20.67 0.83 1 8 4 2 0 0 0 1 1 240 1 0
1 32.75 2.33 2 2 8 5.75 0 0 0 1 2 292 1 0
1 26.83 0.54 2 4 1 0 0 0 0 0 2 100 1 0
1 49.17 2.29 2 1 1 0.29 0 0 0 0 2 200 4 0
1 24.42 12.33 2 11 8 1.585 1 0 0 1 2 120 1 1
1 25 12.5 2 6 4 3 1 0 0 1 1 20 1 1
1 36.17 5.5 2 3 5 5 0 0 0 0 2 210 688 0
0 45.33 1 2 11 4 0.125 0 0 0 1 2 263 1 0
0 25.25 13.5 1 1 1 2 0 1 1 1 2 200 2 0
1 48.17 3.5 2 6 4 3.5 1 0 0 0 1 230 1 1
1 16.17 0.04 2 8 4 0.04 0 0 0 0 2 0 1 1
1 25 12 2 4 4 2.25 1 1 2 1 2 120 6 0
1 30.75 1.58 2 2 4 0.585 0 0 0 1 1 0 1 0
1 28.58 3.62 2 6 4 0.25 0 0 0 1 2 100 1 0
1 38.42 0.7 2 8 4 0.375 0 1 2 0 2 225 501 0
0 28.08 15 1 10 9 0 1 0 0 0 2 0 13213 1
1 34.75 2.5 2 13 5 0.5 0 0 0 0 2 348 1 0
0 29.5 1.08 1 14 4 1 0 0 0 0 2 280 14 0
1 55.92 11.5 2 1 1 5 1 1 5 0 2 0 8852 1
1 25 12 2 4 4 2.25 1 1 2 1 2 120 6 0
0 28.08 15 1 10 9 0 1 0 0 0 2 0 13213 1
1 22.75 11 2 11 4 2.5 1 1 7 1 2 100 810 1
0 41 2.04 1 11 8 0.125 1 1 23 1 2 455 1237 1
1 29.92 1.83 2 8 8 4.335 1 0 0 0 2 260 201 1
1 24.58 1.25 2 8 4 0.25 0 0 0 0 2 110 1 0
1 28.58 3.62 2 6 4 0.25 0 0 0 1 2 100 1 0
1 33.58 2.75 2 7 4 4.25 1 1 6 0 2 204 1 1
0 19.17 0.58 1 6 4 0.585 1 0 0 1 2 160 1 0
1 23.17 11.12 2 14 8 0.46 1 1 1 0 2 100 1 1
0 27.58 3 2 7 4 2.79 0 1 1 1 2 280 11 0
1 23.75 12 2 8 4 2.085 0 0 0 0 1 80 1 0
1 34 5.5 1 8 4 1.5 0 0 0 1 2 60 1 0
1 22.92 0.17 2 7 4 0.085 0 0 0 0 1 0 1 0
1 48.75 8.5 2 8 8 12.5 1 1 9 0 2 181 1656 1
1 26.75 2 2 2 4 0.75 0 0 0 1 2 80 1 0
1 41.17 4.04 2 13 8 7 1 1 8 0 2 320 1 1
0 47.75 8 2 8 4 7.875 1 1 6 1 2 0 1261 1
1 17.42 6.5 2 3 4 0.125 0 0 0 0 2 60 101 0
0 24.08 0.5 2 11 8 1.25 1 1 1 0 2 0 679 1
0 16.5 1.25 2 11 4 0.25 0 1 1 0 2 108 99 0
0 18.57 10 2 2 4 0.415 0 0 0 0 2 80 43 0
1 16.17 0.04 2 8 4 0.04 0 0 0 0 2 0 1 1
1 26.67 4.25 2 13 4 4.29 1 1 1 1 2 120 1 1
1 29.25 14.79 2 6 4 5.04 1 1 5 1 2 168 1 1
1 36.17 0.42 1 9 4 0.29 0 0 0 1 2 309 3 0
0 30.58 10.66 2 11 8 0.085 0 1 12 1 2 129 4 0
1 69.17 9 2 1 1 4 0 1 1 0 2 70 7 0
0 17.32 9.5 2 6 4 1.75 0 1 10 1 2 0 11 0
0 33.17 2.25 1 13 4 3.5 0 0 0 1 2 200 142 0
0 47.42 3 2 14 4 13.875 1 1 2 1 2 519 1705 1
0 21.67 11.5 1 5 3 0 1 1 11 1 2 0 1 1
1 20.42 7 2 8 4 1.625 1 1 3 0 2 200 1392 1
1 51.58 15 2 8 4 8.5 1 1 9 0 2 0 1 1
0 28.58 3.54 2 3 5 0.5 1 0 0 1 2 171 1 0
1 16.32 4.08 2 3 8 0.415 0 0 0 1 2 120 1 0
1 21.92 0.5 2 8 4 0.125 0 0 0 0 2 360 1 0
0 24.5 1.04 1 1 1 0.5 1 1 3 0 2 180 148 0
1 65.42 11 2 10 9 20 1 1 7 1 2 22 1 1
1 27.83 1 1 2 8 3 0 0 0 0 2 176 538 0
1 29.58 4.5 2 9 4 7.5 1 1 2 1 2 330 1 1
1 31.08 3.08 2 8 4 2.5 0 1 2 1 2 160 42 0
0 25 12.33 2 13 8 3.5 1 1 6 0 2 400 459 1
0 22.67 0.75 2 8 4 2 0 1 2 1 2 200 395 0
1 35.25 3.16 2 14 8 3.75 1 0 0 1 2 680 1 0
0 64.08 0.16 2 1 1 0 1 1 1 0 2 232 101 1
1 54.83 15.5 2 10 9 0 1 1 20 0 2 152 131 0
0 26.08 8.66 2 6 4 1.415 1 0 0 0 2 160 151 1
1 69.17 9 2 1 1 4 0 1 1 0 2 70 7 0
1 37.42 2.04 2 9 4 0.04 1 0 0 1 2 400 5801 1
1 36.67 2 2 3 4 0.25 0 0 0 1 2 221 1 0
1 41.17 4.04 2 13 8 7 1 1 8 0 2 320 1 1
0 52.17 0 1 1 1 0 0 0 0 0 2 0 1 0
1 37.33 6.5 2 7 8 4.25 1 1 12 1 2 93 1 1
1 47.67 2.5 2 7 5 2.5 1 1 12 1 2 410 2511 1
1 38.92 1.75 2 4 4 0.5 0 0 0 1 2 300 3 0
1 54.42 0.5 1 4 8 3.96 1 0 0 0 2 180 315 1
1 22.67 0.16 2 8 3 2.25 0 0 0 1 1 0 1 1
1 40.58 3.29 2 7 4 3.5 0 0 0 1 1 400 1 0
1 32.75 2.33 2 2 8 5.75 0 0 0 1 2 292 1 0
1 33.58 2.75 2 7 4 4.25 1 1 6 0 2 204 1 1
1 67.75 5.5 2 10 9 13 1 1 1 1 2 0 1 1
1 13.75 4 1 9 4 1.75 1 1 2 1 2 120 1001 1
1 23.58 0.46 1 9 4 2.625 1 1 6 1 2 208 348 0
0 22.67 0.75 2 8 4 2 0 1 2 1 2 200 395 0
1 64.08 20 2 14 8 17.5 1 1 9 1 2 0 1001 1
0 19.17 0.58 1 6 4 0.585 1 0 0 1 2 160 1 0
1 29.5 0.57 2 9 4 0.29 0 1 1 0 2 340 2804 0
1 35.25 3.16 2 14 8 3.75 1 0 0 1 2 680 1 0
0 31.57 3.5 2 2 4 3 1 0 0 1 2 300 1 0
1 15.17 7 2 10 4 1 0 0 0 0 2 600 1 0
1 40.92 0.5 1 7 4 0.5 0 0 0 1 2 130 1 0
1 37.5 0.83 2 10 4 0.04 0 0 0 0 2 120 6 0
0 16.07 0.33 2 1 1 0 0 1 1 0 2 160 127 0
1 22 0.79 2 9 4 0.29 0 1 1 0 2 420 284 0
1 25.67 0.28 1 8 4 1.5 0 0 0 1 2 160 1 0
0 37.33 2.5 2 3 8 0.21 0 0 0 0 2 260 247 0
0 23 1.83 2 5 3 0 0 1 1 0 2 200 54 0
1 31.83 2.5 2 6 4 7.5 1 0 0 1 2 523 1 0
0 58.33 10 2 11 4 4 1 1 14 0 2 0 1603 1
0 24.75 13.66 2 11 8 1.5 0 0 0 0 2 280 2 0
1 36.5 4.25 2 11 4 3.5 0 0 0 0 2 454 51 0
1 34.08 6.5 2 6 4 0.125 1 0 0 1 2 443 1 0
0 24.5 1.75 1 8 4 0.165 0 0 0 0 2 132 1 0
1 62.75 7 2 10 9 0 0 0 0 0 2 0 13 0
1 13.75 4 1 9 4 1.75 1 1 2 1 2 120 1001 1
0 32.33 0.54 2 13 4 0.04 1 0 0 0 2 440 11178 1
1 28.75 1.5 1 8 4 1.5 1 0 0 1 2 0 226 0
1 22.08 2.33 2 4 4 0.75 0 0 0 0 2 180 1 0
0 30.25 5.5 2 4 4 5.5 0 0 0 1 1 100 1 0
1 27 0.75 2 8 8 4.25 1 1 3 1 2 312 151 1
0 23.25 5.87 2 11 4 3.17 1 1 10 0 2 120 246 1
0 21.67 11.5 1 5 3 0 1 1 11 1 2 0 1 1
1 27.75 1.29 2 4 8 0.25 0 0 0 1 1 140 1 0
1 62.75 7 2 10 9 0 0 0 0 0 2 0 13 0
1 36.33 2.12 1 9 4 0.085 1 1 1 0 2 50 1188 1
1 21.92 0.54 1 14 4 0.04 1 1 1 1 2 840 60 1
0 58.33 10 2 11 4 4 1 1 14 0 2 0 1603 1
1 20.67 1.25 1 8 8 1.375 1 1 3 1 2 140 211 0
1 18.07 5.5 2 4 4 0.5 1 0 0 0 2 80 1 1
0 33.08 4.62 2 11 8 1.625 1 1 2 0 2 0 1 1
1 19.17 9.5 2 9 4 1.5 1 0 0 0 2 120 2207 1
0 49 1.5 2 5 3 0 1 0 0 1 2 100 28 0
0 18.92 9.25 1 8 4 1 1 1 4 1 2 80 501 1
1 45 8.5 2 13 8 14 1 1 1 1 2 88 2001 1
1 30.17 0.5 2 8 4 1.75 1 1 11 0 2 32 541 1
0 57.58 2 2 1 1 6.5 0 1 1 0 2 0 11 0
1 28.33 5 2 9 4 11 1 0 0 1 2 70 1 1
1 35.17 4.5 2 14 8 5.75 0 0 0 1 1 711 1 1
1 39.17 1.62 2 8 4 1.5 1 1 10 0 2 186 4701 1

