0 17.92 10.21 2 1 1 0 0 0 0 0 2 0 51 0
0 41.58 1.04 2 6 4 0.665 0 0 0 0 2 240 238 0
0 23.25 5.87 2 11 4 3.17 1 1 10 0 2 120 246 1
0 27.25 0.28 2 7 8 0.125 0 1 1 1 2 272 109 0
0 25 11 1 6 4 4.5 1 0 0 0 2 120 1 0
0 18.25 10 2 9 4 1 0 1 1 0 2 120 2 0
0 46 4 2 5 3 0 1 0 0 0 2 100 961 1
1 25.33 0.57 2 8 4 0.29 1 1 7 1 2 96 5125 1
0 30 5.29 2 10 2 2.25 1 1 5 1 2 99 501 1
1 19.5 0.28 2 4 4 0.29 0 0 0 0 2 280 365 0
1 34.42 4.25 2 3 5 3.25 1 1 2 0 2 274 611 1
1 22.75 11.5 2 3 4 0.415 0 0 0 0 2 0 1 0
1 33.75 2.75 2 3 5 0 0 0 0 0 2 180 1 0
1 36.42 0.75 1 2 4 0.585 0 0 0 0 2 240 4 0
1 31.92 4.46 2 13 8 6.04 1 1 3 0 2 311 301 1
1 56.42 28 1 8 4 28.5 1 1 40 0 2 0 16 1
1 39.33 5.87 2 13 8 10 1 1 14 1 2 399 1 1
1 25.83 12.83 2 13 4 0.5 0 0 0 0 2 0 3 0
1 39.83 0.5 2 7 4 0.25 1 0 0 0 1 288 1 0
1 19.57 0.58 2 1 1 0 0 1 3 0 2 350 770 0
1 67.75 5.5 2 10 9 13 1 1 1 1 2 0 1 1
1 29.5 0.57 2 9 4 0.29 0 1 1 0 2 340 2804 0
1 23.08 2.5 2 1 1 0.085 0 0 0 1 2 100 4209 0
0 29.58 1.75 1 4 4 1.25 0 0 0 1 2 280 1 0
1 36.5 4.25 2 11 4 3.5 0 0 0 0 2 454 51 0
0 65.17 14 2 1 1 0 1 1 11 1 2 0 1401 1
1 19.17 0 1 7 5 0 0 0 0 1 1 500 2 1
1 34.08 6.5 2 6 4 0.125 1 0 0 1 2 443 1 0
1 23.08 11.5 2 3 4 3.5 1 1 9 0 2 56 743 1
1 21 4.79 1 9 4 2.25 1 1 1 1 2 80 301 1
1 32.08 4 2 7 4 2.5 1 0 0 1 2 360 1 1
1 16.32 2.75 2 6 4 0.665 0 1 1 0 2 80 22 0
1 40.58 1.5 2 3 5 0 0 0 0 0 1 300 1 0
0 20.42 0.83 2 11 4 1.585 1 1 1 0 2 0 1 1
1 26.75 1.12 2 14 8 1.25 1 0 0 0 2 0 5299 1
1 57.83 7.04 2 7 4 14 1 1 6 1 2 360 1333 1
1 31.57 0.5 2 8 5 0.835 1 0 0 1 1 320 1 0
1 42.75 4.08 2 6 4 0.04 0 0 0 0 2 108 101 0
1 62.75 7 2 10 9 0 0 0 0 0 2 0 13 0
1 25.92 0.87 2 4 4 0.375 0 1 2 1 2 174 4 0
1 19.17 0 1 7 5 0 0 0 0 1 1 500 2 1
1 31.67 16.16 2 2 4 3 1 1 9 0 2 250 731 1
0 40.83 10 2 11 8 1.75 1 0 0 0 2 29 838 1
1 28.67 9.33 2 11 8 5.665 1 1 6 0 2 381 169 1
0 22.42 5.66 2 11 4 2.585 1 1 7 0 2 129 3258 1
0 28.17 0.58 2 6 4 0.04 0 0 0 0 2 260 1005 0
0 31.75 3 1 5 3 0 0 0 0 0 2 160 21 0
0 22.83 2.29 2 11 8 2.29 1 1 7 1 2 140 2385 1
0 40.83 3.5 2 3 5 0.5 0 0 0 0 1 1160 1 0
1 19.42 7.25 2 7 4 0.04 0 1 1 0 2 100 2 0
1 63.33 0.54 2 8 4 0.585 1 1 3 1 2 180 1 0
1 22.08 2.33 2 4 4 0.75 0 0 0 0 2 180 1 0
1 22 0.79 2 9 4 0.29 0 1 1 0 2 420 284 0
1 33.17 3.16 1 14 4 3.165 1 1 3 1 2 380 1 1
1 19.67 0.37 2 11 4 2 1 1 2 1 2 80 1 1
1 43.17 2.25 2 3 5 0.75 1 0 0 0 2 560 1 0
0 22.92 11.58 2 13 4 0.04 1 0 0 0 2 80 1350 1
0 20.75 9.53 2 3 4 0.04 0 0 0 0 2 200 1001 0
0 38.25 6 2 4 4 1 1 0 0 1 2 0 1 1
0 45.83 10.5 2 11 4 5 1 1 7 1 2 0 1 1
1 33.67 1.25 2 9 4 1.165 0 0 0 0 2 120 1 0
0 19.75 0.75 2 8 4 0.795 1 1 5 1 2 140 6 0
1 42.83 1.25 2 7 4 13.875 0 1 1 1 2 352 113 0
0 26.5 2.71 1 8 4 0.085 0 0 0 0 1 80 1 0
0 20.75 10.25 2 11 4 0.71 1 1 2 1 2 49 1 1
0 26.92 13.5 2 11 8 5 1 1 2 0 2 0 5001 1
1 52.42 1.5 2 2 4 3.75 0 0 0 1 2 0 351 0
1 41.42 5 2 11 8 5 1 1 6 1 2 470 1 1
1 45 8.5 2 13 8 14 1 1 1 1 2 88 2001 1
1 36.17 0.42 1 9 4 0.29 0 0 0 1 2 309 3 0
1 27.75 1.29 2 4 8 0.25 0 0 0 1 1 140 1 0
0 50.08 12.54 2 6 4 2.29 1 1 3 1 2 156 1 1
1 20.42 1.08 2 11 4 1.5 0 0 0 0 2 108 8 0
1 31.57 0.62 2 4 4 0.25 0 0 0 0 2 380 2011 0
1 67.75 5.5 2 10 9 13 1 1 1 1 2 0 1 1
1 42.75 4.08 2 6 4 0.04 0 0 0 0 2 108 101 0
0 20.75 9.53 2 3 4 0.04 0 0 0 0 2 200 1001 0
0 24.5 2.41 1 8 4 0 0 0 0 0 2 120 1 0
1 27.25 1.66 2 13 8 5.085 1 1 9 0 2 399 828 1
1 23 0.62 1 6 4 0.125 1 0 0 0 2 180 2 0
1 23.25 4 2 8 5 0.25 1 0 0 1 2 160 1 1
1 38.42 0.7 2 8 4 0.375 0 1 2 0 2 225 501 0
1 26.17 12.5 1 4 8 1.25 0 0 0 1 2 0 18 0
1 47.67 0.28 2 8 5 15 1 1 20 0 2 0 15001 1
0 20.67 1.83 2 11 4 2.085 1 1 5 0 2 220 2504 1
1 28.25 5.12 2 14 4 4.75 1 1 2 0 2 420 8 1
0 36.75 5.12 2 10 4 5 1 0 0 1 2 0 4001 1
1 19 1.75 1 8 4 2.335 0 0 0 1 2 112 7 0
1 39.92 6.21 2 11 4 0.04 1 1 1 0 2 200 301 1
1 43.25 25.21 2 11 8 0.21 1 1 1 0 2 760 91 0
0 68.67 15 2 10 9 0 1 1 14 0 2 0 3377 1
0 24.5 1.04 1 1 1 0.5 1 1 3 0 2 180 148 0
0 36.75 5.12 2 10 4 5 1 0 0 1 2 0 4001 1
1 25.75 0.75 2 8 5 0.25 1 0 0 0 2 349 24 1
0 22.92 11.58 2 13 4 0.04 1 0 0 0 2 80 1350 1
1 52.42 1.5 2 2 4 3.75 0 0 0 1 2 0 351 0
1 35.25 3.16 2 14 8 3.75 1 0 0 1 2 680 1 0
1 57.42 8.5 2 10 8 7 1 1 3 0 2 0 1 1
1 34.83 4 2 2 5 12.5 1 0 0 1 2 184 1 0
1 24.83 2.75 2 8 4 2.25 1 1 6 0 2 184 601 1
1 25.33 0.57 2 8 4 0.29 1 1 7 1 2 96 5125 1
1 41.17 4.04 2 13 8 7 1 1 8 0 2 320 1 1
1 34.83 4 2 2 5 12.5 1 0 0 1 2 184 1 0
0 22.5 0.41 2 3 4 0.335 0 0 0 1 1 144 1 0
1 33.17 1 2 14 4 0.75 1 1 7 1 2 340 4072 1
0 36.58 0.28 2 1 1 0 0 1 10 0 2 200 19 0
1 20 1.25 1 4 4 0.125 0 0 0 0 2 140 5 0
0 36.58 0.28 2 1 1 0 0 1 10 0 2 200 19 0
1 23.17 0 2 8 4 0 0 0 0 0 3 184 1 1
1 13.75 4 1 9 4 1.75 1 1 2 1 2 120 1001 1
1 54.42 0.5 1 4 8 3.96 1 0 0 0 2 180 315 1
1 37.33 2.66 2 13 4 0.165 0 0 0 1 2 0 502 0
1 44 2 2 7 4 1.75 1 1 2 1 2 0 16 1
1 54.42 0.5 1 4 8 3.96 1 0 0 0 2 180 315 1
1 53.92 9.62 2 10 4 8.665 1 1 5 0 2 0 1 1
1 42.83 1.25 2 7 4 13.875 0 1 1 1 2 352 113 0
1 31.67 16.16 2 2 4 3 1 1 9 0 2 250 731 1
1 24.58 1.25 2 8 4 0.25 0 0 0 0 2 110 1 0
0 22.5 0.41 2 3 4 0.335 0 0 0 1 1 144 1 0
1 48.58 6.5 2 11 8 6 1 0 0 1 2 350 1 1
0 23.58 0.58 1 1 1 0.125 0 0 0 0 2 120 88 0
1 42 9.78 2 14 8 7.96 1 1 8 0 2 0 1 1
1 32.42 3 2 2 4 0.165 0 0 0 1 2 120 1 0
0 36 1 2 8 4 2 1 1 11 0 2 0 457 1
1 39.5 1.62 2 8 4 1.5 0 0 0 0 2 0 317 0
1 26.33 13 2 10 2 0 0 0 0 1 2 140 1111 0
1 32.25 0.16 1 8 8 3.25 1 1 1 1 2 432 8001 1
1 29.58 4.5 2 9 4 7.5 1 1 2 1 2 330 1 1
0 22.92 1.25 2 11 4 0.25 0 0 0 1 2 120 810 0
0 40.33 7.54 1 11 8 8 1 1 14 0 2 0 2301 1
0 20.32 10 2 8 8 1 1 1 4 0 2 50 1466 1
1 18.82 0.41 1 8 4 0.165 0 1 1 0 2 200 2 0
1 25.67 2.21 1 6 4 4 1 0 0 0 2 188 1 0
1 20 0 2 2 4 0.5 0 0 0 0 2 144 1 0
0 45 4.58 2 4 8 1 0 0 0 1 1 240 1 0
1 26.92 2.25 2 3 5 0.5 0 0 0 1 2 640 4001 0
1 35 3.37 2 8 8 8.29 0 0 0 1 2 0 1 0
0 24.5 1.04 1 1 1 0.5 1 1 3 0 2 180 148 0
1 31.83 2.5 2 6 4 7.5 1 0 0 1 2 523 1 0
0 22.67 0.75 2 8 4 2 0 1 2 1 2 200 395 0
1 24.5 13.33 1 6 4 0.04 0 0 0 1 2 120 476 0
1 42.75 4.08 2 6 4 0.04 0 0 0 0 2 108 101 0
0 19.17 0.58 1 6 4 0.585 1 0 0 1 2 160 1 0
1 67.75 5.5 2 10 9 13 1 1 1 1 2 0 1 1
1 31.57 0.37 2 2 4 0.875 1 0 0 1 1 928 1 0
1 44 2 2 7 4 1.75 1 1 2 1 2 0 16 1
0 23.58 11.5 1 4 8 3 0 0 0 1 2 20 17 0
1 35.17 4.5 2 14 8 5.75 0 0 0 1 1 711 1 1
0 23.42 0.79 1 11 4 1.5 1 1 2 1 2 80 401 1
1 24.5 13.33 1 6 4 0.04 0 0 0 1 2 120 476 0
0 32 6 2 2 4 1.25 0 0 0 0 2 272 1 0
1 26.75 1.12 2 14 8 1.25 1 0 0 0 2 0 5299 1
0 26.5 2.71 1 8 4 0.085 0 0 0 0 1 80 1 0
1 36.17 18.12 2 9 4 0.085 0 0 0 0 2 320 3553 0
0 16 0.16 2 6 4 1 0 1 2 1 2 320 2 0
0 28.75 3.75 2 8 4 1.085 1 1 1 1 2 371 1 1
1 51.33 10 2 3 5 0 1 1 11 0 2 0 1250 1
1 30.17 6.5 2 13 4 3.125 1 1 8 0 2 330 1201 1
0 21.67 11.5 1 5 3 0 1 1 11 1 2 0 1 1
1 25 11.25 2 8 4 2.5 1 1 17 0 2 200 1209 1
1 34.42 1.33 2 3 5 0.125 0 0 0 1 2 440 4501 0
0 37.33 2.5 2 3 8 0.21 0 0 0 0 2 260 247 0
1 32.25 14 1 1 1 0 0 1 2 0 2 160 2 0
1 56.75 12.25 2 7 4 1.25 1 1 4 1 2 200 1 1
1 34.17 9.17 2 8 4 4.5 1 1 12 1 2 0 222 1

