1 49.17 2.29 2 1 1 0.29 0 0 0 0 2 200 4 0
1 22.75 11.5 2 3 4 0.415 0 0 0 0 2 0 1 0
1 22.08 2.33 2 4 4 0.75 0 0 0 0 2 180 1 0
1 64.08 20 2 14 8 17.5 1 1 9 1 2 0 1001 1
1 51.33 10 2 3 5 0 1 1 11 0 2 0 1250 1
1 25.17 3 2 8 4 1.25 0 1 1 0 2 0 23 0
1 20.42 0 2 8 4 0 0 0 0 0 3 184 1 0
1 25.42 0.54 2 9 4 0.165 0 1 1 0 2 272 445 0
1 29.83 3.5 2 8 4 0.165 0 0 0 0 2 216 1 0
1 31.57 4 2 14 4 5 1 1 3 1 2 290 2280 1
0 18.57 10 2 2 4 0.415 0 0 0 0 2 80 43 0
1 20.5 10 1 8 4 2.5 1 0 0 0 1 40 1 1
1 35.17 2.5 2 4 4 4.5 1 1 7 0 2 150 1271 1
1 37.5 1.75 1 8 5 0.25 1 0 0 1 2 164 401 0
1 21.17 0.87 1 8 8 0.25 0 0 0 0 2 280 205 0
1 32.08 4 1 13 4 1.5 0 0 0 1 2 120 1 0
1 52.33 1.37 1 8 8 9.46 1 0 0 1 2 200 101 0
1 16.25 0.83 2 7 4 0.085 1 0 0 0 1 200 1 0
1 35.17 2.5 2 4 4 4.5 1 1 7 0 2 150 1271 1
1 23 0.62 1 6 4 0.125 1 0 0 0 2 180 2 0
1 30.17 1.08 1 8 4 0.04 0 0 0 0 2 170 180 0
1 18.5 2 2 3 4 1.5 1 1 2 0 2 120 301 1
1 37.75 7 2 11 8 11.5 1 1 7 1 2 300 6 0
0 20.42 0.83 2 11 4 1.585 1 1 1 0 2 0 1 1
1 31.57 0.62 2 4 4 0.25 0 0 0 0 2 380 2011 0
1 43 0.28 1 13 8 1.75 1 1 8 0 2 100 376 1
1 21.83 0.25 2 2 8 0.665 1 0 0 1 2 0 1 1
0 15.83 7.62 2 11 4 0.125 0 1 1 1 2 0 161 0
0 18.57 10 2 2 4 0.415 0 0 0 0 2 80 43 0
0 27.67 2.04 2 9 4 0.25 0 0 0 1 2 180 51 0
0 28.67 1.04 2 8 4 2.5 1 1 5 1 2 300 1431 1
0 23.5 9 2 11 4 8.5 1 1 5 1 2 120 1 1
0 41.58 1.04 2 6 4 0.665 0 0 0 0 2 240 238 0
1 21 4.79 1 9 4 2.25 1 1 1 1 2 80 301 1
1 19.5 0.28 2 4 4 0.29 0 0 0 0 2 280 365 0
0 24.5 1.75 1 8 4 0.165 0 0 0 0 2 132 1 0
1 30.17 0.5 2 8 4 1.75 1 1 11 0 2 32 541 1
1 39.92 0.54 1 6 4 0.5 1 1 3 0 2 200 1001 1
1 39.33 5.87 2 13 8 10 1 1 14 1 2 399 1 1
1 27.58 2.04 1 6 4 2 1 1 3 1 2 370 561 1
1 25.67 0.28 1 8 4 1.5 0 0 0 1 2 160 1 0
1 56 12.5 2 4 8 8 1 0 0 1 2 24 2029 1
1 57.42 8.5 2 10 8 7 1 1 3 0 2 0 1 1
1 30.17 1.08 1 8 4 0.04 0 0 0 0 2 170 180 0
0 45.83 10.5 2 11 4 5 1 1 7 1 2 0 1 1
1 52.33 1.37 1 8 8 9.46 1 0 0 1 2 200 101 0
1 23.25 1 2 8 4 0.835 1 0 0 0 1 300 1 1
1 22.75 11 2 11 4 2.5 1 1 7 1 2 100 810 1
1 31.08 1.5 1 9 4 0.04 0 0 0 0 1 160 1 0
1 38.42 0.7 2 8 4 0.375 0 1 2 0 2 225 501 0
0 24.5 1.04 1 1 1 0.5 1 1 3 0 2 180 148 0
1 31.83 2.5 2 6 4 7.5 1 0 0 1 2 523 1 0
1 73.42 17.75 2 1 1 0 1 0 0 1 2 0 1 1
1 16 3.12 2 9 4 0.085 0 1 1 0 2 0 7 0
0 23 11.75 2 14 8 0.5 1 1 2 1 2 300 552 1
1 24.83 2.75 2 8 4 2.25 1 1 6 0 2 184 601 1
1 34.42 1.33 2 3 5 0.125 0 0 0 1 2 440 4501 0
1 18.07 5.5 2 4 4 0.5 1 0 0 0 2 80 1 1
1 28.25 5.12 2 14 4 4.75 1 1 2 0 2 420 8 1
1 25.25 1 2 6 4 0.5 0 0 0 0 2 200 1 0
1 47.33 6.5 2 8 4 1 0 0 0 1 2 0 229 0
1 17.07 0.08 1 8 4 0.04 0 0 0 0 2 140 723 0
1 56.75 12.25 2 7 4 1.25 1 1 4 1 2 200 1 1
1 25 11.25 2 8 4 2.5 1 1 17 0 2 200 1209 1
1 29.83 2.04 1 14 8 0.04 0 0 0 0 2 128 2 0
1 19 1.75 1 8 4 2.335 0 0 0 1 2 112 7 0
1 40.25 21.5 2 10 9 20 1 1 11 0 2 0 1201 1
1 54.33 6.75 2 8 8 2.625 1 1 11 1 2 0 285 1
1 65.42 11 2 10 9 20 1 1 7 1 2 22 1 1
0 21.5 6 2 6 4 2.5 1 1 3 0 2 80 919 1
1 23.33 1.5 2 8 8 1.415 1 0 0 0 2 422 201 1
1 28.33 5 2 9 4 11 1 0 0 1 2 70 1 1
1 21.5 9.75 2 8 4 0.25 1 0 0 0 2 140 1 0
1 23 0.75 2 7 4 0.5 1 0 0 1 1 320 1 0
0 36 1 2 8 4 2 1 1 11 0 2 0 457 1
1 59.67 1.54 2 11 4 0.125 1 0 0 1 2 260 1 1
1 20.5 2.41 2 8 4 2 1 1 11 1 2 200 3001 1
1 54.83 15.5 2 10 9 0 1 1 20 0 2 152 131 0
1 23.75 12 2 8 4 2.085 0 0 0 0 1 80 1 0
1 20 11.04 2 8 4 2 0 0 0 1 2 136 1 0
0 23.58 0.83 2 11 4 0.415 0 1 1 1 2 200 12 0
0 30 5.29 2 10 2 2.25 1 1 5 1 2 99 501 1
1 30.83 0 2 9 4 1.25 1 1 1 0 2 202 1 1
1 34.92 5 2 14 8 7.5 1 1 6 1 2 0 1001 1
0 20.42 10.5 1 14 8 0 0 0 0 1 2 154 33 0
1 31.08 3.08 2 8 4 2.5 0 1 2 1 2 160 42 0
1 23.5 3.16 1 4 4 0.415 0 1 1 1 2 280 81 0
1 36.25 5 2 8 5 2.5 1 1 6 0 2 0 368 1
1 48.08 6.04 2 4 4 0.04 0 0 0 0 2 0 2691 1
0 20.07 1.25 2 8 4 0 0 0 0 0 2 0 1 0
1 39.5 1.62 2 8 4 1.5 0 0 0 0 2 0 317 0
1 74.83 19 1 1 1 0.04 0 1 2 0 2 0 352 0
1 29.83 3.5 2 8 4 0.165 0 0 0 0 2 216 1 0
1 34.83 4 2 2 5 12.5 1 0 0 1 2 184 1 0
1 36.17 18.12 2 9 4 0.085 0 0 0 0 2 320 3553 0
1 19 1.75 1 8 4 2.335 0 0 0 1 2 112 7 0
0 19.67 0.21 2 11 8 0.29 1 1 11 0 2 80 100 1
1 25.33 0.57 2 8 4 0.29 1 1 7 1 2 96 5125 1
1 31.57 4 1 3 4 0.085 0 0 0 1 2 411 1 0
1 28 2 2 4 8 4.165 1 1 2 1 2 181 1 1
0 24.5 2.41 1 8 4 0 0 0 0 0 2 120 1 0
1 27.58 2.04 1 6 4 2 1 1 3 1 2 370 561 1
0 21.5 6 2 6 4 2.5 1 1 3 0 2 80 919 1
1 20.17 9.25 2 8 4 1.665 1 1 3 1 2 40 29 1
1 52.5 6.5 2 4 4 6.29 1 1 15 0 2 0 11203 1
1 27.25 1.66 2 13 8 5.085 1 1 9 0 2 399 828 1
1 37.5 0.83 2 10 4 0.04 0 0 0 0 2 120 6 0
1 15.17 7 2 10 4 1 0 0 0 0 2 600 1 0
1 21.33 10.5 2 8 4 3 1 0 0 1 2 0 1 1
1 28.25 0.87 2 7 4 0.96 1 1 3 1 2 396 1 1
0 35.42 12 2 11 8 14 1 1 8 0 2 0 6591 1
1 51.83 2.04 1 1 1 1.5 0 0 0 0 2 120 2 0
1 16.25 0 1 6 4 0.25 0 0 0 0 2 60 1 0
0 19.17 0.58 1 6 4 0.585 1 0 0 1 2 160 1 0
1 53.92 9.62 2 10 4 8.665 1 1 5 0 2 0 1 1
0 22.67 3.8 2 8 4 0.165 0 0 0 0 2 160 1 0
0 28.58 3.54 2 3 5 0.5 1 0 0 1 2 171 1 0
0 18.57 10 2 2 4 0.415 0 0 0 0 2 80 43 0
1 27.83 1 1 2 8 3 0 0 0 0 2 176 538 0
1 22.75 11.5 2 3 4 0.415 0 0 0 0 2 0 1 0
1 35 3.37 2 8 8 8.29 0 0 0 1 2 0 1 0
0 38.58 5 2 13 4 13.5 1 0 0 1 2 980 1 0
1 25.33 0.57 2 8 4 0.29 1 1 7 1 2 96 5125 1
1 23.08 0 2 4 4 1 0 1 11 0 1 0 1 0
0 25.08 2.54 1 6 4 0.25 1 0 0 1 2 370 1 1
1 22 0.79 2 9 4 0.29 0 1 1 0 2 420 284 0
0 25 12.33 2 13 8 3.5 1 1 6 0 2 400 459 1
1 34.17 2.75 2 3 5 2.5 0 0 0 1 2 232 201 0
1 33.17 1.04 2 12 8 6.5 1 0 0 1 2 164 31286 1
1 24.5 13.33 1 6 4 0.04 0 0 0 1 2 120 476 0
0 36.58 0.28 2 1 1 0 0 1 10 0 2 200 19 0
0 28.67 1.04 2 8 4 2.5 1 1 5 1 2 300 1431 1
1 16.25 0.83 2 7 4 0.085 1 0 0 0 1 200 1 0
0 18.57 10 2 2 4 0.415 0 0 0 0 2 80 43 0
1 22.92 0.17 2 7 4 0.085 0 0 0 0 1 0 1 0
1 31.67 16.16 2 2 4 3 1 1 9 0 2 250 731 1
0 25.17 2.87 2 14 8 0.875 1 0 0 0 2 360 1 1
0 36.75 5.12 2 10 4 5 1 0 0 1 2 0 4001 1
1 45 8.5 2 13 8 14 1 1 1 1 2 88 2001 1
0 23.42 0.79 1 11 4 1.5 1 1 2 1 2 80 401 1
1 23 0.75 2 7 4 0.5 1 0 0 1 1 320 1 0
0 22.67 3.8 2 8 4 0.165 0 0 0 0 2 160 1 0
1 13.75 4 1 9 4 1.75 1 1 2 1 2 120 1001 1
0 26.08 8.66 2 6 4 1.415 1 0 0 0 2 160 151 1
1 40 6.5 2 6 5 3.5 1 1 1 0 2 0 501 1
1 32.25 14 1 1 1 0 0 1 2 0 2 160 2 0
1 26.75 2 2 2 4 0.75 0 0 0 1 2 80 1 0
1 22.75 11.5 2 3 4 0.415 0 0 0 0 2 0 1 0
0 45.33 1 2 11 4 0.125 0 0 0 1 2 263 1 0
1 38.92 1.75 2 4 4 0.5 0 0 0 1 2 300 3 0
0 24.92 1.25 2 1 1 0 1 0 0 0 2 80 1 0
1 28.25 5.04 1 8 5 1.5 1 1 8 1 2 144 8 1
1 63.33 0.54 2 8 4 0.585 1 1 3 1 2 180 1 0
1 24.08 9 2 6 4 0.25 0 0 0 1 2 0 1 0
1 34 5.5 1 8 4 1.5 0 0 0 1 2 60 1 0
1 41.42 5 2 11 8 5 1 1 6 1 2 470 1 1
1 31.92 4.46 2 13 8 6.04 1 1 3 0 2 311 301 1
1 25.92 0.87 2 4 4 0.375 0 1 2 1 2 174 4 0
0 47.42 3 2 14 4 13.875 1 1 2 1 2 519 1705 1
1 23.42 0.58 2 8 8 0.085 1 0 0 0 2 180 1 0
0 46.67 0.46 2 13 8 0.415 1 1 11 1 2 440 7 1
1.234 22.08 11.46 2 4 4 1.585 0 0 0 1 2 100 1213 0
0 64.08 0.16 2 1 1 0 1 1 1 0 2 232 101 1
1 34.5 4.04 1 3 5 8.5 1 1 7 1 2 195 1 1
1 21.92 0.54 1 14 4 0.04 1 1 1 1 2 840 60 1

