1 22.25 0.46 2 4 4 0.125 0 0 0 1 2 280 56 0
0 40.83 10 2 11 8 1.75 1 0 0 0 2 29 838 1
1 31.57 0.5 2 8 5 0.835 1 0 0 1 1 320 1 0
1 30.83 0 2 9 4 1.25 1 1 1 0 2 202 1 1
1 48.17 3.5 2 6 4 3.5 1 0 0 0 1 230 1 1
1 25.25 1 2 6 4 0.5 0 0 0 0 2 200 1 0
1 17.07 0.08 1 8 4 0.04 0 0 0 0 2 140 723 0
1 26.17 0.83 2 13 4 1.165 0 0 0 0 2 100 1 0
1 22.25 0.46 2 4 4 0.125 0 0 0 1 2 280 56 0
1 22 7.83 1 3 5 0.165 0 0 0 1 2 184 1 0
1 32.75 2.33 2 2 8 5.75 0 0 0 1 2 292 1 0
0 25.25 13.5 1 1 1 2 0 1 1 1 2 200 2 0
1 34.17 1.54 2 13 4 1.54 1 1 1 1 2 520 50001 1
0 17.32 9.5 2 6 4 1.75 0 1 10 1 2 0 11 0
1 26.75 2 2 2 4 0.75 0 0 0 1 2 80 1 0
1 42.75 3 2 3 5 1 1 0 0 0 2 0 201 0
1 45 8.5 2 13 8 14 1 1 1 1 2 88 2001 1
1 23.25 1 2 8 4 0.835 1 0 0 0 1 300 1 1
0 25.33 2.08 2 8 8 2.75 1 0 0 1 2 360 2 0
1 39.42 1.71 1 7 4 0.165 0 0 0 0 1 400 1 0
1 22.17 0.58 1 1 1 0 0 0 0 0 2 100 1 0
1 25.92 0.87 2 4 4 0.375 0 1 2 1 2 174 4 0
0 30.58 10.66 2 11 8 0.085 0 1 12 1 2 129 4 0
0 55.75 7.08 2 4 8 6.75 1 1 3 1 2 100 51 0
1 31.57 5 1 6 4 8.5 1 0 0 0 2 0 1 0
1 37.5 0.83 2 10 4 0.04 0 0 0 0 2 120 6 0
0 20.83 0.5 1 10 2 1 0 0 0 0 2 260 1 0
1 25.25 1 2 6 4 0.5 0 0 0 0 2 200 1 0
1 20.17 5.62 2 9 4 1.71 1 0 0 0 1 120 1 1
1 27.67 0.75 2 11 8 0.165 0 0 0 1 2 220 252 0
1 23.25 12.62 2 8 4 0.125 0 1 2 0 2 0 5553 0
1 32.33 3.5 2 4 4 0.5 0 0 0 1 2 232 1 0
1 21.33 10.5 2 8 4 3 1 0 0 1 2 0 1 1
1 31.58 0.75 1 6 4 3.5 0 0 0 1 2 320 1 0
1 30.58 2.71 1 7 4 0.125 0 0 0 1 1 80 1 0
1 16.32 4.08 2 3 8 0.415 0 0 0 1 2 120 1 0
0 28.5 3.04 1 14 8 2.54 1 1 1 0 2 70 1 1
1 31.57 3 1 3 5 7 0 0 0 0 2 0 2 0
1 54.42 0.5 1 4 8 3.96 1 0 0 0 2 180 315 1
0 46.67 0.46 2 13 8 0.415 1 1 11 1 2 440 7 1
1 23.08 0 2 4 4 1 0 1 11 0 1 0 1 0
1 27 0.75 2 8 8 4.25 1 1 3 1 2 312 151 1
0 20.75 9.53 2 3 4 0.04 0 0 0 0 2 200 1001 0
1 18.07 5.5 2 4 4 0.5 1 0 0 0 2 80 1 1
1 39.42 1.71 1 7 4 0.165 0 0 0 0 1 400 1 0
1 20.17 5.62 2 9 4 1.71 1 0 0 0 1 120 1 1
1 22.17 12.12 2 8 4 3.335 0 1 2 1 2 180 174 0
1 41.17 4.04 2 13 8 7 1 1 8 0 2 320 1 1
1 23 0.75 2 7 4 0.5 0 0 0 1 1 320 1 0
0 32 6 2 2 4 1.25 0 0 0 0 2 272 1 0
0 19.5 0.16 2 11 4 0.04 0 0 0 1 2 380 1 0
1 39.83 0.5 2 7 4 0.25 1 0 0 0 1 288 1 0
1 22.17 12.12 2 8 4 3.335 0 1 2 1 2 180 174 0
1 21.33 10.5 2 8 4 3 1 0 0 1 2 0 1 1
0 22.5 0.41 2 3 4 0.335 0 0 0 1 1 144 1 0
1 23.42 1 2 8 4 0.5 0 0 0 1 1 280 1 0
1 36.17 5.5 2 3 5 5 0 0 0 0 2 210 688 0
1 21.17 0.25 1 8 8 0.25 0 0 0 0 2 280 205 0
1 30.58 2.71 1 7 4 0.125 0 0 0 1 1 80 1 0
1 30.83 0 2 9 4 1.25 1 1 1 0 2 202 1 1
0 27.17 1.25 2 1 1 0 0 1 1 0 2 92 301 0
1 27 0.75 2 8 8 4.25 1 1 3 1 2 312 151 1
1 49.58 19 2 1 1 0 1 1 1 0 2 94 1 0
1 13.75 4 1 9 4 1.75 1 1 2 1 2 120 1001 1
1 17.07 0.08 1 8 4 0.04 0 0 0 0 2 140 723 0
1 31.57 5 1 6 4 8.5 1 0 0 0 2 0 1 0
1 20.5 10 1 8 4 2.5 1 0 0 0 1 40 1 1
0 32 6 2 2 4 1.25 0 0 0 0 2 272 1 0
0 28.67 1.04 2 8 4 2.5 1 1 5 1 2 300 1431 1
1 37.33 6.5 2 7 8 4.25 1 1 12 1 2 93 1 1
1 34.5 4.04 1 3 5 8.5 1 1 7 1 2 195 1 1
0 19.75 0.75 2 8 4 0.795 1 1 5 1 2 140 6 0
1 32.25 14 1 1 1 0 0 1 2 0 2 160 2 0
0 52.83 15 2 8 4 5.5 1 1 14 0 2 0 2201 1
1 29.83 3.5 2 8 4 0.165 0 0 0 0 2 216 1 0
1 20.67 5.29 2 11 4 0.375 1 1 1 0 2 160 1 0
1 57.42 8.5 2 10 8 7 1 1 3 0 2 0 1 1
1 34.83 4 2 2 5 12.5 1 0 0 1 2 184 1 0
1 26.83 0.54 2 4 1 0 0 0 0 0 2 100 1 0
0 27.67 2.04 2 9 4 0.25 0 0 0 1 2 180 51 0
1 32.75 1.5 2 13 8 5.5 1 1 3 1 2 0 1 1
1 25.42 0.54 2 9 4 0.165 0 1 1 0 2 272 445 0
0 29.5 1.08 1 14 4 1 0 0 0 0 2 280 14 0
1 25.5 0.37 2 7 4 0.25 1 1 3 0 2 260 15109 1
1 51.83 3 1 1 1 1.5 0 0 0 0 2 180 5 0
0 19.17 5.41 2 3 8 0.29 0 0 0 0 2 80 485 0
1 29.92 1.83 2 8 8 4.335 1 0 0 0 2 260 201 1
1 34.25 3 2 13 8 7.415 1 0 0 1 2 0 1 1
1 59.67 1.54 2 11 4 0.125 1 0 0 1 2 260 1 1
1 16 3.12 2 9 4 0.085 0 1 1 0 2 0 7 0
1 39 5 2 13 4 3.5 1 1 10 1 2 0 1 1
1 35.75 2.41 2 9 4 0.125 0 1 2 0 2 220 2 0
1 30.75 1.58 2 2 4 0.585 0 0 0 1 1 0 1 0
1 19.32 10.91 2 8 5 0.585 0 1 2 1 2 200 8 0
1 23.17 11.12 2 14 8 0.46 1 1 1 0 2 100 1 1
0 25 11 1 6 4 4.5 1 0 0 0 2 120 1 0
1 31.08 3.08 2 8 4 2.5 0 1 2 1 2 160 42 0
0 27.25 0.28 2 7 8 0.125 0 1 1 1 2 272 109 0
1 37.17 4 2 8 5 5 1 0 0 1 1 280 1 0
0 28.67 1.04 2 8 4 2.5 1 1 5 1 2 300 1431 1
1 25.08 1.71 2 14 4 1.665 1 1 1 1 2 395 21 1
1 27.83 1.54 2 9 4 3.75 1 1 5 1 2 100 4 1
0 28.08 15 1 10 9 0 1 0 0 0 2 0 13213 1
1 34.17 2.75 2 3 5 2.5 0 0 0 1 2 232 201 0
1 51.83 2.04 1 1 1 1.5 0 0 0 0 2 120 2 0
1 32.08 4 2 7 4 2.5 1 0 0 1 2 360 1 1
1 40.58 1.5 2 3 5 0 0 0 0 0 1 300 1 0
1 18.82 0 2 11 4 0.665 0 0 0 0 2 160 2 0
1 21.67 1.16 1 4 4 2.5 1 1 1 0 2 180 21 0
1 31.57 5 1 6 4 8.5 1 0 0 0 2 0 1 0
1 36.67 3.25 2 11 8 9 1 0 0 1 2 102 640 1
1 40.58 1.5 2 3 5 0 0 0 0 0 1 300 1 0
0 35.42 12 2 11 8 14 1 1 8 0 2 0 6591 1
0 18.25 10 2 9 4 1 0 1 1 0 2 120 2 0
1 20.42 7 2 8 4 1.625 1 1 3 0 2 200 1392 1
1 27.58 3.25 1 11 8 5.085 0 1 2 1 2 369 2 0
0 15.83 7.62 2 11 4 0.125 0 1 1 1 2 0 161 0
0 36.75 4.71 2 1 1 0 0 0 0 0 2 160 1 0
1 44.33 0.5 2 3 8 5 1 0 0 1 2 320 1 1
1 48.75 26.33 1 1 1 0 1 0 0 1 2 0 1 0
0 36 1 2 8 4 2 1 1 11 0 2 0 457 1
1 31 2.08 2 8 4 0.085 0 0 0 0 2 300 1 0
1 23.58 0.46 1 9 4 2.625 1 1 6 1 2 208 348 0
1 21 3 1 2 4 1.085 1 1 8 1 2 160 2 1
1 22.25 0.46 2 4 4 0.125 0 0 0 1 2 280 56 0
1 19.57 0.58 2 1 1 0 0 1 3 0 2 350 770 0
0 35.75 0.91 2 6 4 0.75 1 1 4 0 2 0 1584 1
1 41 0.04 2 10 4 0.04 0 1 1 0 1 560 1 1
1 22.75 11 2 11 4 2.5 1 1 7 1 2 100 810 1
1 27 1.5 1 9 4 0.375 1 0 0 1 2 260 1066 1
0 17.82 11 2 14 8 1 1 1 11 0 2 0 3001 1
1 24.08 9 2 6 4 0.25 0 0 0 1 2 0 1 0
1 34.17 9.17 2 8 4 4.5 1 1 12 1 2 0 222 1
1 34.42 1.33 2 3 5 0.125 0 0 0 1 2 440 4501 0
1 31.67 0.83 2 14 4 1.335 1 1 8 1 2 303 3291 1
1 27.58 2.04 1 6 4 2 1 1 3 1 2 370 561 1
0 36 1 2 8 4 2 1 1 11 0 2 0 457 1
0 26.92 13.5 2 11 8 5 1 1 2 0 2 0 5001 1
1 28.25 0.87 2 7 4 0.96 1 1 3 1 2 396 1 1
1 51.42 0.04 2 14 8 0.04 1 0 0 0 2 0 3001 1
0 22.5 0.41 2 3 4 0.335 0 0 0 1 1 144 1 0
0 49.83 13.58 2 4 8 8.5 1 0 0 1 2 0 1 1
1 20.67 0.41 2 8 4 0.125 0 0 0 0 2 0 45 0
1 24.08 9 2 6 4 0.25 0 0 0 1 2 0 1 0
0 27.25 0.28 2 7 8 0.125 0 1 1 1 2 272 109 0
0 32.33 0.54 2 13 4 0.04 1 0 0 0 2 440 11178 1
1 25.42 0.54 2 9 4 0.165 0 1 1 0 2 272 445 0
1 18.82 3.54 1 1 1 0 0 0 0 1 2 180 2 0
1 28.25 5.04 1 8 5 1.5 1 1 8 1 2 144 8 1
1 32.08 4 1 13 4 1.5 0 0 0 1 2 120 1 0
1 22.08 11 2 13 4 0.665 1 0 0 0 2 100 1 1
1 34 5.08 1 3 5 1.085 0 0 0 1 2 480 1 0
0 45.33 1 2 11 4 0.125 0 0 0 1 2 263 1 0
1 23.17 0 2 13 4 0.085 1 0 0 0 2 0 1 1
0 57.58 2 2 1 1 6.5 0 1 1 0 2 0 11 0
1 33.17 3.16 1 14 4 3.165 1 1 3 1 2 380 1 1
1 40.58 1.5 2 3 5 0 0 0 0 0 1 300 1 0
1 23.92 1.5 2 2 8 1.875 1 1 6 0 2 200 328 1
0 65.17 14 2 1 1 0 1 1 11 1 2 0 1401 1
1 27.75 0.58 1 13 4 0.25 1 1 2 0 2 260 501 1
1 36.08 2.54 2 1 1 0 0 0 0 0 2 0 1001 0
1 57.42 8.5 2 10 8 7 1 1 3 0 2 0 1 1
0 47.75 8 2 8 4 7.875 1 1 6 1 2 0 1261 1
1 43.25 3 2 11 8 6 1 1 11 0 2 80 1 1
1 32.75 2.33 2 2 8 5.75 0 0 0 1 2 292 1 0

