0 25.58 0 2 8 4 0 0 0 0 0 3 184 1 1
1 39.5 1.62 2 8 4 1.5 0 0 0 0 2 0 317 0
0 50.25 0.83 2 6 4 0.5 0 0 0 1 2 240 118 0
1 38.42 0.7 2 8 4 0.375 0 1 2 0 2 225 501 0
1 19.17 4 1 3 4 1 0 0 0 1 2 360 1001 0
0 23.42 0.79 1 11 4 1.5 1 1 2 1 2 80 401 1
1 22.08 2.33 2 4 4 0.75 0 0 0 0 2 180 1 0
1 42 9.78 2 14 8 7.96 1 1 8 0 2 0 1 1
1 31.57 4 1 3 4 0.085 0 0 0 1 2 411 1 0
0 25.17 2.87 2 14 8 0.875 1 0 0 0 2 360 1 1
1 36.75 0.12 1 8 4 1.5 0 0 0 1 2 232 114 1
1 31.57 3 1 3 5 7 0 0 0 0 2 0 2 0
1 37.5 0.83 2 10 4 0.04 0 0 0 0 2 120 6 0
1 16.92 0.33 1 4 4 0.29 0 0 0 0 1 200 1 0
0 50.25 0.83 2 6 4 0.5 0 0 0 1 2 240 118 0
1 39 5 2 13 4 3.5 1 1 10 1 2 0 1 1
1 20 0 2 2 4 0.5 0 0 0 0 2 144 1 0
1 33.58 0.33 1 13 4 0.085 0 0 0 0 2 180 1 0
1 28 2 2 4 8 4.165 1 1 2 1 2 181 1 1
0 28.42 3.5 2 9 4 0.835 1 0 0 0 1 280 1 1
1 20.5 2.41 2 8 4 2 1 1 11 1 2 200 3001 1
1 40.58 5 2 8 4 5 1 1 7 0 2 0 3066 1
1 31.25 1.12 2 1 1 0 0 1 1 0 2 96 20 0
1 30.17 0.5 2 8 4 1.75 1 1 11 0 2 32 541 1
1 25.75 0.75 2 8 5 0.25 1 0 0 0 2 349 24 1
0 16.5 1.25 2 11 4 0.25 0 1 1 0 2 108 99 0
1 36.08 2.54 2 1 1 0 0 0 0 0 2 0 1001 0
0 26.92 13.5 2 11 8 5 1 1 2 0 2 0 5001 1
1 39.17 2.5 1 3 8 10 0 0 0 1 1 200 1 0
1 39.92 0.54 1 6 4 0.5 1 1 3 0 2 200 1001 1
1 43.25 3 2 11 8 6 1 1 11 0 2 80 1 1
1 33.58 0.33 1 13 4 0.085 0 0 0 0 2 180 1 0
0 40.33 7.54 1 11 8 8 1 1 14 0 2 0 2301 1
0 45.33 1 2 11 4 0.125 0 0 0 1 2 263 1 0
1 19.67 10 1 4 8 0.835 1 0 0 1 2 140 1 0
1 19.5 9.58 2 6 4 0.79 0 0 0 0 2 80 351 0
0 36.58 0.28 2 1 1 0 0 1 10 0 2 200 19 0
0 36 1 2 8 4 2 1 1 11 0 2 0 457 1
1 28.75 1.5 1 8 4 1.5 1 0 0 1 2 0 226 0
1 43.25 3 2 11 8 6 1 1 11 0 2 80 1 1
0 20.42 7.5 2 4 4 1.5 1 1 1 0 2 160 235 1
0 22.83 2.29 2 11 8 2.29 1 1 7 1 2 140 2385 1
1 26.75 4.5 1 8 5 2.5 0 0 0 0 2 200 1211 0
0 16.32 0.21 2 6 4 0.125 0 0 0 0 2 200 2 0
0 25 11 1 6 4 4.5 1 0 0 0 2 120 1 0
1 34.25 1.75 2 9 5 0.25 1 0 0 1 2 163 1 0
0 68.67 15 2 10 9 0 1 1 14 0 2 0 3377 1
1 32.67 5.5 2 11 8 5.5 1 1 12 1 2 408 1001 1
0 33.92 1.58 1 1 1 0 1 0 0 0 2 320 1 0
0 56.83 4.25 1 1 1 5 0 0 0 1 2 0 5 0
1 34.17 1.54 2 13 4 1.54 1 1 1 1 2 520 50001 1
1 20.5 10 1 8 4 2.5 1 0 0 0 1 40 1 1
0 34.83 1.25 1 3 8 0.5 0 0 0 1 2 160 1 0
1 36.42 0.75 1 2 4 0.585 0 0 0 0 2 240 4 0
1 27.67 0.75 2 11 8 0.165 0 0 0 1 2 220 252 0
0 19.67 0.21 2 11 8 0.29 1 1 11 0 2 80 100 1
1 26.67 4.25 2 13 4 4.29 1 1 1 1 2 120 1 1
1 20.67 5.29 2 11 4 0.375 1 1 1 0 2 160 1 0
1 35.17 2.5 2 4 4 4.5 1 1 7 0 2 150 1271 1
1 13.75 4 1 9 4 1.75 1 1 2 1 2 120 1001 1
0 25 11 1 6 4 4.5 1 0 0 0 2 120 1 0
0 20.42 7.5 2 4 4 1.5 1 1 1 0 2 160 235 1
1 23.25 4 2 8 5 0.25 1 0 0 1 2 160 1 1
1 39.25 9.5 2 7 4 6.5 1 1 14 0 2 240 4608 1
0 42.25 1.75 1 8 4 0 0 0 0 1 2 150 2 0
0 37.33 2.5 2 3 8 0.21 0 0 0 0 2 260 247 0
1 39.17 1.62 2 8 4 1.5 1 1 10 0 2 186 4701 1
1 43.17 2.25 2 3 5 0.75 1 0 0 0 2 560 1 0
1 34.5 4.04 1 3 5 8.5 1 1 7 1 2 195 1 1
1 43.08 0.37 1 8 4 0.375 1 1 8 1 2 300 163 1
1 36.42 0.75 1 2 4 0.585 0 0 0 0 2 240 4 0
0 25.17 2.87 2 14 8 0.875 1 0 0 0 2 360 1 1
0 46.67 0.46 2 13 8 0.415 1 1 11 1 2 440 7 1
1 33.17 1 2 14 4 0.75 1 1 7 1 2 340 4072 1
1 32.83 2.5 2 13 8 2.75 1 1 6 0 2 160 2073 1
0 20.42 0.83 2 11 4 1.585 1 1 1 0 2 0 1 1
1 74.83 19 1 1 1 0.04 0 1 2 0 2 0 352 0
1 25.92 0.87 2 4 4 0.375 0 1 2 1 2 174 4 0
1 28.75 1.16 2 4 4 0.5 1 0 0 0 1 280 1 0
0 28.67 1.04 2 8 4 2.5 1 1 5 1 2 300 1431 1
1 19.17 9.5 2 9 4 1.5 1 0 0 0 2 120 2207 1
1 20.42 7 2 8 4 1.625 1 1 3 0 2 200 1392 1
1 26.92 2.25 2 3 5 0.5 0 0 0 1 2 640 4001 0
1 44.25 0.5 2 7 4 10.75 1 0 0 0 1 400 1 0
1 28.58 3.62 2 6 4 0.25 0 0 0 1 2 100 1 0
1 64.08 20 2 14 8 17.5 1 1 9 1 2 0 1001 1
1 34.83 2.5 1 9 4 3 0 0 0 0 1 200 1 0
1 21 4.79 1 9 4 2.25 1 1 1 1 2 80 301 1
1 20.67 1.25 1 8 8 1.375 1 1 3 1 2 140 211 0
0 22.58 10.75 2 11 4 0.415 1 1 5 1 2 0 561 1
1 19.32 10.91 2 8 5 0.585 0 1 2 1 2 200 8 0
1 19.67 0.37 2 11 4 2 1 1 2 1 2 80 1 1
1 31.57 0.5 2 8 5 0.835 1 0 0 1 1 320 1 0
1 56.42 28 1 8 4 28.5 1 1 40 0 2 0 16 1
0 17.92 0.54 2 8 4 1.75 0 1 1 1 2 80 6 0
1 58.58 2.71 2 8 4 2.415 0 0 0 1 2 320 1 0
0 25.75 0.5 2 8 8 0.875 1 0 0 1 2 491 1 1
1 17.42 6.5 2 3 4 0.125 0 0 0 0 2 60 101 0
1 42 0.2 2 3 8 5.125 1 0 0 0 2 400 1 1
1 74.83 19 1 1 1 0.04 0 1 2 0 2 0 352 0
0 32.33 0.54 2 13 4 0.04 1 0 0 0 2 440 11178 1
1 16.25 0.83 2 7 4 0.085 1 0 0 0 1 200 1 0
1 20.17 9.25 2 8 4 1.665 1 1 3 1 2 40 29 1
1 31.57 10.5 2 14 4 6.5 1 0 0 0 2 0 1 1
1 34.92 2.5 2 9 4 0 1 0 0 1 2 239 201 1
0 21.08 5 1 1 1 0 0 0 0 0 2 0 1 0
1 34.75 15 2 12 7 5.375 1 1 9 1 2 0 135 1
0 60.58 16.5 2 11 4 11 1 0 0 1 2 21 10562 1
1 31.67 16.16 2 2 4 3 1 1 9 0 2 250 731 1
1 18.42 10.41 1 6 4 0.125 1 0 0 0 2 120 376 0
0 23.42 0.79 1 11 4 1.5 1 1 2 1 2 80 401 1
1 37.33 6.5 2 7 8 4.25 1 1 12 1 2 93 1 1
0 58.67 4.46 2 11 8 3.04 1 1 6 0 2 43 561 1
1 33.17 1.04 2 12 8 6.5 1 0 0 1 2 164 31286 1
0 18.82 9.5 2 9 4 1.625 1 1 6 1 2 40 601 1
0 33.08 1.62 2 2 4 0.54 0 0 0 1 2 0 1 0
0 30.58 10.66 2 11 8 0.085 0 1 12 1 2 129 4 0
1 30.17 6.5 2 13 4 3.125 1 1 8 0 2 330 1201 1
0 25.58 0 2 8 4 0 0 0 0 0 3 184 1 1
1 19.5 0.28 2 4 4 0.29 0 0 0 0 2 280 365 0
1 26.67 1.75 1 8 4 1 1 1 5 1 2 160 5778 1
1 45 8.5 2 13 8 14 1 1 1 1 2 88 2001 1
1 21.67 1.16 1 4 4 2.5 1 1 1 0 2 180 21 0
1 23.42 1 2 8 4 0.5 0 0 0 1 1 280 1 0
0 25.08 2.54 1 6 4 0.25 1 0 0 1 2 370 1 1
0 22.42 5.66 2 11 4 2.585 1 1 7 0 2 129 3258 1
1 22.17 0.58 1 1 1 0 0 0 0 0 2 100 1 0
0 37.33 2.5 2 3 8 0.21 0 0 0 0 2 260 247 0
0 22.67 0.79 2 3 4 0.085 0 0 0 0 2 144 1 0
0 24.08 0.5 2 11 8 1.25 1 1 1 0 2 0 679 1
0 30 5.29 2 10 2 2.25 1 1 5 1 2 99 501 1
0 33.67 0.37 2 13 4 0.375 0 0 0 0 2 300 45 1
1 42.83 1.25 2 7 4 13.875 0 1 1 1 2 352 113 0
1 49.58 19 2 1 1 0 1 1 1 0 2 94 1 0
1 23.17 0 2 8 4 0 0 0 0 0 3 184 1 1
1 25.67 12.5 2 13 4 1.21 1 1 67 1 2 140 259 1
1 18.17 2.46 2 8 7 0.96 0 1 2 1 2 160 588 0
1 40 6.5 2 6 5 3.5 1 1 1 0 2 0 501 1
1 25.17 3 2 8 4 1.25 0 1 1 0 2 0 23 0
0 24.5 1.75 1 8 4 0.165 0 0 0 0 2 132 1 0
1 37.17 4 2 8 5 5 1 0 0 1 1 280 1 0
1 19.67 0.37 2 11 4 2 1 1 2 1 2 80 1 1
1 36.5 4.25 2 11 4 3.5 0 0 0 0 2 454 51 0
0 25 11 1 6 4 4.5 1 0 0 0 2 120 1 0
1 42.75 4.08 2 6 4 0.04 0 0 0 0 2 108 101 0
1 34.75 2.5 2 13 5 0.5 0 0 0 0 2 348 1 0
1 23.58 0.46 1 9 4 2.625 1 1 6 1 2 208 348 0
1 31.83 0.04 1 7 4 0.04 0 0 0 0 2 0 1 0
1 31.67 0.83 2 14 4 1.335 1 1 8 1 2 303 3291 1
1 33.17 3.04 1 8 8 2.04 1 1 1 1 2 180 18028 1
0 20.07 1.25 2 8 4 0 0 0 0 0 2 0 1 0
1 16.32 2.75 2 6 4 0.665 0 1 1 0 2 80 22 0
1 33.17 3.16 1 14 4 3.165 1 1 3 1 2 380 1 1
0 33.08 4.62 2 11 8 1.625 1 1 2 0 2 0 1 1
0 18.57 10 2 2 4 0.415 0 0 0 0 2 80 43 0
1 23.17 0 2 8 4 0 0 0 0 0 3 184 1 1
1 25.92 0.87 2 4 4 0.375 0 1 2 1 2 174 4 0
1 35.25 3.16 2 14 8 3.75 1 0 0 1 2 680 1 0
0 25.17 2.87 2 14 8 0.875 1 0 0 0 2 360 1 1
0 22.92 1.25 2 11 4 0.25 0 0 0 1 2 120 810 0
0 51.92 6.5 2 3 5 3.085 0 0 0 1 2 73 1 0
1 38.42 0.7 2 8 4 0.375 0 1 2 0 2 225 501 0
1 44.25 0.5 2 7 4 10.75 1 0 0 0 1 400 1 0
1 25.67 3.25 2 8 8 2.29 0 1 1 1 2 416 22 0
1 28.25 5.04 1 8 5 1.5 1 1 8 1 2 144 8 1

