1 48.58 6.5 2 11 8 6 1 0 0 1 2 350 1 1
0 57.58 2 2 1 1 6.5 0 1 1 0 2 0 11 0
0 22.42 11.25 1 14 8 0.75 1 1 4 0 2 0 322 1
1 44.25 11 1 2 4 1.5 1 0 0 0 1 0 1 0
1 18.67 5 2 11 4 0.375 1 1 2 0 2 0 39 0
1 35.75 2.41 2 9 4 0.125 0 1 2 0 2 220 2 0
1 31.08 3.08 2 8 4 2.5 0 1 2 1 2 160 42 0
1 42.75 4.08 2 6 4 0.04 0 0 0 0 2 108 101 0
0 28.42 3.5 2 9 4 0.835 1 0 0 0 1 280 1 1
0 34.83 1.25 1 3 8 0.5 0 0 0 1 2 160 1 0
1 28 3 2 9 4 0.75 0 0 0 1 2 300 68 0
1 18.07 6.75 1 7 4 0.04 0 0 0 0 2 140 1 0
0 29.58 1.75 1 4 4 1.25 0 0 0 1 2 280 1 0
1 31.57 0.5 2 8 5 0.835 1 0 0 1 1 320 1 0
1 19.42 1.5 1 13 4 2 1 0 0 1 2 100 21 0
1 34.17 2.75 2 3 5 2.5 0 0 0 1 2 232 201 0
1 34.08 0.08 1 7 5 0.04 1 1 1 1 2 280 2001 1
0 30 5.29 2 10 2 2.25 1 1 5 1 2 99 501 1
1 25.33 0.57 2 8 4 0.29 1 1 7 1 2 96 5125 1
1 47.33 6.5 2 8 4 1 0 0 0 1 2 0 229 0
1 28.75 1.16 2 4 4 0.5 1 0 0 0 1 280 1 0
0 17.32 9.5 2 6 4 1.75 0 1 10 1 2 0 11 0
0 17.92 10.21 2 1 1 0 0 0 0 0 2 0 51 0
1 36.25 5 2 8 5 2.5 1 1 6 0 2 0 368 1
0 36 1 2 8 4 2 1 1 11 0 2 0 457 1
1 19.17 4 1 3 4 1 0 0 0 1 2 360 1001 0
1 33.75 2.75 2 3 5 0 0 0 0 0 2 180 1 0
1 35.25 3.16 2 14 8 3.75 1 0 0 1 2 680 1 0
1 52.5 6.5 2 4 4 6.29 1 1 15 0 2 0 11203 1
1 23 0.75 2 7 4 0.5 1 0 0 1 1 320 1 0
0 20.42 7.5 2 4 4 1.5 1 1 1 0 2 160 235 1
0 24.83 4.5 2 9 4 1 0 0 0 1 2 360 7 0
1 19.67 10 1 4 8 0.835 1 0 0 1 2 140 1 0
1 25.92 0.87 2 4 4 0.375 0 1 2 1 2 174 4 0
1 33.5 1.75 2 14 8 4.5 1 1 4 1 2 253 858 1
1 23.25 12.62 2 8 4 0.125 0 1 2 0 2 0 5553 0
0 23.5 9 2 11 4 8.5 1 1 5 1 2 120 1 1
0 15.83 0.58 2 8 8 1.5 1 1 2 0 2 100 1 1
0 34.83 1.25 1 3 8 0.5 0 0 0 1 2 160 1 0
1 42.17 5.04 2 11 8 12.75 1 0 0 1 2 92 1 1
0 31.57 3.5 2 2 4 3 1 0 0 1 2 300 1 0
0 45 4.58 2 4 8 1 0 0 0 1 1 240 1 0
0 22.67 0.75 2 8 4 2 0 1 2 1 2 200 395 0
1 16 3.12 2 9 4 0.085 0 1 1 0 2 0 7 0
0 16 0.16 2 6 4 1 0 1 2 1 2 320 2 0
1 67.75 5.5 2 10 9 13 1 1 1 1 2 0 1 1
0 22.5 0.41 2 3 4 0.335 0 0 0 1 1 144 1 0
0 21.75 11.75 2 8 4 0.25 0 0 0 1 2 180 1 0
1 20.07 0.25 2 11 4 0.125 0 0 0 0 2 200 1 0
0 22.92 11.58 2 13 4 0.04 1 0 0 0 2 80 1350 1
1 26.75 4.5 1 8 5 2.5 0 0 0 0 2 200 1211 0
0 38.58 5 2 13 4 13.5 1 0 0 1 2 980 1 0
0 35.42 12 2 11 8 14 1 1 8 0 2 0 6591 1
0 36.58 0.28 2 1 1 0 0 1 10 0 2 200 19 0
1 22.75 11.5 2 3 4 0.415 0 0 0 0 2 0 1 0
1 44 2 2 7 4 1.75 1 1 2 1 2 0 16 1
1 31.57 4 1 3 4 0.085 0 0 0 1 2 411 1 0
1 25.67 3.25 2 8 8 2.29 0 1 1 1 2 416 22 0
0 71.58 0 2 8 4 0 0 0 0 0 3 184 1 1
0 25.58 0 2 8 4 0 0 0 0 0 3 184 1 1
1 18.32 1.21 1 10 2 0 0 0 0 0 2 100 1 0
1 21 3 1 2 4 1.085 1 1 8 1 2 160 2 1
1 30.17 6.5 2 13 4 3.125 1 1 8 0 2 330 1201 1
0 28.67 1.04 2 8 4 2.5 1 1 5 1 2 300 1431 1
0 37.75 5.5 2 11 4 0.125 1 0 0 1 2 228 1 1
0 64.08 0.16 2 1 1 0 1 1 1 0 2 232 101 1
0 19.75 0.75 2 8 4 0.795 1 1 5 1 2 140 6 0
1 23 0.75 2 7 4 0.5 1 0 0 1 1 320 1 0
1 32.08 4 2 7 4 2.5 1 0 0 1 2 360 1 1
1 23.33 1.5 2 8 8 1.415 1 0 0 0 2 422 201 1
0 52.17 0 1 1 1 0 0 0 0 0 2 0 1 0
1 32.08 4 1 13 4 1.5 0 0 0 1 2 120 1 0
1 18.42 10.41 1 6 4 0.125 1 0 0 0 2 120 376 0
0 49 1.5 2 5 3 0 1 0 0 1 2 100 28 0
1 67.75 5.5 2 10 9 13 1 1 1 1 2 0 1 1
0 28.75 3.75 2 8 4 1.085 1 1 1 1 2 371 1 1
1 35.25 16.5 1 8 4 4 1 0 0 0 2 80 1 0
1 13.75 4 1 9 4 1.75 1 1 2 1 2 120 1001 1
1 22.92 0.17 2 7 4 0.085 0 0 0 0 1 0 1 0
1 37.5 0.83 2 10 4 0.04 0 0 0 0 2 120 6 0
1 41.17 1.25 1 9 4 0.25 0 0 0 0 2 0 196 0
1 31.08 3.08 2 8 4 2.5 0 1 2 1 2 160 42 0
0 26.08 8.66 2 6 4 1.415 1 0 0 0 2 160 151 1
1 20.5 2.41 2 8 4 2 1 1 11 1 2 200 3001 1
1 36.17 0.42 1 9 4 0.29 0 0 0 1 2 309 3 0
1 49.17 2.29 2 1 1 0.29 0 0 0 0 2 200 4 0
1 37.5 1.12 1 2 4 1.5 0 0 0 1 2 431 1 1
1 29.67 1.41 2 9 8 0.75 1 1 1 0 2 240 101 1
1 31.57 0.37 2 2 4 0.875 1 0 0 1 1 928 1 0
1 59.5 2.75 2 9 4 1.75 1 1 5 1 2 60 59 1
1 47.67 0.28 2 8 5 15 1 1 20 0 2 0 15001 1
1 34.5 4.04 1 3 5 8.5 1 1 7 1 2 195 1 1
1 16.07 0.75 2 8 4 1.75 1 1 5 1 2 352 691 1
1 31.25 1.12 2 1 1 0 0 1 1 0 2 96 20 0
0 24.75 3 2 11 8 1.835 1 1 19 0 2 0 501 1
0 15.83 0.58 2 8 8 1.5 1 1 2 0 2 100 1 1
1 39.92 5 2 3 5 0.21 0 0 0 0 2 550 1 0
1 48.08 6.04 2 4 4 0.04 0 0 0 0 2 0 2691 1
1 39.83 0.5 2 7 4 0.25 1 0 0 0 1 288 1 0
0 23.25 5.87 2 11 4 3.17 1 1 10 0 2 120 246 1
0 28.58 1.66 2 11 4 2.415 1 0 0 1 2 440 1 0
1 25.67 0.28 1 8 4 1.5 0 0 0 1 2 160 1 0
1 23.58 0.46 1 9 4 2.625 1 1 6 1 2 208 348 0
0 33.67 0.37 2 13 4 0.375 0 0 0 0 2 300 45 1
0 18.82 9.53 2 6 4 0.085 1 0 0 0 2 100 1 1
0 40.83 10 2 11 8 1.75 1 0 0 0 2 29 838 1
0 20.67 1.83 2 11 4 2.085 1 1 5 0 2 220 2504 1
1 42.83 1.25 2 7 4 13.875 0 1 1 1 2 352 113 0
0 44.33 0 2 8 4 2.5 1 0 0 0 2 0 1 1
1 39.25 9.5 2 7 4 6.5 1 1 14 0 2 240 4608 1
1 48.17 3.5 2 6 4 3.5 1 0 0 0 1 230 1 1
0 45.83 10.5 2 11 4 5 1 1 7 1 2 0 1 1
1 19 1.75 1 8 4 2.335 0 0 0 1 2 112 7 0
1 30.17 6.5 2 13 4 3.125 1 1 8 0 2 330 1201 1
0 17.92 10.21 2 1 1 0 0 0 0 0 2 0 51 0
1 23.42 1 2 8 4 0.5 0 0 0 1 1 280 1 0
1 41.5 1.54 2 3 5 3.5 0 0 0 0 2 216 1 1
1 41.42 5 2 11 8 5 1 1 6 1 2 470 1 1
1 16.32 2.75 2 6 4 0.665 0 1 1 0 2 80 22 0
1 31.57 4 1 3 4 0.085 0 0 0 1 2 411 1 0
0 15.83 0.58 2 8 8 1.5 1 1 2 0 2 100 1 1
0 44.33 0 2 8 4 2.5 1 0 0 0 2 0 1 1
1 33.17 3.16 1 14 4 3.165 1 1 3 1 2 380 1 1
0 29.5 1.08 1 14 4 1 0 0 0 0 2 280 14 0
1 39.83 0.5 2 7 4 0.25 1 0 0 0 1 288 1 0
1 28.75 1.16 2 4 4 0.5 1 0 0 0 1 280 1 0
1 80.25 5.5 2 8 4 0.54 1 0 0 0 2 0 341 0
1 31.08 1.5 1 9 4 0.04 0 0 0 0 1 160 1 0
1 31.83 0.04 1 7 4 0.04 0 0 0 0 2 0 1 0
1 20.42 7 2 8 4 1.625 1 1 3 0 2 200 1392 1
1 25 12 2 4 4 2.25 1 1 2 1 2 120 6 0
1 36.42 0.75 1 2 4 0.585 0 0 0 0 2 240 4 0
1 20 0 2 2 4 0.5 0 0 0 0 2 144 1 0
1 55.92 11.5 2 1 1 5 1 1 5 0 2 0 8852 1
1 20 7 2 8 4 0.5 0 0 0 0 2 0 1 0
1 36.42 0.75 1 2 4 0.585 0 0 0 0 2 240 4 0
0 21.5 6 2 6 4 2.5 1 1 3 0 2 80 919 1
0 22.83 2.29 2 11 8 2.29 1 1 7 1 2 140 2385 1
1 59.5 2.75 2 9 4 1.75 1 1 5 1 2 60 59 1
1 34.92 5 2 14 8 7.5 1 1 6 1 2 0 1001 1
1 16.25 0.83 2 7 4 0.085 1 0 0 0 1 200 1 0
1 39.83 0.5 2 7 4 0.25 1 0 0 0 1 288 1 0
1 20.67 0.83 1 8 4 2 0 0 0 1 1 240 1 0
1 37.58 0 2 8 4 0 0 0 0 0 3 184 1 1
0 45 4.58 2 4 8 1 0 0 0 1 1 240 1 0
0 45 4.58 2 4 8 1 0 0 0 1 1 240 1 0
1 23.08 2.5 2 1 1 0.085 0 0 0 1 2 100 4209 0
0 22.83 2.29 2 11 8 2.29 1 1 7 1 2 140 2385 1
1 56 12.5 2 4 8 8 1 0 0 1 2 24 2029 1
1 31.25 1.12 2 1 1 0 0 1 1 0 2 96 20 0
1 22 0.79 2 9 4 0.29 0 1 1 0 2 420 284 0
1 42.83 4.62 2 11 4 4.58 1 0 0 0 1 0 1 1
0 26.92 13.5 2 11 8 5 1 1 2 0 2 0 5001 1
1 25.25 1 2 6 4 0.5 0 0 0 0 2 200 1 0
1 31.92 4.46 2 13 8 6.04 1 1 3 0 2 311 301 1
0 21.75 11.75 2 8 4 0.25 0 0 0 1 2 180 1 0
0 31.75 3 1 5 3 0 0 0 0 0 2 160 21 0
1 34.75 15 2 12 7 5.375 1 1 9 1 2 0 135 1
1 21.83 0.25 2 2 8 0.665 1 0 0 1 2 0 1 1
1 20.42 0 2 8 4 0 0 0 0 0 3 184 1 0
1 18.67 5 2 11 4 0.375 1 1 2 0 2 0 39 0
1 23.42 0.58 2 8 8 0.085 1 0 0 0 2 180 1 0
1 18.42 10.41 1 6 4 0.125 1 0 0 0 2 120 376 0
1 28.33 5 2 9 4 11 1 0 0 1 2 70 1 1
0 60.58 16.5 2 11 4 11 1 0 0 1 2 21 10562 1

