1 17.67 4.46 2 8 4 0.25 0 0 0 0 1 80 1 0
0 30.58 10.66 2 11 8 0.085 0 1 12 1 2 129 4 0
1 51.83 3 1 1 1 1.5 0 0 0 0 2 180 5 0
0 18.82 9.53 2 6 4 0.085 1 0 0 0 2 100 1 1
1 28.67 14.5 2 2 4 0.125 0 0 0 0 2 0 287 0
0 47 13 2 3 5 5.165 1 1 9 1 2 0 1 1
0 42.25 1.75 1 8 4 0 0 0 0 1 2 150 2 0
0 49.83 13.58 2 4 8 8.5 1 0 0 1 2 0 1 1
1 39.33 5.87 2 13 8 10 1 1 14 1 2 399 1 1
1 56.75 12.25 2 7 4 1.25 1 1 4 1 2 200 1 1
1 30.58 2.71 1 7 4 0.125 0 0 0 1 1 80 1 0
0 26.17 2 2 5 3 0 0 0 0 1 2 276 2 0
1 32 1.75 1 10 8 0.04 1 0 0 1 2 393 1 1
1 17.07 0.08 1 8 4 0.04 0 0 0 0 2 140 723 0
1 27.83 1.54 2 9 4 3.75 1 1 5 1 2 100 4 1
1 36.67 4.41 1 4 4 0.25 1 1 10 1 2 320 1 1
0 44.17 6.66 2 11 4 7.375 1 1 3 1 2 0 1 1
0 28.17 0.58 2 6 4 0.04 0 0 0 0 2 260 1005 0
1 31.57 0.04 1 2 4 4.25 0 0 0 1 2 460 1 0
1 30.58 2.71 1 7 4 0.125 0 0 0 1 1 80 1 0
0 71.58 0 2 8 4 0 0 0 0 0 3 184 1 1
0 20.32 10 2 8 8 1 1 1 4 0 2 50 1466 1
1 33.5 1.75 2 14 8 4.5 1 1 4 1 2 253 858 1
1 23.25 12.62 2 8 4 0.125 0 1 2 0 2 0 5553 0
0 28.17 0.37 2 11 4 0.585 1 1 4 0 2 80 1 1
1 35 3.37 2 8 8 8.29 0 0 0 1 2 0 1 0
0 32.33 0.54 2 13 4 0.04 1 0 0 0 2 440 11178 1
1 20.42 1.08 2 11 4 1.5 0 0 0 0 2 108 8 0
0 33.92 1.58 1 1 1 0 1 0 0 0 2 320 1 0
0 27.25 0.28 2 7 8 0.125 0 1 1 1 2 272 109 0
0 28.58 3.54 2 3 5 0.5 1 0 0 1 2 171 1 0
1 40 6.5 2 6 5 3.5 1 1 1 0 2 0 501 1
0 46 4 2 5 3 0 1 0 0 0 2 100 961 1
1 20.17 5.62 2 9 4 1.71 1 0 0 0 1 120 1 1
1 42.75 3 2 3 5 1 1 0 0 0 2 0 201 0
1 30.33 0.5 2 2 8 0.085 0 0 0 1 1 252 1 0
1 20.17 9.25 2 8 4 1.665 1 1 3 1 2 40 29 1
1 31.57 3 1 3 5 7 0 0 0 0 2 0 2 0
1 25.17 3 2 8 4 1.25 0 1 1 0 2 0 23 0
0 23.58 0.58 1 1 1 0.125 0 0 0 0 2 120 88 0
1 25.67 2.21 1 6 4 4 1 0 0 0 2 188 1 0
1 34.5 4.04 1 3 5 8.5 1 1 7 1 2 195 1 1
0 58.42 21 2 3 5 10 1 1 13 0 2 0 6701 1
1 18.32 1.21 1 10 2 0 0 0 0 0 2 100 1 0
0 21.5 6 2 6 4 2.5 1 1 3 0 2 80 919 1
0 24.5 1.04 1 1 1 0.5 1 1 3 0 2 180 148 0
1 47.17 5.83 2 9 4 5.5 0 0 0 0 2 465 151 0
1 28.67 9.33 2 11 8 5.665 1 1 6 0 2 381 169 1
0 36.58 0.28 2 1 1 0 0 1 10 0 2 200 19 0
1 37.33 2.66 2 13 4 0.165 0 0 0 1 2 0 502 0
1 22.75 11 2 11 4 2.5 1 1 7 1 2 100 810 1
1 19.32 10.91 2 8 5 0.585 0 1 2 1 2 200 8 0
0 28.5 3.04 1 14 8 2.54 1 1 1 0 2 70 1 1
1 29.83 3.5 2 8 4 0.165 0 0 0 0 2 216 1 0
1 21.67 1.16 1 4 4 2.5 1 1 1 0 2 180 21 0
0 20.75 10.25 2 11 4 0.71 1 1 2 1 2 49 1 1
1 65.42 11 2 10 9 20 1 1 7 1 2 22 1 1
1 48.08 6.04 2 4 4 0.04 0 0 0 0 2 0 2691 1
1 19.5 9.58 2 6 4 0.79 0 0 0 0 2 80 351 0
1 32.67 5.5 2 11 8 5.5 1 1 12 1 2 408 1001 1
1 51.33 10 2 3 5 0 1 1 11 0 2 0 1250 1
1 41.17 4.04 2 13 8 7 1 1 8 0 2 320 1 1
1 35 3.37 2 8 8 8.29 0 0 0 1 2 0 1 0
1 27 1.5 1 9 4 0.375 1 0 0 1 2 260 1066 1
1 31.58 0.75 1 6 4 3.5 0 0 0 1 2 320 1 0
1 18.42 10.41 1 6 4 0.125 1 0 0 0 2 120 376 0
1 40.92 0.5 1 7 4 0.5 0 0 0 1 2 130 1 0
1 39.42 1.71 1 7 4 0.165 0 0 0 0 1 400 1 0
1 36.33 2.12 1 9 4 0.085 1 1 1 0 2 50 1188 1
1 33.75 2.75 2 3 5 0 0 0 0 0 2 180 1 0
1 48.75 8.5 2 8 8 12.5 1 1 9 0 2 181 1656 1
1 21 4.79 1 9 4 2.25 1 1 1 1 2 80 301 1
0 31.57 3.5 2 2 4 3 1 0 0 1 2 300 1 0
1 51.83 3 1 1 1 1.5 0 0 0 0 2 180 5 0
1 22 7.83 1 3 5 0.165 0 0 0 1 2 184 1 0
1 43 0.28 1 13 8 1.75 1 1 8 0 2 100 376 1
1 24.83 2.75 2 8 4 2.25 1 1 6 0 2 184 601 1
0 24.5 1.04 1 1 1 0.5 1 1 3 0 2 180 148 0
0 30.25 5.5 2 4 4 5.5 0 0 0 1 1 100 1 0
1 18.32 1.21 1 10 2 0 0 0 0 0 2 100 1 0
1 33.67 1.25 2 9 4 1.165 0 0 0 0 2 120 1 0
1 42.75 4.08 2 6 4 0.04 0 0 0 0 2 108 101 0
1 33.5 1.75 2 14 8 4.5 1 1 4 1 2 253 858 1
1 21.83 0.25 2 2 8 0.665 1 0 0 1 2 0 1 1
1 41.17 1.25 1 9 4 0.25 0 0 0 0 2 0 196 0
0 28.5 3.04 1 14 8 2.54 1 1 1 0 2 70 1 1
0 24.5 1.04 1 1 1 0.5 1 1 3 0 2 180 148 0
1 20.42 0 2 8 4 0 0 0 0 0 3 184 1 0
0 23.42 0.79 1 11 4 1.5 1 1 2 1 2 80 401 1
1 33.58 2.75 2 7 4 4.25 1 1 6 0 2 204 1 1
1 36.67 3.25 2 11 8 9 1 0 0 1 2 102 640 1
1 21.17 0.87 1 8 8 0.25 0 0 0 0 2 280 205 0
1 23.42 1 2 8 4 0.5 0 0 0 1 1 280 1 0
1 23.92 1.5 2 2 8 1.875 1 1 6 0 2 200 328 1
1 31.57 5 1 6 4 8.5 1 0 0 0 2 0 1 0
0 50.08 12.54 2 6 4 2.29 1 1 3 1 2 156 1 1
0 20.67 3 2 11 4 0.165 1 1 3 0 2 100 7 1
0 52.83 15 2 8 4 5.5 1 1 14 0 2 0 2201 1
0 45.33 1 2 11 4 0.125 0 0 0 1 2 263 1 0
1 25 12.5 2 6 4 3 1 0 0 1 1 20 1 1
0 20.5 11.83 2 8 8 6 1 0 0 0 2 340 1 1
0 41 2.04 1 11 8 0.125 1 1 23 1 2 455 1237 1
1 35.25 16.5 1 8 4 4 1 0 0 0 2 80 1 0
1 32.33 2.5 2 8 4 1.25 0 0 0 1 2 280 1 0
1 27 0.75 2 8 8 4.25 1 1 3 1 2 312 151 1
0 16.5 1.25 2 11 4 0.25 0 1 1 0 2 108 99 0
1 59.5 2.75 2 9 4 1.75 1 1 5 1 2 60 59 1
0 71.58 0 2 8 4 0 0 0 0 0 3 184 1 1
0 24.92 1.25 2 1 1 0 1 0 0 0 2 80 1 0
1 36.33 3.79 2 9 4 1.165 1 0 0 1 2 200 1 0
1 25.67 3.25 2 8 8 2.29 0 1 1 1 2 416 22 0
1 27.58 3.25 1 11 8 5.085 0 1 2 1 2 369 2 0
1 23.92 0.66 2 8 4 0.165 0 0 0 0 2 100 1 1
0 50.08 12.54 2 6 4 2.29 1 1 3 1 2 156 1 1
1 36.17 18.12 2 9 4 0.085 0 0 0 0 2 320 3553 0
1 22.67 0.16 2 8 3 2.25 0 0 0 1 1 0 1 1
0 22.92 1.25 2 11 4 0.25 0 0 0 1 2 120 810 0
1 37.58 0 2 8 4 0 0 0 0 0 3 184 1 1
1 26.83 0.54 2 4 1 0 0 0 0 0 2 100 1 0
0 57.58 2 2 1 1 6.5 0 1 1 0 2 0 11 0
0 41 2.04 1 11 8 0.125 1 1 23 1 2 455 1237 1
0 46.67 0.46 2 13 8 0.415 1 1 11 1 2 440 7 1
0 17.92 0.54 2 8 4 1.75 0 1 1 1 2 80 6 0
1 33.5 1.75 2 14 8 4.5 1 1 4 1 2 253 858 1
1 37.33 6.5 2 7 8 4.25 1 1 12 1 2 93 1 1
1 23 0.62 1 6 4 0.125 1 0 0 0 2 180 2 0
0 28.58 1.66 2 11 4 2.415 1 0 0 1 2 440 1 0
1 31.57 0.37 2 2 4 0.875 1 0 0 1 1 928 1 0
1 26.75 1.12 2 14 8 1.25 1 0 0 0 2 0 5299 1
1 22.67 0.75 2 3 4 1.585 0 1 1 1 2 400 10 0
1 16.25 0.83 2 7 4 0.085 1 0 0 0 1 200 1 0
1 32 1.75 1 10 8 0.04 1 0 0 1 2 393 1 1
1 24.08 9 2 6 4 0.25 0 0 0 1 2 0 1 0
1 32.33 2.5 2 8 4 1.25 0 0 0 1 2 280 1 0
0 25.25 13.5 1 1 1 2 0 1 1 1 2 200 2 0
0 23.25 5.87 2 11 4 3.17 1 1 10 0 2 120 246 1
0 28.5 3.04 1 14 8 2.54 1 1 1 0 2 70 1 1
0 27.17 1.25 2 1 1 0 0 1 1 0 2 92 301 0
1 22.67 0.75 2 3 4 1.585 0 1 1 1 2 400 10 0
0 68.67 15 2 10 9 0 1 1 14 0 2 0 3377 1
1 33.58 0.25 2 3 5 4 0 0 0 1 1 420 1 0
1 32.08 4 1 13 4 1.5 0 0 0 1 2 120 1 0
1 18.32 1.21 1 10 2 0 0 0 0 0 2 100 1 0
0 26.08 8.66 2 6 4 1.415 1 0 0 0 2 160 151 1
0 28.5 1 2 11 4 1 1 1 2 1 2 167 501 0
1 31.57 0.37 2 2 4 0.875 1 0 0 1 1 928 1 0
1 34 5.5 1 8 4 1.5 0 0 0 1 2 60 1 0
0 21.75 11.75 2 8 4 0.25 0 0 0 1 2 180 1 0
1 31.67 16.16 2 2 4 3 1 1 9 0 2 250 731 1
0 20.42 0.83 2 11 4 1.585 1 1 1 0 2 0 1 1
1 40.58 5 2 8 4 5 1 1 7 0 2 0 3066 1
0 18.25 10 2 9 4 1 0 1 1 0 2 120 2 0
0 20.42 7.5 2 4 4 1.5 1 1 1 0 2 160 235 1
1 20.67 1.25 1 8 8 1.375 1 1 3 1 2 140 211 0
0 28.75 3.75 2 8 4 1.085 1 1 1 1 2 371 1 1
1 34.17 1.54 2 13 4 1.54 1 1 1 1 2 520 50001 1
1 44.83 7 1 8 4 1.625 0 0 0 0 2 160 3 0
1 29.58 4.75 2 7 4 2 0 1 1 1 2 460 69 0
1 31.57 0.62 2 4 4 0.25 0 0 0 0 2 380 2011 0
1 20.67 0.83 1 8 4 2 0 0 0 1 1 240 1 0
1 29.67 1.41 2 9 8 0.75 1 1 1 0 2 240 101 1
1 31.25 1.12 2 1 1 0 0 1 1 0 2 96 20 0
1 44.83 7 1 8 4 1.625 0 0 0 0 2 160 3 0
1 19.42 7.25 2 7 4 0.04 0 1 1 0 2 100 2 0
1 41.5 1.54 2 3 5 3.5 0 0 0 0 2 216 1 1

