1 26.67 1.75 1 8 4 1 1 1 5 1 2 160 5778 1
1 26.67 4.25 2 13 4 4.29 1 1 1 1 2 120 1 1
1 30.75 1.58 2 2 4 0.585 0 0 0 1 1 0 1 0
1 39.92 5 2 3 5 0.21 0 0 0 0 2 550 1 0
1 31.57 4 2 14 4 5 1 1 3 1 2 290 2280 1
0 20.75 9.53 2 3 4 0.04 0 0 0 0 2 200 1001 0
1 39.17 1.71 2 14 4 0.125 1 1 5 1 2 480 1 1
1 30.83 0 2 9 4 1.25 1 1 1 0 2 202 1 1
1 34.67 1.08 2 7 4 1.165 0 0 0 0 1 28 1 0
0 18.42 9.25 2 11 4 1.21 1 1 4 0 2 60 541 1
1 36.42 0.75 1 2 4 0.585 0 0 0 0 2 240 4 0
1 24.33 6.62 1 2 4 5.5 1 0 0 1 1 100 1 1
0 26.17 2 2 5 3 0 0 0 0 1 2 276 2 0
1 22.08 11 2 13 4 0.665 1 0 0 0 2 100 1 1
1 18.07 5.5 2 4 4 0.5 1 0 0 0 2 80 1 1
1 42.75 3 2 3 5 1 1 0 0 0 2 0 201 0
0 18.82 9.5 2 9 4 1.625 1 1 6 1 2 40 601 1
1 37.5 1.75 1 8 5 0.25 1 0 0 1 2 164 401 0
1 25.67 2.21 1 6 4 4 1 0 0 0 2 188 1 0
1 31.58 0.75 1 6 4 3.5 0 0 0 1 2 320 1 0
1 54.33 6.75 2 8 8 2.625 1 1 11 1 2 0 285 1
0 58.67 4.46 2 11 8 3.04 1 1 6 0 2 43 561 1
1 56 12.5 2 4 8 8 1 0 0 1 2 24 2029 1
1 23.25 12.62 2 8 4 0.125 0 1 2 0 2 0 5553 0
1 31.57 0.62 2 4 4 0.25 0 0 0 0 2 380 2011 0
1 19.17 0 1 7 5 0 0 0 0 1 1 500 2 1
0 27.17 1.25 2 1 1 0 0 1 1 0 2 92 301 0
0 40.83 3.5 2 3 5 0.5 0 0 0 0 1 1160 1 0
1 39.42 1.71 1 7 4 0.165 0 0 0 0 1 400 1 0
1 20.42 1.08 2 11 4 1.5 0 0 0 0 2 108 8 0
0 31.75 3 1 5 3 0 0 0 0 0 2 160 21 0
0 28.17 0.37 2 11 4 0.585 1 1 4 0 2 80 1 1
0 25.33 2.08 2 8 8 2.75 1 0 0 1 2 360 2 0
0 58.67 4.46 2 11 8 3.04 1 1 6 0 2 43 561 1
1 20.17 5.62 2 9 4 1.71 1 0 0 0 1 120 1 1
1 44.33 0.5 2 3 8 5 1 0 0 1 2 320 1 1
1 27.25 1.58 2 13 8 1.835 1 1 12 1 2 583 714 1
1 21.58 0.79 1 13 4 0.665 0 0 0 0 2 160 1 0
1 21 4.79 1 9 4 2.25 1 1 1 1 2 80 301 1
0 18.07 0.37 3 13 1 10 0 0 0 1 1 300 1 1
0 18.75 7.5 2 11 4 2.71 1 1 5 0 2 184 26727 1
1 30.17 1.08 1 8 4 0.04 0 0 0 0 2 170 180 0
1 18.82 0.41 1 8 4 0.165 0 1 1 0 2 200 2 0
0 20.32 10 2 8 8 1 1 1 4 0 2 50 1466 1
1 25.58 0.33 2 4 8 3.5 0 0 0 1 2 340 1 0
1 32.75 2.33 2 2 8 5.75 0 0 0 1 2 292 1 0
1 31.33 19.5 2 8 4 7 1 1 16 0 2 0 5001 1
1 24.58 1.25 2 8 4 0.25 0 0 0 0 2 110 1 0
1 32.33 7.5 2 10 5 1.585 1 0 0 1 1 420 1 0
0 24.5 1.75 1 8 4 0.165 0 0 0 0 2 132 1 0
0 19.67 0.21 2 11 8 0.29 1 1 11 0 2 80 100 1
0 26.5 2.71 1 8 4 0.085 0 0 0 0 1 80 1 0
0 64.08 0.16 2 1 1 0 1 1 1 0 2 232 101 1
1 43 0.28 1 13 8 1.75 1 1 8 0 2 100 376 1
1 23 0.75 2 7 4 0.5 0 0 0 1 1 320 1 0
0 32 6 2 2 4 1.25 0 0 0 0 2 272 1 0
1 32.67 5.5 2 11 8 5.5 1 1 12 1 2 408 1001 1
1 37.42 2.04 2 9 4 0.04 1 0 0 1 2 400 5801 1
1 37.75 7 2 11 8 11.5 1 1 7 1 2 300 6 0
0 16 0.16 2 6 4 1 0 1 2 1 2 320 2 0
1 20 7 2 8 4 0.5 0 0 0 0 2 0 1 0
1 36.17 18.12 2 9 4 0.085 0 0 0 0 2 320 3553 0
0 19.75 0.75 2 8 4 0.795 1 1 5 1 2 140 6 0
1 58.58 2.71 2 8 4 2.415 0 0 0 1 2 320 1 0
1 44.83 7 1 8 4 1.625 0 0 0 0 2 160 3 0
1 74.83 19 1 1 1 0.04 0 1 2 0 2 0 352 0
1 22.08 0.83 2 8 8 2.165 0 0 0 1 2 128 1 1
1 22.08 0.83 2 8 8 2.165 0 0 0 1 2 128 1 1
0 41.58 1.04 2 6 4 0.665 0 0 0 0 2 240 238 0
1 37.33 2.66 2 13 4 0.165 0 0 0 1 2 0 502 0
1 32.67 5.5 2 11 8 5.5 1 1 12 1 2 408 1001 1
1 21.83 11 2 14 4 0.29 1 1 6 0 2 121 1 1
0 22.67 3.8 2 8 4 0.165 0 0 0 0 2 160 1 0
1 29.25 14.79 2 6 4 5.04 1 1 5 1 2 168 1 1
1 39.42 1.71 1 7 4 0.165 0 0 0 0 1 400 1 0
1 33.75 2.75 2 3 5 0 0 0 0 0 2 180 1 0
1 33.58 0.25 2 3 5 4 0 0 0 1 1 420 1 0
1 43.25 3 2 11 8 6 1 1 11 0 2 80 1 1
0 28.58 1.66 2 11 4 2.415 1 0 0 1 2 440 1 0
0 47 13 2 3 5 5.165 1 1 9 1 2 0 1 1
0 22.58 10.75 2 11 4 0.415 1 1 5 1 2 0 561 1
1 23.92 0.58 1 13 8 0.125 0 0 0 0 2 240 2 0
1 22.67 0.16 2 8 3 2.25 0 0 0 1 1 0 1 1
1 25.33 0.57 2 8 4 0.29 1 1 7 1 2 96 5125 1
1 23.17 0 2 13 4 0.085 1 0 0 0 2 0 1 1
1 23.58 1.79 2 8 4 0.54 0 0 0 1 2 136 2 0
1 31.33 19.5 2 8 4 7 1 1 16 0 2 0 5001 1
1 18.32 1.21 1 10 2 0 0 0 0 0 2 100 1 0
1 37.33 6.5 2 7 8 4.25 1 1 12 1 2 93 1 1
0 22.58 10.75 2 11 4 0.415 1 1 5 1 2 0 561 1
0 23.25 5.87 2 11 4 3.17 1 1 10 0 2 120 246 1
1 48.75 8.5 2 8 8 12.5 1 1 9 0 2 181 1656 1
0 23 11.75 2 14 8 0.5 1 1 2 1 2 300 552 1
1 40.58 5 2 8 4 5 1 1 7 0 2 0 3066 1
1 31.25 1.12 2 1 1 0 0 1 1 0 2 96 20 0
1 29.42 1.25 2 8 8 0.25 0 1 2 1 2 400 109 0
1 36.67 3.25 2 11 8 9 1 0 0 1 2 102 640 1
1 29.92 1.83 2 8 8 4.335 1 0 0 0 2 260 201 1
0 16.07 0.33 2 1 1 0 0 1 1 0 2 160 127 0
1 48.33 12 2 7 4 16 1 0 0 0 1 110 1 1
0 32 6 2 2 4 1.25 0 0 0 0 2 272 1 0
1 51.83 2.04 1 1 1 1.5 0 0 0 0 2 120 2 0
1 49.58 19 2 1 1 0 1 1 1 0 2 94 1 0
1 18.07 5.5 2 4 4 0.5 1 0 0 0 2 80 1 1
1 39.17 1.62 2 8 4 1.5 1 1 10 0 2 186 4701 1
0 45 4.58 2 4 8 1 0 0 0 1 1 240 1 0
0 28.67 1.04 2 8 4 2.5 1 1 5 1 2 300 1431 1
1 20 11.04 2 8 4 2 0 0 0 1 2 136 1 0
1 21.5 9.75 2 8 4 0.25 1 0 0 0 2 140 1 0
1 19.42 1.5 1 13 4 2 1 0 0 1 2 100 21 0
1 24.58 1.25 2 8 4 0.25 0 0 0 0 2 110 1 0
0 27.58 3 2 7 4 2.79 0 1 1 1 2 280 11 0
0 19.17 5.41 2 3 8 0.29 0 0 0 0 2 80 485 0
1 35.25 16.5 1 8 4 4 1 0 0 0 2 80 1 0
1 21.25 1.5 2 9 4 1.5 0 0 0 0 2 150 9 1
0 30.42 1.37 2 9 8 0.04 0 1 3 0 2 0 34 0
0 20.42 7.5 2 4 4 1.5 1 1 1 0 2 160 235 1
1 34.08 6.5 2 6 4 0.125 1 0 0 1 2 443 1 0
1 32.75 1.5 2 13 8 5.5 1 1 3 1 2 0 1 1
0 42.25 1.75 1 8 4 0 0 0 0 1 2 150 2 0
1 64.08 20 2 14 8 17.5 1 1 9 1 2 0 1001 1
0 46 4 2 5 3 0 1 0 0 0 2 100 961 1
1 20.17 5.62 2 9 4 1.71 1 0 0 0 1 120 1 1
1 28 3 2 9 4 0.75 0 0 0 1 2 300 68 0
1 58.58 2.71 2 8 4 2.415 0 0 0 1 2 320 1 0
0 20.83 0.5 1 10 2 1 0 0 0 0 2 260 1 0
1 37.5 1.12 1 2 4 1.5 0 0 0 1 2 431 1 1
1 40 6.5 2 6 5 3.5 1 1 1 0 2 0 501 1
1 28.75 1.5 1 8 4 1.5 1 0 0 1 2 0 226 0
1 21.17 0.25 1 8 8 0.25 0 0 0 0 2 280 205 0
1 39.25 9.5 2 7 4 6.5 1 1 14 0 2 240 4608 1
1 19 1.75 1 8 4 2.335 0 0 0 1 2 112 7 0
1 28.25 5.12 2 14 4 4.75 1 1 2 0 2 420 8 1
1 28.67 9.33 2 11 8 5.665 1 1 6 0 2 381 169 1
1 34.83 2.5 1 9 4 3 0 0 0 0 1 200 1 0
1 25.75 0.75 2 8 5 0.25 1 0 0 0 2 349 24 1
1 23.33 1.5 2 8 8 1.415 1 0 0 0 2 422 201 1
1 20.42 7 2 8 4 1.625 1 1 3 0 2 200 1392 1
0 28.67 1.04 2 8 4 2.5 1 1 5 1 2 300 1431 1
1 23.25 1 2 8 4 0.835 1 0 0 0 1 300 1 1
0 33.75 0.75 2 4 5 1 1 1 3 1 2 212 1 0
1 35.17 2.5 2 4 4 4.5 1 1 7 0 2 150 1271 1
1 64.08 20 2 14 8 17.5 1 1 9 1 2 0 1001 1
1 22.67 0.75 2 3 4 1.585 0 1 1 1 2 400 10 0
1 28.75 1.5 1 8 4 1.5 1 0 0 1 2 0 226 0
1 23.92 1.5 2 2 8 1.875 1 1 6 0 2 200 328 1
1 41.17 4.04 2 13 8 7 1 1 8 0 2 320 1 1
1 39.25 9.5 2 7 4 6.5 1 1 14 0 2 240 4608 1
1 25.75 0.75 2 8 5 0.25 1 0 0 0 2 349 24 1
0 28.5 3.04 1 14 8 2.54 1 1 1 0 2 70 1 1
1 22.75 11.5 2 3 4 0.415 0 0 0 0 2 0 1 0
1 21.17 0.25 1 8 8 0.25 0 0 0 0 2 280 205 0
1 18.5 2 2 3 4 1.5 1 1 2 0 2 120 301 1
0 18.75 7.5 2 11 4 2.71 1 1 5 0 2 184 26727 1
0 51.92 6.5 2 3 5 3.085 0 0 0 1 2 73 1 0
1 26.67 2.71 1 13 4 5.25 1 1 1 0 2 211 1 1
0 33.25 2.5 1 8 4 2.5 0 0 0 1 2 0 3 0
0 49 1.5 2 5 3 0 1 0 0 1 2 100 28 0
0 49.83 13.58 2 4 8 8.5 1 0 0 1 2 0 1 1
0 18.82 9.5 2 9 4 1.625 1 1 6 1 2 40 601 1
1 27.75 1.29 2 4 8 0.25 0 0 0 1 1 140 1 0
1 58.58 2.71 2 8 4 2.415 0 0 0 1 2 320 1 0
1 18.82 3.54 1 1 1 0 0 0 0 1 2 180 2 0
0 18.75 7.5 2 11 4 2.71 1 1 5 0 2 184 26727 1
0 22.42 5.66 2 11 4 2.585 1 1 7 0 2 129 3258 1

