1 21.5 9.75 2 8 4 0.25 1 0 0 0 2 140 1 0
1 34.67 1.08 2 7 4 1.165 0 0 0 0 1 28 1 0
1 32.42 3 2 2 4 0.165 0 0 0 1 2 120 1 0
1 26.92 2.25 2 3 5 0.5 0 0 0 1 2 640 4001 0
1 29.5 0.57 2 9 4 0.29 0 1 1 0 2 340 2804 0
0 45 4.58 2 4 8 1 0 0 0 1 1 240 1 0
1 18.67 5 2 11 4 0.375 1 1 2 0 2 0 39 0
1 23.17 11.12 2 14 8 0.46 1 1 1 0 2 100 1 1
1 34.08 6.5 2 6 4 0.125 1 0 0 1 2 443 1 0
0 28.58 1.66 2 11 4 2.415 1 0 0 1 2 440 1 0
1 26.17 12.5 1 4 8 1.25 0 0 0 1 2 0 18 0
0 28.58 1.66 2 11 4 2.415 1 0 0 1 2 440 1 0
1 28.25 0.87 2 7 4 0.96 1 1 3 1 2 396 1 1
1 17.07 3.29 2 3 4 0.335 0 0 0 1 2 140 3 0
1 27 1.5 1 9 4 0.375 1 0 0 1 2 260 1066 1
1 21.83 11 2 14 4 0.29 1 1 6 0 2 121 1 1
1 67.75 5.5 2 10 9 13 1 1 1 1 2 0 1 1
0 22.5 8.5 2 11 4 1.75 1 1 10 0 2 80 991 0
1 28.75 1.16 2 4 4 0.5 1 0 0 0 1 280 1 0
1 16.32 4.08 2 3 8 0.415 0 0 0 1 2 120 1 0
0 36 1 2 8 4 2 1 1 11 0 2 0 457 1
1 57.83 7.04 2 7 4 14 1 1 6 1 2 360 1333 1
0 24.75 3 2 11 8 1.835 1 1 19 0 2 0 501 1
1 32.83 2.5 2 13 8 2.75 1 1 6 0 2 160 2073 1
1 54.42 0.5 1 4 8 3.96 1 0 0 0 2 180 315 1
1 37.17 4 2 8 5 5 1 0 0 1 1 280 1 0
1 36.33 3.79 2 9 4 1.165 1 0 0 1 2 200 1 0
1 25.67 12.5 2 13 4 1.21 1 1 67 1 2 140 259 1
0 52.83 15 2 8 4 5.5 1 1 14 0 2 0 2201 1
1 34.67 1.08 2 7 4 1.165 0 0 0 0 1 28 1 0
1 26.75 4.5 1 8 5 2.5 0 0 0 0 2 200 1211 0
0 45.33 1 2 11 4 0.125 0 0 0 1 2 263 1 0
1 51.58 15 2 8 4 8.5 1 1 9 0 2 0 1 1
0 49 1.5 2 5 3 0 1 0 0 1 2 100 28 0
0 29.58 1.75 1 4 4 1.25 0 0 0 1 2 280 1 0
0 20.42 0.83 2 11 4 1.585 1 1 1 0 2 0 1 1
1 26.17 0.83 2 13 4 1.165 0 0 0 0 2 100 1 0
0 29.58 1.75 1 4 4 1.25 0 0 0 1 2 280 1 0
1 25.42 0.54 2 9 4 0.165 0 1 1 0 2 272 445 0
0 25.58 0 2 8 4 0 0 0 0 0 3 184 1 1
1 57.42 8.5 2 10 8 7 1 1 3 0 2 0 1 1
0 18.82 9.53 2 6 4 0.085 1 0 0 0 2 100 1 1
1 30.33 0.5 2 2 8 0.085 0 0 0 1 1 252 1 0
1 42.17 5.04 2 11 8 12.75 1 0 0 1 2 92 1 1
0 18.25 10 2 9 4 1 0 1 1 0 2 120 2 0
0 18.42 9.25 2 11 4 1.21 1 1 4 0 2 60 541 1
0 69.5 6 2 1 1 0 0 0 0 0 1 0 1 0
1 36.75 0.12 1 8 4 1.5 0 0 0 1 2 232 114 1
0 15.83 7.62 2 11 4 0.125 0 1 1 1 2 0 161 0
0 22.92 1.25 2 11 4 0.25 0 0 0 1 2 120 810 0
1 29.58 4.5 2 9 4 7.5 1 1 2 1 2 330 1 1
0 33.08 4.62 2 11 8 1.625 1 1 2 0 2 0 1 1
1 19.17 9.5 2 9 4 1.5 1 0 0 0 2 120 2207 1
1 31.57 4 2 14 4 5 1 1 3 1 2 290 2280 1
1 35.25 16.5 1 8 4 4 1 0 0 0 2 80 1 0
1 49.58 19 2 1 1 0 1 1 1 0 2 94 1 0
0 28.5 1 2 11 4 1 1 1 2 1 2 167 501 0
0 26.92 13.5 2 11 8 5 1 1 2 0 2 0 5001 1
1 45 8.5 2 13 8 14 1 1 1 1 2 88 2001 1
1 33.5 1.75 2 14 8 4.5 1 1 4 1 2 253 858 1
0 18.57 10 2 2 4 0.415 0 0 0 0 2 80 43 0
1 25.75 0.75 2 8 5 0.25 1 0 0 0 2 349 24 1
1 16.17 0.04 2 8 4 0.04 0 0 0 0 2 0 1 1
1 34 5.08 1 3 5 1.085 0 0 0 1 2 480 1 0
1 47.67 2.5 2 7 5 2.5 1 1 12 1 2 410 2511 1
1 34.17 1.54 2 13 4 1.54 1 1 1 1 2 520 50001 1
1 21.5 9.75 2 8 4 0.25 1 0 0 0 2 140 1 0
1 21.33 7.5 2 6 4 1.415 1 1 1 0 2 80 9801 1
1 36.25 5 2 8 5 2.5 1 1 6 0 2 0 368 1
1 31.57 4 2 14 4 5 1 1 3 1 2 290 2280 1
0 68.67 15 2 10 9 0 1 1 14 0 2 0 3377 1
1 20.5 10 1 8 4 2.5 1 0 0 0 1 40 1 1
0 24.75 12.5 2 6 4 1.5 1 1 12 1 2 120 568 1
1 23.92 0.58 1 13 8 0.125 0 0 0 0 2 240 2 0
0 71.58 0 2 8 4 0 0 0 0 0 3 184 1 1
1 25.67 3.25 2 8 8 2.29 0 1 1 1 2 416 22 0
1 27.75 1.29 2 4 8 0.25 0 0 0 1 1 140 1 0
1 47.17 5.83 2 9 4 5.5 0 0 0 0 2 465 151 0
1 41.17 1.25 1 9 4 0.25 0 0 0 0 2 0 196 0
1 29.67 0.75 1 8 4 0.04 0 0 0 0 2 240 1 0
1 33.17 3.16 1 14 4 3.165 1 1 3 1 2 380 1 1
0 46.67 0.46 2 13 8 0.415 1 1 11 1 2 440 7 1
0 25 12.33 2 13 8 3.5 1 1 6 0 2 400 459 1
1 47.67 0.28 2 8 5 15 1 1 20 0 2 0 15001 1
1 34.42 1.33 2 3 5 0.125 0 0 0 1 2 440 4501 0
1 31.83 0.04 1 7 4 0.04 0 0 0 0 2 0 1 0
1 51.83 2.04 1 1 1 1.5 0 0 0 0 2 120 2 0
0 23.58 0.83 2 11 4 0.415 0 1 1 1 2 200 12 0
1 16.17 0.04 2 8 4 0.04 0 0 0 0 2 0 1 1
1 20.67 0.83 1 8 4 2 0 0 0 1 1 240 1 0
0 24.75 3 2 11 8 1.835 1 1 19 0 2 0 501 1
1 16.32 4.08 2 3 8 0.415 0 0 0 1 2 120 1 0
1 23.25 12.62 2 8 4 0.125 0 1 2 0 2 0 5553 0
0 24.08 0.5 2 11 8 1.25 1 1 1 0 2 0 679 1
1 23 0.75 2 7 4 0.5 0 0 0 1 1 320 1 0
1 22.17 2.25 2 3 4 0.125 0 0 0 0 2 160 11 0
0 33.25 3 1 6 4 2 0 0 0 0 2 180 1 0
1 21.33 7.5 2 6 4 1.415 1 1 1 0 2 80 9801 1
1 37.42 2.04 2 9 4 0.04 1 0 0 1 2 400 5801 1
0 65.17 14 2 1 1 0 1 1 11 1 2 0 1401 1
1 35.25 16.5 1 8 4 4 1 0 0 0 2 80 1 0
1 23.08 11.5 2 3 4 3.5 1 1 9 0 2 56 743 1
0 45.33 1 2 11 4 0.125 0 0 0 1 2 263 1 0
1 80.25 5.5 2 8 4 0.54 1 0 0 0 2 0 341 0
1 32.33 7.5 2 10 5 1.585 1 0 0 1 1 420 1 0
1 39.25 9.5 2 7 4 6.5 1 1 14 0 2 240 4608 1
1 34.08 6.5 2 6 4 0.125 1 0 0 1 2 443 1 0
1.234 22.08 11.46 2 4 4 1.585 0 0 0 1 2 100 1213 0
0 47.42 8 2 10 5 6.5 1 1 6 0 2 375 51101 1
1 39.92 6.21 2 11 4 0.04 1 1 1 0 2 200 301 1
1 23.25 1.5 2 11 4 2.375 1 1 3 1 2 0 583 1
0 20.75 9.53 2 3 4 0.04 0 0 0 0 2 200 1001 0
1 19.42 1.5 1 13 4 2 1 0 0 1 2 100 21 0
1 64.08 20 2 14 8 17.5 1 1 9 1 2 0 1001 1
1 25 11.25 2 8 4 2.5 1 1 17 0 2 200 1209 1
1 33.5 1.75 2 14 8 4.5 1 1 4 1 2 253 858 1
1 51.42 0.04 2 14 8 0.04 1 0 0 0 2 0 3001 1
0 24.33 2.5 1 3 5 4.5 0 0 0 0 2 200 457 0
0 51.92 6.5 2 3 5 3.085 0 0 0 1 2 73 1 0
1 23.92 1.5 2 2 8 1.875 1 1 6 0 2 200 328 1
0 36.75 5.12 2 10 4 5 1 0 0 1 2 0 4001 1
1 29.58 4.5 2 9 4 7.5 1 1 2 1 2 330 1 1
0 23 11.75 2 14 8 0.5 1 1 2 1 2 300 552 1
0 19.67 0.21 2 11 8 0.29 1 1 11 0 2 80 100 1
1 35.25 16.5 1 8 4 4 1 0 0 0 2 80 1 0
1 80.25 5.5 2 8 4 0.54 1 0 0 0 2 0 341 0
0 36.58 0.28 2 1 1 0 0 1 10 0 2 200 19 0
1 22.08 2.33 2 4 4 0.75 0 0 0 0 2 180 1 0
1 16.25 0 1 6 4 0.25 0 0 0 0 2 60 1 0
0 24.75 12.5 2 6 4 1.5 1 1 12 1 2 120 568 1
1 51.42 0.04 2 14 8 0.04 1 0 0 0 2 0 3001 1
0 25.75 0.5 2 8 8 0.875 1 0 0 1 2 491 1 1
1 26.75 4.5 1 8 5 2.5 0 0 0 0 2 200 1211 0
1 31.58 0.75 1 6 4 3.5 0 0 0 1 2 320 1 0
0 22.92 1.25 2 11 4 0.25 0 0 0 1 2 120 810 0
1 26.67 2.71 1 13 4 5.25 1 1 1 0 2 211 1 1
1 17.42 6.5 2 3 4 0.125 0 0 0 0 2 60 101 0
1 32.33 2.5 2 8 4 1.25 0 0 0 1 2 280 1 0
1 28.25 5.04 1 8 5 1.5 1 1 8 1 2 144 8 1
1 64.08 20 2 14 8 17.5 1 1 9 1 2 0 1001 1
1 23 0.75 2 7 4 0.5 1 0 0 1 1 320 1 0
1 47.17 5.83 2 9 4 5.5 0 0 0 0 2 465 151 0
1 65.42 11 2 10 9 20 1 1 7 1 2 22 1 1
0 35.42 12 2 11 8 14 1 1 8 0 2 0 6591 1
1 21.58 0.79 1 13 4 0.665 0 0 0 0 2 160 1 0
0 16.32 0.21 2 6 4 0.125 0 0 0 0 2 200 2 0
0 58.67 4.46 2 11 8 3.04 1 1 6 0 2 43 561 1
1 54.33 6.75 2 8 8 2.625 1 1 11 1 2 0 285 1
1 34.42 4.25 2 3 5 3.25 1 1 2 0 2 274 611 1
0 45 4.58 2 4 8 1 0 0 0 1 1 240 1 0
0 36 1 2 8 4 2 1 1 11 0 2 0 457 1
1 56.42 28 1 8 4 28.5 1 1 40 0 2 0 16 1
0 30.58 10.66 2 11 8 0.085 0 1 12 1 2 129 4 0
1 31.42 15.5 2 8 4 0.5 1 0 0 0 2 120 1 0
1 22 7.83 1 3 5 0.165 0 0 0 1 2 184 1 0
0 47.42 8 2 10 5 6.5 1 1 6 0 2 375 51101 1
1 31.57 4 1 3 4 0.085 0 0 0 1 2 411 1 0
1 33.17 1 2 14 4 0.75 1 1 7 1 2 340 4072 1
1 36.17 5.5 2 3 5 5 0 0 0 0 2 210 688 0
1 36.5 4.25 2 11 4 3.5 0 0 0 0 2 454 51 0
1 34.17 9.17 2 8 4 4.5 1 1 12 1 2 0 222 1
0 30 5.29 2 10 2 2.25 1 1 5 1 2 99 501 1
0 46 4 2 5 3 0 1 0 0 0 2 100 961 1
0 34.83 1.25 1 3 8 0.5 0 0 0 1 2 160 1 0
1 55.92 11.5 2 1 1 5 1 1 5 0 2 0 8852 1

