0 35.17 3.75 2 1 1 0 0 1 6 0 2 0 201 0
0 47.42 3 2 14 4 13.875 1 1 2 1 2 519 1705 1
1 20.17 5.62 2 9 4 1.71 1 0 0 0 1 120 1 1
1 44.33 0.5 2 3 8 5 1 0 0 1 2 320 1 1
1 34.25 1.75 2 9 5 0.25 1 0 0 1 2 163 1 0
1 28.25 5.12 2 14 4 4.75 1 1 2 0 2 420 8 1
0 17.32 9.5 2 6 4 1.75 0 1 10 1 2 0 11 0
1 22.67 0.16 2 8 3 2.25 0 0 0 1 1 0 1 1
1 17.07 0.08 1 8 4 0.04 0 0 0 0 2 140 723 0
0 58.67 4.46 2 11 8 3.04 1 1 6 0 2 43 561 1
0 26.5 2.71 1 8 4 0.085 0 0 0 0 1 80 1 0
1 23.08 2.5 2 1 1 0.085 0 0 0 1 2 100 4209 0
1 48.17 3.5 2 6 4 3.5 1 0 0 0 1 230 1 1
0 24.5 2.41 1 8 4 0 0 0 0 0 2 120 1 0
1 39.5 1.62 2 8 4 1.5 0 0 0 0 2 0 317 0
0 20.83 0.5 1 10 2 1 0 0 0 0 2 260 1 0
1 73.42 17.75 2 1 1 0 1 0 0 1 2 0 1 1
1 23.33 1.5 2 8 8 1.415 1 0 0 0 2 422 201 1
1 17.67 4.46 2 8 4 0.25 0 0 0 0 1 80 1 0
1 34.83 4 2 2 5 12.5 1 0 0 1 2 184 1 0
1 36.5 4.25 2 11 4 3.5 0 0 0 0 2 454 51 0
1 25.17 3 2 8 4 1.25 0 1 1 0 2 0 23 0
0 64.08 0.16 2 1 1 0 1 1 1 0 2 232 101 1
1 23.33 1.5 2 8 8 1.415 1 0 0 0 2 422 201 1
1 41.17 1.25 1 9 4 0.25 0 0 0 0 2 0 196 0
1 21.92 0.5 2 8 4 0.125 0 0 0 0 2 360 1 0
1 30.17 6.5 2 13 4 3.125 1 1 8 0 2 330 1201 1
1 39.17 2.5 1 3 8 10 0 0 0 1 1 200 1 0
0 28.58 3.54 2 3 5 0.5 1 0 0 1 2 171 1 0
1 42 0.2 2 3 8 5.125 1 0 0 0 2 400 1 1
1 49.58 19 2 1 1 0 1 1 1 0 2 94 1 0
1 31.08 1.5 1 9 4 0.04 0 0 0 0 1 160 1 0
1 35.17 2.5 2 4 4 4.5 1 1 7 0 2 150 1271 1
1 32.92 2.5 2 6 4 1.75 0 1 2 1 2 720 1 0
1 35.25 3.16 2 14 8 3.75 1 0 0 1 2 680 1 0
1 48.33 12 2 7 4 16 1 0 0 0 1 110 1 1
1 23.08 2.5 2 1 1 0.085 0 0 0 1 2 100 4209 0
0 33.17 2.25 1 13 4 3.5 0 0 0 1 2 200 142 0
1 49.58 19 2 1 1 0 1 1 1 0 2 94 1 0
1 34.25 3 2 13 8 7.415 1 0 0 1 2 0 1 1
1 18.32 1.21 1 10 2 0 0 0 0 0 2 100 1 0
1 48.17 3.5 2 6 4 3.5 1 0 0 0 1 230 1 1
1 31.57 0.04 1 2 4 4.25 0 0 0 1 2 460 1 0
0 18.92 9.25 1 8 4 1 1 1 4 1 2 80 501 1
1 27.42 12.5 2 6 5 0.25 0 0 0 1 2 720 1 0
1 21.33 10.5 2 8 4 3 1 0 0 1 2 0 1 1
1 27 1.5 1 9 4 0.375 1 0 0 1 2 260 1066 1
1 19 0 1 1 1 0 0 1 4 0 2 45 2 0
0 22.92 11.58 2 13 4 0.04 1 0 0 0 2 80 1350 1
0 20.67 3 2 11 4 0.165 1 1 3 0 2 100 7 1
1 42.75 3 2 3 5 1 1 0 0 0 2 0 201 0
0 22.42 5.66 2 11 4 2.585 1 1 7 0 2 129 3258 1
1 30.83 0 2 9 4 1.25 1 1 1 0 2 202 1 1
1 36.17 5.5 2 3 5 5 0 0 0 0 2 210 688 0
1 32.33 3.5 2 4 4 0.5 0 0 0 1 2 232 1 0
1 28 3 2 9 4 0.75 0 0 0 1 2 300 68 0
1 27.75 0.58 1 13 4 0.25 1 1 2 0 2 260 501 1
1 27.75 0.58 1 13 4 0.25 1 1 2 0 2 260 501 1
0 45 4.58 2 4 8 1 0 0 0 1 1 240 1 0
0 47.42 8 2 10 5 6.5 1 1 6 0 2 375 51101 1
0 25.75 0.5 2 8 8 0.875 1 0 0 1 2 491 1 1
0 23.58 11.5 1 4 8 3 0 0 0 1 2 20 17 0
1 39.92 0.54 1 6 4 0.5 1 1 3 0 2 200 1001 1
1 19.17 4 1 3 4 1 0 0 0 1 2 360 1001 0
1 40.58 5 2 8 4 5 1 1 7 0 2 0 3066 1
1 36.08 2.54 2 1 1 0 0 0 0 0 2 0 1001 0
0 36.75 5.12 2 10 4 5 1 0 0 1 2 0 4001 1
0 34.83 1.25 1 3 8 0.5 0 0 0 1 2 160 1 0
0 17.82 11 2 14 8 1 1 1 11 0 2 0 3001 1
1 80.25 5.5 2 8 4 0.54 1 0 0 0 2 0 341 0
1 44 2 2 7 4 1.75 1 1 2 1 2 0 16 1
0 28.17 0.58 2 6 4 0.04 0 0 0 0 2 260 1005 0
1 16.25 0.83 2 7 4 0.085 1 0 0 0 1 200 1 0
0 23.42 0.79 1 11 4 1.5 1 1 2 1 2 80 401 1
0 68.67 15 2 10 9 0 1 1 14 0 2 0 3377 1
1 42.83 1.25 2 7 4 13.875 0 1 1 1 2 352 113 0
0 22.58 10.75 2 11 4 0.415 1 1 5 1 2 0 561 1
1 42.83 1.25 2 7 4 13.875 0 1 1 1 2 352 113 0
1 19.17 0 1 7 5 0 0 0 0 1 1 500 2 1
1 34.08 0.08 1 7 5 0.04 1 1 1 1 2 280 2001 1
0 36.75 5.12 2 10 4 5 1 0 0 1 2 0 4001 1
1 19.32 10.91 2 8 5 0.585 0 1 2 1 2 200 8 0
0 19.75 0.75 2 8 4 0.795 1 1 5 1 2 140 6 0
0 16 0.16 2 6 4 1 0 1 2 1 2 320 2 0
0 42.25 1.75 1 8 4 0 0 0 0 1 2 150 2 0
1 33.75 2.75 2 3 5 0 0 0 0 0 2 180 1 0
0 47 13 2 3 5 5.165 1 1 9 1 2 0 1 1
0 21.75 1.75 1 5 3 0 0 0 0 0 2 160 1 0
0 42.25 1.75 1 8 4 0 0 0 0 1 2 150 2 0
0 36.75 5.12 2 10 4 5 1 0 0 1 2 0 4001 1
1 32.83 2.5 2 13 8 2.75 1 1 6 0 2 160 2073 1
0 65.17 14 2 1 1 0 1 1 11 1 2 0 1401 1
1 34.08 6.5 2 6 4 0.125 1 0 0 1 2 443 1 0
1 17.42 6.5 2 3 4 0.125 0 0 0 0 2 60 101 0
0 29.58 1.75 1 4 4 1.25 0 0 0 1 2 280 1 0
1 32.33 3.5 2 4 4 0.5 0 0 0 1 2 232 1 0
1 62.75 7 2 10 9 0 0 0 0 0 2 0 13 0
1 21.33 10.5 2 8 4 3 1 0 0 1 2 0 1 1
0 35.42 12 2 11 8 14 1 1 8 0 2 0 6591 1
1 33.58 0.25 2 3 5 4 0 0 0 1 1 420 1 0
1 20.17 5.62 2 9 4 1.71 1 0 0 0 1 120 1 1
1 54.83 15.5 2 10 9 0 1 1 20 0 2 152 131 0
1 59.5 2.75 2 9 4 1.75 1 1 5 1 2 60 59 1
1 31.83 0.04 1 7 4 0.04 0 0 0 0 2 0 1 0
1.234 22.08 11.46 2 4 4 1.585 0 0 0 1 2 100 1213 0
1 31.33 19.5 2 8 4 7 1 1 16 0 2 0 5001 1
1 34.17 9.17 2 8 4 4.5 1 1 12 1 2 0 222 1
1 31.57 0.37 2 2 4 0.875 1 0 0 1 1 928 1 0
0 21.5 6 2 6 4 2.5 1 1 3 0 2 80 919 1
1 31.57 0.04 1 2 4 4.25 0 0 0 1 2 460 1 0
0 23.5 9 2 11 4 8.5 1 1 5 1 2 120 1 1
1 30.83 0 2 9 4 1.25 1 1 1 0 2 202 1 1
1 56.75 12.25 2 7 4 1.25 1 1 4 1 2 200 1 1
1 28.25 0.87 2 7 4 0.96 1 1 3 1 2 396 1 1
0 36.75 4.71 2 1 1 0 0 0 0 0 2 160 1 0
1 51.42 0.04 2 14 8 0.04 1 0 0 0 2 0 3001 1
1 19.42 1.5 1 13 4 2 1 0 0 1 2 100 21 0
1 48.08 6.04 2 4 4 0.04 0 0 0 0 2 0 2691 1
0 24.75 13.66 2 11 8 1.5 0 0 0 0 2 280 2 0
0 22.92 1.25 2 11 4 0.25 0 0 0 1 2 120 810 0
0 47.75 8 2 8 4 7.875 1 1 6 1 2 0 1261 1
1 28.75 1.16 2 4 4 0.5 1 0 0 0 1 280 1 0
1 27.83 1.54 2 9 4 3.75 1 1 5 1 2 100 4 1
1 21.25 1.5 2 9 4 1.5 0 0 0 0 2 150 9 1
0 49.83 13.58 2 4 8 8.5 1 0 0 1 2 0 1 1
1 24.58 13.5 1 1 1 0 0 0 0 0 2 184 1 0
1 17.07 0.08 1 8 4 0.04 0 0 0 0 2 140 723 0
1 39.25 9.5 2 7 4 6.5 1 1 14 0 2 240 4608 1
0 20.5 11.83 2 8 8 6 1 0 0 0 2 340 1 1
0 42.25 1.75 1 8 4 0 0 0 0 1 2 150 2 0
1 32.08 4 2 7 4 2.5 1 0 0 1 2 360 1 1
1 25.67 2.21 1 6 4 4 1 0 0 0 2 188 1 0
1 34.42 1.33 2 3 5 0.125 0 0 0 1 2 440 4501 0
1 25 11.25 2 8 4 2.5 1 1 17 0 2 200 1209 1
1 26.67 4.25 2 13 4 4.29 1 1 1 1 2 120 1 1
1 31.83 2.5 2 6 4 7.5 1 0 0 1 2 523 1 0
0 23 1.83 2 5 3 0 0 1 1 0 2 200 54 0
1 60.08 14.5 2 1 1 18 1 1 15 1 2 0 1001 1
1 37.5 1.75 1 8 5 0.25 1 0 0 1 2 164 401 0
1 26.75 1.12 2 14 8 1.25 1 0 0 0 2 0 5299 1
1 25.67 0.28 1 8 4 1.5 0 0 0 1 2 160 1 0
1 40.92 0.5 1 7 4 0.5 0 0 0 1 2 130 1 0
0 18.57 10 2 2 4 0.415 0 0 0 0 2 80 43 0
1 73.42 17.75 2 1 1 0 1 0 0 1 2 0 1 1
1 24.83 2.75 2 8 4 2.25 1 1 6 0 2 184 601 1
1 48.58 6.5 2 11 8 6 1 0 0 1 2 350 1 1
0 50.25 0.83 2 6 4 0.5 0 0 0 1 2 240 118 0
0 41 2.04 1 11 8 0.125 1 1 23 1 2 455 1237 1
1 16.07 0.75 2 8 4 1.75 1 1 5 1 2 352 691 1
0 28.5 1 2 11 4 1 1 1 2 1 2 167 501 0
0 32.25 1.5 2 8 4 0.25 0 0 0 1 2 372 123 0
0 40.33 7.54 1 11 8 8 1 1 14 0 2 0 2301 1
1 24.17 0.87 2 11 4 4.625 1 1 2 1 2 520 2001 1
0 42.25 1.75 1 8 4 0 0 0 0 1 2 150 2 0
1 23.08 2.5 2 1 1 0.085 0 0 0 1 2 100 4209 0
0 20.67 1.83 2 11 4 2.085 1 1 5 0 2 220 2504 1
0 41.58 1.04 2 6 4 0.665 0 0 0 0 2 240 238 0
1 20.07 0.25 2 11 4 0.125 0 0 0 0 2 200 1 0
0 26.08 8.66 2 6 4 1.415 1 0 0 0 2 160 151 1
1 23.92 0.58 1 13 8 0.125 0 0 0 0 2 240 2 0
1 15.17 7 2 10 4 1 0 0 0 0 2 600 1 0
1 80.25 5.5 2 8 4 0.54 1 0 0 0 2 0 341 0
1 22.08 0.83 2 8 8 2.165 0 0 0 1 2 128 1 1
0 30.42 1.37 2 9 8 0.04 0 1 3 0 2 0 34 0
0 25.58 0 2 8 4 0 0 0 0 0 3 184 1 1

