1 18.17 2.46 2 8 7 0.96 0 1 2 1 2 160 588 0
0 18.92 9.25 1 8 4 1 1 1 4 1 2 80 501 1
1 39.17 1.71 2 14 4 0.125 1 1 5 1 2 480 1 1
1 32.25 14 1 1 1 0 0 1 2 0 2 160 2 0
0 33.25 2.5 1 8 4 2.5 0 0 0 1 2 0 3 0
1 21.17 0.87 1 8 8 0.25 0 0 0 0 2 280 205 0
1 23.08 11.5 2 3 4 3.5 1 1 9 0 2 56 743 1
0 36.75 4.71 2 1 1 0 0 0 0 0 2 160 1 0
0 68.67 15 2 10 9 0 1 1 14 0 2 0 3377 1
1 23.25 1 2 8 4 0.835 1 0 0 0 1 300 1 1
1 25.83 12.83 2 13 4 0.5 0 0 0 0 2 0 3 0
1 31.92 4.46 2 13 8 6.04 1 1 3 0 2 311 301 1
0 24.5 12.75 2 8 5 4.75 1 1 2 0 2 73 445 1
1 40.58 1.5 2 3 5 0 0 0 0 0 1 300 1 0
0 33.08 4.62 2 11 8 1.625 1 1 2 0 2 0 1 1
1 23.42 1 2 8 4 0.5 0 0 0 1 1 280 1 0
0 26.08 8.66 2 6 4 1.415 1 0 0 0 2 160 151 1
1 40.92 0.5 1 7 4 0.5 0 0 0 1 2 130 1 0
0 25 12.33 2 13 8 3.5 1 1 6 0 2 400 459 1
1 32.92 2.5 2 6 4 1.75 0 1 2 1 2 720 1 0
1 29.83 2.04 1 14 8 0.04 0 0 0 0 2 128 2 0
0 17.92 0.54 2 8 4 1.75 0 1 1 1 2 80 6 0
1 42 0.2 2 3 8 5.125 1 0 0 0 2 400 1 1
1 22.17 12.12 2 8 4 3.335 0 1 2 1 2 180 174 0
0 19.17 8.58 2 13 8 0.75 1 1 7 0 2 96 1 1
1 23.08 2.5 2 1 1 0.085 0 0 0 1 2 100 4209 0
1 19.5 9.58 2 6 4 0.79 0 0 0 0 2 80 351 0
0 24.33 2.5 1 3 5 4.5 0 0 0 0 2 200 457 0
1 23.17 11.12 2 14 8 0.46 1 1 1 0 2 100 1 1
0 50.08 12.54 2 6 4 2.29 1 1 3 1 2 156 1 1
0 28.08 15 1 10 9 0 1 0 0 0 2 0 13213 1
1 73.42 17.75 2 1 1 0 1 0 0 1 2 0 1 1
1 51.42 0.04 2 14 8 0.04 1 0 0 0 2 0 3001 1
0 25.25 13.5 1 1 1 2 0 1 1 1 2 200 2 0
1 18.82 0.41 1 8 4 0.165 0 1 1 0 2 200 2 0
1 51.83 2.04 1 1 1 1.5 0 0 0 0 2 120 2 0
1 27 0.75 2 8 8 4.25 1 1 3 1 2 312 151 1
1 18.32 1.21 1 10 2 0 0 0 0 0 2 100 1 0
0 23 11.75 2 14 8 0.5 1 1 2 1 2 300 552 1
0 27.17 1.25 2 1 1 0 0 1 1 0 2 92 301 0
1 36.25 5 2 8 5 2.5 1 1 6 0 2 0 368 1
1 30.75 1.58 2 2 4 0.585 0 0 0 1 1 0 1 0
1 27.75 1.29 2 4 8 0.25 0 0 0 1 1 140 1 0
1 17.07 3.29 2 3 4 0.335 0 0 0 1 2 140 3 0
1 26.67 2.71 1 13 4 5.25 1 1 1 0 2 211 1 1
1 27.58 3.25 1 11 8 5.085 0 1 2 1 2 369 2 0
0 27.25 0.28 2 7 8 0.125 0 1 1 1 2 272 109 0
1 30.58 2.71 1 7 4 0.125 0 0 0 1 1 80 1 0
1 23.25 12.62 2 8 4 0.125 0 1 2 0 2 0 5553 0
0 31.57 11.25 2 1 1 0 0 0 0 0 2 184 5201 0
1 31.33 19.5 2 8 4 7 1 1 16 0 2 0 5001 1
1 31.57 5 1 6 4 8.5 1 0 0 0 2 0 1 0
1 32.33 7.5 2 10 5 1.585 1 0 0 1 1 420 1 0
0 23 1.83 2 5 3 0 0 1 1 0 2 200 54 0
1 18.82 3.54 1 1 1 0 0 0 0 1 2 180 2 0
0 51.92 6.5 2 3 5 3.085 0 0 0 1 2 73 1 0
1 41.17 1.25 1 9 4 0.25 0 0 0 0 2 0 196 0
0 24.75 3 2 11 8 1.835 1 1 19 0 2 0 501 1
0 51.92 6.5 2 3 5 3.085 0 0 0 1 2 73 1 0
0 22.5 8.5 2 11 4 1.75 1 1 10 0 2 80 991 0
0 25.08 2.54 1 6 4 0.25 1 0 0 1 2 370 1 1
1 20.42 7 2 8 4 1.625 1 1 3 0 2 200 1392 1
0 18.07 0.37 3 13 1 10 0 0 0 1 1 300 1 1
0 22.67 3.8 2 8 4 0.165 0 0 0 0 2 160 1 0
1 74.83 19 1 1 1 0.04 0 1 2 0 2 0 352 0
1 43.25 3 2 11 8 6 1 1 11 0 2 80 1 1
0 51.92 6.5 2 3 5 3.085 0 0 0 1 2 73 1 0
0 31.57 3.5 2 2 4 3 1 0 0 1 2 300 1 0
1 16.07 0.75 2 8 4 1.75 1 1 5 1 2 352 691 1
0 32.33 0.54 2 13 4 0.04 1 0 0 0 2 440 11178 1
1 20 1.25 1 4 4 0.125 0 0 0 0 2 140 5 0
1 23.42 1 2 8 4 0.5 0 0 0 1 1 280 1 0
0 19.75 0.75 2 8 4 0.795 1 1 5 1 2 140 6 0
1 22 0.79 2 9 4 0.29 0 1 1 0 2 420 284 0
1 20.07 0.25 2 11 4 0.125 0 0 0 0 2 200 1 0
1 39.92 5 2 3 5 0.21 0 0 0 0 2 550 1 0
1 40.25 21.5 2 10 9 20 1 1 11 0 2 0 1201 1
0 46 4 2 5 3 0 1 0 0 0 2 100 961 1
0 25.33 2.08 2 8 8 2.75 1 0 0 1 2 360 2 0
0 41 2.04 1 11 8 0.125 1 1 23 1 2 455 1237 1
1 27.42 12.5 2 6 5 0.25 0 0 0 1 2 720 1 0
1 24.33 6.62 1 2 4 5.5 1 0 0 1 1 100 1 1
0 17.82 11 2 14 8 1 1 1 11 0 2 0 3001 1
1 27.58 3.25 1 11 8 5.085 0 1 2 1 2 369 2 0
0 23.42 0.79 1 11 4 1.5 1 1 2 1 2 80 401 1
0 45 4.58 2 4 8 1 0 0 0 1 1 240 1 0
0 22.5 8.5 2 11 4 1.75 1 1 10 0 2 80 991 0
1 49.17 2.29 2 1 1 0.29 0 0 0 0 2 200 4 0
1 21.92 0.54 1 14 4 0.04 1 1 1 1 2 840 60 1
1 48.75 26.33 1 1 1 0 1 0 0 1 2 0 1 0
0 22.92 1.25 2 11 4 0.25 0 0 0 1 2 120 810 0
1 52.33 1.37 1 8 8 9.46 1 0 0 1 2 200 101 0
1 16.25 0 1 6 4 0.25 0 0 0 0 2 60 1 0
1 32.08 4 1 13 4 1.5 0 0 0 1 2 120 1 0
1 36.33 2.12 1 9 4 0.085 1 1 1 0 2 50 1188 1
0 18.57 10 2 2 4 0.415 0 0 0 0 2 80 43 0
1 36.67 4.41 1 4 4 0.25 1 1 10 1 2 320 1 1
1 23.08 11.5 2 3 4 3.5 1 1 9 0 2 56 743 1
1 80.25 5.5 2 8 4 0.54 1 0 0 0 2 0 341 0
1 43.17 2.25 2 3 5 0.75 1 0 0 0 2 560 1 0
1 64.08 20 2 14 8 17.5 1 1 9 1 2 0 1001 1
1 22.08 11 2 13 4 0.665 1 0 0 0 2 100 1 1
0 28.08 15 1 10 9 0 1 0 0 0 2 0 13213 1
0 26.5 2.71 1 8 4 0.085 0 0 0 0 1 80 1 0
1 30.17 6.5 2 13 4 3.125 1 1 8 0 2 330 1201 1
1 20.17 5.62 2 9 4 1.71 1 0 0 0 1 120 1 1
1 55.92 11.5 2 1 1 5 1 1 5 0 2 0 8852 1
1 20.67 0.83 1 8 4 2 0 0 0 1 1 240 1 0
1 35.17 4.5 2 14 8 5.75 0 0 0 1 1 711 1 1
0 31.75 3 1 5 3 0 0 0 0 0 2 160 21 0
1 25.83 12.83 2 13 4 0.5 0 0 0 0 2 0 3 0
0 17.57 9 2 6 4 1.375 1 0 0 1 2 0 1 1
1 27.75 1.29 2 4 8 0.25 0 0 0 1 1 140 1 0
0 47 13 2 3 5 5.165 1 1 9 1 2 0 1 1
1 31.67 16.16 2 2 4 3 1 1 9 0 2 250 731 1
1 45 8.5 2 13 8 14 1 1 1 1 2 88 2001 1
1 31.57 4 2 14 4 5 1 1 3 1 2 290 2280 1
1 27.58 3.25 1 11 8 5.085 0 1 2 1 2 369 2 0
0 24.5 1.75 1 8 4 0.165 0 0 0 0 2 132 1 0
1 18.32 1.21 1 10 2 0 0 0 0 0 2 100 1 0
0 33.92 1.58 1 1 1 0 1 0 0 0 2 320 1 0
0 36.75 4.71 2 1 1 0 0 0 0 0 2 160 1 0
0 26.17 2 2 5 3 0 0 0 0 1 2 276 2 0
1 34.67 1.08 2 7 4 1.165 0 0 0 0 1 28 1 0
1 27.83 1.54 2 9 4 3.75 1 1 5 1 2 100 4 1
0 20.42 7.5 2 4 4 1.5 1 1 1 0 2 160 235 1
1 28.67 9.33 2 11 8 5.665 1 1 6 0 2 381 169 1
1 25.75 0.75 2 8 5 0.25 1 0 0 0 2 349 24 1
0 18.92 9.25 1 8 4 1 1 1 4 1 2 80 501 1
0 21.75 1.75 1 5 3 0 0 0 0 0 2 160 1 0
0 16 0.16 2 6 4 1 0 1 2 1 2 320 2 0
1 30.17 6.5 2 13 4 3.125 1 1 8 0 2 330 1201 1
0 24.83 4.5 2 9 4 1 0 0 0 1 2 360 7 0
1 37.33 6.5 2 7 8 4.25 1 1 12 1 2 93 1 1
1 36.67 3.25 2 11 8 9 1 0 0 1 2 102 640 1
0 55.75 7.08 2 4 8 6.75 1 1 3 1 2 100 51 0
1 19 1.75 1 8 4 2.335 0 0 0 1 2 112 7 0
1 21.08 10.08 1 10 8 1.25 0 0 0 0 2 260 1 0
1 23.75 12 2 8 4 2.085 0 0 0 0 1 80 1 0
0 24.33 2.5 1 3 5 4.5 0 0 0 0 2 200 457 0
1 24.58 12.5 2 9 4 0.875 1 0 0 1 2 260 1 0
1 27.42 12.5 2 6 5 0.25 0 0 0 1 2 720 1 0
1 48.08 6.04 2 4 4 0.04 0 0 0 0 2 0 2691 1
1 43.25 3 2 11 8 6 1 1 11 0 2 80 1 1
1 19.5 9.58 2 6 4 0.79 0 0 0 0 2 80 351 0
1 28.67 14.5 2 2 4 0.125 0 0 0 0 2 0 287 0
1 28.75 1.5 1 8 4 1.5 1 0 0 1 2 0 226 0
1 29.67 1.41 2 9 8 0.75 1 1 1 0 2 240 101 1
1 51.33 10 2 3 5 0 1 1 11 0 2 0 1250 1
1 27.58 3.25 1 11 8 5.085 0 1 2 1 2 369 2 0
1 34.25 3 2 13 8 7.415 1 0 0 1 2 0 1 1
1 22.17 12.12 2 8 4 3.335 0 1 2 1 2 180 174 0
0 31.57 11.25 2 1 1 0 0 0 0 0 2 184 5201 0
1 21.67 1.16 1 4 4 2.5 1 1 1 0 2 180 21 0
1 32.33 7.5 2 10 5 1.585 1 0 0 1 1 420 1 0
1 40.58 1.5 2 3 5 0 0 0 0 0 1 300 1 0
0 22.67 0.33 2 11 4 0.75 0 0 0 0 1 160 1 0
1 23.33 1.5 2 8 8 1.415 1 0 0 0 2 422 201 1
1 37.42 2.04 2 9 4 0.04 1 0 0 1 2 400 5801 1
1 59.5 2.75 2 9 4 1.75 1 1 5 1 2 60 59 1
1 26.83 0.54 2 4 1 0 0 0 0 0 2 100 1 0
1 39.25 9.5 2 7 4 6.5 1 1 14 0 2 240 4608 1
1 19.67 10 1 4 8 0.835 1 0 0 1 2 140 1 0
1 36.17 18.12 2 9 4 0.085 0 0 0 0 2 320 3553 0
1 45 8.5 2 13 8 14 1 1 1 1 2 88 2001 1

