1 36.17 5.5 2 3 5 5 0 0 0 0 2 210 688 0
1 20 0 2 2 4 0.5 0 0 0 0 2 144 1 0
0 25.75 0.5 2 8 8 0.875 1 0 0 1 2 491 1 1
0 18.42 9.25 2 11 4 1.21 1 1 4 0 2 60 541 1
0 17.57 9 2 6 4 1.375 1 0 0 1 2 0 1 1
1 16.32 4.08 2 3 8 0.415 0 0 0 1 2 120 1 0
1 39.17 1.62 2 8 4 1.5 1 1 10 0 2 186 4701 1
1 23.08 11.5 2 3 4 3.5 1 1 9 0 2 56 743 1
0 37.33 2.5 2 3 8 0.21 0 0 0 0 2 260 247 0
0 29.5 1.08 1 14 4 1 0 0 0 0 2 280 14 0
1 54.42 0.5 1 4 8 3.96 1 0 0 0 2 180 315 1
0 25.25 13.5 1 1 1 2 0 1 1 1 2 200 2 0
1 45 8.5 2 13 8 14 1 1 1 1 2 88 2001 1
1 32.08 4 1 13 4 1.5 0 0 0 1 2 120 1 0
1 42.17 5.04 2 11 8 12.75 1 0 0 1 2 92 1 1
1 41.92 0.42 2 8 8 0.21 1 1 6 0 2 220 949 1
0 49.83 13.58 2 4 8 8.5 1 0 0 1 2 0 1 1
1 19.67 0.37 2 11 4 2 1 1 2 1 2 80 1 1
1 24.58 13.5 1 1 1 0 0 0 0 0 2 184 1 0
1 40.92 0.5 1 7 4 0.5 0 0 0 1 2 130 1 0
0 18.75 7.5 2 11 4 2.71 1 1 5 0 2 184 26727 1
0 20.42 10.5 1 14 8 0 0 0 0 1 2 154 33 0
1 35.25 16.5 1 8 4 4 1 0 0 0 2 80 1 0
0 18.75 7.5 2 11 4 2.71 1 1 5 0 2 184 26727 1
0 28.17 0.58 2 6 4 0.04 0 0 0 0 2 260 1005 0
1 16 3.12 2 9 4 0.085 0 1 1 0 2 0 7 0
0 24.92 1.25 2 1 1 0 1 0 0 0 2 80 1 0
0 28.08 15 1 10 9 0 1 0 0 0 2 0 13213 1
1 20 1.25 1 4 4 0.125 0 0 0 0 2 140 5 0
1 56 12.5 2 4 8 8 1 0 0 1 2 24 2029 1
1 34.75 2.5 2 13 5 0.5 0 0 0 0 2 348 1 0
1 21 4.79 1 9 4 2.25 1 1 1 1 2 80 301 1
1 56.75 12.25 2 7 4 1.25 1 1 4 1 2 200 1 1
1 21.17 0.25 1 8 8 0.25 0 0 0 0 2 280 205 0
1 40.58 5 2 8 4 5 1 1 7 0 2 0 3066 1
1 27.58 3.25 1 11 8 5.085 0 1 2 1 2 369 2 0
1 54.83 15.5 2 10 9 0 1 1 20 0 2 152 131 0
1 34.5 4.04 1 3 5 8.5 1 1 7 1 2 195 1 1
1 41.92 0.42 2 8 8 0.21 1 1 6 0 2 220 949 1
0 58.33 10 2 11 4 4 1 1 14 0 2 0 1603 1
0 20.07 1.25 2 8 4 0 0 0 0 0 2 0 1 0
1 25 12.5 2 6 4 3 1 0 0 1 1 20 1 1
0 17.57 9 2 6 4 1.375 1 0 0 1 2 0 1 1
0 22.67 0.33 2 11 4 0.75 0 0 0 0 1 160 1 0
0 57.58 2 2 1 1 6.5 0 1 1 0 2 0 11 0
0 52.17 0 1 1 1 0 0 0 0 0 2 0 1 0
1 37.33 2.66 2 13 4 0.165 0 0 0 1 2 0 502 0
1 20.17 9.25 2 8 4 1.665 1 1 3 1 2 40 29 1
1 43.25 25.21 2 11 8 0.21 1 1 1 0 2 760 91 0
1 36.75 0.12 1 8 4 1.5 0 0 0 1 2 232 114 1
1 22.92 3.16 1 8 4 0.165 0 0 0 0 2 160 1059 0
1 36.08 2.54 2 1 1 0 0 0 0 0 2 0 1001 0
0 22.67 3.8 2 8 4 0.165 0 0 0 0 2 160 1 0
1 23.33 1.5 2 8 8 1.415 1 0 0 0 2 422 201 1
1 44.25 11 1 2 4 1.5 1 0 0 0 1 0 1 0
0 30 5.29 2 10 2 2.25 1 1 5 1 2 99 501 1
0 18.75 7.5 2 11 4 2.71 1 1 5 0 2 184 26727 1
1 32.08 4 2 7 4 2.5 1 0 0 1 2 360 1 1
0 19.17 0.58 1 6 4 0.585 1 0 0 1 2 160 1 0
1 24.83 2.75 2 8 4 2.25 1 1 6 0 2 184 601 1
1 18.82 3.54 1 1 1 0 0 0 0 1 2 180 2 0
1 24.42 12.33 2 11 8 1.585 1 0 0 1 2 120 1 1
1 25.58 0.33 2 4 8 3.5 0 0 0 1 2 340 1 0
0 24.92 1.25 2 1 1 0 1 0 0 0 2 80 1 0
1 60.08 14.5 2 1 1 18 1 1 15 1 2 0 1001 1
0 16.32 0.21 2 6 4 0.125 0 0 0 0 2 200 2 0
1 27.83 1.54 2 9 4 3.75 1 1 5 1 2 100 4 1
0 19.17 8.58 2 13 8 0.75 1 1 7 0 2 96 1 1
0 25.33 2.08 2 8 8 2.75 1 0 0 1 2 360 2 0
0 16 0.16 2 6 4 1 0 1 2 1 2 320 2 0
0 52.83 15 2 8 4 5.5 1 1 14 0 2 0 2201 1
0 71.58 0 2 8 4 0 0 0 0 0 3 184 1 1
1 26.17 0.83 2 13 4 1.165 0 0 0 0 2 100 1 0
1 33.58 2.75 2 7 4 4.25 1 1 6 0 2 204 1 1
1 51.58 15 2 8 4 8.5 1 1 9 0 2 0 1 1
1 32.83 2.5 2 13 8 2.75 1 1 6 0 2 160 2073 1
0 57.58 2 2 1 1 6.5 0 1 1 0 2 0 11 0
0 45.33 1 2 11 4 0.125 0 0 0 1 2 263 1 0
0 24.83 4.5 2 9 4 1 0 0 0 1 2 360 7 0
0 23.58 0.83 2 11 4 0.415 0 1 1 1 2 200 12 0
1 24.33 6.62 1 2 4 5.5 1 0 0 1 1 100 1 1
1 59.5 2.75 2 9 4 1.75 1 1 5 1 2 60 59 1
0 22.67 0.33 2 11 4 0.75 0 0 0 0 1 160 1 0
0 33.08 1.62 2 2 4 0.54 0 0 0 1 2 0 1 0
0 19.17 8.58 2 13 8 0.75 1 1 7 0 2 96 1 1
1 20.17 9.25 2 8 4 1.665 1 1 3 1 2 40 29 1
0 32.33 0.54 2 13 4 0.04 1 0 0 0 2 440 11178 1
1 64.08 20 2 14 8 17.5 1 1 9 1 2 0 1001 1
1 48.33 12 2 7 4 16 1 0 0 0 1 110 1 1
0 23.25 5.87 2 11 4 3.17 1 1 10 0 2 120 246 1
1 26.17 0.25 2 3 5 0 1 0 0 1 2 0 1 1
1 29.58 4.75 2 7 4 2 0 1 1 1 2 460 69 0
1 34.42 4.25 2 3 5 3.25 1 1 2 0 2 274 611 1
1 39.25 9.5 2 7 4 6.5 1 1 14 0 2 240 4608 1
1 27.25 1.66 2 13 8 5.085 1 1 9 0 2 399 828 1
0 21.5 6 2 6 4 2.5 1 1 3 0 2 80 919 1
0 24.08 0.5 2 11 8 1.25 1 1 1 0 2 0 679 1
1 24.58 1.25 2 8 4 0.25 0 0 0 0 2 110 1 0
1 44 2 2 7 4 1.75 1 1 2 1 2 0 16 1
0 20.75 9.53 2 3 4 0.04 0 0 0 0 2 200 1001 0
1 42.17 5.04 2 11 8 12.75 1 0 0 1 2 92 1 1
0 32.25 1.5 2 8 4 0.25 0 0 0 1 2 372 123 0
1 39.17 1.62 2 8 4 1.5 1 1 10 0 2 186 4701 1
1 48.75 8.5 2 8 8 12.5 1 1 9 0 2 181 1656 1
1 24.33 6.62 1 2 4 5.5 1 0 0 1 1 100 1 1
1 49.58 19 2 1 1 0 1 1 1 0 2 94 1 0
1 20 11.04 2 8 4 2 0 0 0 1 2 136 1 0
1 39 5 2 13 4 3.5 1 1 10 1 2 0 1 1
1 32.08 4 2 7 4 2.5 1 0 0 1 2 360 1 1
0 28.75 3.75 2 8 4 1.085 1 1 1 1 2 371 1 1
1 43.25 3 2 11 8 6 1 1 11 0 2 80 1 1
1 40 6.5 2 6 5 3.5 1 1 1 0 2 0 501 1
0 36.58 0.28 2 1 1 0 0 1 10 0 2 200 19 0
1 39.42 1.71 1 7 4 0.165 0 0 0 0 1 400 1 0
1 22.08 11 2 13 4 0.665 1 0 0 0 2 100 1 1
1 43.17 5 2 3 5 2.25 0 0 0 1 2 141 1 0
0 33.67 0.37 2 13 4 0.375 0 0 0 0 2 300 45 1
1 21 3 1 2 4 1.085 1 1 8 1 2 160 2 1
1 32.75 1.5 2 13 8 5.5 1 1 3 1 2 0 1 1
0 33.67 0.37 2 13 4 0.375 0 0 0 0 2 300 45 1
1 19.67 0.37 2 11 4 2 1 1 2 1 2 80 1 1
0 37.33 2.5 2 3 8 0.21 0 0 0 0 2 260 247 0
0 28.17 0.37 2 11 4 0.585 1 1 4 0 2 80 1 1
1 27.25 1.58 2 13 8 1.835 1 1 12 1 2 583 714 1
0 58.67 4.46 2 11 8 3.04 1 1 6 0 2 43 561 1
0 29.58 1.75 1 4 4 1.25 0 0 0 1 2 280 1 0
0 16.32 0.21 2 6 4 0.125 0 0 0 0 2 200 2 0
0 26.92 13.5 2 11 8 5 1 1 2 0 2 0 5001 1
1 39.42 1.71 1 7 4 0.165 0 0 0 0 1 400 1 0
0 25.25 13.5 1 1 1 2 0 1 1 1 2 200 2 0
1 31.67 0.83 2 14 4 1.335 1 1 8 1 2 303 3291 1
1 51.83 2.04 1 1 1 1.5 0 0 0 0 2 120 2 0
1 18.07 6.75 1 7 4 0.04 0 0 0 0 2 140 1 0
1 19.5 9.58 2 6 4 0.79 0 0 0 0 2 80 351 0
1 37.5 1.12 1 2 4 1.5 0 0 0 1 2 431 1 1
0 58.42 21 2 3 5 10 1 1 13 0 2 0 6701 1
0 19.17 0.58 1 6 4 0.585 1 0 0 1 2 160 1 0
1 22.08 11 2 13 4 0.665 1 0 0 0 2 100 1 1
1 22.67 2.54 1 8 8 2.585 1 0 0 0 2 0 1 1
0 33.67 0.37 2 13 4 0.375 0 0 0 0 2 300 45 1
0 20.67 1.83 2 11 4 2.085 1 1 5 0 2 220 2504 1
0 35.17 3.75 2 1 1 0 0 1 6 0 2 0 201 0
1 37.33 6.5 2 7 8 4.25 1 1 12 1 2 93 1 1
0 52.83 15 2 8 4 5.5 1 1 14 0 2 0 2201 1
0 27.25 0.28 2 7 8 0.125 0 1 1 1 2 272 109 0
1 19.67 10 1 4 8 0.835 1 0 0 1 2 140 1 0
1 32.33 2.5 2 8 4 1.25 0 0 0 1 2 280 1 0
1 31.67 0.83 2 14 4 1.335 1 1 8 1 2 303 3291 1
1 35.17 4.5 2 14 8 5.75 0 0 0 1 1 711 1 1
1 25.33 0.57 2 8 4 0.29 1 1 7 1 2 96 5125 1
0 41.58 1.04 2 6 4 0.665 0 0 0 0 2 240 238 0
0 23.75 0.71 2 9 4 0.25 0 1 1 1 2 240 5 0
0 25.25 13.5 1 1 1 2 0 1 1 1 2 200 2 0
1 42.83 4.62 2 11 4 4.58 1 0 0 0 1 0 1 1
1 34.25 3 2 13 8 7.415 1 0 0 1 2 0 1 1
1 38.42 0.7 2 8 4 0.375 0 1 2 0 2 225 501 0
0 26.5 2.71 1 8 4 0.085 0 0 0 0 1 80 1 0
1 33.17 1.04 2 12 8 6.5 1 0 0 1 2 164 31286 1
1 26.75 2 2 2 4 0.75 0 0 0 1 2 80 1 0
0 21.75 11.75 2 8 4 0.25 0 0 0 1 2 180 1 0
0 25.25 13.5 1 1 1 2 0 1 1 1 2 200 2 0
1 40.58 5 2 8 4 5 1 1 7 0 2 0 3066 1
1 25 12.5 2 6 4 3 1 0 0 1 1 20 1 1
1 48.33 12 2 7 4 16 1 0 0 0 1 110 1 1
1 22 0.79 2 9 4 0.29 0 1 1 0 2 420 284 0

