0 34.83 1.25 1 3 8 0.5 0 0 0 1 2 160 1 0
1 31.08 1.5 1 9 4 0.04 0 0 0 0 1 160 1 0
1 52.33 1.37 1 8 8 9.46 1 0 0 1 2 200 101 0
0 28.5 3.04 1 14 8 2.54 1 1 1 0 2 70 1 1
1 36.17 5.5 2 3 5 5 0 0 0 0 2 210 688 0
1 31.57 0.5 2 8 5 0.835 1 0 0 1 1 320 1 0
1 54.42 0.5 1 4 8 3.96 1 0 0 0 2 180 315 1
1 29.25 13 2 2 8 0.5 0 0 0 0 2 228 1 0
0 22.67 0.75 2 8 4 2 0 1 2 1 2 200 395 0
0 46.67 0.46 2 13 8 0.415 1 1 11 1 2 440 7 1
1 32.67 5.5 2 11 8 5.5 1 1 12 1 2 408 1001 1
0 40.33 7.54 1 11 8 8 1 1 14 0 2 0 2301 1
1 23 0.62 1 6 4 0.125 1 0 0 0 2 180 2 0
0 64.08 0.16 2 1 1 0 1 1 1 0 2 232 101 1
1 56 12.5 2 4 8 8 1 0 0 1 2 24 2029 1
0 28.42 3.5 2 9 4 0.835 1 0 0 0 1 280 1 1
1 52.42 1.5 2 2 4 3.75 0 0 0 1 2 0 351 0
1 47.17 5.83 2 9 4 5.5 0 0 0 0 2 465 151 0
0 20.75 9.53 2 3 4 0.04 0 0 0 0 2 200 1001 0
1 31.57 0.5 2 8 5 0.835 1 0 0 1 1 320 1 0
1 31.92 4.46 2 13 8 6.04 1 1 3 0 2 311 301 1
1 35.17 2.5 2 4 4 4.5 1 1 7 0 2 150 1271 1
0 28.67 1.04 2 8 4 2.5 1 1 5 1 2 300 1431 1
1 25.08 1.71 2 14 4 1.665 1 1 1 1 2 395 21 1
0 65.17 14 2 1 1 0 1 1 11 1 2 0 1401 1
1 19.5 0.28 2 4 4 0.29 0 0 0 0 2 280 365 0
1 55.92 11.5 2 1 1 5 1 1 5 0 2 0 8852 1
0 16 0.16 2 6 4 1 0 1 2 1 2 320 2 0
1 22.92 3.16 1 8 4 0.165 0 0 0 0 2 160 1059 0
1 43.25 3 2 11 8 6 1 1 11 0 2 80 1 1
0 30.58 10.66 2 11 8 0.085 0 1 12 1 2 129 4 0
0 38.25 6 2 4 4 1 1 0 0 1 2 0 1 1
0 37.33 2.5 2 3 8 0.21 0 0 0 0 2 260 247 0
1 21.17 0.87 1 8 8 0.25 0 0 0 0 2 280 205 0
1 21.33 10.5 2 8 4 3 1 0 0 1 2 0 1 1
0 25.25 13.5 1 1 1 2 0 1 1 1 2 200 2 0
1 16.07 0.75 2 8 4 1.75 1 1 5 1 2 352 691 1
1 25.83 12.83 2 13 4 0.5 0 0 0 0 2 0 3 0
1 43.17 5 2 3 5 2.25 0 0 0 1 2 141 1 0
1 32.33 2.5 2 8 4 1.25 0 0 0 1 2 280 1 0
0 24.75 13.66 2 11 8 1.5 0 0 0 0 2 280 2 0
0 49 1.5 2 5 3 0 1 0 0 1 2 100 28 0
1 17.07 0.08 1 8 4 0.04 0 0 0 0 2 140 723 0
1 19.5 0.28 2 4 4 0.29 0 0 0 0 2 280 365 0
0 50.25 0.83 2 6 4 0.5 0 0 0 1 2 240 118 0
0 33.25 2.5 1 8 4 2.5 0 0 0 1 2 0 3 0
1 19.42 1.5 1 13 4 2 1 0 0 1 2 100 21 0
1 43.17 2.25 2 3 5 0.75 1 0 0 0 2 560 1 0
1 32.33 2.5 2 8 4 1.25 0 0 0 1 2 280 1 0
1 44.25 11 1 2 4 1.5 1 0 0 0 1 0 1 0
0 44.17 6.66 2 11 4 7.375 1 1 3 1 2 0 1 1
1 28.67 9.33 2 11 8 5.665 1 1 6 0 2 381 169 1
1 34.67 1.08 2 7 4 1.165 0 0 0 0 1 28 1 0
0 20.67 3 2 11 4 0.165 1 1 3 0 2 100 7 1
1 26 1 2 11 4 1.75 1 0 0 1 2 280 1 1
1 25.25 1 2 6 4 0.5 0 0 0 0 2 200 1 0
0 47.42 8 2 10 5 6.5 1 1 6 0 2 375 51101 1
0 20.75 10.25 2 11 4 0.71 1 1 2 1 2 49 1 1
1 33.5 1.75 2 14 8 4.5 1 1 4 1 2 253 858 1
1 21.92 0.54 1 14 4 0.04 1 1 1 1 2 840 60 1
1 34.75 2.5 2 13 5 0.5 0 0 0 0 2 348 1 0
1 19 0 1 1 1 0 0 1 4 0 2 45 2 0
1 39.83 0.5 2 7 4 0.25 1 0 0 0 1 288 1 0
0 20.42 0.83 2 11 4 1.585 1 1 1 0 2 0 1 1
0 22.25 1.25 1 1 1 3.25 0 0 0 0 2 280 1 0
1 28 2 2 4 8 4.165 1 1 2 1 2 181 1 1
1 48.75 26.33 1 1 1 0 1 0 0 1 2 0 1 0
1 19.17 0 1 7 5 0 0 0 0 1 1 500 2 1
1 42 9.78 2 14 8 7.96 1 1 8 0 2 0 1 1
0 25 12.33 2 13 8 3.5 1 1 6 0 2 400 459 1
1 29.42 1.25 2 8 8 0.25 0 1 2 1 2 400 109 0
1 20 1.25 1 4 4 0.125 0 0 0 0 2 140 5 0
0 40.33 7.54 1 11 8 8 1 1 14 0 2 0 2301 1
0 41 2.04 1 11 8 0.125 1 1 23 1 2 455 1237 1
1 32.33 3.5 2 4 4 0.5 0 0 0 1 2 232 1 0
1 54.42 0.5 1 4 8 3.96 1 0 0 0 2 180 315 1
1 38.25 10.12 1 4 4 0.125 0 0 0 0 2 160 1 0
0 28.17 0.37 2 11 4 0.585 1 1 4 0 2 80 1 1
1 74.83 19 1 1 1 0.04 0 1 2 0 2 0 352 0
0 22.67 0.79 2 3 4 0.085 0 0 0 0 2 144 1 0
0 33.08 1.62 2 2 4 0.54 0 0 0 1 2 0 1 0
1 21.67 1.16 1 4 4 2.5 1 1 1 0 2 180 21 0
0 21.08 5 1 1 1 0 0 0 0 0 2 0 1 0
1 43.08 0.37 1 8 4 0.375 1 1 8 1 2 300 163 1
1 51.83 2.04 1 1 1 1.5 0 0 0 0 2 120 2 0
1 44.33 0.5 2 3 8 5 1 0 0 1 2 320 1 1
0 33.08 1.62 2 2 4 0.54 0 0 0 1 2 0 1 0
0 38.58 5 2 13 4 13.5 1 0 0 1 2 980 1 0
0 25.42 1.12 2 11 4 1.29 1 1 2 0 2 200 1 0
1 28.25 0.87 2 7 4 0.96 1 1 3 1 2 396 1 1
1 31.67 0.83 2 14 4 1.335 1 1 8 1 2 303 3291 1
0 27.67 1.5 2 7 4 2 1 0 0 0 1 368 1 0
1 34.83 4 2 2 5 12.5 1 0 0 1 2 184 1 0
0 39.08 4 2 8 4 3 0 0 0 0 2 480 1 0
1 64.08 20 2 14 8 17.5 1 1 9 1 2 0 1001 1
1 36.5 4.25 2 11 4 3.5 0 0 0 0 2 454 51 0
0 22.92 11.58 2 13 4 0.04 1 0 0 0 2 80 1350 1
1 21.67 1.16 1 4 4 2.5 1 1 1 0 2 180 21 0
1 36.42 0.75 1 2 4 0.585 0 0 0 0 2 240 4 0
1 19 1.75 1 8 4 2.335 0 0 0 1 2 112 7 0
1 16.25 0.83 2 7 4 0.085 1 0 0 0 1 200 1 0
1 39.25 9.5 2 7 4 6.5 1 1 14 0 2 240 4608 1
1 25 12 2 4 4 2.25 1 1 2 1 2 120 6 0
1 24.17 0.87 2 11 4 4.625 1 1 2 1 2 520 2001 1
0 41.58 1.04 2 6 4 0.665 0 0 0 0 2 240 238 0
1 54.83 15.5 2 10 9 0 1 1 20 0 2 152 131 0
1 39.92 6.21 2 11 4 0.04 1 1 1 0 2 200 301 1
0 50.08 12.54 2 6 4 2.29 1 1 3 1 2 156 1 1
1 23.08 11.5 2 3 4 3.5 1 1 9 0 2 56 743 1
1 24.33 6.62 1 2 4 5.5 1 0 0 1 1 100 1 1
0 36.58 0.28 2 1 1 0 0 1 10 0 2 200 19 0
1 39.92 5 2 3 5 0.21 0 0 0 0 2 550 1 0
1 25 12.5 2 6 4 3 1 0 0 1 1 20 1 1
1 23.08 11.5 2 3 4 3.5 1 1 9 0 2 56 743 1
1 36.33 2.12 1 9 4 0.085 1 1 1 0 2 50 1188 1
1 67.75 5.5 2 10 9 13 1 1 1 1 2 0 1 1
1 28.75 1.16 2 4 4 0.5 1 0 0 0 1 280 1 0
1 21.83 11 2 14 4 0.29 1 1 6 0 2 121 1 1
1 35.17 2.5 2 4 4 4.5 1 1 7 0 2 150 1271 1
1 28.33 5 2 9 4 11 1 0 0 1 2 70 1 1
0 22.92 1.25 2 11 4 0.25 0 0 0 1 2 120 810 0
0 33.25 2.5 1 8 4 2.5 0 0 0 1 2 0 3 0
0 32.33 0.54 2 13 4 0.04 1 0 0 0 2 440 11178 1
1 36.17 5.5 2 3 5 5 0 0 0 0 2 210 688 0
1 27.67 0.75 2 11 8 0.165 0 0 0 1 2 220 252 0
1 35.75 2.41 2 9 4 0.125 0 1 2 0 2 220 2 0
1 36.33 2.12 1 9 4 0.085 1 1 1 0 2 50 1188 1
1 40.92 0.83 2 1 1 0 1 0 0 0 2 130 2 0
1 34.5 4.04 1 3 5 8.5 1 1 7 1 2 195 1 1
1 27.75 0.58 1 13 4 0.25 1 1 2 0 2 260 501 1
1 27.25 1.66 2 13 8 5.085 1 1 9 0 2 399 828 1
1 16.25 0 1 6 4 0.25 0 0 0 0 2 60 1 0
0 20.67 3 2 11 4 0.165 1 1 3 0 2 100 7 1
1 44 2 2 7 4 1.75 1 1 2 1 2 0 16 1
0 31.75 3 1 5 3 0 0 0 0 0 2 160 21 0
1 39.17 2.5 1 3 8 10 0 0 0 1 1 200 1 0
0 57.58 2 2 1 1 6.5 0 1 1 0 2 0 11 0
1 22.92 0.17 2 7 4 0.085 0 0 0 0 1 0 1 0
1 30.17 0.5 2 8 4 1.75 1 1 11 0 2 32 541 1
0 47.42 3 2 14 4 13.875 1 1 2 1 2 519 1705 1
1 32.33 7.5 2 10 5 1.585 1 0 0 1 1 420 1 0
1 35.25 3.16 2 14 8 3.75 1 0 0 1 2 680 1 0
0 40.33 7.54 1 11 8 8 1 1 14 0 2 0 2301 1
1 19.5 9.58 2 6 4 0.79 0 0 0 0 2 80 351 0
1 39.17 1.62 2 8 4 1.5 1 1 10 0 2 186 4701 1
1 32.75 2.33 2 2 8 5.75 0 0 0 1 2 292 1 0
1 51.42 0.04 2 14 8 0.04 1 0 0 0 2 0 3001 1
1 32.83 2.5 2 13 8 2.75 1 1 6 0 2 160 2073 1
1 28 3 2 9 4 0.75 0 0 0 1 2 300 68 0
1 20.42 1.08 2 11 4 1.5 0 0 0 0 2 108 8 0
1 25.67 3.25 2 8 8 2.29 0 1 1 1 2 416 22 0
1 34.75 2.5 2 13 5 0.5 0 0 0 0 2 348 1 0
1 41.92 0.42 2 8 8 0.21 1 1 6 0 2 220 949 1
0 20.42 0.83 2 11 4 1.585 1 1 1 0 2 0 1 1
1 40.58 1.5 2 3 5 0 0 0 0 0 1 300 1 0
1 20.17 9.25 2 8 4 1.665 1 1 3 1 2 40 29 1
1 19 0 1 1 1 0 0 1 4 0 2 45 2 0
1 48.17 3.5 2 6 4 3.5 1 0 0 0 1 230 1 1
1 25.67 0.28 1 8 4 1.5 0 0 0 1 2 160 1 0
1 23 0.62 1 6 4 0.125 1 0 0 0 2 180 2 0
1 31.25 1.12 2 1 1 0 0 1 1 0 2 96 20 0
0 39.08 4 2 8 4 3 0 0 0 0 2 480 1 0
1 27.67 0.75 2 11 8 0.165 0 0 0 1 2 220 252 0
1 47.67 0.28 2 8 5 15 1 1 20 0 2 0 15001 1
1 33.67 1.25 2 9 4 1.165 0 0 0 0 2 120 1 0

