0 36.58 0.28 2 1 1 0 0 1 10 0 2 200 19 0
1 29.83 3.5 2 8 4 0.165 0 0 0 0 2 216 1 0
0 25.08 2.54 1 6 4 0.25 1 0 0 1 2 370 1 1
1 19.17 4 1 3 4 1 0 0 0 1 2 360 1001 0
1 30.17 0.5 2 8 4 1.75 1 1 11 0 2 32 541 1
1 32.33 3.5 2 4 4 0.5 0 0 0 1 2 232 1 0
1 36.17 0.42 1 9 4 0.29 0 0 0 1 2 309 3 0
0 27.17 1.25 2 1 1 0 0 1 1 0 2 92 301 0
1 20.67 0.83 1 8 4 2 0 0 0 1 1 240 1 0
1 49.17 2.29 2 1 1 0.29 0 0 0 0 2 200 4 0
0 17.57 9 2 6 4 1.375 1 0 0 1 2 0 1 1
1 52.5 6.5 2 4 4 6.29 1 1 15 0 2 0 11203 1
1 28.67 14.5 2 2 4 0.125 0 0 0 0 2 0 287 0
1 21.08 10.08 1 10 8 1.25 0 0 0 0 2 260 1 0
0 26.5 2.71 1 8 4 0.085 0 0 0 0 1 80 1 0
0 33.08 4.62 2 11 8 1.625 1 1 2 0 2 0 1 1
0 22.92 1.25 2 11 4 0.25 0 0 0 1 2 120 810 0
0 46.67 0.46 2 13 8 0.415 1 1 11 1 2 440 7 1
1 32.08 4 1 13 4 1.5 0 0 0 1 2 120 1 0
1 20.07 0.25 2 11 4 0.125 0 0 0 0 2 200 1 0
0 22.67 0.33 2 11 4 0.75 0 0 0 0 1 160 1 0
1 43.25 3 2 11 8 6 1 1 11 0 2 80 1 1
0 20.75 10.25 2 11 4 0.71 1 1 2 1 2 49 1 1
1 49.58 19 2 1 1 0 1 1 1 0 2 94 1 0
1 23.92 1.5 2 2 8 1.875 1 1 6 0 2 200 328 1
1 23.58 1.79 2 8 4 0.54 0 0 0 1 2 136 2 0
1 37.5 0.83 2 10 4 0.04 0 0 0 0 2 120 6 0
0 23.42 0.79 1 11 4 1.5 1 1 2 1 2 80 401 1
1 26.75 4.5 1 8 5 2.5 0 0 0 0 2 200 1211 0
1 34.42 4.25 2 3 5 3.25 1 1 2 0 2 274 611 1
1 55.92 11.5 2 1 1 5 1 1 5 0 2 0 8852 1
1 60.08 14.5 2 1 1 18 1 1 15 1 2 0 1001 1
1 28.67 9.33 2 11 8 5.665 1 1 6 0 2 381 169 1
1 32.83 2.5 2 13 8 2.75 1 1 6 0 2 160 2073 1
0 32.25 1.5 2 8 4 0.25 0 0 0 1 2 372 123 0
0 36.75 5.12 2 10 4 5 1 0 0 1 2 0 4001 1
1 20.42 1.08 2 11 4 1.5 0 0 0 0 2 108 8 0
1 20.67 5.29 2 11 4 0.375 1 1 1 0 2 160 1 0
0 55.75 7.08 2 4 8 6.75 1 1 3 1 2 100 51 0
1 20 7 2 8 4 0.5 0 0 0 0 2 0 1 0
1 31 2.08 2 8 4 0.085 0 0 0 0 2 300 1 0
1 27.58 2.04 1 6 4 2 1 1 3 1 2 370 561 1
0 22.67 0.79 2 3 4 0.085 0 0 0 0 2 144 1 0
0 29.5 2 1 10 8 2 0 0 0 0 2 256 18 0
1 23.42 0.58 2 8 8 0.085 1 0 0 0 2 180 1 0
1 40 6.5 2 6 5 3.5 1 1 1 0 2 0 501 1
1 41.92 0.42 2 8 8 0.21 1 1 6 0 2 220 949 1
0 24.33 2.5 1 3 5 4.5 0 0 0 0 2 200 457 0
0 27.17 1.25 2 1 1 0 0 1 1 0 2 92 301 0
1 33.67 2.16 2 8 4 1.5 0 0 0 0 3 120 1 0
1 21 4.79 1 9 4 2.25 1 1 1 1 2 80 301 1
0 29.5 1.08 1 14 4 1 0 0 0 0 2 280 14 0
1 39.17 1.71 2 14 4 0.125 1 1 5 1 2 480 1 1
1 31.57 0.37 2 2 4 0.875 1 0 0 1 1 928 1 0
0 21.75 1.75 1 5 3 0 0 0 0 0 2 160 1 0
1 28.75 1.5 1 8 4 1.5 1 0 0 1 2 0 226 0
1 29.58 4.75 2 7 4 2 0 1 1 1 2 460 69 0
0 58.42 21 2 3 5 10 1 1 13 0 2 0 6701 1
0 45.83 10.5 2 11 4 5 1 1 7 1 2 0 1 1
0 33.17 2.25 1 13 4 3.5 0 0 0 1 2 200 142 0
1 37.5 1.12 1 2 4 1.5 0 0 0 1 2 431 1 1
1 22.75 11 2 11 4 2.5 1 1 7 1 2 100 810 1
1 42 0.2 2 3 8 5.125 1 0 0 0 2 400 1 1
1 29.5 0.57 2 9 4 0.29 0 1 1 0 2 340 2804 0
0 41.58 1.04 2 6 4 0.665 0 0 0 0 2 240 238 0
1 22.75 11.5 2 3 4 0.415 0 0 0 0 2 0 1 0
1 48.75 26.33 1 1 1 0 1 0 0 1 2 0 1 0
0 52.17 0 1 1 1 0 0 0 0 0 2 0 1 0
1 34.25 3 2 13 8 7.415 1 0 0 1 2 0 1 1
1 63.33 0.54 2 8 4 0.585 1 1 3 1 2 180 1 0
0 33.75 0.75 2 4 5 1 1 1 3 1 2 212 1 0
1 18.42 10.41 1 6 4 0.125 1 0 0 0 2 120 376 0
1 33.67 1.25 2 9 4 1.165 0 0 0 0 2 120 1 0
1 37.5 1.12 1 2 4 1.5 0 0 0 1 2 431 1 1
0 23.75 0.71 2 9 4 0.25 0 1 1 1 2 240 5 0
0 65.17 14 2 1 1 0 1 1 11 1 2 0 1401 1
0 52.83 15 2 8 4 5.5 1 1 14 0 2 0 2201 1
0 18.07 0.37 3 13 1 10 0 0 0 1 1 300 1 1
1 38.25 10.12 1 4 4 0.125 0 0 0 0 2 160 1 0
1 32.33 3.5 2 4 4 0.5 0 0 0 1 2 232 1 0
1 35.25 16.5 1 8 4 4 1 0 0 0 2 80 1 0
1 20 0 2 2 4 0.5 0 0 0 0 2 144 1 0
1 23.42 0.58 2 8 8 0.085 1 0 0 0 2 180 1 0
0 26.92 13.5 2 11 8 5 1 1 2 0 2 0 5001 1
1 31.58 0.75 1 6 4 3.5 0 0 0 1 2 320 1 0
1 28.25 5.12 2 14 4 4.75 1 1 2 0 2 420 8 1
1 31.57 0.62 2 4 4 0.25 0 0 0 0 2 380 2011 0
1 21.92 0.54 1 14 4 0.04 1 1 1 1 2 840 60 1
0 24.75 12.5 2 6 4 1.5 1 1 12 1 2 120 568 1
0 45 4.58 2 4 8 1 0 0 0 1 1 240 1 0
0 28.5 1 2 11 4 1 1 1 2 1 2 167 501 0
1 41.5 1.54 2 3 5 3.5 0 0 0 0 2 216 1 1
0 25.25 13.5 1 1 1 2 0 1 1 1 2 200 2 0
0 40.33 7.54 1 11 8 8 1 1 14 0 2 0 2301 1
1 47.17 5.83 2 9 4 5.5 0 0 0 0 2 465 151 0
0 46.67 0.46 2 13 8 0.415 1 1 11 1 2 440 7 1
1 30.83 0 2 9 4 1.25 1 1 1 0 2 202 1 1
1 33.67 2.16 2 8 4 1.5 0 0 0 0 3 120 1 0
1 41 0.04 2 10 4 0.04 0 1 1 0 1 560 1 1
1 40 6.5 2 6 5 3.5 1 1 1 0 2 0 501 1
1 23.17 0 2 13 4 0.085 1 0 0 0 2 0 1 1
0 24.5 1.75 1 8 4 0.165 0 0 0 0 2 132 1 0
1 16.32 2.75 2 6 4 0.665 0 1 1 0 2 80 22 0
1 27.25 0.62 2 6 4 0.455 1 0 0 1 2 200 1 0
1 18.07 6.75 1 7 4 0.04 0 0 0 0 2 140 1 0
0 31.57 3.5 2 2 4 3 1 0 0 1 2 300 1 0
0 27.17 1.25 2 1 1 0 0 1 1 0 2 92 301 0
0 21.08 5 1 1 1 0 0 0 0 0 2 0 1 0
1 51.58 15 2 8 4 8.5 1 1 9 0 2 0 1 1
1 31.57 0.5 2 8 5 0.835 1 0 0 1 1 320 1 0
0 25.42 1.12 2 11 4 1.29 1 1 2 0 2 200 1 0
1 43.17 2.25 2 3 5 0.75 1 0 0 0 2 560 1 0
0 22.67 3.8 2 8 4 0.165 0 0 0 0 2 160 1 0
0 24.5 2.41 1 8 4 0 0 0 0 0 2 120 1 0
0 38.75 1.5 2 1 1 0 0 0 0 0 2 76 1 0
0 31.75 3 1 5 3 0 0 0 0 0 2 160 21 0
0 22.83 2.29 2 11 8 2.29 1 1 7 1 2 140 2385 1
1 36.17 5.5 2 3 5 5 0 0 0 0 2 210 688 0
1 23.58 0.46 1 9 4 2.625 1 1 6 1 2 208 348 0
0 20.75 10.25 2 11 4 0.71 1 1 2 1 2 49 1 1
1 23.17 0 2 8 4 0 0 0 0 0 3 184 1 1
1 30.83 0 2 9 4 1.25 1 1 1 0 2 202 1 1
1 26.17 0.83 2 13 4 1.165 0 0 0 0 2 100 1 0
1 23.33 1.5 2 8 8 1.415 1 0 0 0 2 422 201 1
1 34.42 1.33 2 3 5 0.125 0 0 0 1 2 440 4501 0
0 32.25 1.5 2 8 4 0.25 0 0 0 1 2 372 123 0
1 34.17 2.75 2 3 5 2.5 0 0 0 1 2 232 201 0
1 31.58 0.75 1 6 4 3.5 0 0 0 1 2 320 1 0
1 23 0.62 1 6 4 0.125 1 0 0 0 2 180 2 0
0 36 1 2 8 4 2 1 1 11 0 2 0 457 1
0 49.83 13.58 2 4 8 8.5 1 0 0 1 2 0 1 1
1 34.92 2.5 2 9 4 0 1 0 0 1 2 239 201 1
1 27.75 1.29 2 4 8 0.25 0 0 0 1 1 140 1 0
0 15.75 0.37 2 8 4 1 0 0 0 0 2 120 19 0
0 24.75 12.5 2 6 4 1.5 1 1 12 1 2 120 568 1
1 15.17 7 2 10 4 1 0 0 0 0 2 600 1 0
0 30.42 1.37 2 9 8 0.04 0 1 3 0 2 0 34 0
0 19.67 0.21 2 11 8 0.29 1 1 11 0 2 80 100 1
1 36.67 4.41 1 4 4 0.25 1 1 10 1 2 320 1 1
1 28 2 2 4 8 4.165 1 1 2 1 2 181 1 1
1 15.17 7 2 10 4 1 0 0 0 0 2 600 1 0
1 29.83 2.04 1 14 8 0.04 0 0 0 0 2 128 2 0
0 24.75 3 2 11 8 1.835 1 1 19 0 2 0 501 1
1 31 2.08 2 8 4 0.085 0 0 0 0 2 300 1 0
1 32.92 2.5 2 6 4 1.75 0 1 2 1 2 720 1 0
0 49 1.5 2 5 3 0 1 0 0 1 2 100 28 0
0 45.83 10.5 2 11 4 5 1 1 7 1 2 0 1 1
0 29.5 1.08 1 14 4 1 0 0 0 0 2 280 14 0
1.234 22.08 11.46 2 4 4 1.585 0 0 0 1 2 100 1213 0
1 32.33 2.5 2 8 4 1.25 0 0 0 1 2 280 1 0
0 26.5 2.71 1 8 4 0.085 0 0 0 0 1 80 1 0
0 50.25 0.83 2 6 4 0.5 0 0 0 1 2 240 118 0
1 69.17 9 2 1 1 4 0 1 1 0 2 70 7 0
1 21.92 0.5 2 8 4 0.125 0 0 0 0 2 360 1 0
1 22.17 2.25 2 3 4 0.125 0 0 0 0 2 160 11 0
1 27.83 1.54 2 9 4 3.75 1 1 5 1 2 100 4 1
0 39.08 4 2 8 4 3 0 0 0 0 2 480 1 0
0 24.83 4.5 2 9 4 1 0 0 0 1 2 360 7 0
1 29.67 0.75 1 8 4 0.04 0 0 0 0 2 240 1 0
0 22.42 5.66 2 11 4 2.585 1 1 7 0 2 129 3258 1
1 20.17 9.25 2 8 4 1.665 1 1 3 1 2 40 29 1
1 29.92 1.83 2 8 8 4.335 1 0 0 0 2 260 201 1
0 65.17 14 2 1 1 0 1 1 11 1 2 0 1401 1
1 29.67 0.75 1 8 4 0.04 0 0 0 0 2 240 1 0
0 20.42 0.83 2 11 4 1.585 1 1 1 0 2 0 1 1

