0 40.83 3.5 2 3 5 0.5 0 0 0 0 1 1160 1 0
0 16.5 1.25 2 11 4 0.25 0 1 1 0 2 108 99 0
1 17.67 4.46 2 8 4 0.25 0 0 0 0 1 80 1 0
1 35.17 2.5 2 4 4 4.5 1 1 7 0 2 150 1271 1
0 33.17 2.25 1 13 4 3.5 0 0 0 1 2 200 142 0
0 28.17 0.37 2 11 4 0.585 1 1 4 0 2 80 1 1
1 33.58 0.33 1 13 4 0.085 0 0 0 0 2 180 1 0
1 27.58 2.04 1 6 4 2 1 1 3 1 2 370 561 1
1 23.58 0.46 1 9 4 2.625 1 1 6 1 2 208 348 0
1 38.42 0.7 2 8 4 0.375 0 1 2 0 2 225 501 0
1 49.17 2.29 2 1 1 0.29 0 0 0 0 2 200 4 0
1 31.92 4.46 2 13 8 6.04 1 1 3 0 2 311 301 1
1 28.58 3.62 2 6 4 0.25 0 0 0 1 2 100 1 0
0 20.42 7.5 2 4 4 1.5 1 1 1 0 2 160 235 1
1 34.42 4.25 2 3 5 3.25 1 1 2 0 2 274 611 1
1 20.17 9.25 2 8 4 1.665 1 1 3 1 2 40 29 1
1 31.33 19.5 2 8 4 7 1 1 16 0 2 0 5001 1
1 22.08 2.33 2 4 4 0.75 0 0 0 0 2 180 1 0
0 57.58 2 2 1 1 6.5 0 1 1 0 2 0 11 0
1 32 1.75 1 10 8 0.04 1 0 0 1 2 393 1 1
0 60.58 16.5 2 11 4 11 1 0 0 1 2 21 10562 1
1 44.83 7 1 8 4 1.625 0 0 0 0 2 160 3 0
1 39.33 5.87 2 13 8 10 1 1 14 1 2 399 1 1
1 23.75 12 2 8 4 2.085 0 0 0 0 1 80 1 0
1 39.33 5.87 2 13 8 10 1 1 14 1 2 399 1 1
0 20.5 11.83 2 8 8 6 1 0 0 0 2 340 1 1
1 19.67 10 1 4 8 0.835 1 0 0 1 2 140 1 0
1 27.58 3.25 1 11 8 5.085 0 1 2 1 2 369 2 0
0 23 11.75 2 14 8 0.5 1 1 2 1 2 300 552 1
0 33.92 1.58 1 1 1 0 1 0 0 0 2 320 1 0
1 42.17 5.04 2 11 8 12.75 1 0 0 1 2 92 1 1
1 43.17 2.25 2 3 5 0.75 1 0 0 0 2 560 1 0
0 58.42 21 2 3 5 10 1 1 13 0 2 0 6701 1
1 22.67 2.54 1 8 8 2.585 1 0 0 0 2 0 1 1
0 17.92 10.21 2 1 1 0 0 0 0 0 2 0 51 0
1 39.92 5 2 3 5 0.21 0 0 0 0 2 550 1 0
1 28 2 2 4 8 4.165 1 1 2 1 2 181 1 1
0 28.17 0.58 2 6 4 0.04 0 0 0 0 2 260 1005 0
0 46.67 0.46 2 13 8 0.415 1 1 11 1 2 440 7 1
0 27.25 0.28 2 7 8 0.125 0 1 1 1 2 272 109 0
1 39.42 1.71 1 7 4 0.165 0 0 0 0 1 400 1 0
1 22.08 11 2 13 4 0.665 1 0 0 0 2 100 1 1
1 41.92 0.42 2 8 8 0.21 1 1 6 0 2 220 949 1
0 40.83 3.5 2 3 5 0.5 0 0 0 0 1 1160 1 0
1 37.33 6.5 2 7 8 4.25 1 1 12 1 2 93 1 1
0 33.08 1.62 2 2 4 0.54 0 0 0 1 2 0 1 0
0 25 12.33 2 13 8 3.5 1 1 6 0 2 400 459 1
1 74.83 19 1 1 1 0.04 0 1 2 0 2 0 352 0
0 47.75 8 2 8 4 7.875 1 1 6 1 2 0 1261 1
0 71.58 0 2 8 4 0 0 0 0 0 3 184 1 1
1 22.08 0.83 2 8 8 2.165 0 0 0 1 2 128 1 1
1 35.17 4.5 2 14 8 5.75 0 0 0 1 1 711 1 1
0 23.75 0.71 2 9 4 0.25 0 1 1 1 2 240 5 0
1 37.5 0.83 2 10 4 0.04 0 0 0 0 2 120 6 0
1 51.83 2.04 1 1 1 1.5 0 0 0 0 2 120 2 0
0 18.42 9.25 2 11 4 1.21 1 1 4 0 2 60 541 1
1 26.17 12.5 1 4 8 1.25 0 0 0 1 2 0 18 0
0 40.83 3.5 2 3 5 0.5 0 0 0 0 1 1160 1 0
1 34.67 1.08 2 7 4 1.165 0 0 0 0 1 28 1 0
1 24.83 2.75 2 8 4 2.25 1 1 6 0 2 184 601 1
0 20.42 10.5 1 14 8 0 0 0 0 1 2 154 33 0
1 51.33 10 2 3 5 0 1 1 11 0 2 0 1250 1
0 27.67 2.04 2 9 4 0.25 0 0 0 1 2 180 51 0
1 23.25 1 2 8 4 0.835 1 0 0 0 1 300 1 1
0 33.08 4.62 2 11 8 1.625 1 1 2 0 2 0 1 1
1 54.33 6.75 2 8 8 2.625 1 1 11 1 2 0 285 1
1 44.83 7 1 8 4 1.625 0 0 0 0 2 160 3 0
0 20.42 7.5 2 4 4 1.5 1 1 1 0 2 160 235 1
1 13.75 4 1 9 4 1.75 1 1 2 1 2 120 1001 1
0 33.92 1.58 1 1 1 0 1 0 0 0 2 320 1 0
0 28.5 3.04 1 14 8 2.54 1 1 1 0 2 70 1 1
1 26.75 4.5 1 8 5 2.5 0 0 0 0 2 200 1211 0
1 26.67 4.25 2 13 4 4.29 1 1 1 1 2 120 1 1
1 23.17 11.12 2 14 8 0.46 1 1 1 0 2 100 1 1
0 20.42 10.5 1 14 8 0 0 0 0 1 2 154 33 0
1 21.08 10.08 1 10 8 1.25 0 0 0 0 2 260 1 0
1 57.42 8.5 2 10 8 7 1 1 3 0 2 0 1 1
0 23.75 0.71 2 9 4 0.25 0 1 1 1 2 240 5 0
0 22.42 11.25 1 14 8 0.75 1 1 4 0 2 0 322 1
1 28.75 1.5 1 8 4 1.5 1 0 0 1 2 0 226 0
1 62.75 7 2 10 9 0 0 0 0 0 2 0 13 0
1 41.5 1.54 2 3 5 3.5 0 0 0 0 2 216 1 1
1 32.08 4 1 13 4 1.5 0 0 0 1 2 120 1 0
1 22.92 3.16 1 8 4 0.165 0 0 0 0 2 160 1059 0
0 18.57 10 2 2 4 0.415 0 0 0 0 2 80 43 0
1 25.92 0.87 2 4 4 0.375 0 1 2 1 2 174 4 0
0 45 4.58 2 4 8 1 0 0 0 1 1 240 1 0
1 80.25 5.5 2 8 4 0.54 1 0 0 0 2 0 341 0
1 29.42 1.25 2 8 8 0.25 0 1 2 1 2 400 109 0
1 22.75 11 2 11 4 2.5 1 1 7 1 2 100 810 1
0 25.42 1.12 2 11 4 1.29 1 1 2 0 2 200 1 0
0 41.58 1.04 2 6 4 0.665 0 0 0 0 2 240 238 0
1 16.92 0.33 1 4 4 0.29 0 0 0 0 1 200 1 0
1 34.83 2.5 1 9 4 3 0 0 0 0 1 200 1 0
0 20.83 0.5 1 10 2 1 0 0 0 0 2 260 1 0
0 16 0.16 2 6 4 1 0 1 2 1 2 320 2 0
1 24.83 2.75 2 8 4 2.25 1 1 6 0 2 184 601 1
0 20.75 9.53 2 3 4 0.04 0 0 0 0 2 200 1001 0
1 18.67 5 2 11 4 0.375 1 1 2 0 2 0 39 0
1 43.25 25.21 2 11 8 0.21 1 1 1 0 2 760 91 0
1 34.08 0.08 1 7 5 0.04 1 1 1 1 2 280 2001 1
1 26.17 12.5 1 4 8 1.25 0 0 0 1 2 0 18 0
1 49.17 2.29 2 1 1 0.29 0 0 0 0 2 200 4 0
1 74.83 19 1 1 1 0.04 0 1 2 0 2 0 352 0
1 32.42 3 2 2 4 0.165 0 0 0 1 2 120 1 0
1 23.5 3.16 1 4 4 0.415 0 1 1 1 2 280 81 0
1 33.17 1 2 14 4 0.75 1 1 7 1 2 340 4072 1
0 35.17 3.75 2 1 1 0 0 1 6 0 2 0 201 0
1 25.33 0.57 2 8 4 0.29 1 1 7 1 2 96 5125 1
1 20.07 0.25 2 11 4 0.125 0 0 0 0 2 200 1 0
1 35 3.37 2 8 8 8.29 0 0 0 1 2 0 1 0
1 24.58 1.25 2 8 4 0.25 0 0 0 0 2 110 1 0
0 28.58 1.66 2 11 4 2.415 1 0 0 1 2 440 1 0
1 25.58 0.33 2 4 8 3.5 0 0 0 1 2 340 1 0
0 18.82 4.41 1 8 8 3 1 0 0 0 2 240 1 1
1 34.42 1.33 2 3 5 0.125 0 0 0 1 2 440 4501 0
1 27.83 1 1 2 8 3 0 0 0 0 2 176 538 0
0 29.5 2 1 10 8 2 0 0 0 0 2 256 18 0
0 23.58 0.58 1 1 1 0.125 0 0 0 0 2 120 88 0
1 40.92 0.5 1 7 4 0.5 0 0 0 1 2 130 1 0
1 33.17 3.04 1 8 8 2.04 1 1 1 1 2 180 18028 1
1 39.5 1.62 2 8 4 1.5 0 0 0 0 2 0 317 0
1 23.17 11.12 2 14 8 0.46 1 1 1 0 2 100 1 1
0 30.58 10.66 2 11 8 0.085 0 1 12 1 2 129 4 0
1 27 1.5 1 9 4 0.375 1 0 0 1 2 260 1066 1
1 52.5 6.5 2 4 4 6.29 1 1 15 0 2 0 11203 1
0 18.82 4.41 1 8 8 3 1 0 0 0 2 240 1 1
1 16.92 0.33 1 4 4 0.29 0 0 0 0 1 200 1 0
0 18.82 9.5 2 9 4 1.625 1 1 6 1 2 40 601 1
1 33.17 3.16 1 14 4 3.165 1 1 3 1 2 380 1 1
1 32.92 2.5 2 6 4 1.75 0 1 2 1 2 720 1 0
1 37.5 0.83 2 10 4 0.04 0 0 0 0 2 120 6 0
1 51.83 2.04 1 1 1 1.5 0 0 0 0 2 120 2 0
0 26.17 2 2 5 3 0 0 0 0 1 2 276 2 0
1 18.42 10.41 1 6 4 0.125 1 0 0 0 2 120 376 0
1 37.5 0.83 2 10 4 0.04 0 0 0 0 2 120 6 0
0 17.57 9 2 6 4 1.375 1 0 0 1 2 0 1 1
1 30.58 2.71 1 7 4 0.125 0 0 0 1 1 80 1 0
0 20.42 10.5 1 14 8 0 0 0 0 1 2 154 33 0
1 21.92 0.5 2 8 4 0.125 0 0 0 0 2 360 1 0
1 43.25 3 2 11 8 6 1 1 11 0 2 80 1 1
0 25.17 2.87 2 14 8 0.875 1 0 0 0 2 360 1 1
1 21.08 10.08 1 10 8 1.25 0 0 0 0 2 260 1 0
1 33.67 2.16 2 8 4 1.5 0 0 0 0 3 120 1 0
1 37.17 4 2 8 5 5 1 0 0 1 1 280 1 0
1 22.08 0.83 2 8 8 2.165 0 0 0 1 2 128 1 1
1 28.67 14.5 2 2 4 0.125 0 0 0 0 2 0 287 0
0 20.32 10 2 8 8 1 1 1 4 0 2 50 1466 1
1 26.17 0.83 2 13 4 1.165 0 0 0 0 2 100 1 0
1 40.58 1.5 2 3 5 0 0 0 0 0 1 300 1 0
0 22.67 0.75 2 8 4 2 0 1 2 1 2 200 395 0
1 41.5 1.54 2 3 5 3.5 0 0 0 0 2 216 1 1
1 54.33 6.75 2 8 8 2.625 1 1 11 1 2 0 285 1
0 30.58 10.66 2 11 8 0.085 0 1 12 1 2 129 4 0
1 16.07 0.75 2 8 4 1.75 1 1 5 1 2 352 691 1
0 26.08 8.66 2 6 4 1.415 1 0 0 0 2 160 151 1
0 38.25 6 2 4 4 1 1 0 0 1 2 0 1 1
1 17.67 4.46 2 8 4 0.25 0 0 0 0 1 80 1 0
1 23.25 1 2 8 4 0.835 1 0 0 0 1 300 1 1
1 48.58 6.5 2 11 8 6 1 0 0 1 2 350 1 1
1 25.08 1.71 2 14 4 1.665 1 1 1 1 2 395 21 1
0 17.92 0.54 2 8 4 1.75 0 1 1 1 2 80 6 0
1 56 12.5 2 4 8 8 1 0 0 1 2 24 2029 1
0 26.17 2 2 5 3 0 0 0 0 1 2 276 2 0
1 52.42 1.5 2 2 4 3.75 0 0 0 1 2 0 351 0

