0 23 1.83 2 5 3 0 0 1 1 0 2 200 54 0
0 27.25 0.28 2 7 8 0.125 0 1 1 1 2 272 109 0
1 22.92 3.16 1 8 4 0.165 0 0 0 0 2 160 1059 0
1 32 1.75 1 10 8 0.04 1 0 0 1 2 393 1 1
1 26.67 1.75 1 8 4 1 1 1 5 1 2 160 5778 1
1 36.75 0.12 1 8 4 1.5 0 0 0 1 2 232 114 1
0 20.42 0.83 2 11 4 1.585 1 1 1 0 2 0 1 1
0 19.5 0.16 2 11 4 0.04 0 0 0 1 2 380 1 0
1 59.5 2.75 2 9 4 1.75 1 1 5 1 2 60 59 1
1 21.17 0.87 1 8 8 0.25 0 0 0 0 2 280 205 0
1 23.17 0 2 8 4 0 0 0 0 0 3 184 1 1
0 22.67 0.33 2 11 4 0.75 0 0 0 0 1 160 1 0
1 28 3 2 9 4 0.75 0 0 0 1 2 300 68 0
1 24.58 1.25 2 8 4 0.25 0 0 0 0 2 110 1 0
0 24.08 0.5 2 11 8 1.25 1 1 1 0 2 0 679 1
0 45.33 1 2 11 4 0.125 0 0 0 1 2 263 1 0
1 53.92 9.62 2 10 4 8.665 1 1 5 0 2 0 1 1
0 20.42 7.5 2 4 4 1.5 1 1 1 0 2 160 235 1
0 29.58 1.75 1 4 4 1.25 0 0 0 1 2 280 1 0
1 23.5 3.16 1 4 4 0.415 0 1 1 1 2 280 81 0
1 23.25 12.62 2 8 4 0.125 0 1 2 0 2 0 5553 0
0 26.92 13.5 2 11 8 5 1 1 2 0 2 0 5001 1
0 33.17 2.25 1 13 4 3.5 0 0 0 1 2 200 142 0
1 51.58 15 2 8 4 8.5 1 1 9 0 2 0 1 1
1 31.57 5 1 6 4 8.5 1 0 0 0 2 0 1 0
1 34.42 1.33 2 3 5 0.125 0 0 0 1 2 440 4501 0
1 21.83 11 2 14 4 0.29 1 1 6 0 2 121 1 1
1 19.17 0 1 7 5 0 0 0 0 1 1 500 2 1
0 27.58 3 2 7 4 2.79 0 1 1 1 2 280 11 0
1 43.17 5 2 3 5 2.25 0 0 0 1 2 141 1 0
0 24.5 1.04 1 1 1 0.5 1 1 3 0 2 180 148 0
0 22.42 11.25 1 14 8 0.75 1 1 4 0 2 0 322 1
1 31.57 0.04 1 2 4 4.25 0 0 0 1 2 460 1 0
0 30.58 10.66 2 11 8 0.085 0 1 12 1 2 129 4 0
1 34.83 4 2 2 5 12.5 1 0 0 1 2 184 1 0
0 25.42 1.12 2 11 4 1.29 1 1 2 0 2 200 1 0
0 30.58 10.66 2 11 8 0.085 0 1 12 1 2 129 4 0
0 22.83 2.29 2 11 8 2.29 1 1 7 1 2 140 2385 1
1 47.67 2.5 2 7 5 2.5 1 1 12 1 2 410 2511 1
1 27 1.5 1 9 4 0.375 1 0 0 1 2 260 1066 1
1 42.83 1.25 2 7 4 13.875 0 1 1 1 2 352 113 0
0 29.58 1.75 1 4 4 1.25 0 0 0 1 2 280 1 0
1 23.92 0.58 1 13 8 0.125 0 0 0 0 2 240 2 0
0 28.67 1.04 2 8 4 2.5 1 1 5 1 2 300 1431 1
1 32.75 2.33 2 2 8 5.75 0 0 0 1 2 292 1 0
0 52.5 7 2 6 8 3 0 0 0 0 2 0 1 0
1 54.33 6.75 2 8 8 2.625 1 1 11 1 2 0 285 1
1 33.17 3.04 1 8 8 2.04 1 1 1 1 2 180 18028 1
1 19 1.75 1 8 4 2.335 0 0 0 1 2 112 7 0
1 21.08 10.08 1 10 8 1.25 0 0 0 0 2 260 1 0
1 39.17 1.71 2 14 4 0.125 1 1 5 1 2 480 1 1
1 32.75 1.5 2 13 8 5.5 1 1 3 1 2 0 1 1
0 24.83 4.5 2 9 4 1 0 0 0 1 2 360 7 0
0 26.92 13.5 2 11 8 5 1 1 2 0 2 0 5001 1
0 25.58 0 2 8 4 0 0 0 0 0 3 184 1 1
1 26.67 1.75 1 8 4 1 1 1 5 1 2 160 5778 1
1 34.92 5 2 14 8 7.5 1 1 6 1 2 0 1001 1
1 26.67 1.75 1 8 4 1 1 1 5 1 2 160 5778 1
0 17.82 11 2 14 8 1 1 1 11 0 2 0 3001 1
1 57.42 8.5 2 10 8 7 1 1 3 0 2 0 1 1
1 69.17 9 2 1 1 4 0 1 1 0 2 70 7 0
1 40 6.5 2 6 5 3.5 1 1 1 0 2 0 501 1
0 27.67 1.5 2 7 4 2 1 0 0 0 1 368 1 0
0 40.33 7.54 1 11 8 8 1 1 14 0 2 0 2301 1
1 19.17 4 1 3 4 1 0 0 0 1 2 360 1001 0
1 29.83 3.5 2 8 4 0.165 0 0 0 0 2 216 1 0
0 24.08 0.5 2 11 8 1.25 1 1 1 0 2 0 679 1
0 18.25 10 2 9 4 1 0 1 1 0 2 120 2 0
1 36.33 2.12 1 9 4 0.085 1 1 1 0 2 50 1188 1
1 26.83 0.54 2 4 1 0 0 0 0 0 2 100 1 0
1 26.83 0.54 2 4 1 0 0 0 0 0 2 100 1 0
0 21.5 6 2 6 4 2.5 1 1 3 0 2 80 919 1
1 29.42 1.25 2 8 8 0.25 0 1 2 1 2 400 109 0
1 57.83 7.04 2 7 4 14 1 1 6 1 2 360 1333 1
0 31.75 3 1 5 3 0 0 0 0 0 2 160 21 0
1 57.83 7.04 2 7 4 14 1 1 6 1 2 360 1333 1
1 34.83 2.5 1 9 4 3 0 0 0 0 1 200 1 0
0 38.75 1.5 2 1 1 0 0 0 0 0 2 76 1 0
1 25.5 0.37 2 7 4 0.25 1 1 3 0 2 260 15109 1
1 19 0 1 1 1 0 0 1 4 0 2 45 2 0
0 68.67 15 2 10 9 0 1 1 14 0 2 0 3377 1
1 48.33 12 2 7 4 16 1 0 0 0 1 110 1 1
1 27 1.5 1 9 4 0.375 1 0 0 1 2 260 1066 1
0 44.33 0 2 8 4 2.5 1 0 0 0 2 0 1 1
1 20.67 1.25 1 8 8 1.375 1 1 3 1 2 140 211 0
0 28.5 3.04 1 14 8 2.54 1 1 1 0 2 70 1 1
0 22.67 3.8 2 8 4 0.165 0 0 0 0 2 160 1 0
1 32.25 0.16 1 8 8 3.25 1 1 1 1 2 432 8001 1
1 21.25 1.5 2 9 4 1.5 0 0 0 0 2 150 9 1
0 28.58 1.66 2 11 4 2.415 1 0 0 1 2 440 1 0
1 49.17 2.29 2 1 1 0.29 0 0 0 0 2 200 4 0
1 24.08 9 2 6 4 0.25 0 0 0 1 2 0 1 0
1 34.5 4.04 1 3 5 8.5 1 1 7 1 2 195 1 1
1 27 1.5 1 9 4 0.375 1 0 0 1 2 260 1066 1
1 31.25 1.12 2 1 1 0 0 1 1 0 2 96 20 0
0 19.67 0.21 2 11 8 0.29 1 1 11 0 2 80 100 1
0 33.25 2.5 1 8 4 2.5 0 0 0 1 2 0 3 0
0 17.92 0.54 2 8 4 1.75 0 1 1 1 2 80 6 0
0 22.67 0.79 2 3 4 0.085 0 0 0 0 2 144 1 0
1 39.92 5 2 3 5 0.21 0 0 0 0 2 550 1 0
1 36.17 5.5 2 3 5 5 0 0 0 0 2 210 688 0
1 39.42 1.71 1 7 4 0.165 0 0 0 0 1 400 1 0
1 44.33 0.5 2 3 8 5 1 0 0 1 2 320 1 1
1 25 11.25 2 8 4 2.5 1 1 17 0 2 200 1209 1
1 32.42 3 2 2 4 0.165 0 0 0 1 2 120 1 0
1 62.75 7 2 10 9 0 0 0 0 0 2 0 13 0
0 23.25 5.87 2 11 4 3.17 1 1 10 0 2 120 246 1
1 40.58 5 2 8 4 5 1 1 7 0 2 0 3066 1
1 20.42 7 2 8 4 1.625 1 1 3 0 2 200 1392 1
1 38.25 10.12 1 4 4 0.125 0 0 0 0 2 160 1 0
1 22.08 11 2 13 4 0.665 1 0 0 0 2 100 1 1
1 27.83 1 1 2 8 3 0 0 0 0 2 176 538 0
1 27.42 12.5 2 6 5 0.25 0 0 0 1 2 720 1 0
0 22.42 11.25 1 14 8 0.75 1 1 4 0 2 0 322 1
1 33.67 1.25 2 9 4 1.165 0 0 0 0 2 120 1 0
1 25.42 0.54 2 9 4 0.165 0 1 1 0 2 272 445 0
1 28.25 5.12 2 14 4 4.75 1 1 2 0 2 420 8 1
1 22.92 3.16 1 8 4 0.165 0 0 0 0 2 160 1059 0
1 23.17 0 2 8 4 0 0 0 0 0 3 184 1 1
0 20.67 3 2 11 4 0.165 1 1 3 0 2 100 7 1
1 21.5 9.75 2 8 4 0.25 1 0 0 0 2 140 1 0
0 24.33 2.5 1 3 5 4.5 0 0 0 0 2 200 457 0
0 15.75 0.37 2 8 4 1 0 0 0 0 2 120 19 0
1 31 2.08 2 8 4 0.085 0 0 0 0 2 300 1 0
1 22 7.83 1 3 5 0.165 0 0 0 1 2 184 1 0
1 23.92 0.66 2 8 4 0.165 0 0 0 0 2 100 1 1
1 23.58 1.79 2 8 4 0.54 0 0 0 1 2 136 2 0
1 52.33 1.37 1 8 8 9.46 1 0 0 1 2 200 101 0
1 22.17 2.25 2 3 4 0.125 0 0 0 0 2 160 11 0
1 32.08 4 1 13 4 1.5 0 0 0 1 2 120 1 0
1 30.83 0 2 9 4 1.25 1 1 1 0 2 202 1 1
1 27.83 1 1 2 8 3 0 0 0 0 2 176 538 0
1 32.08 4 1 13 4 1.5 0 0 0 1 2 120 1 0
1 39 5 2 13 4 3.5 1 1 10 1 2 0 1 1
1 59.67 1.54 2 11 4 0.125 1 0 0 1 2 260 1 1
1 31.83 0.04 1 7 4 0.04 0 0 0 0 2 0 1 0
1 19.17 4 1 3 4 1 0 0 0 1 2 360 1001 0
1 57.42 8.5 2 10 8 7 1 1 3 0 2 0 1 1
1 29.5 0.57 2 9 4 0.29 0 1 1 0 2 340 2804 0
1 29.42 1.25 2 8 8 0.25 0 1 2 1 2 400 109 0
1 34.67 1.08 2 7 4 1.165 0 0 0 0 1 28 1 0
1 36.75 0.12 1 8 4 1.5 0 0 0 1 2 232 114 1
1 22.67 2.54 1 8 8 2.585 1 0 0 0 2 0 1 1
1 39.17 2.5 1 3 8 10 0 0 0 1 1 200 1 0
1 25.17 3 2 8 4 1.25 0 1 1 0 2 0 23 0
1 26.67 4.25 2 13 4 4.29 1 1 1 1 2 120 1 1
1 32.33 2.5 2 8 4 1.25 0 0 0 1 2 280 1 0
1 26.83 0.54 2 4 1 0 0 0 0 0 2 100 1 0
1 57.83 7.04 2 7 4 14 1 1 6 1 2 360 1333 1
1 51.83 2.04 1 1 1 1.5 0 0 0 0 2 120 2 0
0 47.75 8 2 8 4 7.875 1 1 6 1 2 0 1261 1
1 23.25 12.62 2 8 4 0.125 0 1 2 0 2 0 5553 0
1 42 0.2 2 3 8 5.125 1 0 0 0 2 400 1 1
0 44.17 6.66 2 11 4 7.375 1 1 3 1 2 0 1 1
1 29.83 3.5 2 8 4 0.165 0 0 0 0 2 216 1 0
0 22.92 11.58 2 13 4 0.04 1 0 0 0 2 80 1350 1
1 22.17 12.12 2 8 4 3.335 0 1 2 1 2 180 174 0
1 40.58 3.29 2 7 4 3.5 0 0 0 1 1 400 1 0
1 33.67 1.25 2 9 4 1.165 0 0 0 0 2 120 1 0
1 49.17 2.29 2 1 1 0.29 0 0 0 0 2 200 4 0
0 33.08 1.62 2 2 4 0.54 0 0 0 1 2 0 1 0
1 19 1.75 1 8 4 2.335 0 0 0 1 2 112 7 0
0 50.25 0.83 2 6 4 0.5 0 0 0 1 2 240 118 0
0 24.92 1.25 2 1 1 0 1 0 0 0 2 80 1 0
1 16.92 0.33 1 4 4 0.29 0 0 0 0 1 200 1 0

