1 16 3.12 2 9 4 0.085 0 1 1 0 2 0 7 0
0 33.17 2.25 1 13 4 3.5 0 0 0 1 2 200 142 0
1 18.17 2.46 2 8 7 0.96 0 1 2 1 2 160 588 0
1 22.17 12.12 2 8 4 3.335 0 1 2 1 2 180 174 0
1 43.25 25.21 2 11 8 0.21 1 1 1 0 2 760 91 0
1 16 3.12 2 9 4 0.085 0 1 1 0 2 0 7 0
0 45 4.58 2 4 8 1 0 0 0 1 1 240 1 0
0 24.5 12.75 2 8 5 4.75 1 1 2 0 2 73 445 1
1 34.42 1.33 2 3 5 0.125 0 0 0 1 2 440 4501 0
1 35.25 3.16 2 14 8 3.75 1 0 0 1 2 680 1 0
1 32.33 2.5 2 8 4 1.25 0 0 0 1 2 280 1 0
1 32.25 0.16 1 8 8 3.25 1 1 1 1 2 432 8001 1
1 22.08 0.83 2 8 8 2.165 0 0 0 1 2 128 1 1
1 28.67 14.5 2 2 4 0.125 0 0 0 0 2 0 287 0
1 25 11.25 2 8 4 2.5 1 1 17 0 2 200 1209 1
0 36.58 0.28 2 1 1 0 0 1 10 0 2 200 19 0
1 32.08 4 1 13 4 1.5 0 0 0 1 2 120 1 0
1 25.5 0.37 2 7 4 0.25 1 1 3 0 2 260 15109 1
1 31.67 16.16 2 2 4 3 1 1 9 0 2 250 731 1
1 48.33 12 2 7 4 16 1 0 0 0 1 110 1 1
1 21.83 11 2 14 4 0.29 1 1 6 0 2 121 1 1
1 19.17 0 1 7 5 0 0 0 0 1 1 500 2 1
1 44.25 11 1 2 4 1.5 1 0 0 0 1 0 1 0
1 22.67 0.75 2 3 4 1.585 0 1 1 1 2 400 10 0
0 18.75 7.5 2 11 4 2.71 1 1 5 0 2 184 26727 1
1 33.67 1.25 2 9 4 1.165 0 0 0 0 2 120 1 0
0 20.83 0.5 1 10 2 1 0 0 0 0 2 260 1 0
1 27.58 3.25 1 11 8 5.085 0 1 2 1 2 369 2 0
0 45.33 1 2 11 4 0.125 0 0 0 1 2 263 1 0
1 20.07 0.25 2 11 4 0.125 0 0 0 0 2 200 1 0
0 33.67 0.37 2 13 4 0.375 0 0 0 0 2 300 45 1
1 28.25 5.04 1 8 5 1.5 1 1 8 1 2 144 8 1
1 27.25 1.66 2 13 8 5.085 1 1 9 0 2 399 828 1
0 41.58 1.04 2 6 4 0.665 0 0 0 0 2 240 238 0
1 25.67 0.28 1 8 4 1.5 0 0 0 1 2 160 1 0
1 19.5 0.28 2 4 4 0.29 0 0 0 0 2 280 365 0
1 31.57 5 1 6 4 8.5 1 0 0 0 2 0 1 0
1 22.58 10.03 2 14 4 0.04 1 1 9 0 2 60 397 1
1 18.42 10.41 1 6 4 0.125 1 0 0 0 2 120 376 0
1 40.92 0.5 1 7 4 0.5 0 0 0 1 2 130 1 0
1 21.33 10.5 2 8 4 3 1 0 0 1 2 0 1 1
1 43.08 0.37 1 8 4 0.375 1 1 8 1 2 300 163 1
0 33.25 2.5 1 8 4 2.5 0 0 0 1 2 0 3 0
0 68.67 15 2 10 9 0 1 1 14 0 2 0 3377 1
0 56.83 4.25 1 1 1 5 0 0 0 1 2 0 5 0
1 21.92 0.5 2 8 4 0.125 0 0 0 0 2 360 1 0
0 23.75 0.71 2 9 4 0.25 0 1 1 1 2 240 5 0
0 18.07 0.37 3 13 1 10 0 0 0 1 1 300 1 1
1 25 12 2 4 4 2.25 1 1 2 1 2 120 6 0
0 38.75 1.5 2 1 1 0 0 0 0 0 2 76 1 0
0 24.75 3 2 11 8 1.835 1 1 19 0 2 0 501 1
1 18.42 10.41 1 6 4 0.125 1 0 0 0 2 120 376 0
1 63.33 0.54 2 8 4 0.585 1 1 3 1 2 180 1 0
1 27.58 3.25 1 11 8 5.085 0 1 2 1 2 369 2 0
1 37.5 1.75 1 8 5 0.25 1 0 0 1 2 164 401 0
1 32.75 2.33 2 2 8 5.75 0 0 0 1 2 292 1 0
1 23.92 0.66 2 8 4 0.165 0 0 0 0 2 100 1 1
1 26.75 1.12 2 14 8 1.25 1 0 0 0 2 0 5299 1
0 22.42 5.66 2 11 4 2.585 1 1 7 0 2 129 3258 1
0 24.75 3 2 11 8 1.835 1 1 19 0 2 0 501 1
1 33.5 1.75 2 14 8 4.5 1 1 4 1 2 253 858 1
0 45 4.58 2 4 8 1 0 0 0 1 1 240 1 0
1 23 0.62 1 6 4 0.125 1 0 0 0 2 180 2 0
1 29.5 0.57 2 9 4 0.29 0 1 1 0 2 340 2804 0
1 36.42 0.75 1 2 4 0.585 0 0 0 0 2 240 4 0
1 36.17 0.42 1 9 4 0.29 0 0 0 1 2 309 3 0
1 33.67 1.25 2 9 4 1.165 0 0 0 0 2 120 1 0
1 26.33 13 2 10 2 0 0 0 0 1 2 140 1111 0
0 25.42 1.12 2 11 4 1.29 1 1 2 0 2 200 1 0
1 20.67 0.41 2 8 4 0.125 0 0 0 0 2 0 45 0
1 37.33 6.5 2 7 8 4.25 1 1 12 1 2 93 1 1
1 37.33 6.5 2 7 8 4.25 1 1 12 1 2 93 1 1
1 22.08 0.83 2 8 8 2.165 0 0 0 1 2 128 1 1
0 22.67 3.8 2 8 4 0.165 0 0 0 0 2 160 1 0
0 31.57 11.25 2 1 1 0 0 0 0 0 2 184 5201 0
1 27.83 1.54 2 9 4 3.75 1 1 5 1 2 100 4 1
0 18.57 10 2 2 4 0.415 0 0 0 0 2 80 43 0
1 25.67 12.5 2 13 4 1.21 1 1 67 1 2 140 259 1
1 54.42 0.5 1 4 8 3.96 1 0 0 0 2 180 315 1
0 18.82 4.41 1 8 8 3 1 0 0 0 2 240 1 1
0 24.5 2.41 1 8 4 0 0 0 0 0 2 120 1 0
1 34.92 5 2 14 8 7.5 1 1 6 1 2 0 1001 1
1 21.08 10.08 1 10 8 1.25 0 0 0 0 2 260 1 0
1 69.17 9 2 1 1 4 0 1 1 0 2 70 7 0
1 44.33 0.5 2 3 8 5 1 0 0 1 2 320 1 1
1 44.25 11 1 2 4 1.5 1 0 0 0 1 0 1 0
0 24.5 2.41 1 8 4 0 0 0 0 0 2 120 1 0
0 28.08 15 1 10 9 0 1 0 0 0 2 0 13213 1
0 69.5 6 2 1 1 0 0 0 0 0 1 0 1 0
1 28.75 1.5 1 8 4 1.5 1 0 0 1 2 0 226 0
1 44.25 11 1 2 4 1.5 1 0 0 0 1 0 1 0
1 22.17 12.12 2 8 4 3.335 0 1 2 1 2 180 174 0
1 34.17 2.75 2 3 5 2.5 0 0 0 1 2 232 201 0
1 22.17 12.12 2 8 4 3.335 0 1 2 1 2 180 174 0
1 19.67 10 1 4 8 0.835 1 0 0 1 2 140 1 0
0 40.33 7.54 1 11 8 8 1 1 14 0 2 0 2301 1
0 24.33 2.5 1 3 5 4.5 0 0 0 0 2 200 457 0
1 32.08 4 2 7 4 2.5 1 0 0 1 2 360 1 1
1 24.5 13.33 1 6 4 0.04 0 0 0 1 2 120 476 0
1 56.42 28 1 8 4 28.5 1 1 40 0 2 0 16 1
1 29.42 1.25 2 8 8 0.25 0 1 2 1 2 400 109 0
1 16.32 2.75 2 6 4 0.665 0 1 1 0 2 80 22 0
0 68.67 15 2 10 9 0 1 1 14 0 2 0 3377 1
1 23.92 0.58 1 13 8 0.125 0 0 0 0 2 240 2 0
1 20 11.04 2 8 4 2 0 0 0 1 2 136 1 0
0 28.08 15 1 10 9 0 1 0 0 0 2 0 13213 1
1 39.17 1.71 2 14 4 0.125 1 1 5 1 2 480 1 1
1 22.92 3.16 1 8 4 0.165 0 0 0 0 2 160 1059 0
0 19.17 0.58 1 6 4 0.585 1 0 0 1 2 160 1 0
1 51.33 10 2 3 5 0 1 1 11 0 2 0 1250 1
0 22.83 2.29 2 11 8 2.29 1 1 7 1 2 140 2385 1
1 17.42 6.5 2 3 4 0.125 0 0 0 0 2 60 101 0
1 27.83 1.5 2 9 4 2.25 0 1 1 1 2 100 4 0
1 19.67 10 1 4 8 0.835 1 0 0 1 2 140 1 0
0 44.33 0 2 8 4 2.5 1 0 0 0 2 0 1 1
1 19.32 10.91 2 8 5 0.585 0 1 2 1 2 200 8 0
0 26.17 2 2 5 3 0 0 0 0 1 2 276 2 0
0 21.08 5 1 1 1 0 0 0 0 0 2 0 1 0
0 19.67 0.21 2 11 8 0.29 1 1 11 0 2 80 100 1
1 40.58 3.29 2 7 4 3.5 0 0 0 1 1 400 1 0
1 27 1.5 1 9 4 0.375 1 0 0 1 2 260 1066 1
1 36.17 0.42 1 9 4 0.29 0 0 0 1 2 309 3 0
1 56.42 28 1 8 4 28.5 1 1 40 0 2 0 16 1
0 21.08 5 1 1 1 0 0 0 0 0 2 0 1 0
1 15.17 7 2 10 4 1 0 0 0 0 2 600 1 0
1 21.92 0.54 1 14 4 0.04 1 1 1 1 2 840 60 1
1 21.17 0.25 1 8 8 0.25 0 0 0 0 2 280 205 0
1 24.58 1.25 2 8 4 0.25 0 0 0 0 2 110 1 0
0 15.75 0.37 2 8 4 1 0 0 0 0 2 120 19 0
0 47 13 2 3 5 5.165 1 1 9 1 2 0 1 1
1 29.67 0.75 1 8 4 0.04 0 0 0 0 2 240 1 0
0 52.83 15 2 8 4 5.5 1 1 14 0 2 0 2201 1
0 24.75 13.66 2 11 8 1.5 0 0 0 0 2 280 2 0
0 49 1.5 2 5 3 0 1 0 0 1 2 100 28 0
1.234 22.08 11.46 2 4 4 1.585 0 0 0 1 2 100 1213 0
1 33.17 3.16 1 14 4 3.165 1 1 3 1 2 380 1 1
1 39 5 2 13 4 3.5 1 1 10 1 2 0 1 1
1 22.92 3.16 1 8 4 0.165 0 0 0 0 2 160 1059 0
0 23.75 0.71 2 9 4 0.25 0 1 1 1 2 240 5 0
1 25 12.5 2 6 4 3 1 0 0 1 1 20 1 1
0 29.5 2 1 10 8 2 0 0 0 0 2 256 18 0
0 58.33 10 2 11 4 4 1 1 14 0 2 0 1603 1
0 21.5 6 2 6 4 2.5 1 1 3 0 2 80 919 1
0 18.75 7.5 2 11 4 2.71 1 1 5 0 2 184 26727 1
0 17.92 0.54 2 8 4 1.75 0 1 1 1 2 80 6 0
1 29.5 0.57 2 9 4 0.29 0 1 1 0 2 340 2804 0
1 25.67 3.25 2 8 8 2.29 0 1 1 1 2 416 22 0
1 27.25 1.58 2 13 8 1.835 1 1 12 1 2 583 714 1
1 47.67 2.5 2 7 5 2.5 1 1 12 1 2 410 2511 1
0 40.33 7.54 1 11 8 8 1 1 14 0 2 0 2301 1
1 40.58 1.5 2 3 5 0 0 0 0 0 1 300 1 0
0 47 13 2 3 5 5.165 1 1 9 1 2 0 1 1
0 15.83 0.58 2 8 8 1.5 1 1 2 0 2 100 1 1
1 33.17 1.04 2 12 8 6.5 1 0 0 1 2 164 31286 1
1 40.25 21.5 2 10 9 20 1 1 11 0 2 0 1201 1
1 18.42 10.41 1 6 4 0.125 1 0 0 0 2 120 376 0
1 18.82 3.54 1 1 1 0 0 0 0 1 2 180 2 0
1 35.17 4.5 2 14 8 5.75 0 0 0 1 1 711 1 1
1 27.75 1.29 2 4 8 0.25 0 0 0 1 1 140 1 0
0 40.83 10 2 11 8 1.75 1 0 0 0 2 29 838 1
1 27.83 1.54 2 9 4 3.75 1 1 5 1 2 100 4 1
0 24.75 12.5 2 6 4 1.5 1 1 12 1 2 120 568 1
0 21.08 5 1 1 1 0 0 0 0 0 2 0 1 0
0 30 5.29 2 10 2 2.25 1 1 5 1 2 99 501 1
1 20.67 1.25 1 8 8 1.375 1 1 3 1 2 140 211 0

