0 19.17 8.58 2 13 8 0.75 1 1 7 0 2 96 1 1
1 22.75 11.5 2 3 4 0.415 0 0 0 0 2 0 1 0
1 48.17 3.5 2 6 4 3.5 1 0 0 0 1 230 1 1
0 69.5 6 2 1 1 0 0 0 0 0 1 0 1 0
1 34 5.5 1 8 4 1.5 0 0 0 1 2 60 1 0
0 22.67 0.75 2 8 4 2 0 1 2 1 2 200 395 0
1 31.83 0.04 1 7 4 0.04 0 0 0 0 2 0 1 0
1 23.75 12 2 8 4 2.085 0 0 0 0 1 80 1 0
0 47 13 2 3 5 5.165 1 1 9 1 2 0 1 1
1 31.67 16.16 2 2 4 3 1 1 9 0 2 250 731 1
1 16.32 4.08 2 3 8 0.415 0 0 0 1 2 120 1 0
1 57.42 8.5 2 10 8 7 1 1 3 0 2 0 1 1
1 32.92 2.5 2 6 4 1.75 0 1 2 1 2 720 1 0
1 28.58 3.62 2 6 4 0.25 0 0 0 1 2 100 1 0
1 48.17 3.5 2 6 4 3.5 1 0 0 0 1 230 1 1
1 26.33 13 2 10 2 0 0 0 0 1 2 140 1111 0
1 31.67 16.16 2 2 4 3 1 1 9 0 2 250 731 1
1 56 12.5 2 4 8 8 1 0 0 1 2 24 2029 1
1 23.17 11.12 2 14 8 0.46 1 1 1 0 2 100 1 1
1 19.5 9.58 2 6 4 0.79 0 0 0 0 2 80 351 0
1 22.08 0.83 2 8 8 2.165 0 0 0 1 2 128 1 1
1 21.92 0.54 1 14 4 0.04 1 1 1 1 2 840 60 1
1 42.75 4.08 2 6 4 0.04 0 0 0 0 2 108 101 0
1 43.25 25.21 2 11 8 0.21 1 1 1 0 2 760 91 0
1 34.83 2.5 1 9 4 3 0 0 0 0 1 200 1 0
0 18.75 7.5 2 11 4 2.71 1 1 5 0 2 184 26727 1
1 31.57 5 1 6 4 8.5 1 0 0 0 2 0 1 0
0 22.83 2.29 2 11 8 2.29 1 1 7 1 2 140 2385 1
1 31.33 19.5 2 8 4 7 1 1 16 0 2 0 5001 1
1 39.17 2.5 1 3 8 10 0 0 0 1 1 200 1 0
1.234 22.08 11.46 2 4 4 1.585 0 0 0 1 2 100 1213 0
1 41.17 1.25 1 9 4 0.25 0 0 0 0 2 0 196 0
1 59.5 2.75 2 9 4 1.75 1 1 5 1 2 60 59 1
0 20.07 0.12 2 11 4 1 0 1 1 0 2 240 769 1
1 21.83 0.25 2 2 8 0.665 1 0 0 1 2 0 1 1
1 31.92 4.46 2 13 8 6.04 1 1 3 0 2 311 301 1
1 35.25 3.16 2 14 8 3.75 1 0 0 1 2 680 1 0
1 18.82 0 2 11 4 0.665 0 0 0 0 2 160 2 0
0 18.75 7.5 2 11 4 2.71 1 1 5 0 2 184 26727 1
1 22.67 0.16 2 8 3 2.25 0 0 0 1 1 0 1 1
0 24.5 1.75 1 8 4 0.165 0 0 0 0 2 132 1 0
1 36.33 3.79 2 9 4 1.165 1 0 0 1 2 200 1 0
0 23.58 11.5 1 4 8 3 0 0 0 1 2 20 17 0
1 40.92 0.83 2 1 1 0 1 0 0 0 2 130 2 0
1 22.08 2.33 2 4 4 0.75 0 0 0 0 2 180 1 0
1 31.58 0.75 1 6 4 3.5 0 0 0 1 2 320 1 0
0 22.67 0.79 2 3 4 0.085 0 0 0 0 2 144 1 0
1 47.67 0.28 2 8 5 15 1 1 20 0 2 0 15001 1
1 40.25 21.5 2 10 9 20 1 1 11 0 2 0 1201 1
1 59.67 1.54 2 11 4 0.125 1 0 0 1 2 260 1 1
0 64.08 0.16 2 1 1 0 1 1 1 0 2 232 101 1
1 17.07 3.29 2 3 4 0.335 0 0 0 1 2 140 3 0
1 33.58 2.75 2 7 4 4.25 1 1 6 0 2 204 1 1
1 26.75 4.5 1 8 5 2.5 0 0 0 0 2 200 1211 0
0 30 5.29 2 10 2 2.25 1 1 5 1 2 99 501 1
1 26.83 0.54 2 4 1 0 0 0 0 0 2 100 1 0
1 39.83 0.5 2 7 4 0.25 1 0 0 0 1 288 1 0
0 22.67 0.75 2 8 4 2 0 1 2 1 2 200 395 0
1 32.25 0.16 1 8 8 3.25 1 1 1 1 2 432 8001 1
1 43.25 3 2 11 8 6 1 1 11 0 2 80 1 1
1 27 0.75 2 8 8 4.25 1 1 3 1 2 312 151 1
1 57.42 8.5 2 10 8 7 1 1 3 0 2 0 1 1
1 23.17 11.12 2 14 8 0.46 1 1 1 0 2 100 1 1
1 27.25 0.62 2 6 4 0.455 1 0 0 1 2 200 1 0
1 20.67 0.41 2 8 4 0.125 0 0 0 0 2 0 45 0
0 56.83 4.25 1 1 1 5 0 0 0 1 2 0 5 0
1 33.58 2.75 2 7 4 4.25 1 1 6 0 2 204 1 1
1 30.17 6.5 2 13 4 3.125 1 1 8 0 2 330 1201 1
1 49.58 19 2 1 1 0 1 1 1 0 2 94 1 0
1 20.67 5.29 2 11 4 0.375 1 1 1 0 2 160 1 0
1 52.5 6.5 2 4 4 6.29 1 1 15 0 2 0 11203 1
1 22.58 10.03 2 14 4 0.04 1 1 9 0 2 60 397 1
0 24.5 1.04 1 1 1 0.5 1 1 3 0 2 180 148 0
1 25.17 3 2 8 4 1.25 0 1 1 0 2 0 23 0
1 24.5 13.33 1 6 4 0.04 0 0 0 1 2 120 476 0
1 22 0.79 2 9 4 0.29 0 1 1 0 2 420 284 0
1 25.67 3.25 2 8 8 2.29 0 1 1 1 2 416 22 0
1 18.07 6.75 1 7 4 0.04 0 0 0 0 2 140 1 0
1 31.67 0.83 2 14 4 1.335 1 1 8 1 2 303 3291 1
0 27.58 3 2 7 4 2.79 0 1 1 1 2 280 11 0
1 43.17 2.25 2 3 5 0.75 1 0 0 0 2 560 1 0
0 58.42 21 2 3 5 10 1 1 13 0 2 0 6701 1
0 28.5 1 2 11 4 1 1 1 2 1 2 167 501 0
0 25.42 1.12 2 11 4 1.29 1 1 2 0 2 200 1 0
1 26.92 2.25 2 3 5 0.5 0 0 0 1 2 640 4001 0
1 25.08 1.71 2 14 4 1.665 1 1 1 1 2 395 21 1
1 69.17 9 2 1 1 4 0 1 1 0 2 70 7 0
1 30.17 0.5 2 8 4 1.75 1 1 11 0 2 32 541 1
1 22.08 11 2 13 4 0.665 1 0 0 0 2 100 1 1
0 28.58 1.66 2 11 4 2.415 1 0 0 1 2 440 1 0
1 37.75 7 2 11 8 11.5 1 1 7 1 2 300 6 0
0 64.08 0.16 2 1 1 0 1 1 1 0 2 232 101 1
1 23.5 3.16 1 4 4 0.415 0 1 1 1 2 280 81 0
0 37.33 2.5 2 3 8 0.21 0 0 0 0 2 260 247 0
1.234 22.08 11.46 2 4 4 1.585 0 0 0 1 2 100 1213 0
0 23.5 9 2 11 4 8.5 1 1 5 1 2 120 1 1
1 20.42 0 2 8 4 0 0 0 0 0 3 184 1 0
0 21.5 6 2 6 4 2.5 1 1 3 0 2 80 919 1
1 49.58 19 2 1 1 0 1 1 1 0 2 94 1 0
0 42.25 1.75 1 8 4 0 0 0 0 1 2 150 2 0
1 26.67 2.71 1 13 4 5.25 1 1 1 0 2 211 1 1
1 19 1.75 1 8 4 2.335 0 0 0 1 2 112 7 0
1 32.92 2.5 2 6 4 1.75 0 1 2 1 2 720 1 0
1 16.07 0.75 2 8 4 1.75 1 1 5 1 2 352 691 1
0 36.75 5.12 2 10 4 5 1 0 0 1 2 0 4001 1
1 39.17 2.5 1 3 8 10 0 0 0 1 1 200 1 0
1 27.25 1.58 2 13 8 1.835 1 1 12 1 2 583 714 1
1 37.5 0.83 2 10 4 0.04 0 0 0 0 2 120 6 0
0 25.42 1.12 2 11 4 1.29 1 1 2 0 2 200 1 0
1 22.58 10.03 2 14 4 0.04 1 1 9 0 2 60 397 1
1 22.67 0.16 2 8 3 2.25 0 0 0 1 1 0 1 1
1 23.25 4 2 8 5 0.25 1 0 0 1 2 160 1 1
1 30.17 0.5 2 8 4 1.75 1 1 11 0 2 32 541 1
1 43 0.28 1 13 8 1.75 1 1 8 0 2 100 376 1
0 24.75 12.5 2 6 4 1.5 1 1 12 1 2 120 568 1
1 19.5 0.28 2 4 4 0.29 0 0 0 0 2 280 365 0
1 39.5 1.62 2 8 4 1.5 0 0 0 0 2 0 317 0
1 39.92 5 2 3 5 0.21 0 0 0 0 2 550 1 0
1 22 0.79 2 9 4 0.29 0 1 1 0 2 420 284 0
0 36.75 4.71 2 1 1 0 0 0 0 0 2 160 1 0
1 26.75 2 2 2 4 0.75 0 0 0 1 2 80 1 0
1 21.83 0.25 2 2 8 0.665 1 0 0 1 2 0 1 1
1 34.83 4 2 2 5 12.5 1 0 0 1 2 184 1 0
0 29.5 1.08 1 14 4 1 0 0 0 0 2 280 14 0
1 40.92 0.83 2 1 1 0 1 0 0 0 2 130 2 0
0 42.25 1.75 1 8 4 0 0 0 0 1 2 150 2 0
1 67.75 5.5 2 10 9 13 1 1 1 1 2 0 1 1
1 23.17 0 2 13 4 0.085 1 0 0 0 2 0 1 1
1 25.5 0.37 2 7 4 0.25 1 1 3 0 2 260 15109 1
1 34.25 1.75 2 9 5 0.25 1 0 0 1 2 163 1 0
1 37.58 0 2 8 4 0 0 0 0 0 3 184 1 1
1 27.75 1.29 2 4 8 0.25 0 0 0 1 1 140 1 0
0 22.42 5.66 2 11 4 2.585 1 1 7 0 2 129 3258 1
1 42.17 5.04 2 11 8 12.75 1 0 0 1 2 92 1 1
1 23.58 0.46 1 9 4 2.625 1 1 6 1 2 208 348 0
1 29.83 3.5 2 8 4 0.165 0 0 0 0 2 216 1 0
1 28.25 5.04 1 8 5 1.5 1 1 8 1 2 144 8 1
1 35.75 2.41 2 9 4 0.125 0 1 2 0 2 220 2 0
1 26.67 4.25 2 13 4 4.29 1 1 1 1 2 120 1 1
1 24.5 13.33 1 6 4 0.04 0 0 0 1 2 120 476 0
1 39.5 1.62 2 8 4 1.5 0 0 0 0 2 0 317 0
1 55.92 11.5 2 1 1 5 1 1 5 0 2 0 8852 1
1 28.67 9.33 2 11 8 5.665 1 1 6 0 2 381 169 1
0 24.08 0.5 2 11 8 1.25 1 1 1 0 2 0 679 1
0 29.58 1.75 1 4 4 1.25 0 0 0 1 2 280 1 0
1 65.42 11 2 10 9 20 1 1 7 1 2 22 1 1
0 27.58 3 2 7 4 2.79 0 1 1 1 2 280 11 0
1 37.33 6.5 2 7 8 4.25 1 1 12 1 2 93 1 1
1 55.92 11.5 2 1 1 5 1 1 5 0 2 0 8852 1
0 20.75 10.25 2 11 4 0.71 1 1 2 1 2 49 1 1
1 28.33 5 2 9 4 11 1 0 0 1 2 70 1 1
1 28 3 2 9 4 0.75 0 0 0 1 2 300 68 0
1 36.17 5.5 2 3 5 5 0 0 0 0 2 210 688 0
1 43.25 3 2 11 8 6 1 1 11 0 2 80 1 1
1 20.42 0 2 8 4 0 0 0 0 0 3 184 1 0
1 43.25 3 2 11 8 6 1 1 11 0 2 80 1 1
1 40.58 5 2 8 4 5 1 1 7 0 2 0 3066 1
1 43.25 3 2 11 8 6 1 1 11 0 2 80 1 1
1 33.58 0.33 1 13 4 0.085 0 0 0 0 2 180 1 0
0 29.58 1.75 1 4 4 1.25 0 0 0 1 2 280 1 0
1 32.92 2.5 2 6 4 1.75 0 1 2 1 2 720 1 0
1 39.17 1.71 2 14 4 0.125 1 1 5 1 2 480 1 1
0 29.5 2 1 10 8 2 0 0 0 0 2 256 18 0
1 33.67 2.16 2 8 4 1.5 0 0 0 0 3 120 1 0
1 36.67 3.25 2 11 8 9 1 0 0 1 2 102 640 1

