1 32.92 2.5 2 6 4 1.75 0 1 2 1 2 720 1 0
1 25.33 0.57 2 8 4 0.29 1 1 7 1 2 96 5125 1
0 45.33 1 2 11 4 0.125 0 0 0 1 2 263 1 0
1 54.33 6.75 2 8 8 2.625 1 1 11 1 2 0 285 1
1 36.33 3.79 2 9 4 1.165 1 0 0 1 2 200 1 0
1 24.58 12.5 2 9 4 0.875 1 0 0 1 2 260 1 0
1 23.42 1 2 8 4 0.5 0 0 0 1 1 280 1 0
0 56.83 4.25 1 1 1 5 0 0 0 1 2 0 5 0
1 26.17 0.83 2 13 4 1.165 0 0 0 0 2 100 1 0
1 22.58 1.5 1 6 4 0.54 0 0 0 1 2 120 68 0
0 16 0.16 2 6 4 1 0 1 2 1 2 320 2 0
1 23.17 11.12 2 14 8 0.46 1 1 1 0 2 100 1 1
0 58.67 4.46 2 11 8 3.04 1 1 6 0 2 43 561 1
0 20.75 9.53 2 3 4 0.04 0 0 0 0 2 200 1001 0
1 18.67 5 2 11 4 0.375 1 1 2 0 2 0 39 0
1 29.42 1.25 2 9 4 1.75 0 0 0 0 2 200 1 0
0 41.33 1 2 3 5 2.25 1 0 0 1 2 0 301 1
1 39.08 6 2 7 4 1.29 1 1 5 1 2 108 1098 1
0 48.17 1.33 2 3 7 0.335 0 0 0 0 2 0 121 0
1 18 0.16 2 11 7 0.21 0 0 0 0 2 200 41 1
1 18.17 2.46 2 8 7 0.96 0 1 2 1 2 160 588 0
1 26.75 1.12 2 14 8 1.25 1 0 0 0 2 0 5299 1
0 20.67 1.83 2 11 4 2.085 1 1 5 0 2 220 2504 1
1 34.17 9.17 2 8 4 4.5 1 1 12 1 2 0 222 1
0 56.5 16 2 5 1 0 1 1 15 0 2 0 248 1
1 39.25 9.5 2 7 4 6.5 1 1 14 0 2 240 4608 1
0 22.5 8.46 1 14 4 2.46 0 0 0 0 2 164 1 1
1 39.58 13.91 2 9 4 8.625 1 1 6 1 2 70 1 1
1 23.17 0 2 13 4 0.085 1 0 0 0 2 0 1 1
0 18.82 9.5 2 9 4 1.625 1 1 6 1 2 40 601 1
1 20.07 0.25 2 11 4 0.125 0 0 0 0 2 200 1 0
1 21.92 0.5 2 8 4 0.125 0 0 0 0 2 360 1 0
1 29.92 1.83 2 8 8 4.335 1 0 0 0 2 260 201 1
0 21.75 11.75 2 8 4 0.25 0 0 0 1 2 180 1 0
1 31.67 16.16 2 2 4 3 1 1 9 0 2 250 731 1
1 62.75 7 2 10 9 0 0 0 0 0 2 0 13 0
0 21.92 11.66 2 4 8 0.085 0 0 0 0 2 320 6 0
1 23.08 2.5 2 8 4 1.085 1 1 11 1 2 60 2185 1
1 19 0 1 1 1 0 0 1 4 0 2 45 2 0
1 33.17 3.16 1 14 4 3.165 1 1 3 1 2 380 1 1
0 24.83 4.5 2 9 4 1 0 0 0 1 2 360 7 0
0 33.08 1.62 2 2 4 0.54 0 0 0 1 2 0 1 0
1 31.57 4 1 3 4 0.085 0 0 0 1 2 411 1 0
1 22.08 11 2 13 4 0.665 1 0 0 0 2 100 1 1
1 39.17 2.5 1 3 8 10 0 0 0 1 1 200 1 0
1 33.17 1.04 2 12 8 6.5 1 0 0 1 2 164 31286 1
0 27.17 1.25 2 1 1 0 0 1 1 0 2 92 301 0
0 23.75 0.71 2 9 4 0.25 0 1 1 1 2 240 5 0
0 52.5 7 2 6 8 3 0 0 0 0 2 0 1 0
0 40.83 10 2 11 8 1.75 1 0 0 0 2 29 838 1
0 16.32 0.21 2 6 4 0.125 0 0 0 0 2 200 2 0
1 31.57 10.5 2 14 4 6.5 1 0 0 0 2 0 1 1
1 31.57 0.62 2 4 4 0.25 0 0 0 0 2 380 2011 0
0 28.42 3.5 2 9 4 0.835 1 0 0 0 1 280 1 1
0 28.08 15 1 10 9 0 1 0 0 0 2 0 13213 1
0 31.92 3.12 2 1 1 3.04 0 1 2 1 2 200 5 0
1 35 2.5 2 3 4 1 0 0 0 1 2 210 1 0
1 16.17 0.04 2 8 4 0.04 0 0 0 0 2 0 1 1
0 38.33 4.41 2 8 4 0.125 0 0 0 0 2 160 1 0
1 25.08 1.71 2 14 4 1.665 1 1 1 1 2 395 21 1
1 41.33 0 2 8 5 15 1 0 0 0 2 0 1 1
0 21.08 5 1 1 1 0 0 0 0 0 2 0 1 0
0 26.08 8.66 2 6 4 1.415 1 0 0 0 2 160 151 1
1 54.83 15.5 2 10 9 0 1 1 20 0 2 152 131 0
1 19.57 0.58 2 1 1 0 0 1 3 0 2 350 770 0
0 18.75 7.5 2 11 4 2.71 1 1 5 0 2 184 26727 1
1 22 7.83 1 3 5 0.165 0 0 0 1 2 184 1 0
1 42 9.78 2 14 8 7.96 1 1 8 0 2 0 1 1
1 27.42 12.5 2 6 5 0.25 0 0 0 1 2 720 1 0
1 40.58 1.5 2 3 5 0 0 0 0 0 1 300 1 0
0 23 1.83 2 5 3 0 0 1 1 0 2 200 54 0
0 33.25 2.5 1 8 4 2.5 0 0 0 1 2 0 3 0
1 19.42 7.25 2 7 4 0.04 0 1 1 0 2 100 2 0
1 47.67 0.28 2 8 5 15 1 1 20 0 2 0 15001 1
0 25.08 2.54 1 6 4 0.25 1 0 0 1 2 370 1 1
1 25.75 0.75 2 8 5 0.25 1 0 0 0 2 349 24 1
1 25.67 2.21 1 6 4 4 1 0 0 0 2 188 1 0
0 57.58 2 2 1 1 6.5 0 1 1 0 2 0 11 0
1 28.25 5.04 1 8 5 1.5 1 1 8 1 2 144 8 1
1 17.67 4.46 2 8 4 0.25 0 0 0 0 1 80 1 0
1 33.58 0.33 1 13 4 0.085 0 0 0 0 2 180 1 0
1 36.5 4.25 2 11 4 3.5 0 0 0 0 2 454 51 0
1 31.42 15.5 2 8 4 0.5 1 0 0 0 2 120 1 0
1 21.33 10.5 2 8 4 3 1 0 0 1 2 0 1 1
1 48.75 26.33 1 1 1 0 1 0 0 1 2 0 1 0
1 28.75 1.16 2 4 4 0.5 1 0 0 0 1 280 1 0
1 22.17 12.12 2 8 4 3.335 0 1 2 1 2 180 174 0
1 37.5 1.75 1 8 5 0.25 1 0 0 1 2 164 401 0
0 27.67 2.04 2 9 4 0.25 0 0 0 1 2 180 51 0
1 24.83 2.75 2 8 4 2.25 1 1 6 0 2 184 601 1
0 44.17 6.66 2 11 4 7.375 1 1 3 1 2 0 1 1
1 34.42 1.33 2 3 5 0.125 0 0 0 1 2 440 4501 0
1 20.42 1.83 2 8 4 2.25 1 1 1 0 2 100 151 1
1 44.33 0.5 2 3 8 5 1 0 0 1 2 320 1 1
1 28 3 2 9 4 0.75 0 0 0 1 2 300 68 0
1 20.5 2.41 2 8 4 2 1 1 11 1 2 200 3001 1
0 33.67 0.37 2 13 4 0.375 0 0 0 0 2 300 45 1
1 22.33 11 2 9 4 2 1 1 1 0 2 80 279 1
1 17.57 10 2 9 8 0.165 0 1 1 0 2 120 2 0
0 36.58 0.28 2 1 1 0 0 1 10 0 2 200 19 0
1 31.57 0.5 2 8 5 0.835 1 0 0 1 1 320 1 0
1 29.67 0.75 1 8 4 0.04 0 0 0 0 2 240 1 0
1 18.07 6.75 1 7 4 0.04 0 0 0 0 2 140 1 0
1 31.83 0.04 1 7 4 0.04 0 0 0 0 2 0 1 0
1 23.58 0.83 2 3 8 0.085 0 0 0 1 2 220 6 0
1 33.67 2.16 2 8 4 1.5 0 0 0 0 3 120 1 0
0 55.75 7.08 2 4 8 6.75 1 1 3 1 2 100 51 0
0 27.33 1.66 2 1 1 0 0 0 0 0 2 340 2 0
0 58.33 10 2 11 4 4 1 1 14 0 2 0 1603 1
1 33.58 2.75 2 7 4 4.25 1 1 6 0 2 204 1 1
1 39.83 0.5 2 7 4 0.25 1 0 0 0 1 288 1 0
1 39.42 1.71 1 7 4 0.165 0 0 0 0 1 400 1 0
1 27.58 3.25 1 11 8 5.085 0 1 2 1 2 369 2 0
1 23.25 1 2 8 4 0.835 1 0 0 0 1 300 1 1
1 34.17 1.54 2 13 4 1.54 1 1 1 1 2 520 50001 1
1 17.42 6.5 2 3 4 0.125 0 0 0 0 2 60 101 0
0 33.75 0.75 2 4 5 1 1 1 3 1 2 212 1 0
1 34.08 6.5 2 6 4 0.125 1 0 0 1 2 443 1 0
1 49.58 19 2 1 1 0 1 1 1 0 2 94 1 0
1 29.42 1.25 2 8 8 0.25 0 1 2 1 2 400 109 0
0 45.83 10.5 2 11 4 5 1 1 7 1 2 0 1 1
1 26.33 13 2 10 2 0 0 0 0 1 2 140 1111 0
1 65.42 11 2 10 9 20 1 1 7 1 2 22 1 1
1 30.83 0 2 9 4 1.25 1 1 1 0 2 202 1 1
1 35.17 25.12 2 14 8 1.625 1 1 1 1 2 515 501 1
1 52.33 1.37 1 8 8 9.46 1 0 0 1 2 200 101 0
1 34.75 15 2 12 7 5.375 1 1 9 1 2 0 135 1
1 22.92 0.17 2 7 4 0.085 0 0 0 0 1 0 1 0
0 18.25 10 2 9 4 1 0 1 1 0 2 120 2 0
1 27 0.75 2 8 8 4.25 1 1 3 1 2 312 151 1
1 18.57 10.29 2 1 1 0.415 0 0 0 0 2 80 1 0
0 40.83 3.5 2 3 5 0.5 0 0 0 0 1 1160 1 0
1 34.17 2.75 2 3 5 2.5 0 0 0 1 2 232 201 0
0 28.58 3.75 2 8 4 0.25 0 1 1 1 2 40 155 0
0 24.58 0.67 2 6 8 1.75 1 0 0 0 2 400 1 0
1 40.58 3.29 2 7 4 3.5 0 0 0 1 1 400 1 0
1 22.83 3 2 7 4 1.29 1 1 1 0 2 260 801 1
1 52.42 1.5 2 2 4 3.75 0 0 0 1 2 0 351 0
1 16.92 0.33 1 4 4 0.29 0 0 0 0 1 200 1 0
1 41.17 1.33 2 2 4 0.165 0 0 0 0 2 168 1 0
1 19.32 9.5 2 11 4 1 1 0 0 1 2 60 401 1
1 43.17 2.25 2 3 5 0.75 1 0 0 0 2 560 1 0
1 25.17 6 2 8 4 1 1 1 3 0 2 0 1 1
1 38.17 10.12 2 14 4 2.5 1 1 6 0 2 520 197 1
1 48.08 6.04 2 4 4 0.04 0 0 0 0 2 0 2691 1
1 27.67 0.75 2 11 8 0.165 0 0 0 1 2 220 252 0
1 23.25 4 2 8 5 0.25 1 0 0 1 2 160 1 1
1 31.92 4.46 2 13 8 6.04 1 1 3 0 2 311 301 1
1 21 3 1 2 4 1.085 1 1 8 1 2 160 2 1
1 57.83 7.04 2 7 4 14 1 1 6 1 2 360 1333 1
1 56.58 18.5 2 2 5 15 1 1 17 1 2 0 1 1
1 39.5 1.62 2 8 4 1.5 0 0 0 0 2 0 317 0
1 44 2 2 7 4 1.75 1 1 2 1 2 0 16 1
1 41.58 1.75 2 4 4 0.21 1 0 0 0 2 160 1 0
1 21.83 1.54 2 4 4 0.085 0 0 0 1 2 356 1 0
0 24.75 12.5 2 6 4 1.5 1 1 12 1 2 120 568 1
1 31.33 19.5 2 8 4 7 1 1 16 0 2 0 5001 1
1 34.17 5.25 2 9 4 0.085 0 0 0 1 2 290 7 1
1 53.92 9.62 2 10 4 8.665 1 1 5 0 2 0 1 1
1 23.25 1.5 2 11 4 2.375 1 1 3 1 2 0 583 1
0 32.25 1.5 2 8 4 0.25 0 0 0 1 2 372 123 0
1 25 12.5 2 6 4 3 1 0 0 1 1 20 1 1
1 24.75 0.54 2 7 4 1 0 0 0 1 2 120 2 0
0 19.57 0.66 2 9 4 1.665 0 0 0 0 2 220 6 0
1 73.42 17.75 2 1 1 0 1 0 0 1 2 0 1 1
1 27.25 1.58 2 13 8 1.835 1 1 12 1 2 583 714 1
0 22.5 11 1 11 4 3 1 0 0 1 2 268 1 0
0 20.07 1.25 2 8 4 0 0 0 0 0 2 0 1 0
1 34.67 1.08 2 7 4 1.165 0 0 0 0 1 28 1 0
1 23.5 2.75 2 1 1 4.5 0 0 0 0 2 160 26 0
1 16.07 0.75 2 8 4 1.75 1 1 5 1 2 352 691 1
1 32.83 2.5 2 13 8 2.75 1 1 6 0 2 160 2073 1
0 26.58 2.54 1 1 1 0 0 0 0 1 2 180 61 0
1 48.58 6.5 2 11 8 6 1 0 0 1 2 350 1 1
1 15.17 7 2 10 4 1 0 0 0 0 2 600 1 0
1 24.42 2 2 10 2 0.165 0 1 2 0 2 320 1301 0
1 31.57 0.37 2 2 4 0.875 1 0 0 1 1 928 1 0
1 21.5 9.75 2 8 4 0.25 1 0 0 0 2 140 1 0
0 38.25 6 2 4 4 1 1 0 0 1 2 0 1 1
1 23 0.75 2 7 4 0.5 0 0 0 1 1 320 1 0
1 21.17 0.25 1 8 8 0.25 0 0 0 0 2 280 205 0
1 27.83 1.54 2 9 4 3.75 1 1 5 1 2 100 4 1
1 20.17 9.25 2 8 4 1.665 1 1 3 1 2 40 29 1
1 57.42 8.5 2 10 8 7 1 1 3 0 2 0 1 1
0 31.75 3 1 5 3 0 0 0 0 0 2 160 21 0
1 51.83 3 1 1 1 1.5 0 0 0 0 2 180 5 0
1 25 11.25 2 8 4 2.5 1 1 17 0 2 200 1209 1
1 33.75 2.75 2 3 5 0 0 0 0 0 2 180 1 0
0 27.67 1.5 2 7 4 2 1 0 0 0 1 368 1 0
0 20.42 10.5 1 14 8 0 0 0 0 1 2 154 33 0
1 16.32 4.08 2 3 8 0.415 0 0 0 1 2 120 1 0
0 37.75 5.5 2 11 4 0.125 1 0 0 1 2 228 1 1
0 18.92 9 2 6 4 0.75 1 1 2 0 2 88 592 1
0 22.5 0.41 2 3 4 0.335 0 0 0 1 1 144 1 0
0 31.57 11.25 2 1 1 0 0 0 0 0 2 184 5201 0
0 57.08 19.5 2 8 4 5.5 1 1 7 0 2 0 3001 1
0 25.75 0.5 2 8 8 0.875 1 0 0 1 2 491 1 1
0 20.32 10 2 8 8 1 1 1 4 0 2 50 1466 1
1 34 5.5 1 8 4 1.5 0 0 0 1 2 60 1 0
1 31.67 0.83 2 14 4 1.335 1 1 8 1 2 303 3291 1
1 42.17 5.04 2 11 8 12.75 1 0 0 1 2 92 1 1
1 24.08 0.87 2 7 4 0.085 0 1 4 0 2 254 1951 0
0 28.58 3.54 2 3 5 0.5 1 0 0 1 2 171 1 0
0 52.17 0 1 1 1 0 0 0 0 0 2 0 1 0
0 40.33 8.12 1 4 4 0.165 0 1 2 0 2 184 19 0
0 39.08 4 2 8 4 3 0 0 0 0 2 480 1 0
0 18.42 9.25 2 11 4 1.21 1 1 4 0 2 60 541 1
1 37.33 2.66 2 13 4 0.165 0 0 0 1 2 0 502 0
0 16.07 0.33 2 1 1 0 0 1 1 0 2 160 127 0
0 15.83 7.62 2 11 4 0.125 0 1 1 1 2 0 161 0
0 20.07 0.12 2 11 4 1 0 1 1 0 2 240 769 1
1 31.57 0.04 1 2 4 4.25 0 0 0 1 2 460 1 0
1 34.92 2.5 2 9 4 0 1 0 0 1 2 239 201 1
1 19.17 0 1 7 5 0 0 0 0 1 1 500 2 1
0 25.33 2.08 2 8 8 2.75 1 0 0 1 2 360 2 0
0 22.67 0.79 2 3 4 0.085 0 0 0 0 2 144 1 0
1 20 11.04 2 8 4 2 0 0 0 1 2 136 1 0
0 19.17 5.41 2 3 8 0.29 0 0 0 0 2 80 485 0
1 26.67 2.71 1 13 4 5.25 1 1 1 0 2 211 1 1
1 18.25 0.16 2 2 4 0.25 0 0 0 1 1 280 1 0

