1 22.67 2.54 1 8 8 2.585 1 0 0 0 2 0 1 1
1 19.32 10.91 2 8 5 0.585 0 1 2 1 2 200 8 0
1 21.58 0.79 1 13 4 0.665 0 0 0 0 2 160 1 0
1 32.33 7.5 2 10 5 1.585 1 0 0 1 1 420 1 0
1 39.5 1.62 2 8 4 1.5 0 0 0 0 2 0 317 0
1 57.42 8.5 2 10 8 7 1 1 3 0 2 0 1 1
0 22.67 3.8 2 8 4 0.165 0 0 0 0 2 160 1 0
1 37.5 1.12 1 2 4 1.5 0 0 0 1 2 431 1 1
1 19.57 0.58 2 1 1 0 0 1 3 0 2 350 770 0
1 34.83 2.5 1 9 4 3 0 0 0 0 1 200 1 0
1 31 2.08 2 8 4 0.085 0 0 0 0 2 300 1 0
1 16.25 0 1 6 4 0.25 0 0 0 0 2 60 1 0
1 27.83 1.54 2 9 4 3.75 1 1 5 1 2 100 4 1
0 36.75 4.71 2 1 1 0 0 0 0 0 2 160 1 0
1 35.17 2.5 2 4 4 4.5 1 1 7 0 2 150 1271 1
1 23.25 1.5 2 11 4 2.375 1 1 3 1 2 0 583 1
1 24.08 0.87 2 7 4 0.085 0 1 4 0 2 254 1951 0
0 27.58 3 2 7 4 2.79 0 1 1 1 2 280 11 0
0 45.83 10.5 2 11 4 5 1 1 7 1 2 0 1 1
1 17.67 4.46 2 8 4 0.25 0 0 0 0 1 80 1 0
0 24.5 0.5 2 11 8 1.5 1 0 0 0 2 280 825 1
1 31.57 5 1 6 4 8.5 1 0 0 0 2 0 1 0
1 23.92 0.58 1 13 8 0.125 0 0 0 0 2 240 2 0
1 49.17 2.29 2 1 1 0.29 0 0 0 0 2 200 4 0
1 32.25 0.16 1 8 8 3.25 1 1 1 1 2 432 8001 1
1 60.08 14.5 2 1 1 18 1 1 15 1 2 0 1001 1
1 42.83 4.62 2 11 4 4.58 1 0 0 0 1 0 1 1
1 24.58 13.5 1 1 1 0 0 0 0 0 2 184 1 0
0 21.75 1.75 1 5 3 0 0 0 0 0 2 160 1 0
0 16.07 0.33 2 1 1 0 0 1 1 0 2 160 127 0
0 20.42 7.5 2 4 4 1.5 1 1 1 0 2 160 235 1
1 56.75 12.25 2 7 4 1.25 1 1 4 1 2 200 1 1
0 47.75 8 2 8 4 7.875 1 1 6 1 2 0 1261 1
1 19.32 9.5 2 11 4 1 1 0 0 1 2 60 401 1
1 23.08 11.5 2 3 4 3.5 1 1 9 0 2 56 743 1
0 23.75 0.71 2 9 4 0.25 0 1 1 1 2 240 5 0
0 18.92 9 2 6 4 0.75 1 1 2 0 2 88 592 1
1 63.33 0.54 2 8 4 0.585 1 1 3 1 2 180 1 0
1 21.17 0 2 8 4 0.5 0 0 0 1 1 0 1 0
1 41.5 1.54 2 3 5 3.5 0 0 0 0 2 216 1 1
1 25.67 3.25 2 8 8 2.29 0 1 1 1 2 416 22 0
1 29.67 0.75 1 8 4 0.04 0 0 0 0 2 240 1 0
1 36.17 5.5 2 3 5 5 0 0 0 0 2 210 688 0
1 76.75 22.29 2 10 9 12.75 1 1 1 1 2 0 110 1
1 37.17 4 2 8 5 5 1 0 0 1 1 280 1 0
0 21.92 11.66 2 4 8 0.085 0 0 0 0 2 320 6 0
1 27.58 2.04 1 6 4 2 1 1 3 1 2 370 561 1
1 23 0.75 2 7 4 0.5 1 0 0 1 1 320 1 0
1 65.42 11 2 10 9 20 1 1 7 1 2 22 1 1
0 17.92 0.54 2 8 4 1.75 0 1 1 1 2 80 6 0
1 36.5 4.25 2 11 4 3.5 0 0 0 0 2 454 51 0
1 17.07 0.25 2 11 4 0.335 0 1 4 0 2 160 9 0
1 41.17 4.04 2 13 8 7 1 1 8 0 2 320 1 1
1 48.58 0.2 1 4 4 0.25 1 1 11 0 2 380 2733 1
1 29.25 14.79 2 6 4 5.04 1 1 5 1 2 168 1 1
1 28 3 2 9 4 0.75 0 0 0 1 2 300 68 0
1 29.42 1.25 2 9 4 1.75 0 0 0 0 2 200 1 0
0 44.33 0 2 8 4 2.5 1 0 0 0 2 0 1 1
1 25.25 1 2 6 4 0.5 0 0 0 0 2 200 1 0
0 22.42 5.66 2 11 4 2.585 1 1 7 0 2 129 3258 1
1 69.17 9 2 1 1 4 0 1 1 0 2 70 7 0
1 27.58 3.25 1 11 8 5.085 0 1 2 1 2 369 2 0
0 16.92 0.5 2 3 4 0.165 0 1 6 1 2 240 36 0
0 28.5 1 2 11 4 1 1 1 2 1 2 167 501 0
1 18.07 5.5 2 4 4 0.5 1 0 0 0 2 80 1 1
1 31.57 0.04 1 2 4 4.25 0 0 0 1 2 460 1 0
1 33.58 0.33 1 13 4 0.085 0 0 0 0 2 180 1 0
1 48.17 7.62 2 9 8 15.5 1 1 12 0 2 0 791 1
1 32.42 2.16 1 4 1 0 0 0 0 0 2 120 1 0
0 23.5 1.5 2 9 4 0.875 0 0 0 1 2 160 1 0
0 21.5 6 2 6 4 2.5 1 1 3 0 2 80 919 1
0 32.33 0.54 2 13 4 0.04 1 0 0 0 2 440 11178 1
1 19.67 0.37 2 11 4 2 1 1 2 1 2 80 1 1
1 26.17 12.5 1 4 8 1.25 0 0 0 1 2 0 18 0
0 19.57 0.66 1 8 4 1 0 1 1 0 2 2000 3 0
0 29.5 1.08 1 14 4 1 0 0 0 0 2 280 14 0
1 20.25 9.96 2 10 2 0 1 0 0 0 2 0 1 1
0 47.25 0.75 2 11 8 2.75 1 1 1 0 2 333 893 1
0 48.17 1.33 2 3 7 0.335 0 0 0 0 2 0 121 0
0 16.5 1.25 2 11 4 0.25 0 1 1 0 2 108 99 0
0 46.67 0.46 2 13 8 0.415 1 1 11 1 2 440 7 1
1 32.33 3.5 2 4 4 0.5 0 0 0 1 2 232 1 0
0 38.75 1.5 2 1 1 0 0 0 0 0 2 76 1 0
0 15.75 0.37 2 8 4 1 0 0 0 0 2 120 19 0
1 19.42 7.25 2 7 4 0.04 0 1 1 0 2 100 2 0
0 52.83 15 2 8 4 5.5 1 1 14 0 2 0 2201 1
0 19.67 0.21 2 11 8 0.29 1 1 11 0 2 80 100 1
1 16.32 4.08 2 3 8 0.415 0 0 0 1 2 120 1 0
1 25.67 0.28 1 8 4 1.5 0 0 0 1 2 160 1 0
1 19.67 10 1 4 8 0.835 1 0 0 1 2 140 1 0
1 26.67 2.71 1 13 4 5.25 1 1 1 0 2 211 1 1
1 39.08 6 2 7 4 1.29 1 1 5 1 2 108 1098 1
0 40.83 10 2 11 8 1.75 1 0 0 0 2 29 838 1
1 34.92 2.5 2 9 4 0 1 0 0 1 2 239 201 1
0 41.58 1.04 2 6 4 0.665 0 0 0 0 2 240 238 0
1 47.33 6.5 2 8 4 1 0 0 0 1 2 0 229 0
1 48.08 6.04 2 4 4 0.04 0 0 0 0 2 0 2691 1
1 30.83 0 2 9 4 1.25 1 1 1 0 2 202 1 1
0 44.17 6.66 2 11 4 7.375 1 1 3 1 2 0 1 1
1 26.75 2 2 2 4 0.75 0 0 0 1 2 80 1 0
0 28.58 3.54 2 3 5 0.5 1 0 0 1 2 171 1 0
1 30.75 1.58 2 2 4 0.585 0 0 0 1 1 0 1 0
1 40.58 3.29 2 7 4 3.5 0 0 0 1 1 400 1 0
1 56.42 28 1 8 4 28.5 1 1 40 0 2 0 16 1
1 20.75 5.08 1 5 4 0.29 0 0 0 0 2 140 185 0
1 34.83 4 2 2 5 12.5 1 0 0 1 2 184 1 0
1 27.25 0.62 2 6 4 0.455 1 0 0 1 2 200 1 0
0 32.25 1.5 2 8 4 0.25 0 0 0 1 2 372 123 0
1 22.5 0.12 1 4 4 0.125 0 0 0 0 2 200 71 0
1 23.42 0.58 2 8 8 0.085 1 0 0 0 2 180 1 0
0 25.33 2.08 2 8 8 2.75 1 0 0 1 2 360 2 0
1 25.83 12.83 2 13 4 0.5 0 0 0 0 2 0 3 0
0 30 5.29 2 10 2 2.25 1 1 5 1 2 99 501 1
0 33.08 1.62 2 2 4 0.54 0 0 0 1 2 0 1 0
1 21.83 11 2 14 4 0.29 1 1 6 0 2 121 1 1
1 29.83 1.25 1 4 4 0.25 0 0 0 0 2 224 1 0
1 41.75 0.96 2 14 4 2.5 1 0 0 0 2 510 601 1
1 24.08 9 2 6 4 0.25 0 0 0 1 2 0 1 0
1 49.58 19 2 1 1 0 1 1 1 0 2 94 1 0
0 47.42 3 2 14 4 13.875 1 1 2 1 2 519 1705 1
1 17.25 3 2 4 4 0.04 0 0 0 1 2 160 41 0
1 31.42 15.5 2 8 4 0.5 1 0 0 0 2 120 1 0
1 24.42 2 2 10 2 0.165 0 1 2 0 2 320 1301 0
1 37.58 0 2 8 4 0 0 0 0 0 3 184 1 1
0 50.25 0.83 2 6 4 0.5 0 0 0 1 2 240 118 0
0 24.5 12.75 2 8 5 4.75 1 1 2 0 2 73 445 1
0 24.92 1.25 2 1 1 0 1 0 0 0 2 80 1 0
1 24.75 0.54 2 7 4 1 0 0 0 1 2 120 2 0
1 27.67 13.75 2 9 4 5.75 1 0 0 1 2 487 501 1
1 26.92 2.25 2 3 5 0.5 0 0 0 1 2 640 4001 0
1 18.67 5 2 11 4 0.375 1 1 2 0 2 0 39 0
0 57.08 19.5 2 8 4 5.5 1 1 7 0 2 0 3001 1
1 27.67 2 2 14 8 1 1 1 4 0 2 140 7545 1
1 51.33 10 2 3 5 0 1 1 11 0 2 0 1250 1
1 26.83 0.54 2 4 1 0 0 0 0 0 2 100 1 0
1 30.17 6.5 2 13 4 3.125 1 1 8 0 2 330 1201 1
1 22.67 0.16 2 8 3 2.25 0 0 0 1 1 0 1 1
1 18.57 10.29 2 1 1 0.415 0 0 0 0 2 80 1 0
1 33.17 3.16 1 14 4 3.165 1 1 3 1 2 380 1 1
1 33.58 0.25 2 3 5 4 0 0 0 1 1 420 1 0
1 38.25 10.12 1 4 4 0.125 0 0 0 0 2 160 1 0
1 32.33 2.5 2 8 4 1.25 0 0 0 1 2 280 1 0
1 37.75 7 2 11 8 11.5 1 1 7 1 2 300 6 0
0 20.83 3 2 6 4 0.04 1 0 0 0 2 100 1 1
1 64.08 20 2 14 8 17.5 1 1 9 1 2 0 1001 1
0 28.42 3.5 2 9 4 0.835 1 0 0 0 1 280 1 1
1 17.5 22 3 1 7 0 0 0 0 1 3 450 100001 1
1 20.17 9.25 2 8 4 1.665 1 1 3 1 2 40 29 1
1 44.83 7 1 8 4 1.625 0 0 0 0 2 160 3 0
1 16.25 0.83 2 7 4 0.085 1 0 0 0 1 200 1 0
0 26.08 8.66 2 6 4 1.415 1 0 0 0 2 160 151 1
0 29.5 2 1 10 8 2 0 0 0 0 2 256 18 0
1 38.67 0.21 2 4 4 0.085 1 0 0 1 2 280 1 1
1 28.67 14.5 2 2 4 0.125 0 0 0 0 2 0 287 0
1 20.42 1.83 2 8 4 2.25 1 1 1 0 2 100 151 1
0 22.67 0.33 2 11 4 0.75 0 0 0 0 1 160 1 0
1 27.83 1.5 2 9 4 2 1 1 11 1 2 434 36 1
1 25 12.5 2 6 4 3 1 0 0 1 1 20 1 1
1 22.25 9 2 6 4 0.085 0 0 0 0 2 0 1 0
1 48.17 3.5 2 6 4 3.5 1 0 0 0 1 230 1 1
1 22 7.83 1 3 5 0.165 0 0 0 1 2 184 1 0
1 19.17 9.5 2 9 4 1.5 1 0 0 0 2 120 2207 1
1 25.58 0.33 2 4 8 3.5 0 0 0 1 2 340 1 0
1 36.17 18.12 2 9 4 0.085 0 0 0 0 2 320 3553 0
0 20.75 10.25 2 11 4 0.71 1 1 2 1 2 49 1 1
1 31.57 4 1 3 4 0.085 0 0 0 1 2 411 1 0
0 33.92 1.58 1 1 1 0 1 0 0 0 2 320 1 0
1 23 0.75 2 7 4 0.5 0 0 0 1 1 320 1 0
1 34.17 9.17 2 8 4 4.5 1 1 12 1 2 0 222 1
1 47.17 5.83 2 9 4 5.5 0 0 0 0 2 465 151 0
1 35.75 2.41 2 9 4 0.125 0 1 2 0 2 220 2 0
1 20.42 1.08 2 11 4 1.5 0 0 0 0 2 108 8 0
1 38.17 10.12 2 14 4 2.5 1 1 6 0 2 520 197 1
0 25 0.87 2 14 8 1.04 1 0 0 1 2 160 5861 1
1 39.58 13.91 2 9 4 8.625 1 1 6 1 2 70 1 1
0 21.25 2.33 2 3 5 0.5 1 1 4 0 1 80 1 1
1 31.57 10.5 2 14 4 6.5 1 0 0 0 2 0 1 1
0 33.75 0.75 2 4 5 1 1 1 3 1 2 212 1 0
1 34.92 5 2 14 8 7.5 1 1 6 1 2 0 1001 1
1 23.5 3.16 1 4 4 0.415 0 1 1 1 2 280 81 0
1 52.5 6.5 2 4 4 6.29 1 1 15 0 2 0 11203 1
1 25.5 0.37 2 7 4 0.25 1 1 3 0 2 260 15109 1
0 25 12.33 2 13 8 3.5 1 1 6 0 2 400 459 1
1 41.92 0.42 2 8 8 0.21 1 1 6 0 2 220 949 1
0 42.25 1.75 1 8 4 0 0 0 0 1 2 150 2 0
1 56 12.5 2 4 8 8 1 0 0 1 2 24 2029 1
0 36 1 2 8 4 2 1 1 11 0 2 0 457 1
0 20.42 0.83 2 11 4 1.585 1 1 1 0 2 0 1 1
1 39.58 5 2 1 1 0 0 1 2 0 2 17 2 0
1 32.75 2.33 2 2 8 5.75 0 0 0 1 2 292 1 0
0 33.25 3 1 6 4 2 0 0 0 0 2 180 1 0
1 21.33 7.5 2 6 4 1.415 1 1 1 0 2 80 9801 1
1 33.67 2.16 2 8 4 1.5 0 0 0 0 3 120 1 0
0 29.75 0.66 2 9 4 0.25 0 0 0 1 2 300 1 0
1 34.17 1.54 2 13 4 1.54 1 1 1 1 2 520 50001 1
0 52.17 0 1 1 1 0 0 0 0 0 2 0 1 0
1 31.25 2.83 2 1 1 0 0 1 5 0 2 176 147 0
1 23.92 1.5 2 2 8 1.875 1 1 6 0 2 200 328 1
0 18.42 9.25 2 11 4 1.21 1 1 4 0 2 60 541 1
1 27.25 1.58 2 13 8 1.835 1 1 12 1 2 583 714 1
1 20.67 0.83 1 8 4 2 0 0 0 1 1 240 1 0
0 20.75 9.53 2 3 4 0.04 0 0 0 0 2 200 1001 0
1 41.58 1.75 2 4 4 0.21 1 0 0 0 2 160 1 0
0 40.83 3.5 2 3 5 0.5 0 0 0 0 1 1160 1 0
1 59.67 1.54 2 11 4 0.125 1 0 0 1 2 260 1 1
1 32 1.75 1 10 8 0.04 1 0 0 1 2 393 1 1
1 36.67 4.41 1 4 4 0.25 1 1 10 1 2 320 1 1
1 44.25 11 1 2 4 1.5 1 0 0 0 1 0 1 0
1 35.17 25.12 2 14 8 1.625 1 1 1 1 2 515 501 1
1 34.75 15 2 12 7 5.375 1 1 9 1 2 0 135 1
1 21.5 11.5 2 3 4 0.5 1 0 0 1 2 100 69 0
0 33.67 0.37 2 13 4 0.375 0 0 0 0 2 300 45 1
1 28.75 1.16 2 4 4 0.5 1 0 0 0 1 280 1 0
0 23 11.75 2 14 8 0.5 1 1 2 1 2 300 552 1
0 20.32 10 2 8 8 1 1 1 4 0 2 50 1466 1
0 25.25 12.5 2 2 4 1 0 0 0 1 2 180 1063 0
0 28.67 1.04 2 8 4 2.5 1 1 5 1 2 300 1431 1
1 31.67 16.16 2 2 4 3 1 1 9 0 2 250 731 1
0 52.5 7 2 6 8 3 0 0 0 0 2 0 1 0
1 51.42 0.04 2 14 8 0.04 1 0 0 0 2 0 3001 1

