1 39.58 5 2 1 1 0 0 1 2 0 2 17 2 0
1 31.57 0.5 2 8 5 0.835 1 0 0 1 1 320 1 0
1 21.83 0.25 2 2 8 0.665 1 0 0 1 2 0 1 1
1 49.5 7.58 2 3 5 7.585 1 1 15 1 2 0 5001 1
0 36 1 2 8 4 2 1 1 11 0 2 0 457 1
0 19.75 0.75 2 8 4 0.795 1 1 5 1 2 140 6 0
0 23.5 9 2 11 4 8.5 1 1 5 1 2 120 1 1
0 34.83 1.25 1 3 8 0.5 0 0 0 1 2 160 1 0
0 21.92 11.66 2 4 8 0.085 0 0 0 0 2 320 6 0
1 34.08 6.5 2 6 4 0.125 1 0 0 1 2 443 1 0
1 32.08 4 1 13 4 1.5 0 0 0 1 2 120 1 0
1 25.5 0.37 2 7 4 0.25 1 1 3 0 2 260 15109 1
0 26.58 2.54 1 1 1 0 0 0 0 1 2 180 61 0
1 26.75 4.5 1 8 5 2.5 0 0 0 0 2 200 1211 0
1 33 2.5 1 9 4 7 0 0 0 1 2 280 1 0
1 27.25 0.62 2 6 4 0.455 1 0 0 1 2 200 1 0
0 36.58 0.28 2 1 1 0 0 1 10 0 2 200 19 0
1 28 3 2 9 4 0.75 0 0 0 1 2 300 68 0
1 20 11.04 2 8 4 2 0 0 0 1 2 136 1 0
0 33.25 3 1 6 4 2 0 0 0 0 2 180 1 0
1 27.67 13.75 2 9 4 5.75 1 0 0 1 2 487 501 1
1 37.5 1.75 1 8 5 0.25 1 0 0 1 2 164 401 0
0 22.75 6.16 2 6 4 0.165 0 0 0 0 2 220 1001 0
1 20.67 0.41 2 8 4 0.125 0 0 0 0 2 0 45 0
1 39.42 1.71 1 7 4 0.165 0 0 0 0 1 400 1 0
1 22 0.79 2 9 4 0.29 0 1 1 0 2 420 284 0
1 31.57 0.37 2 2 4 0.875 1 0 0 1 1 928 1 0
1 34.25 3 2 13 8 7.415 1 0 0 1 2 0 1 1
0 25.42 1.12 2 11 4 1.29 1 1 2 0 2 200 1 0
1 26.67 14.58 2 3 5 0 0 0 0 1 2 178 1 0
1 28.75 1.5 1 8 4 1.5 1 0 0 1 2 0 226 0
0 17.92 0.54 2 8 4 1.75 0 1 1 1 2 80 6 0
1 31.83 2.5 2 6 4 7.5 1 0 0 1 2 523 1 0
0 17.57 9 2 6 4 1.375 1 0 0 1 2 0 1 1
1 39 5 2 13 4 3.5 1 1 10 1 2 0 1 1
1 22.58 1.5 1 6 4 0.54 0 0 0 1 2 120 68 0
1 36.17 18.12 2 9 4 0.085 0 0 0 0 2 320 3553 0
1 27.67 2 2 14 8 1 1 1 4 0 2 140 7545 1
1 27.83 1 1 2 8 3 0 0 0 0 2 176 538 0
0 25 0.87 2 14 8 1.04 1 0 0 1 2 160 5861 1
1 48.17 7.62 2 9 8 15.5 1 1 12 0 2 0 791 1
1 31.42 15.5 2 8 4 0.5 1 0 0 0 2 120 1 0
1 22.67 0.16 2 8 3 2.25 0 0 0 1 1 0 1 1
1 29.83 3.5 2 8 4 0.165 0 0 0 0 2 216 1 0
1 19 0 1 1 1 0 0 1 4 0 2 45 2 0
1 24.33 6.62 1 2 4 5.5 1 0 0 1 1 100 1 1
1 33.17 3.04 1 8 8 2.04 1 1 1 1 2 180 18028 1
1 27.83 1.5 2 9 4 2 1 1 11 1 2 434 36 1
0 19.57 0.66 1 8 4 1 0 1 1 0 2 2000 3 0
1 63.33 0.54 2 8 4 0.585 1 1 3 1 2 180 1 0
1 32.67 9 1 9 8 5.25 1 0 0 1 2 154 1 1
1 15.17 7 2 10 4 1 0 0 0 0 2 600 1 0
1 39.83 0.5 2 7 4 0.25 1 0 0 0 1 288 1 0
1 38.92 1.75 2 4 4 0.5 0 0 0 1 2 300 3 0
0 20.75 9.53 2 3 4 0.04 0 0 0 0 2 200 1001 0
1 33.58 2.75 2 7 4 4.25 1 1 6 0 2 204 1 1
0 15.75 0.37 2 8 4 1 0 0 0 0 2 120 19 0
0 29.5 0.46 2 4 4 0.54 1 1 4 0 2 380 501 1
1 35.25 16.5 1 8 4 4 1 0 0 0 2 80 1 0
1 27.67 0.75 2 11 8 0.165 0 0 0 1 2 220 252 0
1 23.92 0.66 2 8 4 0.165 0 0 0 0 2 100 1 1
1 31.57 0.04 1 2 4 4.25 0 0 0 1 2 460 1 0
1 31.33 19.5 2 8 4 7 1 1 16 0 2 0 5001 1
1 29.58 4.5 2 9 4 7.5 1 1 2 1 2 330 1 1
1 29.92 1.83 2 8 8 4.335 1 0 0 0 2 260 201 1
1 31.08 1.5 1 9 4 0.04 0 0 0 0 1 160 1 0
1 51.33 10 2 3 5 0 1 1 11 0 2 0 1250 1
1 39.5 1.62 2 8 4 1.5 0 0 0 0 2 0 317 0
1 22.67 10.5 2 11 8 1.335 1 0 0 0 2 100 1 1
1 13.75 4 1 9 4 1.75 1 1 2 1 2 120 1001 1
0 18.75 7.5 2 11 4 2.71 1 1 5 0 2 184 26727 1
0 28.58 1.66 2 11 4 2.415 1 0 0 1 2 440 1 0
1 39.92 5 2 3 5 0.21 0 0 0 0 2 550 1 0
1 37.33 6.5 2 7 8 4.25 1 1 12 1 2 93 1 1
1 56 12.5 2 4 8 8 1 0 0 1 2 24 2029 1
0 47.25 0.75 2 11 8 2.75 1 1 1 0 2 333 893 1
0 17.32 9.5 2 6 4 1.75 0 1 10 1 2 0 11 0
1 26.92 2.25 2 3 5 0.5 0 0 0 1 2 640 4001 0
0 20.67 1.83 2 11 4 2.085 1 1 5 0 2 220 2504 1
1 48.08 6.04 2 4 4 0.04 0 0 0 0 2 0 2691 1
1 32.25 14 1 1 1 0 0 1 2 0 2 160 2 0
1 28.25 0.87 2 7 4 0.96 1 1 3 1 2 396 1 1
1 23.75 0.41 1 8 4 0.04 0 1 2 0 2 128 7 0
0 53.33 0.16 2 1 1 0 0 0 0 1 1 62 28 0
1 73.42 17.75 2 1 1 0 1 0 0 1 2 0 1 1
0 27.25 0.28 2 7 8 0.125 0 1 1 1 2 272 109 0
1 19 1.75 1 8 4 2.335 0 0 0 1 2 112 7 0
0 60.58 16.5 2 11 4 11 1 0 0 1 2 21 10562 1
1 55.92 11.5 2 1 1 5 1 1 5 0 2 0 8852 1
0 35.75 0.91 2 6 4 0.75 1 1 4 0 2 0 1584 1
1 24.42 2 2 10 2 0.165 0 1 2 0 2 320 1301 0
1 19.42 6.5 2 9 8 1.46 1 1 7 0 2 80 2955 1
1 33.17 1.04 2 12 8 6.5 1 0 0 1 2 164 31286 1
1 23.08 2.5 2 1 1 0.085 0 0 0 1 2 100 4209 0
1 22.33 11 2 9 4 2 1 1 1 0 2 80 279 1
0 31.75 3 1 5 3 0 0 0 0 0 2 160 21 0
1 56.58 18.5 2 2 5 15 1 1 17 1 2 0 1 1
1 36.5 4.25 2 11 4 3.5 0 0 0 0 2 454 51 0
1 36.33 2.12 1 9 4 0.085 1 1 1 0 2 50 1188 1
1 67.75 5.5 2 10 9 13 1 1 1 1 2 0 1 1
1 49.58 19 2 1 1 0 1 1 1 0 2 94 1 0
1 39.17 2.5 1 3 8 10 0 0 0 1 1 200 1 0
0 21.25 2.33 2 3 5 0.5 1 1 4 0 1 80 1 1
1 23.08 11.5 2 3 4 3.5 1 1 9 0 2 56 743 1
1 22.83 3 2 7 4 1.29 1 1 1 0 2 260 801 1
0 52.5 7 2 6 8 3 0 0 0 0 2 0 1 0
1 47.33 6.5 2 8 4 1 0 0 0 1 2 0 229 0
0 18.57 10 2 2 4 0.415 0 0 0 0 2 80 43 0
1 48.17 3.5 2 6 4 3.5 1 0 0 0 1 230 1 1
0 57.08 19.5 2 8 4 5.5 1 1 7 0 2 0 3001 1
1 36.42 0.75 1 2 4 0.585 0 0 0 0 2 240 4 0
0 22.5 0.41 2 3 4 0.335 0 0 0 1 1 144 1 0
0 28.58 3.75 2 8 4 0.25 0 1 1 1 2 40 155 0
0 58.33 10 2 11 4 4 1 1 14 0 2 0 1603 1
0 46.67 0.46 2 13 8 0.415 1 1 11 1 2 440 7 1
1 74.83 19 1 1 1 0.04 0 1 2 0 2 0 352 0
0 19.17 8.58 2 13 8 0.75 1 1 7 0 2 96 1 1
1 20.25 9.96 2 10 2 0 1 0 0 0 2 0 1 1
0 25.08 2.54 1 6 4 0.25 1 0 0 1 2 370 1 1
1 22.75 11.5 2 3 4 0.415 0 0 0 0 2 0 1 0
0 30.5 6.5 2 8 5 4 1 1 7 1 2 0 3066 1
1 25.92 0.87 2 4 4 0.375 0 1 2 1 2 174 4 0
1 36.67 2 2 3 4 0.25 0 0 0 1 2 221 1 0
1 23.92 1.5 2 2 8 1.875 1 1 6 0 2 200 328 1
0 33.75 0.75 2 4 5 1 1 1 3 1 2 212 1 0
1 23 0.62 1 6 4 0.125 1 0 0 0 2 180 2 0
1 20.5 2.41 2 8 4 2 1 1 11 1 2 200 3001 1
0 38.58 5 2 13 4 13.5 1 0 0 1 2 980 1 0
1 37.33 2.66 2 13 4 0.165 0 0 0 1 2 0 502 0
0 20.42 10.5 1 14 8 0 0 0 0 1 2 154 33 0
0 41 2.04 1 11 8 0.125 1 1 23 1 2 455 1237 1
1 23.25 4 2 8 5 0.25 1 0 0 1 2 160 1 1
1 29.5 0.57 2 9 4 0.29 0 1 1 0 2 340 2804 0
1 25.67 0.28 1 8 4 1.5 0 0 0 1 2 160 1 0
1 23.42 0.58 2 8 8 0.085 1 0 0 0 2 180 1 0
0 55.75 7.08 2 4 8 6.75 1 1 3 1 2 100 51 0
1 19.32 10.91 2 8 5 0.585 0 1 2 1 2 200 8 0
1 30.17 0.5 2 8 4 1.75 1 1 11 0 2 32 541 1
0 33.08 1.62 2 2 4 0.54 0 0 0 1 2 0 1 0
1 21.5 9.75 2 8 4 0.25 1 0 0 0 2 140 1 0
1 39.92 6.21 2 11 4 0.04 1 1 1 0 2 200 301 1
1 26.67 4.25 2 13 4 4.29 1 1 1 1 2 120 1 1
0 15.83 0.58 2 8 8 1.5 1 1 2 0 2 100 1 1
1 27.83 1.5 2 9 4 2.25 0 1 1 1 2 100 4 0
1 16.17 0.04 2 8 4 0.04 0 0 0 0 2 0 1 1
0 19.67 0.21 2 11 8 0.29 1 1 11 0 2 80 100 1
1 41.33 0 2 8 5 15 1 0 0 0 2 0 1 1
1 21.17 0.87 1 8 8 0.25 0 0 0 0 2 280 205 0
0 16.07 0.33 2 1 1 0 0 1 1 0 2 160 127 0
0 18.07 0.37 3 13 1 10 0 0 0 1 1 300 1 1
1 42.83 4.62 2 11 4 4.58 1 0 0 0 1 0 1 1
0 25 12.33 2 13 8 3.5 1 1 6 0 2 400 459 1
0 21.67 11.5 1 5 3 0 1 1 11 1 2 0 1 1
1 27.75 0.58 1 13 4 0.25 1 1 2 0 2 260 501 1
1 25.33 0.57 2 8 4 0.29 1 1 7 1 2 96 5125 1
0 41.33 1 2 3 5 2.25 1 0 0 1 2 0 301 1
0 60.92 5 2 6 4 4 1 1 4 0 2 0 100 1
1 32.33 3.5 2 4 4 0.5 0 0 0 1 2 232 1 0
1 23.42 1 2 8 4 0.5 0 0 0 1 1 280 1 0
1 35 2.5 2 3 4 1 0 0 0 1 2 210 1 0
1 54.33 6.75 2 8 8 2.625 1 1 11 1 2 0 285 1
1 30.08 1.04 1 3 5 0.5 1 1 10 1 2 132 29 0
1 27.25 1.58 2 13 8 1.835 1 1 12 1 2 583 714 1
1 34.83 2.5 1 9 4 3 0 0 0 0 1 200 1 0
0 19.57 0.66 2 9 4 1.665 0 0 0 0 2 220 6 0
1 39.17 1.71 2 14 4 0.125 1 1 5 1 2 480 1 1
1 26 1 2 11 4 1.75 1 0 0 1 2 280 1 1
1 17.07 0.08 1 8 4 0.04 0 0 0 0 2 140 723 0
1 20.42 1.83 2 8 4 2.25 1 1 1 0 2 100 151 1
1 22.25 0.46 2 4 4 0.125 0 0 0 1 2 280 56 0
0 18.82 9.5 2 9 4 1.625 1 1 6 1 2 40 601 1
0 57.08 0.33 2 3 5 1 1 0 0 1 2 252 2198 0
1 34.17 5.25 2 9 4 0.085 0 0 0 1 2 290 7 1
1 18.42 10.41 1 6 4 0.125 1 0 0 0 2 120 376 0
1 40 6.5 2 6 5 3.5 1 1 1 0 2 0 501 1
0 32.25 1.5 2 8 4 0.25 0 0 0 1 2 372 123 0
1 40.92 2.25 1 14 8 10 1 0 0 1 2 176 1 0
1 35.75 2.41 2 9 4 0.125 0 1 2 0 2 220 2 0
0 33.08 4.62 2 11 8 1.625 1 1 2 0 2 0 1 1
1 34.75 2.5 2 13 5 0.5 0 0 0 0 2 348 1 0
1 24.08 0.87 2 7 4 0.085 0 1 4 0 2 254 1951 0
1 34.92 5 2 14 8 7.5 1 1 6 1 2 0 1001 1
0 45.83 10.5 2 11 4 5 1 1 7 1 2 0 1 1
1 54.83 15.5 2 10 9 0 1 1 20 0 2 152 131 0
1 34.08 2.5 2 8 4 1 0 0 0 0 2 460 17 0
1 42 0.2 2 3 8 5.125 1 0 0 0 2 400 1 1
0 40.33 7.54 1 11 8 8 1 1 14 0 2 0 2301 1
1 29.25 13 2 2 8 0.5 0 0 0 0 2 228 1 0
1 23.25 1.5 2 11 4 2.375 1 1 3 1 2 0 583 1
1 16.25 0.83 2 7 4 0.085 1 0 0 0 1 200 1 0
1 27.58 3.25 1 11 8 5.085 0 1 2 1 2 369 2 0
1 35.58 0.75 2 4 4 1.5 0 0 0 1 2 231 1 0
0 47.75 8 2 8 4 7.875 1 1 6 1 2 0 1261 1
0 24.5 1.04 1 1 1 0.5 1 1 3 0 2 180 148 0
1 28.92 0.37 2 8 4 0.29 0 0 0 0 2 220 141 0
1 32.67 5.5 2 11 8 5.5 1 1 12 1 2 408 1001 1
1 22.08 2.33 2 4 4 0.75 0 0 0 0 2 180 1 0
1 59.5 2.75 2 9 4 1.75 1 1 5 1 2 60 59 1
0 22.42 5.66 2 11 4 2.585 1 1 7 0 2 129 3258 1
0 31.57 1.5 2 1 1 0 0 1 2 1 2 200 106 0
1 19.42 7.25 2 7 4 0.04 0 1 1 0 2 100 2 0
1 32.33 7.5 2 10 5 1.585 1 0 0 1 1 420 1 0
1 36.75 0.12 1 8 4 1.5 0 0 0 1 2 232 114 1
0 31.57 3.5 2 2 4 3 1 0 0 1 2 300 1 0
1 31.08 3.08 2 8 4 2.5 0 1 2 1 2 160 42 0
1 20.42 7 2 8 4 1.625 1 1 3 0 2 200 1392 1
1 40.92 0.5 1 7 4 0.5 0 0 0 1 2 130 1 0
1 27.75 1.29 2 4 8 0.25 0 0 0 1 1 140 1 0
1 21.08 4.12 1 3 8 0.04 0 0 0 0 2 140 101 0
1 51.42 0.04 2 14 8 0.04 1 0 0 0 2 0 3001 1
1 52.33 1.37 1 8 8 9.46 1 0 0 1 2 200 101 0
1 19.17 9.5 2 9 4 1.5 1 0 0 0 2 120 2207 1
0 27.33 1.66 2 1 1 0 0 0 0 0 2 340 2 0
1 48.25 25.08 2 9 4 1.75 1 1 3 0 2 120 15 1
1 34.92 2.5 2 9 4 0 1 0 0 1 2 239 201 1
1 39.33 5.87 2 13 8 10 1 1 14 1 2 399 1 1
1 48.58 6.5 2 11 8 6 1 0 0 1 2 350 1 1
0 48.17 1.33 2 3 7 0.335 0 0 0 0 2 0 121 0
0 26.92 13.5 2 11 8 5 1 1 2 0 2 0 5001 1
1 48.5 4.25 2 7 4 0.125 1 0 0 1 2 225 1 1

