1.234 22.08 11.46 2 4 4 1.585 0 0 0 1 2 100 1213 0
1 55.92 11.5 2 1 1 5 1 1 5 0 2 0 8852 1
0 47.25 0.75 2 11 8 2.75 1 1 1 0 2 333 893 1
0 27.67 1.5 2 7 4 2 1 0 0 0 1 368 1 0
1 45 8.5 2 13 8 14 1 1 1 1 2 88 2001 1
1 33.17 1 2 14 4 0.75 1 1 7 1 2 340 4072 1
1 21.83 0.25 2 2 8 0.665 1 0 0 1 2 0 1 1
1 22.5 0.12 1 4 4 0.125 0 0 0 0 2 200 71 0
1 25.25 1 2 6 4 0.5 0 0 0 0 2 200 1 0
0 28.5 3.04 1 14 8 2.54 1 1 1 0 2 70 1 1
1 25.75 0.5 2 8 4 1.46 1 1 5 1 2 312 1 1
1 17.5 22 3 1 7 0 0 0 0 1 3 450 100001 1
0 27.25 0.28 2 7 8 0.125 0 1 1 1 2 272 109 0
1 17.07 0.08 1 8 4 0.04 0 0 0 0 2 140 723 0
1 36.33 2.12 1 9 4 0.085 1 1 1 0 2 50 1188 1
0 22.83 2.29 2 11 8 2.29 1 1 7 1 2 140 2385 1
1 48.17 7.62 2 9 8 15.5 1 1 12 0 2 0 791 1
1 19.17 9.5 2 9 4 1.5 1 0 0 0 2 120 2207 1
0 18.07 0.37 3 13 1 10 0 0 0 1 1 300 1 1
0 68.67 15 2 10 9 0 1 1 14 0 2 0 3377 1
0 40.33 7.54 1 11 8 8 1 1 14 0 2 0 2301 1
1 36.67 2 2 3 4 0.25 0 0 0 1 2 221 1 0
1 34.17 2.75 2 3 5 2.5 0 0 0 1 2 232 201 0
1 35.17 2.5 2 4 4 4.5 1 1 7 0 2 150 1271 1
1 63.33 0.54 2 8 4 0.585 1 1 3 1 2 180 1 0
1 41.17 1.25 1 9 4 0.25 0 0 0 0 2 0 196 0
1 47.17 5.83 2 9 4 5.5 0 0 0 0 2 465 151 0
1 28.75 1.16 2 4 4 0.5 1 0 0 0 1 280 1 0
1 32.25 14 1 1 1 0 0 1 2 0 2 160 2 0
1 20.75 5.08 1 5 4 0.29 0 0 0 0 2 140 185 0
1 53.92 9.62 2 10 4 8.665 1 1 5 0 2 0 1 1
0 38.75 1.5 2 1 1 0 0 0 0 0 2 76 1 0
1 24.83 2.75 2 8 4 2.25 1 1 6 0 2 184 601 1
0 28.67 1.04 2 8 4 2.5 1 1 5 1 2 300 1431 1
0 33.08 4.62 2 11 8 1.625 1 1 2 0 2 0 1 1
1 40.58 1.5 2 3 5 0 0 0 0 0 1 300 1 0
1 25.75 0.75 2 8 5 0.25 1 0 0 0 2 349 24 1
1 42 9.78 2 14 8 7.96 1 1 8 0 2 0 1 1
0 20.83 8.5 2 8 4 0.165 0 0 0 0 2 0 352 0
0 30.42 1.37 2 9 8 0.04 0 1 3 0 2 0 34 0
1 32.75 2.33 2 2 8 5.75 0 0 0 1 2 292 1 0
1 39.5 4.25 2 8 5 6.5 1 1 16 0 2 117 1211 1
0 33.92 1.58 1 1 1 0 1 0 0 0 2 320 1 0
1 60.08 14.5 2 1 1 18 1 1 15 1 2 0 1001 1
0 20.42 10.5 1 14 8 0 0 0 0 1 2 154 33 0
0 17.92 10.21 2 1 1 0 0 0 0 0 2 0 51 0
0 52.83 15 2 8 4 5.5 1 1 14 0 2 0 2201 1
1 41 0.04 2 10 4 0.04 0 1 1 0 1 560 1 1
0 25 12.33 2 13 8 3.5 1 1 6 0 2 400 459 1
1 25.5 0.37 2 7 4 0.25 1 1 3 0 2 260 15109 1
0 18.82 4.41 1 8 8 3 1 0 0 0 2 240 1 1
0 45 4.58 2 4 8 1 0 0 0 1 1 240 1 0
0 38.25 6 2 4 4 1 1 0 0 1 2 0 1 1
1 36.08 2.54 2 1 1 0 0 0 0 0 2 0 1001 0
0 23.58 0.58 1 1 1 0.125 0 0 0 0 2 120 88 0
1 41.5 1.54 2 3 5 3.5 0 0 0 0 2 216 1 1
0 40.33 8.12 1 4 4 0.165 0 1 2 0 2 184 19 0
0 29.75 0.66 2 9 4 0.25 0 0 0 1 2 300 1 0
0 58.33 10 2 11 4 4 1 1 14 0 2 0 1603 1
0 29.5 2 1 10 8 2 0 0 0 0 2 256 18 0
1 25 12 2 4 4 2.25 1 1 2 1 2 120 6 0
1 34.17 5.25 2 9 4 0.085 0 0 0 1 2 290 7 1
1 49.5 7.58 2 3 5 7.585 1 1 15 1 2 0 5001 1
1 33.17 1.04 2 12 8 6.5 1 0 0 1 2 164 31286 1
0 23.5 9 2 11 4 8.5 1 1 5 1 2 120 1 1
1 48.08 6.04 2 4 4 0.04 0 0 0 0 2 0 2691 1
1 52.42 1.5 2 2 4 3.75 0 0 0 1 2 0 351 0
0 58.42 21 2 3 5 10 1 1 13 0 2 0 6701 1
1 29.83 1.25 1 4 4 0.25 0 0 0 0 2 224 1 0
1 34.42 4.25 2 3 5 3.25 1 1 2 0 2 274 611 1
0 20.83 0.5 1 10 2 1 0 0 0 0 2 260 1 0
1 37.5 1.75 1 8 5 0.25 1 0 0 1 2 164 401 0
1 29.67 1.41 2 9 8 0.75 1 1 1 0 2 240 101 1
1 22.83 3 2 7 4 1.29 1 1 1 0 2 260 801 1
0 33.17 2.25 1 13 4 3.5 0 0 0 1 2 200 142 0
1 52.33 1.37 1 8 8 9.46 1 0 0 1 2 200 101 0
0 29.5 0.46 2 4 4 0.54 1 1 4 0 2 380 501 1
0 23.75 0.71 2 9 4 0.25 0 1 1 1 2 240 5 0
1 22 7.83 1 3 5 0.165 0 0 0 1 2 184 1 0
1 54.83 15.5 2 10 9 0 1 1 20 0 2 152 131 0
1 36.42 0.75 1 2 4 0.585 0 0 0 0 2 240 4 0
1 23.33 1.5 2 8 8 1.415 1 0 0 0 2 422 201 1
0 17.92 0.54 2 8 4 1.75 0 1 1 1 2 80 6 0
1 43.17 2.25 2 3 5 0.75 1 0 0 0 2 560 1 0
1 73.42 17.75 2 1 1 0 1 0 0 1 2 0 1 1
0 17.67 0 1 5 1 0 0 0 0 0 2 86 1 0
1 33.17 3.16 1 14 4 3.165 1 1 3 1 2 380 1 1
1 36.17 18.12 2 9 4 0.085 0 0 0 0 2 320 3553 0
0 22.67 0.75 2 8 4 2 0 1 2 1 2 200 395 0
0 24.5 1.04 1 1 1 0.5 1 1 3 0 2 180 148 0
1 36.33 3.79 2 9 4 1.165 1 0 0 1 2 200 1 0
0 34.83 1.25 1 3 8 0.5 0 0 0 1 2 160 1 0
1 51.58 15 2 8 4 8.5 1 1 9 0 2 0 1 1
1 27.42 12.5 2 6 5 0.25 0 0 0 1 2 720 1 0
1 28.25 5.04 1 8 5 1.5 1 1 8 1 2 144 8 1
1 59.67 1.54 2 11 4 0.125 1 0 0 1 2 260 1 1
1 23.33 11.62 1 9 4 0.835 1 0 0 1 2 160 301 1
1 25.17 3 2 8 4 1.25 0 1 1 0 2 0 23 0
0 25 0.87 2 14 8 1.04 1 0 0 1 2 160 5861 1
0 46 4 2 5 3 0 1 0 0 0 2 100 961 1
0 23.25 5.87 2 11 4 3.17 1 1 10 0 2 120 246 1
1 24.58 12.5 2 9 4 0.875 1 0 0 1 2 260 1 0
1 34.08 2.5 2 8 4 1 0 0 0 0 2 460 17 0
1 56.75 12.25 2 7 4 1.25 1 1 4 1 2 200 1 1
1 38.67 0.21 2 4 4 0.085 1 0 0 1 2 280 1 1
1 35.25 3.16 2 14 8 3.75 1 0 0 1 2 680 1 0
0 24.92 1.25 2 1 1 0 1 0 0 0 2 80 1 0
1 39.17 2.5 1 3 8 10 0 0 0 1 1 200 1 0
1 21.33 10.5 2 8 4 3 1 0 0 1 2 0 1 1
1 22.67 0.16 2 8 3 2.25 0 0 0 1 1 0 1 1
1 22.08 11 2 13 4 0.665 1 0 0 0 2 100 1 1
0 42.25 1.75 1 8 4 0 0 0 0 1 2 150 2 0
1 21.5 9.75 2 8 4 0.25 1 0 0 0 2 140 1 0
1 17.57 10 2 9 8 0.165 0 1 1 0 2 120 2 0
1 34.17 9.17 2 8 4 4.5 1 1 12 1 2 0 222 1
0 19.57 0.66 1 8 4 1 0 1 1 0 2 2000 3 0
0 21.67 11.5 1 5 3 0 1 1 11 1 2 0 1 1
1 33.58 0.25 2 3 5 4 0 0 0 1 1 420 1 0
1 30.08 1.04 1 3 5 0.5 1 1 10 1 2 132 29 0
0 27.17 1.25 2 1 1 0 0 1 1 0 2 92 301 0
1 30.58 2.71 1 7 4 0.125 0 0 0 1 1 80 1 0
0 24.5 12.75 2 8 5 4.75 1 1 2 0 2 73 445 1
1 28.67 9.33 2 11 8 5.665 1 1 6 0 2 381 169 1
1 25 11.25 2 8 4 2.5 1 1 17 0 2 200 1209 1
1 25.08 1.71 2 14 4 1.665 1 1 1 1 2 395 21 1
1 24.58 1.25 2 8 4 0.25 0 0 0 0 2 110 1 0
0 24.33 2.5 1 3 5 4.5 0 0 0 0 2 200 457 0
1 20.42 0 2 8 4 0 0 0 0 0 3 184 1 0
1 25.67 2.21 1 6 4 4 1 0 0 0 2 188 1 0
1 36.25 5 2 8 5 2.5 1 1 6 0 2 0 368 1
0 24.5 0.5 2 11 8 1.5 1 0 0 0 2 280 825 1
0 60.92 5 2 6 4 4 1 1 4 0 2 0 100 1
1 21.92 0.54 1 14 4 0.04 1 1 1 1 2 840 60 1
0 18.75 7.5 2 11 4 2.71 1 1 5 0 2 184 26727 1
1 34.75 2.5 2 13 5 0.5 0 0 0 0 2 348 1 0
1 28 3 2 9 4 0.75 0 0 0 1 2 300 68 0
0 28.08 15 1 10 9 0 1 0 0 0 2 0 13213 1
1 47.67 0.28 2 8 5 15 1 1 20 0 2 0 15001 1
0 24.5 1.75 1 8 4 0.165 0 0 0 0 2 132 1 0
1 29.58 4.5 2 9 4 7.5 1 1 2 1 2 330 1 1
0 24.83 4.5 2 9 4 1 0 0 0 1 2 360 7 0
1 28.75 1.5 1 8 4 1.5 1 0 0 1 2 0 226 0
1 31.25 1.12 2 1 1 0 0 1 1 0 2 96 20 0
1 31.57 10.5 2 14 4 6.5 1 0 0 0 2 0 1 1
1 27.67 13.75 2 9 4 5.75 1 0 0 1 2 487 501 1
1 58.58 2.71 2 8 4 2.415 0 0 0 1 2 320 1 0
1 52.5 6.5 2 4 4 6.29 1 1 15 0 2 0 11203 1
1 23.75 0.41 1 8 4 0.04 0 1 2 0 2 128 7 0
1 26.75 1.12 2 14 8 1.25 1 0 0 0 2 0 5299 1
1 39.25 9.5 2 7 4 6.5 1 1 14 0 2 240 4608 1
1 33.67 2.16 2 8 4 1.5 0 0 0 0 3 120 1 0
1 23.25 1.5 2 11 4 2.375 1 1 3 1 2 0 583 1
0 23.58 11.5 1 4 8 3 0 0 0 1 2 20 17 0
1 26.67 2.71 1 13 4 5.25 1 1 1 0 2 211 1 1
1 48.75 26.33 1 1 1 0 1 0 0 1 2 0 1 0
0 29.5 1.08 1 14 4 1 0 0 0 0 2 280 14 0
0 24.58 0.67 2 6 8 1.75 1 0 0 0 2 400 1 0
0 56.83 4.25 1 1 1 5 0 0 0 1 2 0 5 0
0 30.67 12 2 8 4 2 1 1 1 0 2 220 20 1
1 27.25 1.58 2 13 8 1.835 1 1 12 1 2 583 714 1
1 33.58 0.33 1 13 4 0.085 0 0 0 0 2 180 1 0
1 20.5 2.41 2 8 4 2 1 1 11 1 2 200 3001 1
1 27.67 0.75 2 11 8 0.165 0 0 0 1 2 220 252 0
1 22.17 2.25 2 3 4 0.125 0 0 0 0 2 160 11 0
1 29.5 0.57 2 9 4 0.29 0 1 1 0 2 340 2804 0
1 20.67 1.25 1 8 8 1.375 1 1 3 1 2 140 211 0
1 29.42 1.25 2 8 8 0.25 0 1 2 1 2 400 109 0
0 30.5 6.5 2 8 5 4 1 1 7 1 2 0 3066 1
0 22.5 0.41 2 3 4 0.335 0 0 0 1 1 144 1 0
0 51.92 6.5 2 3 5 3.085 0 0 0 1 2 73 1 0
0 36.75 5.12 2 10 4 5 1 0 0 1 2 0 4001 1
1 20.25 9.96 2 10 2 0 1 0 0 0 2 0 1 1
1 48.58 6.5 2 11 8 6 1 0 0 1 2 350 1 1
1 20.17 9.25 2 8 4 1.665 1 1 3 1 2 40 29 1
1 37.33 2.66 2 13 4 0.165 0 0 0 1 2 0 502 0
1 22.75 11.5 2 3 4 0.415 0 0 0 0 2 0 1 0
1 18 0.16 2 11 7 0.21 0 0 0 0 2 200 41 1
0 37.75 5.5 2 11 4 0.125 1 0 0 1 2 228 1 1
1 22.92 0.17 2 7 4 0.085 0 0 0 0 1 0 1 0
0 18.17 10 1 11 8 0.165 0 0 0 0 2 340 1 0
1 26.67 14.58 2 3 5 0 0 0 0 1 2 178 1 0
1 37.75 7 2 11 8 11.5 1 1 7 1 2 300 6 0
1 26.25 1.54 2 9 4 0.125 0 0 0 0 2 100 1 0
1 16.32 2.75 2 6 4 0.665 0 1 1 0 2 80 22 0
1 21.33 7.5 2 6 4 1.415 1 1 1 0 2 80 9801 1
1 51.83 3 1 1 1 1.5 0 0 0 0 2 180 5 0
1 24.5 13.33 1 6 4 0.04 0 0 0 1 2 120 476 0
1 34.5 4.04 1 3 5 8.5 1 1 7 1 2 195 1 1
1 35.17 25.12 2 14 8 1.625 1 1 1 1 2 515 501 1
1 17.67 4.46 2 8 4 0.25 0 0 0 0 1 80 1 0
1 23.08 2.5 2 8 4 1.085 1 1 11 1 2 60 2185 1
1 28.25 5.12 2 14 4 4.75 1 1 2 0 2 420 8 1
1 18.07 6.75 1 7 4 0.04 0 0 0 0 2 140 1 0
0 22.25 1.25 1 1 1 3.25 0 0 0 0 2 280 1 0
1 20.67 5.29 2 11 4 0.375 1 1 1 0 2 160 1 0
0 27.33 1.66 2 1 1 0 0 0 0 0 2 340 2 0
1 43.17 5 2 3 5 2.25 0 0 0 1 2 141 1 0
1 21.58 0.79 1 13 4 0.665 0 0 0 0 2 160 1 0
0 28.58 3.54 2 3 5 0.5 1 0 0 1 2 171 1 0
0 28.42 3.5 2 9 4 0.835 1 0 0 0 1 280 1 1
0 57.08 0.33 2 3 5 1 1 0 0 1 2 252 2198 0
0 25.33 2.08 2 8 8 2.75 1 0 0 1 2 360 2 0
0 26.92 13.5 2 11 8 5 1 1 2 0 2 0 5001 1
0 20.42 7.5 2 4 4 1.5 1 1 1 0 2 160 235 1
0 27.58 3 2 7 4 2.79 0 1 1 1 2 280 11 0
1 22.67 1.58 1 9 4 3.085 1 1 6 0 2 80 1 1
0 33.67 0.37 2 13 4 0.375 0 0 0 0 2 300 45 1
1 49.17 2.29 2 1 1 0.29 0 0 0 0 2 200 4 0
1 26.83 0.54 2 4 1 0 0 0 0 0 2 100 1 0
0 18.42 9.25 2 11 4 1.21 1 1 4 0 2 60 541 1
1 35.58 0.75 2 4 4 1.5 0 0 0 1 2 231 1 0
1 24.17 0.87 2 11 4 4.625 1 1 2 1 2 520 2001 1
0 17.82 11 2 14 8 1 1 1 11 0 2 0 3001 1
0 18.25 10 2 9 4 1 0 1 1 0 2 120 2 0
1 26.67 1.75 1 8 4 1 1 1 5 1 2 160 5778 1
1 31.57 3 1 3 5 7 0 0 0 0 2 0 2 0
0 25.75 0.5 2 8 8 0.875 1 0 0 1 2 491 1 1
1 23.75 12 2 8 4 2.085 0 0 0 0 1 80 1 0
1 19.42 1.5 1 13 4 2 1 0 0 1 2 100 21 0
1 21.5 11.5 2 3 4 0.5 1 0 0 1 2 100 69 0

