0 17.67 0 1 5 1 0 0 0 0 0 2 86 1 0
1 30.67 2.5 2 13 8 2.25 0 0 0 1 1 340 1 0
1 32.67 9 1 9 8 5.25 1 0 0 1 2 154 1 1
1 36.17 5.5 2 3 5 5 0 0 0 0 2 210 688 0
1 19 0 1 1 1 0 0 1 4 0 2 45 2 0
1 29.42 1.25 2 8 8 0.25 0 1 2 1 2 400 109 0
1 25.42 0.54 2 9 4 0.165 0 1 1 0 2 272 445 0
1 39.92 5 2 3 5 0.21 0 0 0 0 2 550 1 0
1 23.25 4 2 8 5 0.25 1 0 0 1 2 160 1 1
1 23.92 0.66 2 8 4 0.165 0 0 0 0 2 100 1 1
0 28.08 15 1 10 9 0 1 0 0 0 2 0 13213 1
1 24.83 2.75 2 8 4 2.25 1 1 6 0 2 184 601 1
0 46.08 3 2 8 4 2.375 1 1 8 1 2 396 4160 1
0 17.57 9 2 6 4 1.375 1 0 0 1 2 0 1 1
0 45.33 1 2 11 4 0.125 0 0 0 1 2 263 1 0
0 69.5 6 2 1 1 0 0 0 0 0 1 0 1 0
1 27.58 2.04 1 6 4 2 1 1 3 1 2 370 561 1
1 45 8.5 2 13 8 14 1 1 1 1 2 88 2001 1
1 22.75 11.5 2 3 4 0.415 0 0 0 0 2 0 1 0
0 50.25 0.83 2 6 4 0.5 0 0 0 1 2 240 118 0
1 27.42 12.5 2 6 5 0.25 0 0 0 1 2 720 1 0
0 30.5 6.5 2 8 5 4 1 1 7 1 2 0 3066 1
1 26.17 0.83 2 13 4 1.165 0 0 0 0 2 100 1 0
1 48.08 3.75 2 3 5 1 0 0 0 0 2 100 3 0
1 20.67 5.29 2 11 4 0.375 1 1 1 0 2 160 1 0
1 35 2.5 2 3 4 1 0 0 0 1 2 210 1 0
1 67.75 5.5 2 10 9 13 1 1 1 1 2 0 1 1
1 27.83 1.54 2 9 4 3.75 1 1 5 1 2 100 4 1
0 31.92 3.12 2 1 1 3.04 0 1 2 1 2 200 5 0
1 29.83 1.25 1 4 4 0.25 0 0 0 0 2 224 1 0
1 80.25 5.5 2 8 4 0.54 1 0 0 0 2 0 341 0
1 57.42 8.5 2 10 8 7 1 1 3 0 2 0 1 1
0 35.75 0.91 2 6 4 0.75 1 1 4 0 2 0 1584 1
1 18.82 0.41 1 8 4 0.165 0 1 1 0 2 200 2 0
0 30.67 12 2 8 4 2 1 1 1 0 2 220 20 1
1 49.58 19 2 1 1 0 1 1 1 0 2 94 1 0
1 23.08 2.5 2 1 1 0.085 0 0 0 1 2 100 4209 0
1 29.5 0.57 2 9 4 0.29 0 1 1 0 2 340 2804 0
1 39.92 6.21 2 11 4 0.04 1 1 1 0 2 200 301 1
1 31.08 3.08 2 8 4 2.5 0 1 2 1 2 160 42 0
1 18 0.16 2 11 7 0.21 0 0 0 0 2 200 41 1
0 30.25 5.5 2 4 4 5.5 0 0 0 1 1 100 1 0
0 22.42 11.25 1 14 8 0.75 1 1 4 0 2 0 322 1
1 23.42 0.58 2 8 8 0.085 1 0 0 0 2 180 1 0
1 27.58 3.25 1 11 8 5.085 0 1 2 1 2 369 2 0
0 20.07 0.12 2 11 4 1 0 1 1 0 2 240 769 1
1 18.57 5.71 2 2 4 0.54 0 0 0 0 2 120 1 0
1 41.92 0.42 2 8 8 0.21 1 1 6 0 2 220 949 1
1 19.42 6.5 2 9 8 1.46 1 1 7 0 2 80 2955 1
0 31.57 11.25 2 1 1 0 0 0 0 0 2 184 5201 0
1 23 0.62 1 6 4 0.125 1 0 0 0 2 180 2 0
1 38.67 0.21 2 4 4 0.085 1 0 0 1 2 280 1 1
1 47.83 4.16 2 14 5 0.085 0 0 0 1 2 520 1 0
0 22.67 3.8 2 8 4 0.165 0 0 0 0 2 160 1 0
1 48.5 4.25 2 7 4 0.125 1 0 0 1 2 225 1 1
1 32.67 5.5 2 11 8 5.5 1 1 12 1 2 408 1001 1
1 20.25 9.96 2 10 2 0 1 0 0 0 2 0 1 1
1 21.17 0.87 1 8 8 0.25 0 0 0 0 2 280 205 0
1 47.17 5.83 2 9 4 5.5 0 0 0 0 2 465 151 0
1 22.08 0.83 2 8 8 2.165 0 0 0 1 2 128 1 1
0 20.32 10 2 8 8 1 1 1 4 0 2 50 1466 1
1 20.42 0 2 8 4 0 0 0 0 0 3 184 1 0
0 20.75 9.53 2 3 4 0.04 0 0 0 0 2 200 1001 0
0 24.58 0.67 2 6 8 1.75 1 0 0 0 2 400 1 0
1 22.83 3 2 7 4 1.29 1 1 1 0 2 260 801 1
1 42.17 5.04 2 11 8 12.75 1 0 0 1 2 92 1 1
0 22.75 6.16 2 6 4 0.165 0 0 0 0 2 220 1001 0
0 30.58 10.66 2 11 8 0.085 0 1 12 1 2 129 4 0
0 26.08 8.66 2 6 4 1.415 1 0 0 0 2 160 151 1
0 30.42 1.37 2 9 8 0.04 0 1 3 0 2 0 34 0
0 47.42 3 2 14 4 13.875 1 1 2 1 2 519 1705 1
0 17.82 11 2 14 8 1 1 1 11 0 2 0 3001 1
1 22.67 1.58 1 9 4 3.085 1 1 6 0 2 80 1 1
0 28.58 1.66 2 11 4 2.415 1 0 0 1 2 440 1 0
1 26.17 12.5 1 4 8 1.25 0 0 0 1 2 0 18 0
1 42 0.2 2 3 8 5.125 1 0 0 0 2 400 1 1
0 52.5 7 2 6 8 3 0 0 0 0 2 0 1 0
0 47.75 8 2 8 4 7.875 1 1 6 1 2 0 1261 1
1 31.57 0.37 2 2 4 0.875 1 0 0 1 1 928 1 0
1 24.58 12.5 2 9 4 0.875 1 0 0 1 2 260 1 0
1 19 1.75 1 8 4 2.335 0 0 0 1 2 112 7 0
1 44.25 11 1 2 4 1.5 1 0 0 0 1 0 1 0
0 22.25 1.25 1 1 1 3.25 0 0 0 0 2 280 1 0
1 27.83 4 1 3 8 5.75 1 1 2 1 2 75 1 0
1 34.17 9.17 2 8 4 4.5 1 1 12 1 2 0 222 1
1 34.17 2.75 2 3 5 2.5 0 0 0 1 2 232 201 0
1 38.17 10.12 2 14 4 2.5 1 1 6 0 2 520 197 1
1 23.25 1 2 8 4 0.835 1 0 0 0 1 300 1 1
1 17.07 0.08 1 8 4 0.04 0 0 0 0 2 140 723 0
1 17.57 10 2 9 8 0.165 0 1 1 0 2 120 2 0
0 19.75 0.75 2 8 4 0.795 1 1 5 1 2 140 6 0
0 23.25 5.87 2 11 4 3.17 1 1 10 0 2 120 246 1
1 36.67 4.41 1 4 4 0.25 1 1 10 1 2 320 1 1
1 30.08 1.04 1 3 5 0.5 1 1 10 1 2 132 29 0
0 50.08 12.54 2 6 4 2.29 1 1 3 1 2 156 1 1
0 18.17 10 1 11 8 0.165 0 0 0 0 2 340 1 0
1 25.67 12.5 2 13 4 1.21 1 1 67 1 2 140 259 1
1 34.42 4.25 2 3 5 3.25 1 1 2 0 2 274 611 1
0 30 5.29 2 10 2 2.25 1 1 5 1 2 99 501 1
0 28.5 1 2 11 4 1 1 1 2 1 2 167 501 0
1 33.67 2.16 2 8 4 1.5 0 0 0 0 3 120 1 0
1 22.08 11 2 13 4 0.665 1 0 0 0 2 100 1 1
0 71.58 0 2 8 4 0 0 0 0 0 3 184 1 1
0 57.58 2 2 1 1 6.5 0 1 1 0 2 0 11 0
0 58.67 4.46 2 11 8 3.04 1 1 6 0 2 43 561 1
0 24.5 2.41 1 8 4 0 0 0 0 0 2 120 1 0
1 76.75 22.29 2 10 9 12.75 1 1 1 1 2 0 110 1
1 39.5 4.25 2 8 5 6.5 1 1 16 0 2 117 1211 1
1 32.33 3.5 2 4 4 0.5 0 0 0 1 2 232 1 0
1 34 5.08 1 3 5 1.085 0 0 0 1 2 480 1 0
0 19.5 0.16 2 11 4 0.04 0 0 0 1 2 380 1 0
1 42.75 4.08 2 6 4 0.04 0 0 0 0 2 108 101 0
1 45.17 1.5 2 8 4 2.5 1 0 0 1 2 140 1 0
0 18.82 4.41 1 8 8 3 1 0 0 0 2 240 1 1
1 24.33 6.62 1 2 4 5.5 1 0 0 1 1 100 1 1
1 21.5 11.5 2 3 4 0.5 1 0 0 1 2 100 69 0
1 19.42 1.5 1 13 4 2 1 0 0 1 2 100 21 0
1 34.75 15 2 12 7 5.375 1 1 9 1 2 0 135 1
0 21.67 11.5 1 5 3 0 1 1 11 1 2 0 1 1
1 35 3.37 2 8 8 8.29 0 0 0 1 2 0 1 0
1 18.57 10.29 2 1 1 0.415 0 0 0 0 2 80 1 0
0 36 1 2 8 4 2 1 1 11 0 2 0 457 1
0 40.83 10 2 11 8 1.75 1 0 0 0 2 29 838 1
1 39.58 5 2 1 1 0 0 1 2 0 2 17 2 0
0 33.08 4.62 2 11 8 1.625 1 1 2 0 2 0 1 1
1 22.5 0.12 1 4 4 0.125 0 0 0 0 2 200 71 0
0 22.58 10.75 2 11 4 0.415 1 1 5 1 2 0 561 1
0 24.5 12.75 2 8 5 4.75 1 1 2 0 2 73 445 1
0 25.08 2.54 1 6 4 0.25 1 0 0 1 2 370 1 1
1 26.67 4.25 2 13 4 4.29 1 1 1 1 2 120 1 1
1 25.5 0.37 2 7 4 0.25 1 1 3 0 2 260 15109 1
1 36.33 2.12 1 9 4 0.085 1 1 1 0 2 50 1188 1
1 48.58 0.2 1 4 4 0.25 1 1 11 0 2 380 2733 1
1 21.67 1.16 1 4 4 2.5 1 1 1 0 2 180 21 0
0 28.75 3.75 2 8 4 1.085 1 1 1 1 2 371 1 1
1 20.42 7 2 8 4 1.625 1 1 3 0 2 200 1392 1
1 20.67 1.25 1 8 8 1.375 1 1 3 1 2 140 211 0
0 28.58 3.54 2 3 5 0.5 1 0 0 1 2 171 1 0
0 64.08 0.16 2 1 1 0 1 1 1 0 2 232 101 1
1 33.17 3.04 1 8 8 2.04 1 1 1 1 2 180 18028 1
1 28.75 1.16 2 4 4 0.5 1 0 0 0 1 280 1 0
1 27 0.75 2 8 8 4.25 1 1 3 1 2 312 151 1
1 49.17 2.29 2 1 1 0.29 0 0 0 0 2 200 4 0
1 34.83 4 2 2 5 12.5 1 0 0 1 2 184 1 0
0 25.17 2.87 2 14 8 0.875 1 0 0 0 2 360 1 1
0 20.67 3 2 11 4 0.165 1 1 3 0 2 100 7 1
0 39.08 4 2 8 4 3 0 0 0 0 2 480 1 0
0 60.58 16.5 2 11 4 11 1 0 0 1 2 21 10562 1
1 26.17 0.25 2 3 5 0 1 0 0 1 2 0 1 1
0 25.58 0 2 8 4 0 0 0 0 0 3 184 1 1
1 19.5 9.58 2 6 4 0.79 0 0 0 0 2 80 351 0
0 47.25 0.75 2 11 8 2.75 1 1 1 0 2 333 893 1
0 21.25 2.33 2 3 5 0.5 1 1 4 0 1 80 1 1
1 18.07 5.5 2 4 4 0.5 1 0 0 0 2 80 1 1
0 20.83 8.5 2 8 4 0.165 0 0 0 0 2 0 352 0
1 31.57 3 1 3 5 7 0 0 0 0 2 0 2 0
0 38.75 1.5 2 1 1 0 0 0 0 0 2 76 1 0
1 25.67 2.21 1 6 4 4 1 0 0 0 2 188 1 0
1 25.83 12.83 2 13 4 0.5 0 0 0 0 2 0 3 0
1 21.17 0 2 8 4 0.5 0 0 0 1 1 0 1 0
1 29.83 3.5 2 8 4 0.165 0 0 0 0 2 216 1 0
0 25.25 13.5 1 1 1 2 0 1 1 1 2 200 2 0
1 32.75 1.5 2 13 8 5.5 1 1 3 1 2 0 1 1
1 39.17 2.5 1 3 8 10 0 0 0 1 1 200 1 0
1 47.33 6.5 2 8 4 1 0 0 0 1 2 0 229 0
1 29.58 4.75 2 7 4 2 0 1 1 1 2 460 69 0
1 28.58 3.62 2 6 4 0.25 0 0 0 1 2 100 1 0
1 25.17 3 2 8 4 1.25 0 1 1 0 2 0 23 0
0 31.75 3 1 5 3 0 0 0 0 0 2 160 21 0
1 59.67 1.54 2 11 4 0.125 1 0 0 1 2 260 1 1
0 22.92 11.58 2 13 4 0.04 1 0 0 0 2 80 1350 1
1 22.17 0.58 1 1 1 0 0 0 0 0 2 100 1 0
1 23.17 11.12 2 14 8 0.46 1 1 1 0 2 100 1 1
1 29.42 1.25 2 9 4 1.75 0 0 0 0 2 200 1 0
0 20.42 7.5 2 4 4 1.5 1 1 1 0 2 160 235 1
1 32.42 2.16 1 4 1 0 0 0 0 0 2 120 1 0
1 23.33 1.5 2 8 8 1.415 1 0 0 0 2 422 201 1
1.234 22.08 11.46 2 4 4 1.585 0 0 0 1 2 100 1213 0
0 22.67 0.75 2 8 4 2 0 1 2 1 2 200 395 0
1 41.5 1.54 2 3 5 3.5 0 0 0 0 2 216 1 1
0 22.67 0.33 2 11 4 0.75 0 0 0 0 1 160 1 0
0 25 11 1 6 4 4.5 1 0 0 0 2 120 1 0
0 22.92 1.25 2 11 4 0.25 0 0 0 1 2 120 810 0
0 16.5 1.25 2 11 4 0.25 0 1 1 0 2 108 99 0
0 20.5 11.83 2 8 8 6 1 0 0 0 2 340 1 1
0 51.92 6.5 2 3 5 3.085 0 0 0 1 2 73 1 0
1 41.58 1.75 2 4 4 0.21 1 0 0 0 2 160 1 0
1 43 0.28 1 13 8 1.75 1 1 8 0 2 100 376 1
0 21.08 5 1 1 1 0 0 0 0 0 2 0 1 0
0 15.83 0.58 2 8 8 1.5 1 1 2 0 2 100 1 1
1 21.83 0.25 2 2 8 0.665 1 0 0 1 2 0 1 1
0 22.83 2.29 2 11 8 2.29 1 1 7 1 2 140 2385 1
1 74.83 19 1 1 1 0.04 0 1 2 0 2 0 352 0
1 30.17 0.5 2 8 4 1.75 1 1 11 0 2 32 541 1
0 40.33 7.54 1 11 8 8 1 1 14 0 2 0 2301 1
1 19.42 7.25 2 7 4 0.04 0 1 1 0 2 100 2 0
1 22 7.83 1 3 5 0.165 0 0 0 1 2 184 1 0
1 18.82 0 2 11 4 0.665 0 0 0 0 2 160 2 0
0 29.5 1.08 1 14 4 1 0 0 0 0 2 280 14 0
1 28.92 0.37 2 8 4 0.29 0 0 0 0 2 220 141 0
1 19.32 10.91 2 8 5 0.585 0 1 2 1 2 200 8 0
1 50.75 0.58 2 1 1 0 0 0 0 0 2 145 1 0
1 35.17 25.12 2 14 8 1.625 1 1 1 1 2 515 501 1
1 25.33 0.57 2 8 4 0.29 1 1 7 1 2 96 5125 1
1 21.83 1.54 2 4 4 0.085 0 0 0 1 2 356 1 0
1 35.75 2.41 2 9 4 0.125 0 1 2 0 2 220 2 0
1 56.42 28 1 8 4 28.5 1 1 40 0 2 0 16 1
1 22.25 0.46 2 4 4 0.125 0 0 0 1 2 280 56 0
1 34.17 1.54 2 13 4 1.54 1 1 1 1 2 520 50001 1
1 20 11.04 2 8 4 2 0 0 0 1 2 136 1 0
0 23.75 0.71 2 9 4 0.25 0 1 1 1 2 240 5 0
0 31.57 1.5 2 1 1 0 0 1 2 1 2 200 106 0
1 25.92 0.87 2 4 4 0.375 0 1 2 1 2 174 4 0
0 26.92 13.5 2 11 8 5 1 1 2 0 2 0 5001 1
0 31.57 3.5 2 2 4 3 1 0 0 1 2 300 1 0
1 30.17 6.5 2 13 4 3.125 1 1 8 0 2 330 1201 1
0 44.17 6.66 2 11 4 7.375 1 1 3 1 2 0 1 1
1 29.58 4.5 2 9 4 7.5 1 1 2 1 2 330 1 1
0 19.67 0.21 2 11 8 0.29 1 1 11 0 2 80 100 1
1 18.67 5 2 11 4 0.375 1 1 2 0 2 0 39 0

