1 23.58 1.79 2 8 4 0.54 0 0 0 1 2 136 2 0
1 22.92 3.16 1 8 4 0.165 0 0 0 0 2 160 1059 0
1 42.83 1.25 2 7 4 13.875 0 1 1 1 2 352 113 0
1 41.5 1.54 2 3 5 3.5 0 0 0 0 2 216 1 1
1 22.67 10.5 2 11 8 1.335 1 0 0 0 2 100 1 1
1 80.25 5.5 2 8 4 0.54 1 0 0 0 2 0 341 0
0 22.83 2.29 2 11 8 2.29 1 1 7 1 2 140 2385 1
1 29.67 1.41 2 9 8 0.75 1 1 1 0 2 240 101 1
1 31.42 15.5 2 8 4 0.5 1 0 0 0 2 120 1 0
1 36.5 4.25 2 11 4 3.5 0 0 0 0 2 454 51 0
1 37.5 0.83 2 10 4 0.04 0 0 0 0 2 120 6 0
0 22.58 10.75 2 11 4 0.415 1 1 5 1 2 0 561 1
1 42.75 3 2 3 5 1 1 0 0 0 2 0 201 0
1 24.08 0.87 2 7 4 0.085 0 1 4 0 2 254 1951 0
1 22.5 0.12 1 4 4 0.125 0 0 0 0 2 200 71 0
0 53.33 0.16 2 1 1 0 0 0 0 1 1 62 28 0
0 24.75 13.66 2 11 8 1.5 0 0 0 0 2 280 2 0
1 27.67 0.75 2 11 8 0.165 0 0 0 1 2 220 252 0
1 23.92 1.5 2 2 8 1.875 1 1 6 0 2 200 328 1
1 51.83 2.04 1 1 1 1.5 0 0 0 0 2 120 2 0
1 65.42 11 2 10 9 20 1 1 7 1 2 22 1 1
1 25.5 0.37 2 7 4 0.25 1 1 3 0 2 260 15109 1
1 42.17 5.04 2 11 8 12.75 1 0 0 1 2 92 1 1
1 13.75 4 1 9 4 1.75 1 1 2 1 2 120 1001 1
1 41.42 5 2 11 8 5 1 1 6 1 2 470 1 1
1 18.5 2 2 3 4 1.5 1 1 2 0 2 120 301 1
1 48.25 25.08 2 9 4 1.75 1 1 3 0 2 120 15 1
0 17.82 11 2 14 8 1 1 1 11 0 2 0 3001 1
1 33.58 0.33 1 13 4 0.085 0 0 0 0 2 180 1 0
0 18.07 0.37 3 13 1 10 0 0 0 1 1 300 1 1
0 21.75 1.75 1 5 3 0 0 0 0 0 2 160 1 0
1 52.42 1.5 2 2 4 3.75 0 0 0 1 2 0 351 0
0 57.58 2 2 1 1 6.5 0 1 1 0 2 0 11 0
0 25.17 2.87 2 14 8 0.875 1 0 0 0 2 360 1 1
0 23.25 5.87 2 11 4 3.17 1 1 10 0 2 120 246 1
1 31.67 16.16 2 2 4 3 1 1 9 0 2 250 731 1
1 36.67 2 2 3 4 0.25 0 0 0 1 2 221 1 0
0 26.58 2.54 1 1 1 0 0 0 0 1 2 180 61 0
1 39.17 1.62 2 8 4 1.5 1 1 10 0 2 186 4701 1
1 24.58 1.25 2 8 4 0.25 0 0 0 0 2 110 1 0
1 34.25 3 2 13 8 7.415 1 0 0 1 2 0 1 1
0 38.25 6 2 4 4 1 1 0 0 1 2 0 1 1
1 27.58 2.04 1 6 4 2 1 1 3 1 2 370 561 1
1 26 1 2 11 4 1.75 1 0 0 1 2 280 1 1
1 31.57 0.37 2 2 4 0.875 1 0 0 1 1 928 1 0
1 41.33 0 2 8 5 15 1 0 0 0 2 0 1 1
0 27.67 2.04 2 9 4 0.25 0 0 0 1 2 180 51 0
1 23 0.75 2 7 4 0.5 1 0 0 1 1 320 1 0
1 43.17 2.25 2 3 5 0.75 1 0 0 0 2 560 1 0
1 57.42 8.5 2 10 8 7 1 1 3 0 2 0 1 1
0 28.42 3.5 2 9 4 0.835 1 0 0 0 1 280 1 1
1 33.58 0.25 2 3 5 4 0 0 0 1 1 420 1 0
1 27.42 12.5 2 6 5 0.25 0 0 0 1 2 720 1 0
0 46.67 0.46 2 13 8 0.415 1 1 11 1 2 440 7 1
0 24.75 12.5 2 6 4 1.5 1 1 12 1 2 120 568 1
1 17.07 0.08 1 8 4 0.04 0 0 0 0 2 140 723 0
1 16.07 0.75 2 8 4 1.75 1 1 5 1 2 352 691 1
0 33.75 0.75 2 4 5 1 1 1 3 1 2 212 1 0
1 48.17 3.5 2 6 4 3.5 1 0 0 0 1 230 1 1
1 26.17 0.83 2 13 4 1.165 0 0 0 0 2 100 1 0
0 41 2.04 1 11 8 0.125 1 1 23 1 2 455 1237 1
1 22.17 12.12 2 8 4 3.335 0 1 2 1 2 180 174 0
0 19.75 0.75 2 8 4 0.795 1 1 5 1 2 140 6 0
1 34.92 5 2 14 8 7.5 1 1 6 1 2 0 1001 1
0 28.17 0.37 2 11 4 0.585 1 1 4 0 2 80 1 1
1 60.08 14.5 2 1 1 18 1 1 15 1 2 0 1001 1
1 36.25 5 2 8 5 2.5 1 1 6 0 2 0 368 1
1 18.82 0 2 11 4 0.665 0 0 0 0 2 160 2 0
0 42.25 1.75 1 8 4 0 0 0 0 1 2 150 2 0
1 31.57 0.5 2 8 5 0.835 1 0 0 1 1 320 1 0
1 47.67 2.5 2 7 5 2.5 1 1 12 1 2 410 2511 1
1 35.25 16.5 1 8 4 4 1 0 0 0 2 80 1 0
1 22 7.83 1 3 5 0.165 0 0 0 1 2 184 1 0
0 23.75 0.71 2 9 4 0.25 0 1 1 1 2 240 5 0
1 19.5 0.28 2 4 4 0.29 0 0 0 0 2 280 365 0
0 22.67 0.79 2 3 4 0.085 0 0 0 0 2 144 1 0
1 32.25 0.16 1 8 8 3.25 1 1 1 1 2 432 8001 1
1 64.08 20 2 14 8 17.5 1 1 9 1 2 0 1001 1
1 24.83 2.75 2 8 4 2.25 1 1 6 0 2 184 601 1
0 22.5 0.41 2 3 4 0.335 0 0 0 1 1 144 1 0
0 24.5 2.41 1 8 4 0 0 0 0 0 2 120 1 0
0 24.92 1.25 2 1 1 0 1 0 0 0 2 80 1 0
1 59.5 2.75 2 9 4 1.75 1 1 5 1 2 60 59 1
0 30.5 6.5 2 8 5 4 1 1 7 1 2 0 3066 1
1 49.17 2.29 2 1 1 0.29 0 0 0 0 2 200 4 0
1 17.42 6.5 2 3 4 0.125 0 0 0 0 2 60 101 0
0 18.82 9.53 2 6 4 0.085 1 0 0 0 2 100 1 1
0 36 1 2 8 4 2 1 1 11 0 2 0 457 1
1 20.17 8.17 2 6 4 1.96 1 1 14 0 2 60 159 1
1 23.5 2.75 2 1 1 4.5 0 0 0 0 2 160 26 0
0 18.82 9.5 2 9 4 1.625 1 1 6 1 2 40 601 1
1 32.08 4 2 7 4 2.5 1 0 0 1 2 360 1 1
1 21.42 0.75 1 12 7 0.75 0 0 0 1 2 132 3 0
1 17.92 0.2 2 6 4 0.04 0 0 0 0 2 280 751 0
1 34 5.08 1 3 5 1.085 0 0 0 1 2 480 1 0
1 32.75 2.33 2 2 8 5.75 0 0 0 1 2 292 1 0
1 25.75 0.75 2 8 5 0.25 1 0 0 0 2 349 24 1
1 26.17 0.25 2 3 5 0 1 0 0 1 2 0 1 1
1 28.75 1.16 2 4 4 0.5 1 0 0 0 1 280 1 0
1 58.58 2.71 2 8 4 2.415 0 0 0 1 2 320 1 0
1 21.83 1.54 2 4 4 0.085 0 0 0 1 2 356 1 0
1 21.17 0.87 1 8 8 0.25 0 0 0 0 2 280 205 0
1 21.92 0.5 2 8 4 0.125 0 0 0 0 2 360 1 0
1 39.58 13.91 2 9 4 8.625 1 1 6 1 2 70 1 1
0 40.33 7.54 1 11 8 8 1 1 14 0 2 0 2301 1
0 31.57 1.5 2 1 1 0 0 1 2 1 2 200 106 0
0 37.75 5.5 2 11 4 0.125 1 0 0 1 2 228 1 1
0 29.5 1.08 1 14 4 1 0 0 0 0 2 280 14 0
0 33.25 2.5 1 8 4 2.5 0 0 0 1 2 0 3 0
1 74.83 19 1 1 1 0.04 0 1 2 0 2 0 352 0
0 17.92 0.54 2 8 4 1.75 0 1 1 1 2 80 6 0
1 33.17 3.04 1 8 8 2.04 1 1 1 1 2 180 18028 1
0 69.5 6 2 1 1 0 0 0 0 0 1 0 1 0
1 26.67 1.75 1 8 4 1 1 1 5 1 2 160 5778 1
1 22.17 2.25 2 3 4 0.125 0 0 0 0 2 160 11 0
1 22.5 11.5 1 7 4 1.5 0 0 0 1 2 0 4001 0
1 25.58 0.33 2 4 8 3.5 0 0 0 1 2 340 1 0
0 34.83 1.25 1 3 8 0.5 0 0 0 1 2 160 1 0
1 22.67 0.16 2 8 3 2.25 0 0 0 1 1 0 1 1
1 28.75 1.5 1 8 4 1.5 1 0 0 1 2 0 226 0
0 45.33 1 2 11 4 0.125 0 0 0 1 2 263 1 0
1 29.83 2.04 1 14 8 0.04 0 0 0 0 2 128 2 0
0 31.57 3.5 2 2 4 3 1 0 0 1 2 300 1 0
1 23.25 1.5 2 11 4 2.375 1 1 3 1 2 0 583 1
1 23.25 12.62 2 8 4 0.125 0 1 2 0 2 0 5553 0
0 22.67 0.33 2 11 4 0.75 0 0 0 0 1 160 1 0
1 34.17 2.75 2 3 5 2.5 0 0 0 1 2 232 201 0
1 32.25 14 1 1 1 0 0 1 2 0 2 160 2 0
0 18.92 9.25 1 8 4 1 1 1 4 1 2 80 501 1
1 43 0.28 1 13 8 1.75 1 1 8 0 2 100 376 1
1 34.67 1.08 2 7 4 1.165 0 0 0 0 1 28 1 0
1 44.25 0.5 2 7 4 10.75 1 0 0 0 1 400 1 0
1 47.33 6.5 2 8 4 1 0 0 0 1 2 0 229 0
0 46 4 2 5 3 0 1 0 0 0 2 100 961 1
1 38.58 3.33 2 9 4 4 1 1 14 0 2 383 1345 1
1 32.42 3 2 2 4 0.165 0 0 0 1 2 120 1 0
1 23.17 0 2 13 4 0.085 1 0 0 0 2 0 1 1
0 25.25 12.5 2 2 4 1 0 0 0 1 2 180 1063 0
1 22.75 11.5 2 3 4 0.415 0 0 0 0 2 0 1 0
0 26.5 2.71 1 8 4 0.085 0 0 0 0 1 80 1 0
1 42.5 4.91 1 9 4 3.165 1 0 0 1 2 52 1443 1
1 36.17 0.42 1 9 4 0.29 0 0 0 1 2 309 3 0
0 30 5.29 2 10 2 2.25 1 1 5 1 2 99 501 1
1 19.5 9.58 2 6 4 0.79 0 0 0 0 2 80 351 0
1 33 2.5 1 9 4 7 0 0 0 1 2 280 1 0
1 31.67 0.83 2 14 4 1.335 1 1 8 1 2 303 3291 1
1 26.75 2 2 2 4 0.75 0 0 0 1 2 80 1 0
1 34.17 1.54 2 13 4 1.54 1 1 1 1 2 520 50001 1
1 31.57 10.5 2 14 4 6.5 1 0 0 0 2 0 1 1
0 55.75 7.08 2 4 8 6.75 1 1 3 1 2 100 51 0
1 20.42 1.83 2 8 4 2.25 1 1 1 0 2 100 151 1
0 22.5 11 1 11 4 3 1 0 0 1 2 268 1 0
1 41.17 4.04 2 13 8 7 1 1 8 0 2 320 1 1
1 48.75 8.5 2 8 8 12.5 1 1 9 0 2 181 1656 1
0 33.92 1.58 1 1 1 0 1 0 0 0 2 320 1 0
1 36.08 2.54 2 1 1 0 0 0 0 0 2 0 1001 0
1 52.33 1.37 1 8 8 9.46 1 0 0 1 2 200 101 0
0 25.58 0 2 8 4 0 0 0 0 0 3 184 1 1
0 25.33 2.08 2 8 8 2.75 1 0 0 1 2 360 2 0
1 33.67 2.16 2 8 4 1.5 0 0 0 0 3 120 1 0
0 21.75 11.75 2 8 4 0.25 0 0 0 1 2 180 1 0
0 31.75 3 1 5 3 0 0 0 0 0 2 160 21 0
1 29.42 1.25 2 8 8 0.25 0 1 2 1 2 400 109 0
0 15.83 7.62 2 11 4 0.125 0 1 1 1 2 0 161 0
0 48.17 1.33 2 3 7 0.335 0 0 0 0 2 0 121 0
1 25.17 3.5 2 13 4 0.625 1 1 7 0 2 0 7060 1
0 25.75 0.5 2 8 8 0.875 1 0 0 1 2 491 1 1
0 23 11.75 2 14 8 0.5 1 1 2 1 2 300 552 1
1 25.75 0.5 2 8 4 1.46 1 1 5 1 2 312 1 1
1 28.17 0.12 1 4 4 0.085 0 0 0 0 2 216 2101 0
0 21.92 11.66 2 4 8 0.085 0 0 0 0 2 320 6 0
1 23.5 3.16 1 4 4 0.415 0 1 1 1 2 280 81 0
0 22.5 8.5 2 11 4 1.75 1 1 10 0 2 80 991 0
1 28 2 2 4 8 4.165 1 1 2 1 2 181 1 1
1 25.33 0.57 2 8 4 0.29 1 1 7 1 2 96 5125 1
1 25.17 3 2 8 4 1.25 0 1 1 0 2 0 23 0
1 23.17 11.12 2 14 8 0.46 1 1 1 0 2 100 1 1
1 31.08 3.08 2 8 4 2.5 0 1 2 1 2 160 42 0
0 27.67 1.5 2 7 4 2 1 0 0 0 1 368 1 0
1 34.08 0.08 1 7 5 0.04 1 1 1 1 2 280 2001 1
1 24.58 13.5 1 1 1 0 0 0 0 0 2 184 1 0
0 20.83 8.5 2 8 4 0.165 0 0 0 0 2 0 352 0
1 16.17 0.04 2 8 4 0.04 0 0 0 0 2 0 1 1
1 32.33 3.5 2 4 4 0.5 0 0 0 1 2 232 1 0
1 19.17 0 1 7 5 0 0 0 0 1 1 500 2 1
1 39 5 2 13 4 3.5 1 1 10 1 2 0 1 1
1 35.17 25.12 2 14 8 1.625 1 1 1 1 2 515 501 1
1 18.17 10.25 2 8 8 1.085 0 0 0 0 2 320 14 0
0 19.67 0.21 2 11 8 0.29 1 1 11 0 2 80 100 1
0 49 1.5 2 5 3 0 1 0 0 1 2 100 28 0
1 33.75 2.75 2 3 5 0 0 0 0 0 2 180 1 0
0 47.25 0.75 2 11 8 2.75 1 1 1 0 2 333 893 1
1 54.33 6.75 2 8 8 2.625 1 1 11 1 2 0 285 1
0 20.07 0.12 2 11 4 1 0 1 1 0 2 240 769 1
1 27 0.75 2 8 8 4.25 1 1 3 1 2 312 151 1
1 49.5 7.58 2 3 5 7.585 1 1 15 1 2 0 5001 1
0 20.75 10.33 2 13 8 0.335 1 1 1 1 2 80 51 1
1 43.25 25.21 2 11 8 0.21 1 1 1 0 2 760 91 0
0 23.58 0.58 1 1 1 0.125 0 0 0 0 2 120 88 0
1 20.17 5.62 2 9 4 1.71 1 0 0 0 1 120 1 1
1 56.42 28 1 8 4 28.5 1 1 40 0 2 0 16 1
0 47.42 3 2 14 4 13.875 1 1 2 1 2 519 1705 1
1 38.67 0.21 2 4 4 0.085 1 0 0 1 2 280 1 1
0 16 0.16 2 6 4 1 0 1 2 1 2 320 2 0
0 30.67 12 2 8 4 2 1 1 1 0 2 220 20 1
1 30.83 0 2 9 4 1.25 1 1 1 0 2 202 1 1
0 22.67 0.75 2 8 4 2 0 1 2 1 2 200 395 0
1 23.08 11.5 2 9 8 2.125 1 1 11 1 2 290 285 1
1 20 11.04 2 8 4 2 0 0 0 1 2 136 1 0
0 20.42 0.83 2 11 4 1.585 1 1 1 0 2 0 1 1
0 18.82 4.41 1 8 8 3 1 0 0 0 2 240 1 1
1 23.42 1 2 8 4 0.5 0 0 0 1 1 280 1 0
1 27 1.5 1 9 4 0.375 1 0 0 1 2 260 1066 1
1 20.42 0 2 8 4 0 0 0 0 0 3 184 1 0
1 31.57 0.04 1 2 4 4.25 0 0 0 1 2 460 1 0
0 16.5 1.25 2 11 4 0.25 0 1 1 0 2 108 99 0
1 29.25 14.79 2 6 4 5.04 1 1 5 1 2 168 1 1
0 46.08 3 2 8 4 2.375 1 1 8 1 2 396 4160 1
1 19 0 1 1 1 0 0 1 4 0 2 45 2 0
0 44.33 0 2 8 4 2.5 1 0 0 0 2 0 1 1

