1 34.17 5.25 2 9 4 0.085 0 0 0 1 2 290 7 1
1 20 0 2 2 4 0.5 0 0 0 0 2 144 1 0
0 18.92 9 2 6 4 0.75 1 1 2 0 2 88 592 1
1 27.67 2 2 14 8 1 1 1 4 0 2 140 7545 1
1 18.17 2.46 2 8 7 0.96 0 1 2 1 2 160 588 0
0 29.75 0.66 2 9 4 0.25 0 0 0 1 2 300 1 0
1 18.82 0.41 1 8 4 0.165 0 1 1 0 2 200 2 0
1 33.17 3.04 1 8 8 2.04 1 1 1 1 2 180 18028 1
1 37.5 1.12 1 2 4 1.5 0 0 0 1 2 431 1 1
1 41.58 1.75 2 4 4 0.21 1 0 0 0 2 160 1 0
0 16 0.16 2 6 4 1 0 1 2 1 2 320 2 0
1 38.25 10.12 1 4 4 0.125 0 0 0 0 2 160 1 0
1 47.67 0.28 2 8 5 15 1 1 20 0 2 0 15001 1
1 16.92 0.33 1 4 4 0.29 0 0 0 0 1 200 1 0
0 25.33 2.08 2 8 8 2.75 1 0 0 1 2 360 2 0
1 18.17 10.25 2 8 8 1.085 0 0 0 0 2 320 14 0
0 30.25 5.5 2 4 4 5.5 0 0 0 1 1 100 1 0
1 39.33 5.87 2 13 8 10 1 1 14 1 2 399 1 1
1 21.83 11 2 14 4 0.29 1 1 6 0 2 121 1 1
1 34.08 6.5 2 6 4 0.125 1 0 0 1 2 443 1 0
1 47.83 4.16 2 14 5 0.085 0 0 0 1 2 520 1 0
1 18.07 5.5 2 4 4 0.5 1 0 0 0 2 80 1 1
1 17.5 22 3 1 7 0 0 0 0 1 3 450 100001 1
1 29.25 13 2 2 8 0.5 0 0 0 0 2 228 1 0
1 32.42 3 2 2 4 0.165 0 0 0 1 2 120 1 0
1 60.08 14.5 2 1 1 18 1 1 15 1 2 0 1001 1
1 24.75 0.54 2 7 4 1 0 0 0 1 2 120 2 0
1 42.75 3 2 3 5 1 1 0 0 0 2 0 201 0
1 26.25 1.54 2 9 4 0.125 0 0 0 0 2 100 1 0
1 23.92 0.66 2 8 4 0.165 0 0 0 0 2 100 1 1
1 26.33 13 2 10 2 0 0 0 0 1 2 140 1111 0
1 43.08 0.37 1 8 4 0.375 1 1 8 1 2 300 163 1
1 22.17 0.58 1 1 1 0 0 0 0 0 2 100 1 0
0 27.67 1.5 2 7 4 2 1 0 0 0 1 368 1 0
0 45.83 10.5 2 11 4 5 1 1 7 1 2 0 1 1
0 35.75 0.91 2 6 4 0.75 1 1 4 0 2 0 1584 1
1 20 11.04 2 8 4 2 0 0 0 1 2 136 1 0
1 41.75 0.96 2 14 4 2.5 1 0 0 0 2 510 601 1
1 31.57 4 2 14 4 5 1 1 3 1 2 290 2280 1
0 25 12.33 2 13 8 3.5 1 1 6 0 2 400 459 1
0 36.58 0.28 2 1 1 0 0 1 10 0 2 200 19 0
0 21.75 11.75 2 8 4 0.25 0 0 0 1 2 180 1 0
1 65.42 11 2 10 9 20 1 1 7 1 2 22 1 1
0 47.42 8 2 10 5 6.5 1 1 6 0 2 375 51101 1
1 21.33 10.5 2 8 4 3 1 0 0 1 2 0 1 1
0 22.42 5.66 2 11 4 2.585 1 1 7 0 2 129 3258 1
1 23.25 1 2 8 4 0.835 1 0 0 0 1 300 1 1
0 21.25 2.33 2 3 5 0.5 1 1 4 0 1 80 1 1
0 22.67 0.75 2 8 4 2 0 1 2 1 2 200 395 0
1 20 7 2 8 4 0.5 0 0 0 0 2 0 1 0
1.234 22.08 11.46 2 4 4 1.585 0 0 0 1 2 100 1213 0
1 69.17 9 2 1 1 4 0 1 1 0 2 70 7 0
1 39.42 1.71 1 7 4 0.165 0 0 0 0 1 400 1 0
1 15.17 7 2 10 4 1 0 0 0 0 2 600 1 0
0 22.5 11 1 11 4 3 1 0 0 1 2 268 1 0
1 34.5 4.04 1 3 5 8.5 1 1 7 1 2 195 1 1
1 31.67 16.16 2 2 4 3 1 1 9 0 2 250 731 1
1 24.42 2 2 10 2 0.165 0 1 2 0 2 320 1301 0
1 21.08 4.12 1 3 8 0.04 0 0 0 0 2 140 101 0
1 41.5 1.54 2 3 5 3.5 0 0 0 0 2 216 1 1
1 63.33 0.54 2 8 4 0.585 1 1 3 1 2 180 1 0
1 49.58 19 2 1 1 0 1 1 1 0 2 94 1 0
1 27.25 1.58 2 13 8 1.835 1 1 12 1 2 583 714 1
1 19 1.75 1 8 4 2.335 0 0 0 1 2 112 7 0
1 31.58 0.75 1 6 4 3.5 0 0 0 1 2 320 1 0
1 26.75 2 2 2 4 0.75 0 0 0 1 2 80 1 0
0 23.58 11.5 1 4 8 3 0 0 0 1 2 20 17 0
1 19.42 6.5 2 9 8 1.46 1 1 7 0 2 80 2955 1
0 22.92 1.25 2 11 4 0.25 0 0 0 1 2 120 810 0
1 33.58 0.25 2 3 5 4 0 0 0 1 1 420 1 0
0 33.92 1.58 1 1 1 0 1 0 0 0 2 320 1 0
0 18.92 9.25 1 8 4 1 1 1 4 1 2 80 501 1
1 34.75 2.5 2 13 5 0.5 0 0 0 0 2 348 1 0
1 21.5 9.75 2 8 4 0.25 1 0 0 0 2 140 1 0
0 23.75 0.71 2 9 4 0.25 0 1 1 1 2 240 5 0
1 25 12 2 4 4 2.25 1 1 2 1 2 120 6 0
0 18.17 10 1 11 8 0.165 0 0 0 0 2 340 1 0
1 23.08 11.5 2 9 8 2.125 1 1 11 1 2 290 285 1
1 45 8.5 2 13 8 14 1 1 1 1 2 88 2001 1
1 16 3.12 2 9 4 0.085 0 1 1 0 2 0 7 0
1 44.25 0.5 2 7 4 10.75 1 0 0 0 1 400 1 0
1 49.17 2.29 2 1 1 0.29 0 0 0 0 2 200 4 0
1 33.17 3.16 1 14 4 3.165 1 1 3 1 2 380 1 1
1 35.58 0.75 2 4 4 1.5 0 0 0 1 2 231 1 0
1 22.92 3.16 1 8 4 0.165 0 0 0 0 2 160 1059 0
0 28.75 3.75 2 8 4 1.085 1 1 1 1 2 371 1 1
1 31 2.08 2 8 4 0.085 0 0 0 0 2 300 1 0
0 20.67 1.83 2 11 4 2.085 1 1 5 0 2 220 2504 1
0 28.17 0.37 2 11 4 0.585 1 1 4 0 2 80 1 1
1 27.75 0.58 1 13 4 0.25 1 1 2 0 2 260 501 1
1 24.58 12.5 2 9 4 0.875 1 0 0 1 2 260 1 0
1 13.75 4 1 9 4 1.75 1 1 2 1 2 120 1001 1
1 34.58 0 2 8 4 0 0 0 0 0 3 184 1 0
1 40.92 2.25 1 14 8 10 1 0 0 1 2 176 1 0
1 19.17 4 1 3 4 1 0 0 0 1 2 360 1001 0
1 27.25 1.66 2 13 8 5.085 1 1 9 0 2 399 828 1
0 28.08 15 1 10 9 0 1 0 0 0 2 0 13213 1
0 25.25 12.5 2 2 4 1 0 0 0 1 2 180 1063 0
1 25.75 0.5 2 8 4 1.46 1 1 5 1 2 312 1 1
0 20.75 9.53 2 3 4 0.04 0 0 0 0 2 200 1001 0
1 22.25 9 2 6 4 0.085 0 0 0 0 2 0 1 0
0 38.33 4.41 2 8 4 0.125 0 0 0 0 2 160 1 0
0 26.17 2 2 5 3 0 0 0 0 1 2 276 2 0
1 32.33 3.5 2 4 4 0.5 0 0 0 1 2 232 1 0
0 18.82 9.5 2 9 4 1.625 1 1 6 1 2 40 601 1
0 19.17 8.58 2 13 8 0.75 1 1 7 0 2 96 1 1
1 23.5 2.75 2 1 1 4.5 0 0 0 0 2 160 26 0
1 33.58 2.75 2 7 4 4.25 1 1 6 0 2 204 1 1
1 29.83 1.25 1 4 4 0.25 0 0 0 0 2 224 1 0
1 28 3 2 9 4 0.75 0 0 0 1 2 300 68 0
1 56 12.5 2 4 8 8 1 0 0 1 2 24 2029 1
1 34 4.5 2 6 4 1 1 0 0 1 2 240 1 0
0 58.67 4.46 2 11 8 3.04 1 1 6 0 2 43 561 1
1 27.67 13.75 2 9 4 5.75 1 0 0 1 2 487 501 1
1 23.42 1 2 8 4 0.5 0 0 0 1 1 280 1 0
1 17.25 3 2 4 4 0.04 0 0 0 1 2 160 41 0
0 29.5 1.08 1 14 4 1 0 0 0 0 2 280 14 0
0 22.67 0.33 2 11 4 0.75 0 0 0 0 1 160 1 0
1 37.33 2.66 2 13 4 0.165 0 0 0 1 2 0 502 0
1 27 0.75 2 8 8 4.25 1 1 3 1 2 312 151 1
0 37.33 2.5 2 3 8 0.21 0 0 0 0 2 260 247 0
1 35 2.5 2 3 4 1 0 0 0 1 2 210 1 0
1 18.25 0.16 2 2 4 0.25 0 0 0 1 1 280 1 0
1 21.5 11.5 2 3 4 0.5 1 0 0 1 2 100 69 0
0 58.33 10 2 11 4 4 1 1 14 0 2 0 1603 1
1 26.75 4.5 1 8 5 2.5 0 0 0 0 2 200 1211 0
0 37.75 5.5 2 11 4 0.125 1 0 0 1 2 228 1 1
0 50.25 0.83 2 6 4 0.5 0 0 0 1 2 240 118 0
1 25.67 0.28 1 8 4 1.5 0 0 0 1 2 160 1 0
0 27.17 1.25 2 1 1 0 0 1 1 0 2 92 301 0
0 16.5 1.25 2 11 4 0.25 0 1 1 0 2 108 99 0
1 21.67 1.16 1 4 4 2.5 1 1 1 0 2 180 21 0
1 44.25 11 1 2 4 1.5 1 0 0 0 1 0 1 0
0 21.5 6 2 6 4 2.5 1 1 3 0 2 80 919 1
1 22.17 12.12 2 8 4 3.335 0 1 2 1 2 180 174 0
1 20.67 1.25 1 8 8 1.375 1 1 3 1 2 140 211 0
1 26.67 2.71 1 13 4 5.25 1 1 1 0 2 211 1 1
0 44.33 0 2 8 4 2.5 1 0 0 0 2 0 1 1
1 34 5.5 1 8 4 1.5 0 0 0 1 2 60 1 0
1 26.17 12.5 1 4 8 1.25 0 0 0 1 2 0 18 0
1 25.75 0.75 2 8 5 0.25 1 0 0 0 2 349 24 1
1 27.75 1.29 2 4 8 0.25 0 0 0 1 1 140 1 0
1 34.83 4 2 2 5 12.5 1 0 0 1 2 184 1 0
1 30.75 1.58 2 2 4 0.585 0 0 0 1 1 0 1 0
1 28.75 1.5 1 8 4 1.5 1 0 0 1 2 0 226 0
1 23.25 12.62 2 8 4 0.125 0 1 2 0 2 0 5553 0
1 42 9.78 2 14 8 7.96 1 1 8 0 2 0 1 1
1 44 2 2 7 4 1.75 1 1 2 1 2 0 16 1
0 23.58 0.58 1 1 1 0.125 0 0 0 0 2 120 88 0
0 15.75 0.37 2 8 4 1 0 0 0 0 2 120 19 0
0 41.17 6.5 2 11 4 0.5 1 1 3 1 2 145 1 1
1 19.67 10 1 4 8 0.835 1 0 0 1 2 140 1 0
1 40 6.5 2 6 5 3.5 1 1 1 0 2 0 501 1
1 80.25 5.5 2 8 4 0.54 1 0 0 0 2 0 341 0
1 24.08 9 2 6 4 0.25 0 0 0 1 2 0 1 0
1 20.42 0 2 8 4 0 0 0 0 0 3 184 1 0
1 54.42 0.5 1 4 8 3.96 1 0 0 0 2 180 315 1
1 36.33 2.12 1 9 4 0.085 1 1 1 0 2 50 1188 1
0 52.5 7 2 6 8 3 0 0 0 0 2 0 1 0
1 22.08 11 2 13 4 0.665 1 0 0 0 2 100 1 1
0 47 13 2 3 5 5.165 1 1 9 1 2 0 1 1
1 19.17 0 1 7 5 0 0 0 0 1 1 500 2 1
1 31.25 1.12 2 1 1 0 0 1 1 0 2 96 20 0
1 17.07 0.08 1 8 4 0.04 0 0 0 0 2 140 723 0
0 22.25 1.25 1 1 1 3.25 0 0 0 0 2 280 1 0
1 18.42 10.41 1 6 4 0.125 1 0 0 0 2 120 376 0
1 48.58 6.5 2 11 8 6 1 0 0 1 2 350 1 1
0 28.5 1 2 11 4 1 1 1 2 1 2 167 501 0
1 34.42 4.25 2 3 5 3.25 1 1 2 0 2 274 611 1
1 48.25 25.08 2 9 4 1.75 1 1 3 0 2 120 15 1
0 51.92 6.5 2 3 5 3.085 0 0 0 1 2 73 1 0
1 25 12.5 2 6 4 3 1 0 0 1 1 20 1 1
1 36.25 5 2 8 5 2.5 1 1 6 0 2 0 368 1
0 28.17 0.58 2 6 4 0.04 0 0 0 0 2 260 1005 0
1 23.08 0 2 4 4 1 0 1 11 0 1 0 1 0
0 28.58 3.75 2 8 4 0.25 0 1 1 1 2 40 155 0
0 41.33 1 2 3 5 2.25 1 0 0 1 2 0 301 1
0 53.33 0.16 2 1 1 0 0 0 0 1 1 62 28 0
0 47.25 0.75 2 11 8 2.75 1 1 1 0 2 333 893 1
0 27.33 1.66 2 1 1 0 0 0 0 0 2 340 2 0
1 22.58 1.5 1 6 4 0.54 0 0 0 1 2 120 68 0
1 51.58 15 2 8 4 8.5 1 1 9 0 2 0 1 1
1 16.07 0.75 2 8 4 1.75 1 1 5 1 2 352 691 1
1 33.75 2.75 2 3 5 0 0 0 0 0 2 180 1 0
1 37.42 2.04 2 9 4 0.04 1 0 0 1 2 400 5801 1
1 32.67 5.5 2 11 8 5.5 1 1 12 1 2 408 1001 1
1 40.92 0.83 2 1 1 0 1 0 0 0 2 130 2 0
1 50.75 0.58 2 1 1 0 0 0 0 0 2 145 1 0
1 36.17 18.12 2 9 4 0.085 0 0 0 0 2 320 3553 0
1 23.25 1.5 2 11 4 2.375 1 1 3 1 2 0 583 1
0 26.58 2.54 1 1 1 0 0 0 0 1 2 180 61 0
1 19.57 0.58 2 1 1 0 0 1 3 0 2 350 770 0
1 16.25 0.83 2 7 4 0.085 1 0 0 0 1 200 1 0
1 27.25 0.62 2 6 4 0.455 1 0 0 1 2 200 1 0
1 25.5 0.37 2 7 4 0.25 1 1 3 0 2 260 15109 1
0 19.17 5.41 2 3 8 0.29 0 0 0 0 2 80 485 0
0 17.67 0 1 5 1 0 0 0 0 0 2 86 1 0
1 29.58 4.75 2 7 4 2 0 1 1 1 2 460 69 0
1 38.58 3.33 2 9 4 4 1 1 14 0 2 383 1345 1
1 18.82 0 2 11 4 0.665 0 0 0 0 2 160 2 0
1 24.58 1.25 2 8 4 0.25 0 0 0 0 2 110 1 0
1 44.83 7 1 8 4 1.625 0 0 0 0 2 160 3 0
1 48.5 4.25 2 7 4 0.125 1 0 0 1 2 225 1 1
0 20.42 0.83 2 11 4 1.585 1 1 1 0 2 0 1 1
0 18.25 10 2 9 4 1 0 1 1 0 2 120 2 0
1 21.17 0.25 1 8 8 0.25 0 0 0 0 2 280 205 0
0 23.25 5.87 2 11 4 3.17 1 1 10 0 2 120 246 1
1 28.33 5 2 9 4 11 1 0 0 1 2 70 1 1
1 22.67 2.54 1 8 8 2.585 1 0 0 0 2 0 1 1
0 68.67 15 2 10 9 0 1 1 14 0 2 0 3377 1
1 22.17 2.25 2 3 4 0.125 0 0 0 0 2 160 11 0
0 18.82 4.41 1 8 8 3 1 0 0 0 2 240 1 1
0 33.75 0.75 2 4 5 1 1 1 3 1 2 212 1 0
0 15.83 7.62 2 11 4 0.125 0 1 1 1 2 0 161 0
1 20.67 0.83 1 8 4 2 0 0 0 1 1 240 1 0
1 21.92 0.54 1 14 4 0.04 1 1 1 1 2 840 60 1
1 49.5 7.58 2 3 5 7.585 1 1 15 1 2 0 5001 1
1 57.83 7.04 2 7 4 14 1 1 6 1 2 360 1333 1
1 31.83 0.04 1 7 4 0.04 0 0 0 0 2 0 1 0
0 65.17 14 2 1 1 0 1 1 11 1 2 0 1401 1

