1 23 0.75 2 7 4 0.5 1 0 0 1 1 320 1 0
1 18.25 0.16 2 2 4 0.25 0 0 0 1 1 280 1 0
1 48.25 25.08 2 9 4 1.75 1 1 3 0 2 120 15 1
1 35.75 2.41 2 9 4 0.125 0 1 2 0 2 220 2 0
1 28.25 5.12 2 14 4 4.75 1 1 2 0 2 420 8 1
0 22.25 1.25 1 1 1 3.25 0 0 0 0 2 280 1 0
1 31.08 3.08 2 8 4 2.5 0 1 2 1 2 160 42 0
1 18.67 5 2 11 4 0.375 1 1 2 0 2 0 39 0
0 50.25 0.83 2 6 4 0.5 0 0 0 1 2 240 118 0
1 24.58 12.5 2 9 4 0.875 1 0 0 1 2 260 1 0
1 31.25 2.83 2 1 1 0 0 1 5 0 2 176 147 0
1 29.92 1.83 2 8 8 4.335 1 0 0 0 2 260 201 1
0 46.67 0.46 2 13 8 0.415 1 1 11 1 2 440 7 1
1 23.92 1.5 2 2 8 1.875 1 1 6 0 2 200 328 1
1 27.67 2 2 14 8 1 1 1 4 0 2 140 7545 1
0 24.5 1.04 1 1 1 0.5 1 1 3 0 2 180 148 0
0 30.25 5.5 2 4 4 5.5 0 0 0 1 1 100 1 0
1 22.5 0.12 1 4 4 0.125 0 0 0 0 2 200 71 0
0 18.57 10 2 2 4 0.415 0 0 0 0 2 80 43 0
0 15.83 0.58 2 8 8 1.5 1 1 2 0 2 100 1 1
1 21.42 0.75 1 12 7 0.75 0 0 0 1 2 132 3 0
1 23 0.62 1 6 4 0.125 1 0 0 0 2 180 2 0
1 47.67 2.5 2 7 5 2.5 1 1 12 1 2 410 2511 1
0 37.75 5.5 2 11 4 0.125 1 0 0 1 2 228 1 1
1 34 4.5 2 6 4 1 1 0 0 1 2 240 1 0
1 25.08 1.71 2 14 4 1.665 1 1 1 1 2 395 21 1
1 33.17 3.16 1 14 4 3.165 1 1 3 1 2 380 1 1
0 41.33 1 2 3 5 2.25 1 0 0 1 2 0 301 1
1 56.58 18.5 2 2 5 15 1 1 17 1 2 0 1 1
1 74.83 19 1 1 1 0.04 0 1 2 0 2 0 352 0
1 21.5 9.75 2 8 4 0.25 1 0 0 0 2 140 1 0
1 22.58 10.03 2 14 4 0.04 1 1 9 0 2 60 397 1
1 23.08 11.5 2 3 4 3.5 1 1 9 0 2 56 743 1
1 42.08 1.04 2 9 4 5 1 1 6 1 2 500 10001 1
1 43.17 5 2 3 5 2.25 0 0 0 1 2 141 1 0
1 20.67 5.29 2 11 4 0.375 1 1 1 0 2 160 1 0
0 19.75 0.75 2 8 4 0.795 1 1 5 1 2 140 6 0
1 43.08 0.37 1 8 4 0.375 1 1 8 1 2 300 163 1
0 33.25 3 1 6 4 2 0 0 0 0 2 180 1 0
1 17.42 6.5 2 3 4 0.125 0 0 0 0 2 60 101 0
1 23.92 0.66 2 8 4 0.165 0 0 0 0 2 100 1 1
1 43.25 3 2 11 8 6 1 1 11 0 2 80 1 1
1 48.75 26.33 1 1 1 0 1 0 0 1 2 0 1 0
1 27.83 1.54 2 9 4 3.75 1 1 5 1 2 100 4 1
1 37.33 6.5 2 7 8 4.25 1 1 12 1 2 93 1 1
1 20.42 1.08 2 11 4 1.5 0 0 0 0 2 108 8 0
1 38.25 10.12 1 4 4 0.125 0 0 0 0 2 160 1 0
1 30.08 1.04 1 3 5 0.5 1 1 10 1 2 132 29 0
1 33.17 3.04 1 8 8 2.04 1 1 1 1 2 180 18028 1
1 19.67 0.37 2 11 4 2 1 1 2 1 2 80 1 1
1 20.42 0 2 8 4 0 0 0 0 0 3 184 1 0
0 53.33 0.16 2 1 1 0 0 0 0 1 1 62 28 0
1 19.32 9.5 2 11 4 1 1 0 0 1 2 60 401 1
1 29.42 1.25 2 9 4 1.75 0 0 0 0 2 200 1 0
1 33.58 0.25 2 3 5 4 0 0 0 1 1 420 1 0
1 31.57 4 2 14 4 5 1 1 3 1 2 290 2280 1
1 39.17 1.71 2 14 4 0.125 1 1 5 1 2 480 1 1
1 35.17 25.12 2 14 8 1.625 1 1 1 1 2 515 501 1
0 42.25 1.75 1 8 4 0 0 0 0 1 2 150 2 0
1 35.25 3.16 2 14 8 3.75 1 0 0 1 2 680 1 0
1 23.25 1.5 2 11 4 2.375 1 1 3 1 2 0 583 1
1 25.17 3.5 2 13 4 0.625 1 1 7 0 2 0 7060 1
0 60.92 5 2 6 4 4 1 1 4 0 2 0 100 1
1 30.33 0.5 2 2 8 0.085 0 0 0 1 1 252 1 0
1 19.17 0 1 7 5 0 0 0 0 1 1 500 2 1
0 25.75 0.5 2 8 8 0.875 1 0 0 1 2 491 1 1
1 39.92 5 2 3 5 0.21 0 0 0 0 2 550 1 0
1 25.17 3 2 8 4 1.25 0 1 1 0 2 0 23 0
0 25.25 13.5 1 1 1 2 0 1 1 1 2 200 2 0
1 22.67 2.54 1 8 8 2.585 1 0 0 0 2 0 1 1
1 21.17 0.87 1 8 8 0.25 0 0 0 0 2 280 205 0
0 33.92 1.58 1 1 1 0 1 0 0 0 2 320 1 0
1 30.75 1.58 2 2 4 0.585 0 0 0 1 1 0 1 0
1 41 0.04 2 10 4 0.04 0 1 1 0 1 560 1 1
1 26.67 14.58 2 3 5 0 0 0 0 1 2 178 1 0
1.234 22.08 11.46 2 4 4 1.585 0 0 0 1 2 100 1213 0
1 32.08 4 1 13 4 1.5 0 0 0 1 2 120 1 0
0 69.5 6 2 1 1 0 0 0 0 0 1 0 1 0
1 44 2 2 7 4 1.75 1 1 2 1 2 0 16 1
0 45.83 10.5 2 11 4 5 1 1 7 1 2 0 1 1
1 49.17 2.29 2 1 1 0.29 0 0 0 0 2 200 4 0
0 25 0.87 2 14 8 1.04 1 0 0 1 2 160 5861 1
1 33.75 2.75 2 3 5 0 0 0 0 0 2 180 1 0
0 27.42 14.5 2 14 8 3.085 1 1 1 0 2 120 12 1
1 21.17 0.25 1 8 8 0.25 0 0 0 0 2 280 205 0
1 23.75 12 2 8 4 2.085 0 0 0 0 1 80 1 0
1 62.75 7 2 10 9 0 0 0 0 0 2 0 13 0
1 21.67 1.16 1 4 4 2.5 1 1 1 0 2 180 21 0
1 28.67 9.33 2 11 8 5.665 1 1 6 0 2 381 169 1
0 40.33 7.54 1 11 8 8 1 1 14 0 2 0 2301 1
0 45 4.58 2 4 8 1 0 0 0 1 1 240 1 0
1 26.67 4.25 2 13 4 4.29 1 1 1 1 2 120 1 1
1 40.92 2.25 1 14 8 10 1 0 0 1 2 176 1 0
1 29.58 4.75 2 7 4 2 0 1 1 1 2 460 69 0
0 25.42 1.12 2 11 4 1.29 1 1 2 0 2 200 1 0
1 27.83 1.5 2 9 4 2.25 0 1 1 1 2 100 4 0
1 34.08 0.08 1 7 5 0.04 1 1 1 1 2 280 2001 1
1 16.25 0.83 2 7 4 0.085 1 0 0 0 1 200 1 0
1 21.33 7.5 2 6 4 1.415 1 1 1 0 2 80 9801 1
0 31.75 3 1 5 3 0 0 0 0 0 2 160 21 0
1 41.75 0.96 2 14 4 2.5 1 0 0 0 2 510 601 1
1 24.42 12.33 2 11 8 1.585 1 0 0 1 2 120 1 1
0 20.75 10.25 2 11 4 0.71 1 1 2 1 2 49 1 1
1 25.5 0.37 2 7 4 0.25 1 1 3 0 2 260 15109 1
1 21.58 0.79 1 13 4 0.665 0 0 0 0 2 160 1 0
0 21.92 11.66 2 4 8 0.085 0 0 0 0 2 320 6 0
1 20 7 2 8 4 0.5 0 0 0 0 2 0 1 0
1 39.5 4.25 2 8 5 6.5 1 1 16 0 2 117 1211 1
0 23.75 0.71 2 9 4 0.25 0 1 1 1 2 240 5 0
0 39.08 4 2 8 4 3 0 0 0 0 2 480 1 0
0 24.5 12.75 2 8 5 4.75 1 1 2 0 2 73 445 1
1 51.58 15 2 8 4 8.5 1 1 9 0 2 0 1 1
0 64.08 0.16 2 1 1 0 1 1 1 0 2 232 101 1
1 32.33 3.5 2 4 4 0.5 0 0 0 1 2 232 1 0
1 26.17 0.83 2 13 4 1.165 0 0 0 0 2 100 1 0
1 36.75 0.12 1 8 4 1.5 0 0 0 1 2 232 114 1
1 27 0.75 2 8 8 4.25 1 1 3 1 2 312 151 1
1 21.83 1.54 2 4 4 0.085 0 0 0 1 2 356 1 0
0 20.5 11.83 2 8 8 6 1 0 0 0 2 340 1 1
0 21.5 6 2 6 4 2.5 1 1 3 0 2 80 919 1
1 18.07 5.5 2 4 4 0.5 1 0 0 0 2 80 1 1
1 29.58 4.5 2 9 4 7.5 1 1 2 1 2 330 1 1
1 24.58 13.5 1 1 1 0 0 0 0 0 2 184 1 0
1 59.67 1.54 2 11 4 0.125 1 0 0 1 2 260 1 1
1 26.33 13 2 10 2 0 0 0 0 1 2 140 1111 0
1 34.42 1.33 2 3 5 0.125 0 0 0 1 2 440 4501 0
0 38.58 5 2 13 4 13.5 1 0 0 1 2 980 1 0
1 26 1 2 11 4 1.75 1 0 0 1 2 280 1 1
0 20.07 1.25 2 8 4 0 0 0 0 0 2 0 1 0
1 40.92 0.83 2 1 1 0 1 0 0 0 2 130 2 0
1 20.67 0.83 1 8 4 2 0 0 0 1 1 240 1 0
1 27.58 2.04 1 6 4 2 1 1 3 1 2 370 561 1
0 31.57 11.25 2 1 1 0 0 0 0 0 2 184 5201 0
1 27.25 1.58 2 13 8 1.835 1 1 12 1 2 583 714 1
1 36.42 0.75 1 2 4 0.585 0 0 0 0 2 240 4 0
1 19.57 0.58 2 1 1 0 0 1 3 0 2 350 770 0
1 31.57 3 1 3 5 7 0 0 0 0 2 0 2 0
0 18.25 10 2 9 4 1 0 1 1 0 2 120 2 0
0 47.42 3 2 14 4 13.875 1 1 2 1 2 519 1705 1
1 65.42 11 2 10 9 20 1 1 7 1 2 22 1 1
1 48.58 6.5 2 11 8 6 1 0 0 1 2 350 1 1
0 58.67 4.46 2 11 8 3.04 1 1 6 0 2 43 561 1
0 26.92 13.5 2 11 8 5 1 1 2 0 2 0 5001 1
1 17.07 0.08 1 8 4 0.04 0 0 0 0 2 140 723 0
1 22.67 0.16 2 8 3 2.25 0 0 0 1 1 0 1 1
0 33.75 0.75 2 4 5 1 1 1 3 1 2 212 1 0
1 22.67 1.58 1 9 4 3.085 1 1 6 0 2 80 1 1
1 28.17 0.12 1 4 4 0.085 0 0 0 0 2 216 2101 0
1 23.17 0 2 8 4 0 0 0 0 0 3 184 1 1
0 56.5 16 2 5 1 0 1 1 15 0 2 0 248 1
0 20.67 1.83 2 11 4 2.085 1 1 5 0 2 220 2504 1
0 28.5 3.04 1 14 8 2.54 1 1 1 0 2 70 1 1
0 20.83 3 2 6 4 0.04 1 0 0 0 2 100 1 1
1 22.58 1.5 1 6 4 0.54 0 0 0 1 2 120 68 0
1 23 0.75 2 7 4 0.5 0 0 0 1 1 320 1 0
0 23.42 0.79 1 11 4 1.5 1 1 2 1 2 80 401 1
1 34.25 3 2 13 8 7.415 1 0 0 1 2 0 1 1
1 38.67 0.21 2 4 4 0.085 1 0 0 1 2 280 1 1
1 62.5 12.75 1 8 8 5 1 0 0 0 2 112 1 0
1 28.25 0.87 2 7 4 0.96 1 1 3 1 2 396 1 1
1 25 12 2 4 4 2.25 1 1 2 1 2 120 6 0
0 16 0.16 2 6 4 1 0 1 2 1 2 320 2 0
1 22.08 11 2 13 4 0.665 1 0 0 0 2 100 1 1
0 52.5 7 2 6 8 3 0 0 0 0 2 0 1 0
1 20.42 7 2 8 4 1.625 1 1 3 0 2 200 1392 1
1 32.08 4 2 7 4 2.5 1 0 0 1 2 360 1 1
0 20.42 0.83 2 11 4 1.585 1 1 1 0 2 0 1 1
1 42.83 4.62 2 11 4 4.58 1 0 0 0 1 0 1 1
1 25 12.5 2 6 4 3 1 0 0 1 1 20 1 1
1 35.58 0.75 2 4 4 1.5 0 0 0 1 2 231 1 0
1 19.5 0.28 2 4 4 0.29 0 0 0 0 2 280 365 0
1 19.17 9.5 2 9 4 1.5 1 0 0 0 2 120 2207 1
1 21.33 10.5 2 8 4 3 1 0 0 1 2 0 1 1
1 19 0 1 1 1 0 0 1 4 0 2 45 2 0
1 52.33 1.37 1 8 8 9.46 1 0 0 1 2 200 101 0
0 32.17 1.46 2 9 4 1.085 1 1 16 0 2 120 2080 1
0 22.5 0.41 2 3 4 0.335 0 0 0 1 1 144 1 0
1 23.08 0 2 4 4 1 0 1 11 0 1 0 1 0
0 23.5 1.5 2 9 4 0.875 0 0 0 1 2 160 1 0
0 56.83 4.25 1 1 1 5 0 0 0 1 2 0 5 0
0 28.08 15 1 10 9 0 1 0 0 0 2 0 13213 1
1 21.25 1.5 2 9 4 1.5 0 0 0 0 2 150 9 1
0 17.67 0 1 5 1 0 0 0 0 0 2 86 1 0
1 54.83 15.5 2 10 9 0 1 1 20 0 2 152 131 0
1 30.67 2.5 2 13 8 2.25 0 0 0 1 1 340 1 0
1 73.42 17.75 2 1 1 0 1 0 0 1 2 0 1 1
1 18.17 2.46 2 8 7 0.96 0 1 2 1 2 160 588 0
1 36.67 3.25 2 11 8 9 1 0 0 1 2 102 640 1
1 44.25 11 1 2 4 1.5 1 0 0 0 1 0 1 0
0 19.17 5.41 2 3 8 0.29 0 0 0 0 2 80 485 0
0 24.5 1.75 1 8 4 0.165 0 0 0 0 2 132 1 0
0 22.67 3.8 2 8 4 0.165 0 0 0 0 2 160 1 0
0 26.5 2.71 1 8 4 0.085 0 0 0 0 1 80 1 0
0 58.42 21 2 3 5 10 1 1 13 0 2 0 6701 1
0 31.57 1.5 2 1 1 0 0 1 2 1 2 200 106 0
1 19.17 4 1 3 4 1 0 0 0 1 2 360 1001 0
1 15.17 7 2 10 4 1 0 0 0 0 2 600 1 0
1 23.5 2.75 2 1 1 4.5 0 0 0 0 2 160 26 0
0 38.33 4.41 2 8 4 0.125 0 0 0 0 2 160 1 0
0 18.82 9.53 2 6 4 0.085 1 0 0 0 2 100 1 1
1 21.92 0.54 1 14 4 0.04 1 1 1 1 2 840 60 1
1 34 5.08 1 3 5 1.085 0 0 0 1 2 480 1 0
1 22.08 2.33 2 4 4 0.75 0 0 0 0 2 180 1 0
1 30.17 0.5 2 8 4 1.75 1 1 11 0 2 32 541 1
1 27 1.5 1 9 4 0.375 1 0 0 1 2 260 1066 1
1 35 3.37 2 8 8 8.29 0 0 0 1 2 0 1 0
1 55.92 11.5 2 1 1 5 1 1 5 0 2 0 8852 1
0 20.83 0.5 1 10 2 1 0 0 0 0 2 260 1 0
0 52.83 15 2 8 4 5.5 1 1 14 0 2 0 2201 1
1 25.42 0.54 2 9 4 0.165 0 1 1 0 2 272 445 0
0 22.5 8.5 2 11 4 1.75 1 1 10 0 2 80 991 0
1 21.08 10.08 1 10 8 1.25 0 0 0 0 2 260 1 0
1 23.17 11.12 2 14 8 0.46 1 1 1 0 2 100 1 1
1 42.5 4.91 1 9 4 3.165 1 0 0 1 2 52 1443 1
0 20.42 10.5 1 14 8 0 0 0 0 1 2 154 33 0
1 21 3 1 2 4 1.085 1 1 8 1 2 160 2 1
1 24.58 1.25 2 8 4 0.25 0 0 0 0 2 110 1 0
1 39.33 5.87 2 13 8 10 1 1 14 1 2 399 1 1
0 27.17 1.25 2 1 1 0 0 1 1 0 2 92 301 0
0 57.08 0.33 2 3 5 1 1 0 0 1 2 252 2198 0

