0 41 2.04 1 11 8 0.125 1 1 23 1 2 455 1237 1
0 26.5 2.71 1 8 4 0.085 0 0 0 0 1 80 1 0
0 18.07 0.37 3 13 1 10 0 0 0 1 1 300 1 1
1 39.33 5.87 2 13 8 10 1 1 14 1 2 399 1 1
1 34.75 2.5 2 13 5 0.5 0 0 0 0 2 348 1 0
0 71.58 0 2 8 4 0 0 0 0 0 3 184 1 1
1 49.5 7.58 2 3 5 7.585 1 1 15 1 2 0 5001 1
1 22.08 11 2 13 4 0.665 1 0 0 0 2 100 1 1
1 26.25 1.54 2 9 4 0.125 0 0 0 0 2 100 1 0
1 31.83 2.5 2 6 4 7.5 1 0 0 1 2 523 1 0
0 36.75 5.12 2 10 4 5 1 0 0 1 2 0 4001 1
1 36.17 18.12 2 9 4 0.085 0 0 0 0 2 320 3553 0
0 68.67 15 2 10 9 0 1 1 14 0 2 0 3377 1
1 27.83 4 1 3 8 5.75 1 1 2 1 2 75 1 0
1 23.58 0.46 1 9 4 2.625 1 1 6 1 2 208 348 0
1 38.42 0.7 2 8 4 0.375 0 1 2 0 2 225 501 0
1 32.25 0.16 1 8 8 3.25 1 1 1 1 2 432 8001 1
1 21.92 0.54 1 14 4 0.04 1 1 1 1 2 840 60 1
0 57.08 0.33 2 3 5 1 1 0 0 1 2 252 2198 0
0 33.17 2.25 1 13 4 3.5 0 0 0 1 2 200 142 0
1 35.17 2.5 2 4 4 4.5 1 1 7 0 2 150 1271 1
1 36.33 2.12 1 9 4 0.085 1 1 1 0 2 50 1188 1
1 47.17 5.83 2 9 4 5.5 0 0 0 0 2 465 151 0
0 32.33 0.54 2 13 4 0.04 1 0 0 0 2 440 11178 1
1 39 5 2 13 4 3.5 1 1 10 1 2 0 1 1
1 53.92 9.62 2 10 4 8.665 1 1 5 0 2 0 1 1
1 31.57 0.37 2 2 4 0.875 1 0 0 1 1 928 1 0
1 33 2.5 1 9 4 7 0 0 0 1 2 280 1 0
1 39.5 1.62 2 8 4 1.5 0 0 0 0 2 0 317 0
1 23.17 0 2 8 4 0 0 0 0 0 3 184 1 1
0 22.67 0.79 2 3 4 0.085 0 0 0 0 2 144 1 0
1 38.25 10.12 1 4 4 0.125 0 0 0 0 2 160 1 0
1 21.17 0 2 8 4 0.5 0 0 0 1 1 0 1 0
1 24.75 0.54 2 7 4 1 0 0 0 1 2 120 2 0
1 19.5 9.58 2 6 4 0.79 0 0 0 0 2 80 351 0
1 32.08 4 2 7 4 2.5 1 0 0 1 2 360 1 1
1 48.08 3.75 2 3 5 1 0 0 0 0 2 100 3 0
0 69.5 6 2 1 1 0 0 0 0 0 1 0 1 0
1 18.42 10.41 1 6 4 0.125 1 0 0 0 2 120 376 0
1 23.75 12 2 8 4 2.085 0 0 0 0 1 80 1 0
1 43.25 3 2 11 8 6 1 1 11 0 2 80 1 1
0 16.07 0.33 2 1 1 0 0 1 1 0 2 160 127 0
1 31.67 16.16 2 2 4 3 1 1 9 0 2 250 731 1
0 30.42 1.37 2 9 8 0.04 0 1 3 0 2 0 34 0
1 39.58 13.91 2 9 4 8.625 1 1 6 1 2 70 1 1
0 20.67 3 2 11 4 0.165 1 1 3 0 2 100 7 1
1 65.42 11 2 10 9 20 1 1 7 1 2 22 1 1
0 25.17 2.87 2 14 8 0.875 1 0 0 0 2 360 1 1
1 52.42 1.5 2 2 4 3.75 0 0 0 1 2 0 351 0
1 33.58 2.75 2 7 4 4.25 1 1 6 0 2 204 1 1
1 59.67 1.54 2 11 4 0.125 1 0 0 1 2 260 1 1
0 32 6 2 2 4 1.25 0 0 0 0 2 272 1 0
1 69.17 9 2 1 1 4 0 1 1 0 2 70 7 0
1 20.5 2.41 2 8 4 2 1 1 11 1 2 200 3001 1
0 17.82 11 2 14 8 1 1 1 11 0 2 0 3001 1
0 21.75 11.75 2 8 4 0.25 0 0 0 1 2 180 1 0
1 23.75 0.41 1 8 4 0.04 0 1 2 0 2 128 7 0
1 32.83 2.5 2 13 8 2.75 1 1 6 0 2 160 2073 1
1 21.5 9.75 2 8 4 0.25 1 0 0 0 2 140 1 0
1 24.17 0.87 2 11 4 4.625 1 1 2 1 2 520 2001 1
1 16.25 0 1 6 4 0.25 0 0 0 0 2 60 1 0
1 16.32 2.75 2 6 4 0.665 0 1 1 0 2 80 22 0
1 19.17 0 1 7 5 0 0 0 0 1 1 500 2 1
1 62.5 12.75 1 8 8 5 1 0 0 0 2 112 1 0
1 34 4.5 2 6 4 1 1 0 0 1 2 240 1 0
1 18.82 0 2 11 4 0.665 0 0 0 0 2 160 2 0
1 48.17 7.62 2 9 8 15.5 1 1 12 0 2 0 791 1
1 40 6.5 2 6 5 3.5 1 1 1 0 2 0 501 1
0 20.83 0.5 1 10 2 1 0 0 0 0 2 260 1 0
0 33.25 3 1 6 4 2 0 0 0 0 2 180 1 0
1 47.83 4.16 2 14 5 0.085 0 0 0 1 2 520 1 0
1 20 11.04 2 8 4 2 0 0 0 1 2 136 1 0
0 19.17 8.58 2 13 8 0.75 1 1 7 0 2 96 1 1
0 22.5 8.5 2 11 4 1.75 1 1 10 0 2 80 991 0
0 19.75 0.75 2 8 4 0.795 1 1 5 1 2 140 6 0
0 22.83 2.29 2 11 8 2.29 1 1 7 1 2 140 2385 1
0 20.83 3 2 6 4 0.04 1 0 0 0 2 100 1 1
0 24.08 0.5 2 11 8 1.25 1 1 1 0 2 0 679 1
0 20.75 10.33 2 13 8 0.335 1 1 1 1 2 80 51 1
1 27.58 2.04 1 6 4 2 1 1 3 1 2 370 561 1
0 29.5 0.46 2 4 4 0.54 1 1 4 0 2 380 501 1
1 32.08 4 1 13 4 1.5 0 0 0 1 2 120 1 0
0 26.58 2.54 1 1 1 0 0 0 0 1 2 180 61 0
1 18 0.16 2 11 7 0.21 0 0 0 0 2 200 41 1
1 48.58 0.2 1 4 4 0.25 1 1 11 0 2 380 2733 1
1 27.83 1.5 2 9 4 2 1 1 11 1 2 434 36 1
1 31.57 4 1 3 4 0.085 0 0 0 1 2 411 1 0
0 39.08 4 2 8 4 3 0 0 0 0 2 480 1 0
1 56 12.5 2 4 8 8 1 0 0 1 2 24 2029 1
1 43.08 0.37 1 8 4 0.375 1 1 8 1 2 300 163 1
1 32.42 2.16 1 4 1 0 0 0 0 0 2 120 1 0
0 53.33 0.16 2 1 1 0 0 0 0 1 1 62 28 0
0 28.17 0.37 2 11 4 0.585 1 1 4 0 2 80 1 1
1 33.17 1.04 2 12 8 6.5 1 0 0 1 2 164 31286 1
0 52.17 0 1 1 1 0 0 0 0 0 2 0 1 0
0 33.92 1.58 1 1 1 0 1 0 0 0 2 320 1 0
0 23.58 11.5 1 4 8 3 0 0 0 1 2 20 17 0
0 55.75 7.08 2 4 8 6.75 1 1 3 1 2 100 51 0
1 13.75 4 1 9 4 1.75 1 1 2 1 2 120 1001 1
1 34.25 3 2 13 8 7.415 1 0 0 1 2 0 1 1
1 23.5 3.16 1 4 4 0.415 0 1 1 1 2 280 81 0
0 19.57 0.66 2 9 4 1.665 0 0 0 0 2 220 6 0
0 17.32 9.5 2 6 4 1.75 0 1 10 1 2 0 11 0
1 42.75 3 2 3 5 1 1 0 0 0 2 0 201 0
1 17.07 0.25 2 11 4 0.335 0 1 4 0 2 160 9 0
1 28.25 5.12 2 14 4 4.75 1 1 2 0 2 420 8 1
1 52.33 1.37 1 8 8 9.46 1 0 0 1 2 200 101 0
1 30.75 1.58 2 2 4 0.585 0 0 0 1 1 0 1 0
1 37.75 7 2 11 8 11.5 1 1 7 1 2 300 6 0
0 50.25 0.83 2 6 4 0.5 0 0 0 1 2 240 118 0
0 35.42 12 2 11 8 14 1 1 8 0 2 0 6591 1
0 28.5 3.04 1 14 8 2.54 1 1 1 0 2 70 1 1
1 31.25 1.12 2 1 1 0 0 1 1 0 2 96 20 0
0 27.33 1.66 2 1 1 0 0 0 0 0 2 340 2 0
1 32 1.75 1 10 8 0.04 1 0 0 1 2 393 1 1
1 18.57 10.29 2 1 1 0.415 0 0 0 0 2 80 1 0
0 20.5 11.83 2 8 8 6 1 0 0 0 2 340 1 1
0 24.58 0.67 2 6 8 1.75 1 0 0 0 2 400 1 0
1 25.17 3.5 2 13 4 0.625 1 1 7 0 2 0 7060 1
1 27 0.75 2 8 8 4.25 1 1 3 1 2 312 151 1
0 20.42 7.5 2 4 4 1.5 1 1 1 0 2 160 235 1
0 18.82 9.53 2 6 4 0.085 1 0 0 0 2 100 1 1
0 33.08 4.62 2 11 8 1.625 1 1 2 0 2 0 1 1
1 17.42 6.5 2 3 4 0.125 0 0 0 0 2 60 101 0
1 29.92 1.83 2 8 8 4.335 1 0 0 0 2 260 201 1
0 19.67 0.21 2 11 8 0.29 1 1 11 0 2 80 100 1
1 19.32 9.5 2 11 4 1 1 0 0 1 2 60 401 1
1 27.67 2 2 14 8 1 1 1 4 0 2 140 7545 1
0 24.5 2.41 1 8 4 0 0 0 0 0 2 120 1 0
0 18.75 7.5 2 11 4 2.71 1 1 5 0 2 184 26727 1
1 41.42 5 2 11 8 5 1 1 6 1 2 470 1 1
1 24.08 0.87 2 7 4 0.085 0 1 4 0 2 254 1951 0
1 35.25 16.5 1 8 4 4 1 0 0 0 2 80 1 0
1 20.42 0 2 8 4 0 0 0 0 0 3 184 1 0
0 58.33 10 2 11 4 4 1 1 14 0 2 0 1603 1
0 28.42 3.5 2 9 4 0.835 1 0 0 0 1 280 1 1
1 22.83 3 2 7 4 1.29 1 1 1 0 2 260 801 1
1 25 12.5 2 6 4 3 1 0 0 1 1 20 1 1
1 55.92 11.5 2 1 1 5 1 1 5 0 2 0 8852 1
1 31.58 0.75 1 6 4 3.5 0 0 0 1 2 320 1 0
1 38.67 0.21 2 4 4 0.085 1 0 0 1 2 280 1 1
0 23.58 0.83 2 11 4 0.415 0 1 1 1 2 200 12 0
1 39.5 4.25 2 8 5 6.5 1 1 16 0 2 117 1211 1
0 23.5 9 2 11 4 8.5 1 1 5 1 2 120 1 1
1 25.08 1.71 2 14 4 1.665 1 1 1 1 2 395 21 1
1 34.17 5.25 2 9 4 0.085 0 0 0 1 2 290 7 1
1 25 12 2 4 4 2.25 1 1 2 1 2 120 6 0
1 17.92 0.2 2 6 4 0.04 0 0 0 0 2 280 751 0
0 38.33 4.41 2 8 4 0.125 0 0 0 0 2 160 1 0
0 22.67 0.75 2 8 4 2 0 1 2 1 2 200 395 0
1 20.75 5.08 1 5 4 0.29 0 0 0 0 2 140 185 0
1 48.17 3.5 2 6 4 3.5 1 0 0 0 1 230 1 1
1 17.25 3 2 4 4 0.04 0 0 0 1 2 160 41 0
0 56.83 4.25 1 1 1 5 0 0 0 1 2 0 5 0
0 34.83 1.25 1 3 8 0.5 0 0 0 1 2 160 1 0
1 31.33 19.5 2 8 4 7 1 1 16 0 2 0 5001 1
1 23 0.75 2 7 4 0.5 0 0 0 1 1 320 1 0
1 22.67 2.54 1 8 8 2.585 1 0 0 0 2 0 1 1
0 26.17 2 2 5 3 0 0 0 0 1 2 276 2 0
0 52.83 15 2 8 4 5.5 1 1 14 0 2 0 2201 1
0 20.42 10.5 1 14 8 0 0 0 0 1 2 154 33 0
1 47.67 2.5 2 7 5 2.5 1 1 12 1 2 410 2511 1
1 18.57 5.71 2 2 4 0.54 0 0 0 0 2 120 1 0
0 18.42 9.25 2 11 4 1.21 1 1 4 0 2 60 541 1
0 36.75 4.71 2 1 1 0 0 0 0 0 2 160 1 0
1 25.75 0.5 2 8 4 1.46 1 1 5 1 2 312 1 1
0 25 12.33 2 13 8 3.5 1 1 6 0 2 400 459 1
0 20.32 10 2 8 8 1 1 1 4 0 2 50 1466 1
0 22.42 5.66 2 11 4 2.585 1 1 7 0 2 129 3258 1
1 22 7.83 1 3 5 0.165 0 0 0 1 2 184 1 0
1 48.75 26.33 1 1 1 0 1 0 0 1 2 0 1 0
0 18.82 4.41 1 8 8 3 1 0 0 0 2 240 1 1
1 34.17 9.17 2 8 4 4.5 1 1 12 1 2 0 222 1
1 48.58 6.5 2 11 8 6 1 0 0 1 2 350 1 1
1 18.17 10.25 2 8 8 1.085 0 0 0 0 2 320 14 0
1 30.08 1.04 1 3 5 0.5 1 1 10 1 2 132 29 0
1 24.42 12.33 2 11 8 1.585 1 0 0 1 2 120 1 1
1 29.67 1.41 2 9 8 0.75 1 1 1 0 2 240 101 1
0 42.25 1.75 1 8 4 0 0 0 0 1 2 150 2 0
1 32.33 7.5 2 10 5 1.585 1 0 0 1 1 420 1 0
1 41.92 0.42 2 8 8 0.21 1 1 6 0 2 220 949 1
1 26.75 1.12 2 14 8 1.25 1 0 0 0 2 0 5299 1
1 24.83 2.75 2 8 4 2.25 1 1 6 0 2 184 601 1
1 23.5 2.75 2 1 1 4.5 0 0 0 0 2 160 26 0
1 29.58 4.75 2 7 4 2 0 1 1 1 2 460 69 0
0 45 4.58 2 4 8 1 0 0 0 1 1 240 1 0
1 45 8.5 2 13 8 14 1 1 1 1 2 88 2001 1
1 23.92 0.58 1 13 8 0.125 0 0 0 0 2 240 2 0
1 37.42 2.04 2 9 4 0.04 1 0 0 1 2 400 5801 1
1 22.75 11.5 2 3 4 0.415 0 0 0 0 2 0 1 0
1 18.07 5.5 2 4 4 0.5 1 0 0 0 2 80 1 1
1 25.42 0.54 2 9 4 0.165 0 1 1 0 2 272 445 0
1 22.25 9 2 6 4 0.085 0 0 0 0 2 0 1 0
1 34.08 6.5 2 6 4 0.125 1 0 0 1 2 443 1 0
1 51.33 10 2 3 5 0 1 1 11 0 2 0 1250 1
1 36.5 4.25 2 11 4 3.5 0 0 0 0 2 454 51 0
1 56.58 18.5 2 2 5 15 1 1 17 1 2 0 1 1
1 22.67 0.16 2 8 3 2.25 0 0 0 1 1 0 1 1
0 49.83 13.58 2 4 8 8.5 1 0 0 1 2 0 1 1
1 37.17 4 2 8 5 5 1 0 0 1 1 280 1 0
1 20 1.25 1 4 4 0.125 0 0 0 0 2 140 5 0
1 26.33 13 2 10 2 0 0 0 0 1 2 140 1111 0
0 38.75 1.5 2 1 1 0 0 0 0 0 2 76 1 0
1 24.58 12.5 2 9 4 0.875 1 0 0 1 2 260 1 0
0 24.75 3 2 11 8 1.835 1 1 19 0 2 0 501 1
1 19.32 10.91 2 8 5 0.585 0 1 2 1 2 200 8 0
1 27.83 1.54 2 9 4 3.75 1 1 5 1 2 100 4 1
0 28.75 3.75 2 8 4 1.085 1 1 1 1 2 371 1 1
0 52.5 7 2 6 8 3 0 0 0 0 2 0 1 0
1 22.67 10.5 2 11 8 1.335 1 0 0 0 2 100 1 1
1 27.25 0.62 2 6 4 0.455 1 0 0 1 2 200 1 0
0 46.67 0.46 2 13 8 0.415 1 1 11 1 2 440 7 1
0 30.25 5.5 2 4 4 5.5 0 0 0 1 1 100 1 0
0 23.42 0.79 1 11 4 1.5 1 1 2 1 2 80 401 1
0 22.5 0.41 2 3 4 0.335 0 0 0 1 1 144 1 0
1 21 3 1 2 4 1.085 1 1 8 1 2 160 2 1
0 25.58 0 2 8 4 0 0 0 0 0 3 184 1 1
0 20.83 8.5 2 8 4 0.165 0 0 0 0 2 0 352 0
1 34.92 2.5 2 9 4 0 1 0 0 1 2 239 201 1
1 22.67 1.58 1 9 4 3.085 1 1 6 0 2 80 1 1

