1 45.17 1.5 2 8 4 2.5 1 0 0 1 2 140 1 0
1 19.42 1.5 1 13 4 2 1 0 0 1 2 100 21 0
1 48.75 26.33 1 1 1 0 1 0 0 1 2 0 1 0
0 47.42 8 2 10 5 6.5 1 1 6 0 2 375 51101 1
1 32.25 0.16 1 8 8 3.25 1 1 1 1 2 432 8001 1
1 59.5 2.75 2 9 4 1.75 1 1 5 1 2 60 59 1
1 19.67 10 1 4 8 0.835 1 0 0 1 2 140 1 0
0 28.58 1.66 2 11 4 2.415 1 0 0 1 2 440 1 0
1 20.5 2.41 2 8 4 2 1 1 11 1 2 200 3001 1
0 34.83 1.25 1 3 8 0.5 0 0 0 1 2 160 1 0
0 17.67 0 1 5 1 0 0 0 0 0 2 86 1 0
0 32 6 2 2 4 1.25 0 0 0 0 2 272 1 0
1 31.67 16.16 2 2 4 3 1 1 9 0 2 250 731 1
1 31.57 5 1 6 4 8.5 1 0 0 0 2 0 1 0
1 33.67 1.25 2 9 4 1.165 0 0 0 0 2 120 1 0
1 22.08 0.83 2 8 8 2.165 0 0 0 1 2 128 1 1
1 48.17 7.62 2 9 8 15.5 1 1 12 0 2 0 791 1
1 48.33 12 2 7 4 16 1 0 0 0 1 110 1 1
1 54.33 6.75 2 8 8 2.625 1 1 11 1 2 0 285 1
0 17.82 11 2 14 8 1 1 1 11 0 2 0 3001 1
0 27.58 3 2 7 4 2.79 0 1 1 1 2 280 11 0
1 44.25 11 1 2 4 1.5 1 0 0 0 1 0 1 0
1 33.17 1 2 14 4 0.75 1 1 7 1 2 340 4072 1
1 21 4.79 1 9 4 2.25 1 1 1 1 2 80 301 1
0 23 1.83 2 5 3 0 0 1 1 0 2 200 54 0
1 19.67 0.37 2 11 4 2 1 1 2 1 2 80 1 1
0 40.83 3.5 2 3 5 0.5 0 0 0 0 1 1160 1 0
0 49 1.5 2 5 3 0 1 0 0 1 2 100 28 0
1 19.42 7.25 2 7 4 0.04 0 1 1 0 2 100 2 0
1 43.17 2.25 2 3 5 0.75 1 0 0 0 2 560 1 0
0 19.17 0.58 1 6 4 0.585 1 0 0 1 2 160 1 0
1 31.57 10.5 2 14 4 6.5 1 0 0 0 2 0 1 1
1 17.42 6.5 2 3 4 0.125 0 0 0 0 2 60 101 0
0 27.67 1.5 2 7 4 2 1 0 0 0 1 368 1 0
1 25.75 0.75 2 8 5 0.25 1 0 0 0 2 349 24 1
0 16.92 0.5 2 3 4 0.165 0 1 6 1 2 240 36 0
0 17.57 9 2 6 4 1.375 1 0 0 1 2 0 1 1
1 55.92 11.5 2 1 1 5 1 1 5 0 2 0 8852 1
1 31.08 1.5 1 9 4 0.04 0 0 0 0 1 160 1 0
1 18.82 3.54 1 1 1 0 0 0 0 1 2 180 2 0
1 19.5 0.28 2 4 4 0.29 0 0 0 0 2 280 365 0
1 42 9.78 2 14 8 7.96 1 1 8 0 2 0 1 1
0 23.58 0.58 1 1 1 0.125 0 0 0 0 2 120 88 0
0 19.5 0.16 2 11 4 0.04 0 0 0 1 2 380 1 0
1 41.5 1.54 2 3 5 3.5 0 0 0 0 2 216 1 1
0 31.25 3.75 2 13 8 0.625 1 1 9 1 2 181 1 1
0 20.07 1.25 2 8 4 0 0 0 0 0 2 0 1 0
1 63.33 0.54 2 8 4 0.585 1 1 3 1 2 180 1 0
1 21.92 0.5 2 8 4 0.125 0 0 0 0 2 360 1 0
1 25.42 0.54 2 9 4 0.165 0 1 1 0 2 272 445 0
0 25.17 2.87 2 14 8 0.875 1 0 0 0 2 360 1 1
0 18.42 9.25 2 11 4 1.21 1 1 4 0 2 60 541 1
0 18.75 7.5 2 11 4 2.71 1 1 5 0 2 184 26727 1
1 20.42 0 2 8 4 0 0 0 0 0 3 184 1 0
1 23.75 12 2 8 4 2.085 0 0 0 0 1 80 1 0
0 27.33 1.66 2 1 1 0 0 0 0 0 2 340 2 0
0 25 0.87 2 14 8 1.04 1 0 0 1 2 160 5861 1
1 29.83 3.5 2 8 4 0.165 0 0 0 0 2 216 1 0
1 26.83 0.54 2 4 1 0 0 0 0 0 2 100 1 0
1 18.07 5.5 2 4 4 0.5 1 0 0 0 2 80 1 1
1 16.32 4.08 2 3 8 0.415 0 0 0 1 2 120 1 0
0 28.75 3.75 2 8 4 1.085 1 1 1 1 2 371 1 1
1 64.08 20 2 14 8 17.5 1 1 9 1 2 0 1001 1
1 24.83 2.75 2 8 4 2.25 1 1 6 0 2 184 601 1
1 32.25 14 1 1 1 0 0 1 2 0 2 160 2 0
1 62.75 7 2 10 9 0 0 0 0 0 2 0 13 0
0 31.92 3.12 2 1 1 3.04 0 1 2 1 2 200 5 0
1 33.5 1.75 2 14 8 4.5 1 1 4 1 2 253 858 1
1 25.83 12.83 2 13 4 0.5 0 0 0 0 2 0 3 0
1 41.33 0 2 8 5 15 1 0 0 0 2 0 1 1
0 30.58 10.66 2 11 8 0.085 0 1 12 1 2 129 4 0
0 29.5 1.08 1 14 4 1 0 0 0 0 2 280 14 0
1 42.83 4.62 2 11 4 4.58 1 0 0 0 1 0 1 1
1 32.83 2.5 2 13 8 2.75 1 1 6 0 2 160 2073 1
0 40.83 10 2 11 8 1.75 1 0 0 0 2 29 838 1
1 32 1.75 1 10 8 0.04 1 0 0 1 2 393 1 1
1 39.25 9.5 2 7 4 6.5 1 1 14 0 2 240 4608 1
1 34.17 1.54 2 13 4 1.54 1 1 1 1 2 520 50001 1
0 20.75 10.25 2 11 4 0.71 1 1 2 1 2 49 1 1
1 34.17 2.75 2 3 5 2.5 0 0 0 1 2 232 201 0
1 67.75 5.5 2 10 9 13 1 1 1 1 2 0 1 1
1 17.5 22 3 1 7 0 0 0 0 1 3 450 100001 1
1 24.58 1.25 2 8 4 0.25 0 0 0 0 2 110 1 0
0 26.58 2.54 1 1 1 0 0 0 0 1 2 180 61 0
1 44 2 2 7 4 1.75 1 1 2 1 2 0 16 1
0 30.25 5.5 2 4 4 5.5 0 0 0 1 1 100 1 0
0 24.33 2.5 1 3 5 4.5 0 0 0 0 2 200 457 0
1 44.83 7 1 8 4 1.625 0 0 0 0 2 160 3 0
1 31.25 1.12 2 1 1 0 0 1 1 0 2 96 20 0
0 21.25 2.33 2 3 5 0.5 1 1 4 0 1 80 1 1
1 32.08 4 1 13 4 1.5 0 0 0 1 2 120 1 0
1 23.92 0.58 1 13 8 0.125 0 0 0 0 2 240 2 0
0 18.25 10 2 9 4 1 0 1 1 0 2 120 2 0
1 25.08 1.71 2 14 4 1.665 1 1 1 1 2 395 21 1
0 64.08 0.16 2 1 1 0 1 1 1 0 2 232 101 1
1 23.58 1.79 2 8 4 0.54 0 0 0 1 2 136 2 0
1 24.08 0.87 2 7 4 0.085 0 1 4 0 2 254 1951 0
1 36.17 0.42 1 9 4 0.29 0 0 0 1 2 309 3 0
1 42 0.2 2 3 8 5.125 1 0 0 0 2 400 1 1
1 22.75 11.5 2 3 4 0.415 0 0 0 0 2 0 1 0
0 27.42 14.5 2 14 8 3.085 1 1 1 0 2 120 12 1
1 30.75 1.58 2 2 4 0.585 0 0 0 1 1 0 1 0
0 28.58 3.75 2 8 4 0.25 0 1 1 1 2 40 155 0
1 31.58 0.75 1 6 4 3.5 0 0 0 1 2 320 1 0
1 33.58 0.33 1 13 4 0.085 0 0 0 0 2 180 1 0
1 16.17 0.04 2 8 4 0.04 0 0 0 0 2 0 1 1
1 31.57 4 1 3 4 0.085 0 0 0 1 2 411 1 0
0 57.08 0.33 2 3 5 1 1 0 0 1 2 252 2198 0
1 23.25 4 2 8 5 0.25 1 0 0 1 2 160 1 1
0 23.42 0.79 1 11 4 1.5 1 1 2 1 2 80 401 1
1 35 3.37 2 8 8 8.29 0 0 0 1 2 0 1 0
1 22 7.83 1 3 5 0.165 0 0 0 1 2 184 1 0
0 44.33 0 2 8 4 2.5 1 0 0 0 2 0 1 1
1 56.75 12.25 2 7 4 1.25 1 1 4 1 2 200 1 1
0 52.17 0 1 1 1 0 0 0 0 0 2 0 1 0
0 25.33 2.08 2 8 8 2.75 1 0 0 1 2 360 2 0
1 28.17 0.12 1 4 4 0.085 0 0 0 0 2 216 2101 0
1 38.58 3.33 2 9 4 4 1 1 14 0 2 383 1345 1
1 21.83 11 2 14 4 0.29 1 1 6 0 2 121 1 1
1 39.83 0.5 2 7 4 0.25 1 0 0 0 1 288 1 0
1 43 0.28 1 13 8 1.75 1 1 8 0 2 100 376 1
0 17.92 10.21 2 1 1 0 0 0 0 0 2 0 51 0
1 18.07 6.75 1 7 4 0.04 0 0 0 0 2 140 1 0
0 40.33 7.54 1 11 8 8 1 1 14 0 2 0 2301 1
0 71.58 0 2 8 4 0 0 0 0 0 3 184 1 1
1 23.92 1.5 2 2 8 1.875 1 1 6 0 2 200 328 1
0 38.75 1.5 2 1 1 0 0 0 0 0 2 76 1 0
1 33.67 2.16 2 8 4 1.5 0 0 0 0 3 120 1 0
1 41.17 4.04 2 13 8 7 1 1 8 0 2 320 1 1
1 35.17 25.12 2 14 8 1.625 1 1 1 1 2 515 501 1
1 34.92 2.5 2 9 4 0 1 0 0 1 2 239 201 1
1 20.17 9.25 2 8 4 1.665 1 1 3 1 2 40 29 1
0 30.5 6.5 2 8 5 4 1 1 7 1 2 0 3066 1
1 25.17 6 2 8 4 1 1 1 3 0 2 0 1 1
0 15.83 7.62 2 11 4 0.125 0 1 1 1 2 0 161 0
1 27.83 1 1 2 8 3 0 0 0 0 2 176 538 0
1 20.42 1.08 2 11 4 1.5 0 0 0 0 2 108 8 0
1 35.25 3.16 2 14 8 3.75 1 0 0 1 2 680 1 0
0 23.5 1.5 2 9 4 0.875 0 0 0 1 2 160 1 0
1 39.08 6 2 7 4 1.29 1 1 5 1 2 108 1098 1
1 16 3.12 2 9 4 0.085 0 1 1 0 2 0 7 0
1 34.08 2.5 2 8 4 1 0 0 0 0 2 460 17 0
0 35.42 12 2 11 8 14 1 1 8 0 2 0 6591 1
0 42.25 1.75 1 8 4 0 0 0 0 1 2 150 2 0
1 21.67 1.16 1 4 4 2.5 1 1 1 0 2 180 21 0
1 26.75 4.5 1 8 5 2.5 0 0 0 0 2 200 1211 0
0 18.82 9.5 2 9 4 1.625 1 1 6 1 2 40 601 1
0 16.32 0.21 2 6 4 0.125 0 0 0 0 2 200 2 0
1 26.17 12.5 1 4 8 1.25 0 0 0 1 2 0 18 0
1 42.75 3 2 3 5 1 1 0 0 0 2 0 201 0
1 28.92 15 2 8 8 5.335 1 1 11 0 2 0 2284 1
1 36.42 0.75 1 2 4 0.585 0 0 0 0 2 240 4 0
1 29.58 4.75 2 7 4 2 0 1 1 1 2 460 69 0
1 23.17 11.12 2 14 8 0.46 1 1 1 0 2 100 1 1
0 24.58 0.67 2 6 8 1.75 1 0 0 0 2 400 1 0
1 21.42 0.75 1 12 7 0.75 0 0 0 1 2 132 3 0
0 38.33 4.41 2 8 4 0.125 0 0 0 0 2 160 1 0
1 22.08 2.33 2 4 4 0.75 0 0 0 0 2 180 1 0
1 39.92 5 2 3 5 0.21 0 0 0 0 2 550 1 0
1 34.17 9.17 2 8 4 4.5 1 1 12 1 2 0 222 1
0 23.75 0.71 2 9 4 0.25 0 1 1 1 2 240 5 0
0 19.67 0.21 2 11 8 0.29 1 1 11 0 2 80 100 1
1 38.25 10.12 1 4 4 0.125 0 0 0 0 2 160 1 0
1 26.25 1.54 2 9 4 0.125 0 0 0 0 2 100 1 0
0 26.92 13.5 2 11 8 5 1 1 2 0 2 0 5001 1
1 37.58 0 2 8 4 0 0 0 0 0 3 184 1 1
1 32.92 2.5 2 6 4 1.75 0 1 2 1 2 720 1 0
0 19.17 5.41 2 3 8 0.29 0 0 0 0 2 80 485 0
0 21.75 1.75 1 5 3 0 0 0 0 0 2 160 1 0
0 20.83 8.5 2 8 4 0.165 0 0 0 0 2 0 352 0
0 28.58 3.54 2 3 5 0.5 1 0 0 1 2 171 1 0
1 26.17 0.25 2 3 5 0 1 0 0 1 2 0 1 1
1 27 1.5 1 9 4 0.375 1 0 0 1 2 260 1066 1
1 18.82 0 2 11 4 0.665 0 0 0 0 2 160 2 0
1 40 6.5 2 6 5 3.5 1 1 1 0 2 0 501 1
0 21.67 11.5 1 5 3 0 1 1 11 1 2 0 1 1
0 25 12.33 2 13 8 3.5 1 1 6 0 2 400 459 1
0 24.75 13.66 2 11 8 1.5 0 0 0 0 2 280 2 0
0 56.83 4.25 1 1 1 5 0 0 0 1 2 0 5 0
1 33 2.5 1 9 4 7 0 0 0 1 2 280 1 0
1 48.08 3.75 2 3 5 1 0 0 0 0 2 100 3 0
1 27.25 0.62 2 6 4 0.455 1 0 0 1 2 200 1 0
0 26.17 2 2 5 3 0 0 0 0 1 2 276 2 0
0 48.17 1.33 2 3 7 0.335 0 0 0 0 2 0 121 0
1 19.32 10.91 2 8 5 0.585 0 1 2 1 2 200 8 0
1 22.17 2.25 2 3 4 0.125 0 0 0 0 2 160 11 0
1 32.08 4 2 7 4 2.5 1 0 0 1 2 360 1 1
0 65.17 14 2 1 1 0 1 1 11 1 2 0 1401 1
0 27.25 0.28 2 7 8 0.125 0 1 1 1 2 272 109 0
0 28.17 0.58 2 6 4 0.04 0 0 0 0 2 260 1005 0
1 17.07 0.25 2 11 4 0.335 0 1 4 0 2 160 9 0
0 20.75 9.53 2 3 4 0.04 0 0 0 0 2 200 1001 0
0 33.08 4.62 2 11 8 1.625 1 1 2 0 2 0 1 1
0 24.5 1.04 1 1 1 0.5 1 1 3 0 2 180 148 0
0 50.08 12.54 2 6 4 2.29 1 1 3 1 2 156 1 1
0 22.83 2.29 2 11 8 2.29 1 1 7 1 2 140 2385 1
1 24.75 0.54 2 7 4 1 0 0 0 1 2 120 2 0
1 27.42 12.5 2 6 5 0.25 0 0 0 1 2 720 1 0
1 21.92 0.54 1 14 4 0.04 1 1 1 1 2 840 60 1
0 18.07 0.37 3 13 1 10 0 0 0 1 1 300 1 1
1 31.67 0.83 2 14 4 1.335 1 1 8 1 2 303 3291 1
1 28.58 3.62 2 6 4 0.25 0 0 0 1 2 100 1 0
0 51.92 6.5 2 3 5 3.085 0 0 0 1 2 73 1 0
1 28.67 14.5 2 2 4 0.125 0 0 0 0 2 0 287 0
1 57.83 7.04 2 7 4 14 1 1 6 1 2 360 1333 1
0 18.92 9.25 1 8 4 1 1 1 4 1 2 80 501 1
1 21.17 0 2 8 4 0.5 0 0 0 1 1 0 1 0
1 21.33 10.5 2 8 4 3 1 0 0 1 2 0 1 1
1 41.42 5 2 11 8 5 1 1 6 1 2 470 1 1
1 29.67 0.75 1 8 4 0.04 0 0 0 0 2 240 1 0
1 24.08 9 2 6 4 0.25 0 0 0 1 2 0 1 0
0 44.17 6.66 2 11 4 7.375 1 1 3 1 2 0 1 1
1 74.83 19 1 1 1 0.04 0 1 2 0 2 0 352 0
0 33.67 0.37 2 13 4 0.375 0 0 0 0 2 300 45 1
1 30.58 2.71 1 7 4 0.125 0 0 0 1 1 80 1 0
1 27.75 1.29 2 4 8 0.25 0 0 0 1 1 140 1 0
1 45 8.5 2 13 8 14 1 1 1 1 2 88 2001 1
1 31.25 2.83 2 1 1 0 0 1 5 0 2 176 147 0
1 32.67 5.5 2 11 8 5.5 1 1 12 1 2 408 1001 1
1 37.5 0.83 2 10 4 0.04 0 0 0 0 2 120 6 0

