1 32.75 1.5 2 13 8 5.5 1 1 3 1 2 0 1 1
1 48.08 6.04 2 4 4 0.04 0 0 0 0 2 0 2691 1
0 18.25 10 2 9 4 1 0 1 1 0 2 120 2 0
1 29.58 4.5 2 9 4 7.5 1 1 2 1 2 330 1 1
1 27.25 1.66 2 13 8 5.085 1 1 9 0 2 399 828 1
1 36.08 2.54 2 1 1 0 0 0 0 0 2 0 1001 0
1 19.67 0.37 2 11 4 2 1 1 2 1 2 80 1 1
0 24.5 0.5 2 11 8 1.5 1 0 0 0 2 280 825 1
1 20.42 7 2 8 4 1.625 1 1 3 0 2 200 1392 1
0 33.25 2.5 1 8 4 2.5 0 0 0 1 2 0 3 0
0 40.33 7.54 1 11 8 8 1 1 14 0 2 0 2301 1
1 76.75 22.29 2 10 9 12.75 1 1 1 1 2 0 110 1
0 46 4 2 5 3 0 1 0 0 0 2 100 961 1
1 33.58 0.25 2 3 5 4 0 0 0 1 1 420 1 0
1 31.92 4.46 2 13 8 6.04 1 1 3 0 2 311 301 1
1 60.08 14.5 2 1 1 18 1 1 15 1 2 0 1001 1
0 36.58 0.28 2 1 1 0 0 1 10 0 2 200 19 0
1 43.08 0.37 1 8 4 0.375 1 1 8 1 2 300 163 1
1 28.33 5 2 9 4 11 1 0 0 1 2 70 1 1
1 31.57 0.04 1 2 4 4.25 0 0 0 1 2 460 1 0
1 34.17 5.25 2 9 4 0.085 0 0 0 1 2 290 7 1
1 22.08 0.83 2 8 8 2.165 0 0 0 1 2 128 1 1
1 19.5 9.58 2 6 4 0.79 0 0 0 0 2 80 351 0
0 25.58 0 2 8 4 0 0 0 0 0 3 184 1 1
1 17.67 4.46 2 8 4 0.25 0 0 0 0 1 80 1 0
1 27.67 0.75 2 11 8 0.165 0 0 0 1 2 220 252 0
1 25.33 0.57 2 8 4 0.29 1 1 7 1 2 96 5125 1
1 23.92 0.58 1 13 8 0.125 0 0 0 0 2 240 2 0
1 48.08 3.75 2 3 5 1 0 0 0 0 2 100 3 0
1 40.58 3.29 2 7 4 3.5 0 0 0 1 1 400 1 0
0 27.33 1.66 2 1 1 0 0 0 0 0 2 340 2 0
1 26 1 2 11 4 1.75 1 0 0 1 2 280 1 1
1 31.42 15.5 2 8 4 0.5 1 0 0 0 2 120 1 0
1 31.57 4 1 3 4 0.085 0 0 0 1 2 411 1 0
1 32.83 2.5 2 13 8 2.75 1 1 6 0 2 160 2073 1
1 23 0.75 2 7 4 0.5 0 0 0 1 1 320 1 0
1 34.75 2.5 2 13 5 0.5 0 0 0 0 2 348 1 0
1 32.33 7.5 2 10 5 1.585 1 0 0 1 1 420 1 0
1 33.58 2.75 2 7 4 4.25 1 1 6 0 2 204 1 1
0 15.83 0.58 2 8 8 1.5 1 1 2 0 2 100 1 1
0 23.75 0.71 2 9 4 0.25 0 1 1 1 2 240 5 0
1 19.17 9.5 2 9 4 1.5 1 0 0 0 2 120 2207 1
1 20.25 9.96 2 10 2 0 1 0 0 0 2 0 1 1
1 31.58 0.75 1 6 4 3.5 0 0 0 1 2 320 1 0
1 49.17 2.29 2 1 1 0.29 0 0 0 0 2 200 4 0
0 19.17 8.58 2 13 8 0.75 1 1 7 0 2 96 1 1
0 25 11 1 6 4 4.5 1 0 0 0 2 120 1 0
1 20.42 0 2 8 4 0 0 0 0 0 3 184 1 0
1 34 4.5 2 6 4 1 1 0 0 1 2 240 1 0
0 24.58 0.67 2 6 8 1.75 1 0 0 0 2 400 1 0
1 25.17 3.5 2 13 4 0.625 1 1 7 0 2 0 7060 1
0 49.83 13.58 2 4 8 8.5 1 0 0 1 2 0 1 1
1 74.83 19 1 1 1 0.04 0 1 2 0 2 0 352 0
1 23.08 11.5 2 3 4 3.5 1 1 9 0 2 56 743 1
1 40.92 0.83 2 1 1 0 1 0 0 0 2 130 2 0
1 41.17 4.04 2 13 8 7 1 1 8 0 2 320 1 1
1 21.17 0 2 8 4 0.5 0 0 0 1 1 0 1 0
0 58.33 10 2 11 4 4 1 1 14 0 2 0 1603 1
1 25 12.5 2 6 4 3 1 0 0 1 1 20 1 1
0 60.58 16.5 2 11 4 11 1 0 0 1 2 21 10562 1
0 20.83 3 2 6 4 0.04 1 0 0 0 2 100 1 1
0 33.92 1.58 1 1 1 0 1 0 0 0 2 320 1 0
0 57.08 19.5 2 8 4 5.5 1 1 7 0 2 0 3001 1
1 21.08 4.12 1 3 8 0.04 0 0 0 0 2 140 101 0
1 22.58 1.5 1 6 4 0.54 0 0 0 1 2 120 68 0
0 26.17 2 2 5 3 0 0 0 0 1 2 276 2 0
0 21.08 5 1 1 1 0 0 0 0 0 2 0 1 0
1 15.17 7 2 10 4 1 0 0 0 0 2 600 1 0
1 21.92 0.5 2 8 4 0.125 0 0 0 0 2 360 1 0
1 18.32 1.21 1 10 2 0 0 0 0 0 2 100 1 0
0 23.58 0.83 2 11 4 0.415 0 1 1 1 2 200 12 0
1 29.83 3.5 2 8 4 0.165 0 0 0 0 2 216 1 0
1 28.25 5.12 2 14 4 4.75 1 1 2 0 2 420 8 1
1 36.17 0.42 1 9 4 0.29 0 0 0 1 2 309 3 0
1 18.42 10.41 1 6 4 0.125 1 0 0 0 2 120 376 0
1 25.67 3.25 2 8 8 2.29 0 1 1 1 2 416 22 0
0 47.25 0.75 2 11 8 2.75 1 1 1 0 2 333 893 1
0 35.42 12 2 11 8 14 1 1 8 0 2 0 6591 1
1 34 5.08 1 3 5 1.085 0 0 0 1 2 480 1 0
1 36.33 3.79 2 9 4 1.165 1 0 0 1 2 200 1 0
1 21 3 1 2 4 1.085 1 1 8 1 2 160 2 1
0 26.58 2.54 1 1 1 0 0 0 0 1 2 180 61 0
1 51.58 15 2 8 4 8.5 1 1 9 0 2 0 1 1
1 32.42 2.16 1 4 1 0 0 0 0 0 2 120 1 0
1 41.92 0.42 2 8 8 0.21 1 1 6 0 2 220 949 1
0 25.25 12.5 2 2 4 1 0 0 0 1 2 180 1063 0
1 33 2.5 1 9 4 7 0 0 0 1 2 280 1 0
0 39.08 4 2 8 4 3 0 0 0 0 2 480 1 0
1 34.17 1.54 2 13 4 1.54 1 1 1 1 2 520 50001 1
1 32.67 5.5 2 11 8 5.5 1 1 12 1 2 408 1001 1
1 33.67 1.25 2 9 4 1.165 0 0 0 0 2 120 1 0
1 56 12.5 2 4 8 8 1 0 0 1 2 24 2029 1
1 38.17 10.12 2 14 4 2.5 1 1 6 0 2 520 197 1
0 18.75 7.5 2 11 4 2.71 1 1 5 0 2 184 26727 1
1 26.67 1.75 1 8 4 1 1 1 5 1 2 160 5778 1
0 56.83 4.25 1 1 1 5 0 0 0 1 2 0 5 0
1 49.5 7.58 2 3 5 7.585 1 1 15 1 2 0 5001 1
1 47.83 4.16 2 14 5 0.085 0 0 0 1 2 520 1 0
0 17.92 10.21 2 1 1 0 0 0 0 0 2 0 51 0
1 32.42 3 2 2 4 0.165 0 0 0 1 2 120 1 0
1 26.17 0.83 2 13 4 1.165 0 0 0 0 2 100 1 0
0 27.67 1.5 2 7 4 2 1 0 0 0 1 368 1 0
1 63.33 0.54 2 8 4 0.585 1 1 3 1 2 180 1 0
0 29.58 1.75 1 4 4 1.25 0 0 0 1 2 280 1 0
1 26.83 0.54 2 4 1 0 0 0 0 0 2 100 1 0
1 27.67 2 2 14 8 1 1 1 4 0 2 140 7545 1
1 22 0.79 2 9 4 0.29 0 1 1 0 2 420 284 0
1 47.67 0.28 2 8 5 15 1 1 20 0 2 0 15001 1
1 24.08 9 2 6 4 0.25 0 0 0 1 2 0 1 0
1 29.5 0.57 2 9 4 0.29 0 1 1 0 2 340 2804 0
0 32 6 2 2 4 1.25 0 0 0 0 2 272 1 0
1 32 1.75 1 10 8 0.04 1 0 0 1 2 393 1 1
1 24.08 0.87 2 7 4 0.085 0 1 4 0 2 254 1951 0
1 21 4.79 1 9 4 2.25 1 1 1 1 2 80 301 1
1 20.42 1.08 2 11 4 1.5 0 0 0 0 2 108 8 0
1 20.67 5.29 2 11 4 0.375 1 1 1 0 2 160 1 0
1 58.58 2.71 2 8 4 2.415 0 0 0 1 2 320 1 0
0 28.58 1.66 2 11 4 2.415 1 0 0 1 2 440 1 0
1 22.75 11.5 2 3 4 0.415 0 0 0 0 2 0 1 0
1 31.33 19.5 2 8 4 7 1 1 16 0 2 0 5001 1
1 34.25 3 2 13 8 7.415 1 0 0 1 2 0 1 1
1 19.57 0.58 2 1 1 0 0 1 3 0 2 350 770 0
0 26.5 2.71 1 8 4 0.085 0 0 0 0 1 80 1 0
1 26.25 1.54 2 9 4 0.125 0 0 0 0 2 100 1 0
0 31.75 3 1 5 3 0 0 0 0 0 2 160 21 0
1 21.92 0.54 1 14 4 0.04 1 1 1 1 2 840 60 1
1 37.5 1.75 1 8 5 0.25 1 0 0 1 2 164 401 0
1 23.25 1.5 2 11 4 2.375 1 1 3 1 2 0 583 1
1 28.67 9.33 2 11 8 5.665 1 1 6 0 2 381 169 1
0 18.92 9.25 1 8 4 1 1 1 4 1 2 80 501 1
1 30.75 1.58 2 2 4 0.585 0 0 0 1 1 0 1 0
0 18.17 10 1 11 8 0.165 0 0 0 0 2 340 1 0
1 34.83 2.5 1 9 4 3 0 0 0 0 1 200 1 0
0 44.17 6.66 2 11 4 7.375 1 1 3 1 2 0 1 1
0 20.67 3 2 11 4 0.165 1 1 3 0 2 100 7 1
1 22.67 1.58 1 9 4 3.085 1 1 6 0 2 80 1 1
1 51.83 2.04 1 1 1 1.5 0 0 0 0 2 120 2 0
1 41.17 1.25 1 9 4 0.25 0 0 0 0 2 0 196 0
0 41.17 6.5 2 11 4 0.5 1 1 3 1 2 145 1 1
0 17.57 9 2 6 4 1.375 1 0 0 1 2 0 1 1
0 52.5 7 2 6 8 3 0 0 0 0 2 0 1 0
1 26.17 0.25 2 3 5 0 1 0 0 1 2 0 1 1
1 38.58 3.33 2 9 4 4 1 1 14 0 2 383 1345 1
1 31.57 3 1 3 5 7 0 0 0 0 2 0 2 0
0 30.67 12 2 8 4 2 1 1 1 0 2 220 20 1
1 20 7 2 8 4 0.5 0 0 0 0 2 0 1 0
1 19.17 0 1 7 5 0 0 0 0 1 1 500 2 1
1 22.25 9 2 6 4 0.085 0 0 0 0 2 0 1 0
0 20.5 11.83 2 8 8 6 1 0 0 0 2 340 1 1
1 18.07 6.75 1 7 4 0.04 0 0 0 0 2 140 1 0
1 25.67 0.28 1 8 4 1.5 0 0 0 1 2 160 1 0
0 40.83 3.5 2 3 5 0.5 0 0 0 0 1 1160 1 0
1 29.83 2.04 1 14 8 0.04 0 0 0 0 2 128 2 0
1 37.5 0.83 2 10 4 0.04 0 0 0 0 2 120 6 0
0 26.08 8.66 2 6 4 1.415 1 0 0 0 2 160 151 1
0 65.17 14 2 1 1 0 1 1 11 1 2 0 1401 1
0 55.75 7.08 2 4 8 6.75 1 1 3 1 2 100 51 0
1 28.75 1.16 2 4 4 0.5 1 0 0 0 1 280 1 0
1 18.67 5 2 11 4 0.375 1 1 2 0 2 0 39 0
0 52.17 0 1 1 1 0 0 0 0 0 2 0 1 0
1 24.58 12.5 2 9 4 0.875 1 0 0 1 2 260 1 0
1 23.42 0.58 2 8 8 0.085 1 0 0 0 2 180 1 0
0 18.82 9.53 2 6 4 0.085 1 0 0 0 2 100 1 1
1 30.08 1.04 1 3 5 0.5 1 1 10 1 2 132 29 0
0 19.17 0.58 1 6 4 0.585 1 0 0 1 2 160 1 0
0 20.75 9.53 2 3 4 0.04 0 0 0 0 2 200 1001 0
0 50.25 0.83 2 6 4 0.5 0 0 0 1 2 240 118 0
1 57.83 7.04 2 7 4 14 1 1 6 1 2 360 1333 1
1 20.17 5.62 2 9 4 1.71 1 0 0 0 1 120 1 1
1 36.33 2.12 1 9 4 0.085 1 1 1 0 2 50 1188 1
1 35.25 16.5 1 8 4 4 1 0 0 0 2 80 1 0
0 19.5 0.16 2 11 4 0.04 0 0 0 1 2 380 1 0
1 23.25 12.62 2 8 4 0.125 0 1 2 0 2 0 5553 0
1 37.17 4 2 8 5 5 1 0 0 1 1 280 1 0
1 17.42 6.5 2 3 4 0.125 0 0 0 0 2 60 101 0
1 26.67 14.58 2 3 5 0 0 0 0 1 2 178 1 0
0 33.67 0.37 2 13 4 0.375 0 0 0 0 2 300 45 1
1 23.75 12 2 8 4 2.085 0 0 0 0 1 80 1 0
1 35 3.37 2 8 8 8.29 0 0 0 1 2 0 1 0
1 23.58 0.83 2 3 8 0.085 0 0 0 1 2 220 6 0
1 20.75 5.08 1 5 4 0.29 0 0 0 0 2 140 185 0
1 43 0.28 1 13 8 1.75 1 1 8 0 2 100 376 1
0 47.42 8 2 10 5 6.5 1 1 6 0 2 375 51101 1
1 27.83 1.54 2 9 4 3.75 1 1 5 1 2 100 4 1
0 49 1.5 2 5 3 0 1 0 0 1 2 100 28 0
1 22.5 0.12 1 4 4 0.125 0 0 0 0 2 200 71 0
1 52.42 1.5 2 2 4 3.75 0 0 0 1 2 0 351 0
1 18 0.16 2 11 7 0.21 0 0 0 0 2 200 41 1
0 21.67 11.5 1 5 3 0 1 1 11 1 2 0 1 1
0 19.67 0.21 2 11 8 0.29 1 1 11 0 2 80 100 1
1 51.33 10 2 3 5 0 1 1 11 0 2 0 1250 1
1 34.92 2.5 2 9 4 0 1 0 0 1 2 239 201 1
1 27.75 1.29 2 4 8 0.25 0 0 0 1 1 140 1 0
0 19.57 0.66 1 8 4 1 0 1 1 0 2 2000 3 0
1 28 3 2 9 4 0.75 0 0 0 1 2 300 68 0
1 17.07 0.08 1 8 4 0.04 0 0 0 0 2 140 723 0
1 16.32 4.08 2 3 8 0.415 0 0 0 1 2 120 1 0
0 28.17 0.37 2 11 4 0.585 1 1 4 0 2 80 1 1
1 23.75 0.41 1 8 4 0.04 0 1 2 0 2 128 7 0
0 40.33 8.12 1 4 4 0.165 0 1 2 0 2 184 19 0
0 58.42 21 2 3 5 10 1 1 13 0 2 0 6701 1
0 24.75 3 2 11 8 1.835 1 1 19 0 2 0 501 1
1 35.17 4.5 2 14 8 5.75 0 0 0 1 1 711 1 1
1 36.17 18.12 2 9 4 0.085 0 0 0 0 2 320 3553 0
0 36 1 2 8 4 2 1 1 11 0 2 0 457 1
0 45 4.58 2 4 8 1 0 0 0 1 1 240 1 0
1 28 2 2 4 8 4.165 1 1 2 1 2 181 1 1
1 33.17 1 2 14 4 0.75 1 1 7 1 2 340 4072 1
1 43.17 2.25 2 3 5 0.75 1 0 0 0 2 560 1 0
1 21.17 0.25 1 8 8 0.25 0 0 0 0 2 280 205 0
1 23.08 2.5 2 8 4 1.085 1 1 11 1 2 60 2185 1
0 25 0.87 2 14 8 1.04 1 0 0 1 2 160 5861 1
1 39.83 0.5 2 7 4 0.25 1 0 0 0 1 288 1 0
1 27.42 12.5 2 6 5 0.25 0 0 0 1 2 720 1 0
0 16.92 0.5 2 3 4 0.165 0 1 6 1 2 240 36 0
0 28.42 3.5 2 9 4 0.835 1 0 0 0 1 280 1 1
0 15.75 0.37 2 8 4 1 0 0 0 0 2 120 19 0
1 16.92 0.33 1 4 4 0.29 0 0 0 0 1 200 1 0
1 26.67 2.71 1 13 4 5.25 1 1 1 0 2 211 1 1
0 22.67 0.33 2 11 4 0.75 0 0 0 0 1 160 1 0

