1 23.25 12.62 2 8 4 0.125 0 1 2 0 2 0 5553 0
1 40.58 1.5 2 3 5 0 0 0 0 0 1 300 1 0
1 21.25 1.5 2 9 4 1.5 0 0 0 0 2 150 9 1
0 27.42 14.5 2 14 8 3.085 1 1 1 0 2 120 12 1
1 49.58 19 2 1 1 0 1 1 1 0 2 94 1 0
0 27.33 1.66 2 1 1 0 0 0 0 0 2 340 2 0
1 18.07 6.75 1 7 4 0.04 0 0 0 0 2 140 1 0
1 52.5 6.5 2 4 4 6.29 1 1 15 0 2 0 11203 1
1 38.17 10.12 2 14 4 2.5 1 1 6 0 2 520 197 1
1 59.67 1.54 2 11 4 0.125 1 0 0 1 2 260 1 1
1 22.58 10.03 2 14 4 0.04 1 1 9 0 2 60 397 1
1 29.42 1.25 2 9 4 1.75 0 0 0 0 2 200 1 0
1 39.92 0.54 1 6 4 0.5 1 1 3 0 2 200 1001 1
0 32.25 1.5 2 8 4 0.25 0 0 0 1 2 372 123 0
1 74.83 19 1 1 1 0.04 0 1 2 0 2 0 352 0
1 26.67 1.75 1 8 4 1 1 1 5 1 2 160 5778 1
1 41.33 0 2 8 5 15 1 0 0 0 2 0 1 1
1 48.5 4.25 2 7 4 0.125 1 0 0 1 2 225 1 1
1 31.25 1.12 2 1 1 0 0 1 1 0 2 96 20 0
1 25.75 0.75 2 8 5 0.25 1 0 0 0 2 349 24 1
0 50.25 0.83 2 6 4 0.5 0 0 0 1 2 240 118 0
1 21.83 0.25 2 2 8 0.665 1 0 0 1 2 0 1 1
0 24.58 0.67 2 6 8 1.75 1 0 0 0 2 400 1 0
1 54.83 15.5 2 10 9 0 1 1 20 0 2 152 131 0
1 36.67 3.25 2 11 8 9 1 0 0 1 2 102 640 1
1 40.92 2.25 1 14 8 10 1 0 0 1 2 176 1 0
1 24.58 13.5 1 1 1 0 0 0 0 0 2 184 1 0
0 23.75 0.71 2 9 4 0.25 0 1 1 1 2 240 5 0
1 22.67 0.75 2 3 4 1.585 0 1 1 1 2 400 10 0
1 20.67 0.83 1 8 4 2 0 0 0 1 1 240 1 0
1 67.75 5.5 2 10 9 13 1 1 1 1 2 0 1 1
0 47.25 0.75 2 11 8 2.75 1 1 1 0 2 333 893 1
0 20.75 10.25 2 11 4 0.71 1 1 2 1 2 49 1 1
0 22.5 11 1 11 4 3 1 0 0 1 2 268 1 0
1 23.33 11.62 1 9 4 0.835 1 0 0 1 2 160 301 1
1 49.17 2.29 2 1 1 0.29 0 0 0 0 2 200 4 0
1 25.17 6 2 8 4 1 1 1 3 0 2 0 1 1
0 30.42 1.37 2 9 8 0.04 0 1 3 0 2 0 34 0
1 29.17 3.5 2 9 4 3.5 1 1 3 1 2 329 1 0
1 36.75 0.12 1 8 4 1.5 0 0 0 1 2 232 114 1
0 31.92 3.12 2 1 1 3.04 0 1 2 1 2 200 5 0
0 16.5 1.25 2 11 4 0.25 0 1 1 0 2 108 99 0
1 22.17 2.25 2 3 4 0.125 0 0 0 0 2 160 11 0
0 57.08 19.5 2 8 4 5.5 1 1 7 0 2 0 3001 1
0 57.08 0.33 2 3 5 1 1 0 0 1 2 252 2198 0
1 23.33 1.5 2 8 8 1.415 1 0 0 0 2 422 201 1
1 25.67 2.21 1 6 4 4 1 0 0 0 2 188 1 0
1 47.33 6.5 2 8 4 1 0 0 0 1 2 0 229 0
1 16.07 0.75 2 8 4 1.75 1 1 5 1 2 352 691 1
1 34 4.5 2 6 4 1 1 0 0 1 2 240 1 0
1 40.25 21.5 2 10 9 20 1 1 11 0 2 0 1201 1
1 31.57 0.04 1 2 4 4.25 0 0 0 1 2 460 1 0
1 34.58 0 2 8 4 0 0 0 0 0 3 184 1 0
1 39.92 5 2 3 5 0.21 0 0 0 0 2 550 1 0
1 43.08 0.37 1 8 4 0.375 1 1 8 1 2 300 163 1
1 27.42 12.5 2 6 5 0.25 0 0 0 1 2 720 1 0
0 47 13 2 3 5 5.165 1 1 9 1 2 0 1 1
1 21 4.79 1 9 4 2.25 1 1 1 1 2 80 301 1
0 26.17 2 2 5 3 0 0 0 0 1 2 276 2 0
1 22.25 0.46 2 4 4 0.125 0 0 0 1 2 280 56 0
1 22.67 2.54 1 8 8 2.585 1 0 0 0 2 0 1 1
0 24.75 3 2 11 8 1.835 1 1 19 0 2 0 501 1
1 19 0 1 1 1 0 0 1 4 0 2 45 2 0
1 33.17 3.04 1 8 8 2.04 1 1 1 1 2 180 18028 1
0 40.33 8.12 1 4 4 0.165 0 1 2 0 2 184 19 0
0 25.25 13.5 1 1 1 2 0 1 1 1 2 200 2 0
1 41.17 4.04 2 13 8 7 1 1 8 0 2 320 1 1
1 31.83 0.04 1 7 4 0.04 0 0 0 0 2 0 1 0
0 33.08 4.62 2 11 8 1.625 1 1 2 0 2 0 1 1
1 30.17 0.5 2 8 4 1.75 1 1 11 0 2 32 541 1
1 49.5 7.58 2 3 5 7.585 1 1 15 1 2 0 5001 1
0 27.67 1.5 2 7 4 2 1 0 0 0 1 368 1 0
1 34.17 5.25 2 9 4 0.085 0 0 0 1 2 290 7 1
1 21.08 10.08 1 10 8 1.25 0 0 0 0 2 260 1 0
1 36.67 4.41 1 4 4 0.25 1 1 10 1 2 320 1 1
1 17.07 0.25 2 11 4 0.335 0 1 4 0 2 160 9 0
0 60.92 5 2 6 4 4 1 1 4 0 2 0 100 1
1 43.17 5 2 3 5 2.25 0 0 0 1 2 141 1 0
0 58.42 21 2 3 5 10 1 1 13 0 2 0 6701 1
1 24.08 0.87 2 7 4 0.085 0 1 4 0 2 254 1951 0
1 31.08 3.08 2 8 4 2.5 0 1 2 1 2 160 42 0
1 27.25 0.62 2 6 4 0.455 1 0 0 1 2 200 1 0
1 16.32 2.75 2 6 4 0.665 0 1 1 0 2 80 22 0
0 39.08 4 2 8 4 3 0 0 0 0 2 480 1 0
0 41.17 6.5 2 11 4 0.5 1 1 3 1 2 145 1 1
1 25 12.5 2 6 4 3 1 0 0 1 1 20 1 1
0 25.75 0.5 2 8 8 0.875 1 0 0 1 2 491 1 1
0 29.75 0.66 2 9 4 0.25 0 0 0 1 2 300 1 0
1 31 2.08 2 8 4 0.085 0 0 0 0 2 300 1 0
1 24.75 0.54 2 7 4 1 0 0 0 1 2 120 2 0
1 29.58 4.75 2 7 4 2 0 1 1 1 2 460 69 0
1 23.5 2.75 2 1 1 4.5 0 0 0 0 2 160 26 0
1 41.5 1.54 2 3 5 3.5 0 0 0 0 2 216 1 1
0 22.25 1.25 1 1 1 3.25 0 0 0 0 2 280 1 0
1 80.25 5.5 2 8 4 0.54 1 0 0 0 2 0 341 0
1 58.58 2.71 2 8 4 2.415 0 0 0 1 2 320 1 0
1 24.17 0.87 2 11 4 4.625 1 1 2 1 2 520 2001 1
1 20.67 1.25 1 8 8 1.375 1 1 3 1 2 140 211 0
0 28.5 1 2 11 4 1 1 1 2 1 2 167 501 0
1 48.75 8.5 2 8 8 12.5 1 1 9 0 2 181 1656 1
0 26.92 13.5 2 11 8 5 1 1 2 0 2 0 5001 1
1 28.25 5.04 1 8 5 1.5 1 1 8 1 2 144 8 1
1 23.17 0 2 13 4 0.085 1 0 0 0 2 0 1 1
0 71.58 0 2 8 4 0 0 0 0 0 3 184 1 1
1 30.33 0.5 2 2 8 0.085 0 0 0 1 1 252 1 0
1 32.33 2.5 2 8 4 1.25 0 0 0 1 2 280 1 0
1 39.5 4.25 2 8 5 6.5 1 1 16 0 2 117 1211 1
1 26.67 4.25 2 13 4 4.29 1 1 1 1 2 120 1 1
0 18.75 7.5 2 11 4 2.71 1 1 5 0 2 184 26727 1
1 17.57 10 2 9 8 0.165 0 1 1 0 2 120 2 0
1 31.57 0.62 2 4 4 0.25 0 0 0 0 2 380 2011 0
1 24.58 1.25 2 8 4 0.25 0 0 0 0 2 110 1 0
1 44.83 7 1 8 4 1.625 0 0 0 0 2 160 3 0
1 42.83 4.62 2 11 4 4.58 1 0 0 0 1 0 1 1
1 27.83 1.5 2 9 4 2.25 0 1 1 1 2 100 4 0
1 24.08 9 2 6 4 0.25 0 0 0 1 2 0 1 0
0 28.5 3.04 1 14 8 2.54 1 1 1 0 2 70 1 1
1 36.25 5 2 8 5 2.5 1 1 6 0 2 0 368 1
0 20.67 3 2 11 4 0.165 1 1 3 0 2 100 7 1
1 19.17 4 1 3 4 1 0 0 0 1 2 360 1001 0
1 29.58 4.5 2 9 4 7.5 1 1 2 1 2 330 1 1
1 27.83 1.5 2 9 4 2 1 1 11 1 2 434 36 1
0 24.75 13.66 2 11 8 1.5 0 0 0 0 2 280 2 0
0 24.5 1.75 1 8 4 0.165 0 0 0 0 2 132 1 0
1 19.17 0 1 7 5 0 0 0 0 1 1 500 2 1
1 43.25 25.21 2 11 8 0.21 1 1 1 0 2 760 91 0
1 20 1.25 1 4 4 0.125 0 0 0 0 2 140 5 0
1 26.25 1.54 2 9 4 0.125 0 0 0 0 2 100 1 0
1 20.67 0.41 2 8 4 0.125 0 0 0 0 2 0 45 0
1 20 7 2 8 4 0.5 0 0 0 0 2 0 1 0
1 34.08 2.5 2 8 4 1 0 0 0 0 2 460 17 0
1 43.25 3 2 11 8 6 1 1 11 0 2 80 1 1
0 28.17 0.37 2 11 4 0.585 1 1 4 0 2 80 1 1
1 23 0.62 1 6 4 0.125 1 0 0 0 2 180 2 0
1 19.32 10.91 2 8 5 0.585 0 1 2 1 2 200 8 0
0 16.32 0.21 2 6 4 0.125 0 0 0 0 2 200 2 0
1 40.58 3.29 2 7 4 3.5 0 0 0 1 1 400 1 0
1 18.67 5 2 11 4 0.375 1 1 2 0 2 0 39 0
1 25.67 0.28 1 8 4 1.5 0 0 0 1 2 160 1 0
1 20.25 9.96 2 10 2 0 1 0 0 0 2 0 1 1
1 50.75 0.58 2 1 1 0 0 0 0 0 2 145 1 0
1 29.42 1.25 2 8 8 0.25 0 1 2 1 2 400 109 0
0 20.83 3 2 6 4 0.04 1 0 0 0 2 100 1 1
0 31.75 3 1 5 3 0 0 0 0 0 2 160 21 0
0 26.5 2.71 1 8 4 0.085 0 0 0 0 1 80 1 0
1 41.17 1.33 2 2 4 0.165 0 0 0 0 2 168 1 0
1 56.58 18.5 2 2 5 15 1 1 17 1 2 0 1 1
0 27.25 0.28 2 7 8 0.125 0 1 1 1 2 272 109 0
1 18.17 2.46 2 8 7 0.96 0 1 2 1 2 160 588 0
1 26.17 12.5 1 4 8 1.25 0 0 0 1 2 0 18 0
1 27.25 1.66 2 13 8 5.085 1 1 9 0 2 399 828 1
0 33.67 0.37 2 13 4 0.375 0 0 0 0 2 300 45 1
1 23.42 0.58 2 8 8 0.085 1 0 0 0 2 180 1 0
1 62.5 12.75 1 8 8 5 1 0 0 0 2 112 1 0
0 40.83 3.5 2 3 5 0.5 0 0 0 0 1 1160 1 0
0 55.75 7.08 2 4 8 6.75 1 1 3 1 2 100 51 0
0 18.92 9 2 6 4 0.75 1 1 2 0 2 88 592 1
1 29.83 1.25 1 4 4 0.25 0 0 0 0 2 224 1 0
0 24.5 0.5 2 11 8 1.5 1 0 0 0 2 280 825 1
0 23.58 0.58 1 1 1 0.125 0 0 0 0 2 120 88 0
1 33.17 1.04 2 12 8 6.5 1 0 0 1 2 164 31286 1
1 18.57 5.71 2 2 4 0.54 0 0 0 0 2 120 1 0
0 31.57 1.5 2 1 1 0 0 1 2 1 2 200 106 0
0 51.92 6.5 2 3 5 3.085 0 0 0 1 2 73 1 0
1 28.67 14.5 2 2 4 0.125 0 0 0 0 2 0 287 0
0 22.5 8.46 1 14 4 2.46 0 0 0 0 2 164 1 1
1 40.92 0.83 2 1 1 0 1 0 0 0 2 130 2 0
1 21.5 9.75 2 8 4 0.25 1 0 0 0 2 140 1 0
1 23.58 0.46 1 9 4 2.625 1 1 6 1 2 208 348 0
1 19.32 9.5 2 11 4 1 1 0 0 1 2 60 401 1
1 27.67 13.75 2 9 4 5.75 1 0 0 1 2 487 501 1
0 38.58 5 2 13 4 13.5 1 0 0 1 2 980 1 0
1 29.67 1.41 2 9 8 0.75 1 1 1 0 2 240 101 1
1 21.92 0.54 1 14 4 0.04 1 1 1 1 2 840 60 1
0 35.42 12 2 11 8 14 1 1 8 0 2 0 6591 1
1 22.75 11.5 2 3 4 0.415 0 0 0 0 2 0 1 0
1 23.17 11.12 2 14 8 0.46 1 1 1 0 2 100 1 1
0 15.92 2.87 2 11 4 0.085 0 0 0 0 2 120 1 0
0 25.33 2.08 2 8 8 2.75 1 0 0 1 2 360 2 0
1 20.5 10 1 8 4 2.5 1 0 0 0 1 40 1 1
0 40.83 10 2 11 8 1.75 1 0 0 0 2 29 838 1
1 34 5.08 1 3 5 1.085 0 0 0 1 2 480 1 0
1 23.92 0.58 1 13 8 0.125 0 0 0 0 2 240 2 0
1 17.67 4.46 2 8 4 0.25 0 0 0 0 1 80 1 0
0 15.83 0.58 2 8 8 1.5 1 1 2 0 2 100 1 1
1 32.33 7.5 2 10 5 1.585 1 0 0 1 1 420 1 0
1 33.67 1.25 2 9 4 1.165 0 0 0 0 2 120 1 0
1 33.58 2.75 2 7 4 4.25 1 1 6 0 2 204 1 1
1 18.82 3.54 1 1 1 0 0 0 0 1 2 180 2 0
1 35.25 3.16 2 14 8 3.75 1 0 0 1 2 680 1 0
0 45.33 1 2 11 4 0.125 0 0 0 1 2 263 1 0
1 23.25 1.5 2 11 4 2.375 1 1 3 1 2 0 583 1
1 25 11.25 2 8 4 2.5 1 1 17 0 2 200 1209 1
1 42.75 3 2 3 5 1 1 0 0 0 2 0 201 0
0 44.33 0 2 8 4 2.5 1 0 0 0 2 0 1 1
0 28.17 0.58 2 6 4 0.04 0 0 0 0 2 260 1005 0
1 19.42 6.5 2 9 8 1.46 1 1 7 0 2 80 2955 1
1 48.75 26.33 1 1 1 0 1 0 0 1 2 0 1 0
1 32.67 5.5 2 11 8 5.5 1 1 12 1 2 408 1001 1
1 18.25 0.16 2 2 4 0.25 0 0 0 1 1 280 1 0
0 20.5 11.83 2 8 8 6 1 0 0 0 2 340 1 1
0 25.58 0 2 8 4 0 0 0 0 0 3 184 1 1
0 23.58 0.83 2 11 4 0.415 0 1 1 1 2 200 12 0
0 28.08 15 1 10 9 0 1 0 0 0 2 0 13213 1
1 36.17 18.12 2 9 4 0.085 0 0 0 0 2 320 3553 0
1 38.25 10.12 1 4 4 0.125 0 0 0 0 2 160 1 0
0 32.17 1.46 2 9 4 1.085 1 1 16 0 2 120 2080 1
0 22.92 1.25 2 11 4 0.25 0 0 0 1 2 120 810 0
1 22.58 1.5 1 6 4 0.54 0 0 0 1 2 120 68 0
1 28.17 0.12 1 4 4 0.085 0 0 0 0 2 216 2101 0
0 21.75 1.75 1 5 3 0 0 0 0 0 2 160 1 0
1 73.42 17.75 2 1 1 0 1 0 0 1 2 0 1 1
1 35.17 4.5 2 14 8 5.75 0 0 0 1 1 711 1 1
1 16.92 0.33 1 4 4 0.29 0 0 0 0 1 200 1 0
1 30.67 2.5 2 13 8 2.25 0 0 0 1 1 340 1 0
1 24.5 13.33 1 6 4 0.04 0 0 0 1 2 120 476 0
1 16 3.12 2 9 4 0.085 0 1 1 0 2 0 7 0
1 39.5 1.62 2 8 4 1.5 0 0 0 0 2 0 317 0
1 17.25 3 2 4 4 0.04 0 0 0 1 2 160 41 0
1 18.82 0.41 1 8 4 0.165 0 1 1 0 2 200 2 0

