1 32.42 2.16 1 4 1 0 0 0 0 0 2 120 1 0
1 56.75 12.25 2 7 4 1.25 1 1 4 1 2 200 1 1
1 24.17 0.87 2 11 4 4.625 1 1 2 1 2 520 2001 1
1 29.58 4.75 2 7 4 2 0 1 1 1 2 460 69 0
0 21.92 11.66 2 4 8 0.085 0 0 0 0 2 320 6 0
1 33.17 3.16 1 14 4 3.165 1 1 3 1 2 380 1 1
1 37.5 0.83 2 10 4 0.04 0 0 0 0 2 120 6 0
1 31.57 5 1 6 4 8.5 1 0 0 0 2 0 1 0
0 20.83 3 2 6 4 0.04 1 0 0 0 2 100 1 1
0 25.25 12.5 2 2 4 1 0 0 0 1 2 180 1063 0
1 59.5 2.75 2 9 4 1.75 1 1 5 1 2 60 59 1
0 31.75 3 1 5 3 0 0 0 0 0 2 160 21 0
1 21.17 0.87 1 8 8 0.25 0 0 0 0 2 280 205 0
1 48.08 6.04 2 4 4 0.04 0 0 0 0 2 0 2691 1
1 37.5 1.12 1 2 4 1.5 0 0 0 1 2 431 1 1
1 19.17 4 1 3 4 1 0 0 0 1 2 360 1001 0
0 24.75 12.5 2 6 4 1.5 1 1 12 1 2 120 568 1
1 43.25 3 2 11 8 6 1 1 11 0 2 80 1 1
1 27.83 1.5 2 9 4 2.25 0 1 1 1 2 100 4 0
1 20 1.25 1 4 4 0.125 0 0 0 0 2 140 5 0
0 64.08 0.16 2 1 1 0 1 1 1 0 2 232 101 1
1 23.42 1 2 8 4 0.5 0 0 0 1 1 280 1 0
1 52.42 1.5 2 2 4 3.75 0 0 0 1 2 0 351 0
0 32.17 1.46 2 9 4 1.085 1 1 16 0 2 120 2080 1
1 37.33 6.5 2 7 8 4.25 1 1 12 1 2 93 1 1
1 23.25 12.62 2 8 4 0.125 0 1 2 0 2 0 5553 0
1 25.83 12.83 2 13 4 0.5 0 0 0 0 2 0 3 0
1 31.25 2.83 2 1 1 0 0 1 5 0 2 176 147 0
0 28.58 1.66 2 11 4 2.415 1 0 0 1 2 440 1 0
1 29.42 1.25 2 9 4 1.75 0 0 0 0 2 200 1 0
1 34.92 5 2 14 8 7.5 1 1 6 1 2 0 1001 1
1 29.67 0.75 1 8 4 0.04 0 0 0 0 2 240 1 0
1 30.67 2.5 2 13 8 2.25 0 0 0 1 1 340 1 0
1 47.33 6.5 2 8 4 1 0 0 0 1 2 0 229 0
1 20.17 5.62 2 9 4 1.71 1 0 0 0 1 120 1 1
0 24.5 0.5 2 11 8 1.5 1 0 0 0 2 280 825 1
1 57.83 7.04 2 7 4 14 1 1 6 1 2 360 1333 1
0 57.08 19.5 2 8 4 5.5 1 1 7 0 2 0 3001 1
0 33.25 3 1 6 4 2 0 0 0 0 2 180 1 0
0 23.5 9 2 11 4 8.5 1 1 5 1 2 120 1 1
0 46.08 3 2 8 4 2.375 1 1 8 1 2 396 4160 1
1 24.58 1.25 2 8 4 0.25 0 0 0 0 2 110 1 0
1 22 0.79 2 9 4 0.29 0 1 1 0 2 420 284 0
0 35.17 3.75 2 1 1 0 0 1 6 0 2 0 201 0
0 28.5 1 2 11 4 1 1 1 2 1 2 167 501 0
0 35.75 0.91 2 6 4 0.75 1 1 4 0 2 0 1584 1
1 20.42 1.83 2 8 4 2.25 1 1 1 0 2 100 151 1
1 48.25 25.08 2 9 4 1.75 1 1 3 0 2 120 15 1
1 28.75 1.5 1 8 4 1.5 1 0 0 1 2 0 226 0
1 29.17 3.5 2 9 4 3.5 1 1 3 1 2 329 1 0
1 25.17 3 2 8 4 1.25 0 1 1 0 2 0 23 0
1 21.83 1.54 2 4 4 0.085 0 0 0 1 2 356 1 0
1 23.92 1.5 2 2 8 1.875 1 1 6 0 2 200 328 1
1 19.67 10 1 4 8 0.835 1 0 0 1 2 140 1 0
0 19.67 0.21 2 11 8 0.29 1 1 11 0 2 80 100 1
0 49.83 13.58 2 4 8 8.5 1 0 0 1 2 0 1 1
0 26.58 2.54 1 1 1 0 0 0 0 1 2 180 61 0
1 22.17 0.58 1 1 1 0 0 0 0 0 2 100 1 0
1 30.17 1.08 1 8 4 0.04 0 0 0 0 2 170 180 0
1 65.42 11 2 10 9 20 1 1 7 1 2 22 1 1
1 32.08 4 2 7 4 2.5 1 0 0 1 2 360 1 1
1 33.75 2.75 2 3 5 0 0 0 0 0 2 180 1 0
0 23.5 1.5 2 9 4 0.875 0 0 0 1 2 160 1 0
0 29.5 1.08 1 14 4 1 0 0 0 0 2 280 14 0
1 20.5 2.41 2 8 4 2 1 1 11 1 2 200 3001 1
1 21.33 7.5 2 6 4 1.415 1 1 1 0 2 80 9801 1
1 43.17 2.25 2 3 5 0.75 1 0 0 0 2 560 1 0
0 19.5 0.16 2 11 4 0.04 0 0 0 1 2 380 1 0
1 40.25 21.5 2 10 9 20 1 1 11 0 2 0 1201 1
1 20 11.04 2 8 4 2 0 0 0 1 2 136 1 0
1 18.82 0 2 11 4 0.665 0 0 0 0 2 160 2 0
0 23 1.83 2 5 3 0 0 1 1 0 2 200 54 0
1 24.58 13.5 1 1 1 0 0 0 0 0 2 184 1 0
1 32.25 14 1 1 1 0 0 1 2 0 2 160 2 0
0 17.57 9 2 6 4 1.375 1 0 0 1 2 0 1 1
1 67.75 5.5 2 10 9 13 1 1 1 1 2 0 1 1
0 22.42 11.25 1 14 8 0.75 1 1 4 0 2 0 322 1
1 28 3 2 9 4 0.75 0 0 0 1 2 300 68 0
0 27.33 1.66 2 1 1 0 0 0 0 0 2 340 2 0
1 20.42 0 2 8 4 0 0 0 0 0 3 184 1 0
1 27.83 1.5 2 9 4 2 1 1 11 1 2 434 36 1
0 25.75 0.5 2 8 8 0.875 1 0 0 1 2 491 1 1
0 31.57 3.5 2 2 4 3 1 0 0 1 2 300 1 0
1 23.58 0.46 1 9 4 2.625 1 1 6 1 2 208 348 0
0 20.75 9.53 2 3 4 0.04 0 0 0 0 2 200 1001 0
1 17.25 3 2 4 4 0.04 0 0 0 1 2 160 41 0
1 41.75 0.96 2 14 4 2.5 1 0 0 0 2 510 601 1
1 24.08 0.87 2 7 4 0.085 0 1 4 0 2 254 1951 0
0 50.08 12.54 2 6 4 2.29 1 1 3 1 2 156 1 1
1 22.08 11 2 13 4 0.665 1 0 0 0 2 100 1 1
1 39.92 5 2 3 5 0.21 0 0 0 0 2 550 1 0
0 16.92 0.5 2 3 4 0.165 0 1 6 1 2 240 36 0
0 39.08 4 2 8 4 3 0 0 0 0 2 480 1 0
1 35.17 2.5 2 4 4 4.5 1 1 7 0 2 150 1271 1
1 31.57 3 1 3 5 7 0 0 0 0 2 0 2 0
0 53.33 0.16 2 1 1 0 0 0 0 1 1 62 28 0
1 34.92 2.5 2 9 4 0 1 0 0 1 2 239 201 1
0 25.42 1.12 2 11 4 1.29 1 1 2 0 2 200 1 0
0 29.75 0.66 2 9 4 0.25 0 0 0 1 2 300 1 0
1 30.83 0 2 9 4 1.25 1 1 1 0 2 202 1 1
1 31.92 4.46 2 13 8 6.04 1 1 3 0 2 311 301 1
1 29.42 1.25 2 8 8 0.25 0 1 2 1 2 400 109 0
1 39 5 2 13 4 3.5 1 1 10 1 2 0 1 1
1 36.42 0.75 1 2 4 0.585 0 0 0 0 2 240 4 0
0 20.67 3 2 11 4 0.165 1 1 3 0 2 100 7 1
1 27.83 1 1 2 8 3 0 0 0 0 2 176 538 0
0 17.92 0.54 2 8 4 1.75 0 1 1 1 2 80 6 0
0 36 1 2 8 4 2 1 1 11 0 2 0 457 1
1 37.75 7 2 11 8 11.5 1 1 7 1 2 300 6 0
1 27 0.75 2 8 8 4.25 1 1 3 1 2 312 151 1
0 23 11.75 2 14 8 0.5 1 1 2 1 2 300 552 1
0 25 12.33 2 13 8 3.5 1 1 6 0 2 400 459 1
1 29.83 2.04 1 14 8 0.04 0 0 0 0 2 128 2 0
1 31.67 0.83 2 14 4 1.335 1 1 8 1 2 303 3291 1
1 22.75 11 2 11 4 2.5 1 1 7 1 2 100 810 1
1 58.58 2.71 2 8 4 2.415 0 0 0 1 2 320 1 0
1 42.83 1.25 2 7 4 13.875 0 1 1 1 2 352 113 0
1 26.83 0.54 2 4 1 0 0 0 0 0 2 100 1 0
1 28.92 15 2 8 8 5.335 1 1 11 0 2 0 2284 1
1 32.92 2.5 2 6 4 1.75 0 1 2 1 2 720 1 0
1 24.42 12.33 2 11 8 1.585 1 0 0 1 2 120 1 1
0 24.83 4.5 2 9 4 1 0 0 0 1 2 360 7 0
1 21 4.79 1 9 4 2.25 1 1 1 1 2 80 301 1
1 25.42 0.54 2 9 4 0.165 0 1 1 0 2 272 445 0
0 20.42 10.5 1 14 8 0 0 0 0 1 2 154 33 0
1 40.92 2.25 1 14 8 10 1 0 0 1 2 176 1 0
1 25.67 12.5 2 13 4 1.21 1 1 67 1 2 140 259 1
1 22.17 2.25 2 3 4 0.125 0 0 0 0 2 160 11 0
1 28.33 5 2 9 4 11 1 0 0 1 2 70 1 1
0 60.92 5 2 6 4 4 1 1 4 0 2 0 100 1
1 16.25 0.83 2 7 4 0.085 1 0 0 0 1 200 1 0
1 20.75 5.08 1 5 4 0.29 0 0 0 0 2 140 185 0
1 59.67 1.54 2 11 4 0.125 1 0 0 1 2 260 1 1
0 33.08 4.62 2 11 8 1.625 1 1 2 0 2 0 1 1
1 49.58 19 2 1 1 0 1 1 1 0 2 94 1 0
1 33.58 2.75 2 7 4 4.25 1 1 6 0 2 204 1 1
0 33.75 0.75 2 4 5 1 1 1 3 1 2 212 1 0
1 36.67 3.25 2 11 8 9 1 0 0 1 2 102 640 1
1 26.75 1.12 2 14 8 1.25 1 0 0 0 2 0 5299 1
1 27.58 3.25 1 11 8 5.085 0 1 2 1 2 369 2 0
1 31.67 16.16 2 2 4 3 1 1 9 0 2 250 731 1
1 32.33 7.5 2 10 5 1.585 1 0 0 1 1 420 1 0
0 16.5 1.25 2 11 4 0.25 0 1 1 0 2 108 99 0
1 25.67 3.25 2 8 8 2.29 0 1 1 1 2 416 22 0
0 22.58 10.75 2 11 4 0.415 1 1 5 1 2 0 561 1
0 28.5 3.04 1 14 8 2.54 1 1 1 0 2 70 1 1
1 23 0.62 1 6 4 0.125 1 0 0 0 2 180 2 0
1 27.25 0.62 2 6 4 0.455 1 0 0 1 2 200 1 0
0 24.92 1.25 2 1 1 0 1 0 0 0 2 80 1 0
1 38.42 0.7 2 8 4 0.375 0 1 2 0 2 225 501 0
1 38.67 0.21 2 4 4 0.085 1 0 0 1 2 280 1 1
0 27.25 0.28 2 7 8 0.125 0 1 1 1 2 272 109 0
1 33.67 2.16 2 8 4 1.5 0 0 0 0 3 120 1 0
0 38.92 1.66 2 6 4 0.25 0 0 0 0 2 0 391 0
1 28.92 0.37 2 8 4 0.29 0 0 0 0 2 220 141 0
0 45.83 10.5 2 11 4 5 1 1 7 1 2 0 1 1
1 22.33 11 2 9 4 2 1 1 1 0 2 80 279 1
0 31.25 3.75 2 13 8 0.625 1 1 9 1 2 181 1 1
1 27.25 1.66 2 13 8 5.085 1 1 9 0 2 399 828 1
0 40.83 10 2 11 8 1.75 1 0 0 0 2 29 838 1
1 23.58 0.83 2 3 8 0.085 0 0 0 1 2 220 6 0
1 44 2 2 7 4 1.75 1 1 2 1 2 0 16 1
1 39.92 6.21 2 11 4 0.04 1 1 1 0 2 200 301 1
0 68.67 15 2 10 9 0 1 1 14 0 2 0 3377 1
0 29.5 0.46 2 4 4 0.54 1 1 4 0 2 380 501 1
1 39.25 9.5 2 7 4 6.5 1 1 14 0 2 240 4608 1
1 20.17 8.17 2 6 4 1.96 1 1 14 0 2 60 159 1
1 39.83 0.5 2 7 4 0.25 1 0 0 0 1 288 1 0
0 21.08 5 1 1 1 0 0 0 0 0 2 0 1 0
1 23.92 0.58 1 13 8 0.125 0 0 0 0 2 240 2 0
0 38.75 1.5 2 1 1 0 0 0 0 0 2 76 1 0
1 16.07 0.75 2 8 4 1.75 1 1 5 1 2 352 691 1
1 25.17 3.5 2 13 4 0.625 1 1 7 0 2 0 7060 1
0 24.5 2.41 1 8 4 0 0 0 0 0 2 120 1 0
0 28.08 15 1 10 9 0 1 0 0 0 2 0 13213 1
0 21.75 11.75 2 8 4 0.25 0 0 0 1 2 180 1 0
0 18.57 10 2 2 4 0.415 0 0 0 0 2 80 43 0
0 24.75 3 2 11 8 1.835 1 1 19 0 2 0 501 1
1 18.57 5.71 2 2 4 0.54 0 0 0 0 2 120 1 0
1 48.08 3.75 2 3 5 1 0 0 0 0 2 100 3 0
1 17.07 3.29 2 3 4 0.335 0 0 0 1 2 140 3 0
1 60.08 14.5 2 1 1 18 1 1 15 1 2 0 1001 1
1 23.42 0.58 2 8 8 0.085 1 0 0 0 2 180 1 0
1 74.83 19 1 1 1 0.04 0 1 2 0 2 0 352 0
1 36.17 5.5 2 3 5 5 0 0 0 0 2 210 688 0
0 33.67 0.37 2 13 4 0.375 0 0 0 0 2 300 45 1
0 22.67 3.8 2 8 4 0.165 0 0 0 0 2 160 1 0
1 22.67 1.58 1 9 4 3.085 1 1 6 0 2 80 1 1
1 23.08 2.5 2 1 1 0.085 0 0 0 1 2 100 4209 0
1 34.58 0 2 8 4 0 0 0 0 0 3 184 1 0
1 21.17 0.25 1 8 8 0.25 0 0 0 0 2 280 205 0
1 55.92 11.5 2 1 1 5 1 1 5 0 2 0 8852 1
1 48.33 12 2 7 4 16 1 0 0 0 1 110 1 1
1 20.17 9.25 2 8 4 1.665 1 1 3 1 2 40 29 1
1 40 6.5 2 6 5 3.5 1 1 1 0 2 0 501 1
1 53.92 9.62 2 10 4 8.665 1 1 5 0 2 0 1 1
1 35.25 16.5 1 8 4 4 1 0 0 0 2 80 1 0
1 34.75 15 2 12 7 5.375 1 1 9 1 2 0 135 1
1 39.58 5 2 1 1 0 0 1 2 0 2 17 2 0
1 19.32 10.91 2 8 5 0.585 0 1 2 1 2 200 8 0
1 42 0.2 2 3 8 5.125 1 0 0 0 2 400 1 1
1 26.33 13 2 10 2 0 0 0 0 1 2 140 1111 0
0 28.42 3.5 2 9 4 0.835 1 0 0 0 1 280 1 1
0 22.5 8.46 1 14 4 2.46 0 0 0 0 2 164 1 1
1 28.25 0.87 2 7 4 0.96 1 1 3 1 2 396 1 1
1 23.08 0 2 4 4 1 0 1 11 0 1 0 1 0
1 39.17 1.71 2 14 4 0.125 1 1 5 1 2 480 1 1
1 28.75 1.16 2 4 4 0.5 1 0 0 0 1 280 1 0
0 27.67 2.04 2 9 4 0.25 0 0 0 1 2 180 51 0
1 26.75 4.5 1 8 5 2.5 0 0 0 0 2 200 1211 0
1 31.58 0.75 1 6 4 3.5 0 0 0 1 2 320 1 0
1 48.17 3.5 2 6 4 3.5 1 0 0 0 1 230 1 1
1 43.25 25.21 2 11 8 0.21 1 1 1 0 2 760 91 0
1 29.83 1.25 1 4 4 0.25 0 0 0 0 2 224 1 0
1 18.82 3.54 1 1 1 0 0 0 0 1 2 180 2 0
0 65.17 14 2 1 1 0 1 1 11 1 2 0 1401 1
1 41.17 4.04 2 13 8 7 1 1 8 0 2 320 1 1
1 26.67 4.25 2 13 4 4.29 1 1 1 1 2 120 1 1
1 36.33 2.12 1 9 4 0.085 1 1 1 0 2 50 1188 1
0 38.58 5 2 13 4 13.5 1 0 0 1 2 980 1 0

