1 22.67 1.58 1 9 4 3.085 1 1 6 0 2 80 1 1
0 25.25 12.5 2 2 4 1 0 0 0 1 2 180 1063 0
0 38.33 4.41 2 8 4 0.125 0 0 0 0 2 160 1 0
0 33.17 2.25 1 13 4 3.5 0 0 0 1 2 200 142 0
1 21.5 11.5 2 3 4 0.5 1 0 0 1 2 100 69 0
1 37.33 2.66 2 13 4 0.165 0 0 0 1 2 0 502 0
0 30.67 12 2 8 4 2 1 1 1 0 2 220 20 1
1 23.33 11.62 1 9 4 0.835 1 0 0 1 2 160 301 1
1 39.42 1.71 1 7 4 0.165 0 0 0 0 1 400 1 0
1 53.92 9.62 2 10 4 8.665 1 1 5 0 2 0 1 1
1 25 12 2 4 4 2.25 1 1 2 1 2 120 6 0
0 18.92 9.25 1 8 4 1 1 1 4 1 2 80 501 1
0 15.83 0.58 2 8 8 1.5 1 1 2 0 2 100 1 1
1 17.07 0.08 1 8 4 0.04 0 0 0 0 2 140 723 0
0 38.92 1.66 2 6 4 0.25 0 0 0 0 2 0 391 0
1 29.58 4.5 2 9 4 7.5 1 1 2 1 2 330 1 1
1 58.58 2.71 2 8 4 2.415 0 0 0 1 2 320 1 0
0 15.83 7.62 2 11 4 0.125 0 1 1 1 2 0 161 0
0 19.5 0.16 2 11 4 0.04 0 0 0 1 2 380 1 0
1 24.5 13.33 1 6 4 0.04 0 0 0 1 2 120 476 0
0 21.75 1.75 1 5 3 0 0 0 0 0 2 160 1 0
1 16 3.12 2 9 4 0.085 0 1 1 0 2 0 7 0
1 44.33 0.5 2 3 8 5 1 0 0 1 2 320 1 1
0 65.17 14 2 1 1 0 1 1 11 1 2 0 1401 1
1 37.17 4 2 8 5 5 1 0 0 1 1 280 1 0
1 51.83 2.04 1 1 1 1.5 0 0 0 0 2 120 2 0
0 22.67 3.8 2 8 4 0.165 0 0 0 0 2 160 1 0
1 20.67 1.25 1 8 8 1.375 1 1 3 1 2 140 211 0
1 48.17 3.5 2 6 4 3.5 1 0 0 0 1 230 1 1
1 28.75 1.16 2 4 4 0.5 1 0 0 0 1 280 1 0
0 40.33 7.54 1 11 8 8 1 1 14 0 2 0 2301 1
1 41.75 0.96 2 14 4 2.5 1 0 0 0 2 510 601 1
1 43.17 2.25 2 3 5 0.75 1 0 0 0 2 560 1 0
1 22.67 2.54 1 8 8 2.585 1 0 0 0 2 0 1 1
1 31 2.08 2 8 4 0.085 0 0 0 0 2 300 1 0
0 30 5.29 2 10 2 2.25 1 1 5 1 2 99 501 1
0 60.58 16.5 2 11 4 11 1 0 0 1 2 21 10562 1
1 18.25 0.16 2 2 4 0.25 0 0 0 1 1 280 1 0
1 23 0.62 1 6 4 0.125 1 0 0 0 2 180 2 0
1 21.17 0 2 8 4 0.5 0 0 0 1 1 0 1 0
1 30.17 1.08 1 8 4 0.04 0 0 0 0 2 170 180 0
1 54.33 6.75 2 8 8 2.625 1 1 11 1 2 0 285 1
0 20.07 1.25 2 8 4 0 0 0 0 0 2 0 1 0
1 44 2 2 7 4 1.75 1 1 2 1 2 0 16 1
1 27.83 4 1 3 8 5.75 1 1 2 1 2 75 1 0
1 23.42 0.58 2 8 8 0.085 1 0 0 0 2 180 1 0
1 25.17 6 2 8 4 1 1 1 3 0 2 0 1 1
1 16.32 2.75 2 6 4 0.665 0 1 1 0 2 80 22 0
0 20.42 0.83 2 11 4 1.585 1 1 1 0 2 0 1 1
0 18.82 9.5 2 9 4 1.625 1 1 6 1 2 40 601 1
1 36.33 3.79 2 9 4 1.165 1 0 0 1 2 200 1 0
0 52.83 15 2 8 4 5.5 1 1 14 0 2 0 2201 1
1 26.17 0.83 2 13 4 1.165 0 0 0 0 2 100 1 0
1 38.42 0.7 2 8 4 0.375 0 1 2 0 2 225 501 0
1 33.58 2.75 2 7 4 4.25 1 1 6 0 2 204 1 1
1 32.33 2.5 2 8 4 1.25 0 0 0 1 2 280 1 0
1 19.42 7.25 2 7 4 0.04 0 1 1 0 2 100 2 0
1 31.83 0.04 1 7 4 0.04 0 0 0 0 2 0 1 0
1 22.5 0.12 1 4 4 0.125 0 0 0 0 2 200 71 0
1 22.67 0.75 2 3 4 1.585 0 1 1 1 2 400 10 0
1 20 0 2 2 4 0.5 0 0 0 0 2 144 1 0
1 24.33 6.62 1 2 4 5.5 1 0 0 1 1 100 1 1
0 24.5 2.41 1 8 4 0 0 0 0 0 2 120 1 0
1 36.75 0.12 1 8 4 1.5 0 0 0 1 2 232 114 1
1 48.17 7.62 2 9 8 15.5 1 1 12 0 2 0 791 1
1 56.58 18.5 2 2 5 15 1 1 17 1 2 0 1 1
1 24.58 12.5 2 9 4 0.875 1 0 0 1 2 260 1 0
1 25.17 3 2 8 4 1.25 0 1 1 0 2 0 23 0
1 31.57 3 1 3 5 7 0 0 0 0 2 0 2 0
0 46.08 3 2 8 4 2.375 1 1 8 1 2 396 4160 1
0 49 1.5 2 5 3 0 1 0 0 1 2 100 28 0
1 36.5 4.25 2 11 4 3.5 0 0 0 0 2 454 51 0
1 23.25 12.62 2 8 4 0.125 0 1 2 0 2 0 5553 0
0 69.5 6 2 1 1 0 0 0 0 0 1 0 1 0
0 47.25 0.75 2 11 8 2.75 1 1 1 0 2 333 893 1
0 26.92 13.5 2 11 8 5 1 1 2 0 2 0 5001 1
1 22.08 2.33 2 4 4 0.75 0 0 0 0 2 180 1 0
1 35.25 16.5 1 8 4 4 1 0 0 0 2 80 1 0
1 19 0 1 1 1 0 0 1 4 0 2 45 2 0
1 17.57 10 2 9 8 0.165 0 1 1 0 2 120 2 0
1 25.83 12.83 2 13 4 0.5 0 0 0 0 2 0 3 0
1 31.92 4.46 2 13 8 6.04 1 1 3 0 2 311 301 1
1 49.58 19 2 1 1 0 1 1 1 0 2 94 1 0
1 33.5 1.75 2 14 8 4.5 1 1 4 1 2 253 858 1
0 23.5 9 2 11 4 8.5 1 1 5 1 2 120 1 1
1 41.58 1.75 2 4 4 0.21 1 0 0 0 2 160 1 0
1 21.08 4.12 1 3 8 0.04 0 0 0 0 2 140 101 0
0 24.92 1.25 2 1 1 0 1 0 0 0 2 80 1 0
1 38.92 1.75 2 4 4 0.5 0 0 0 1 2 300 3 0
1 59.67 1.54 2 11 4 0.125 1 0 0 1 2 260 1 1
1 31.57 0.37 2 2 4 0.875 1 0 0 1 1 928 1 0
1 36.17 18.12 2 9 4 0.085 0 0 0 0 2 320 3553 0
1 48.58 0.2 1 4 4 0.25 1 1 11 0 2 380 2733 1
1 27.83 1.54 2 9 4 3.75 1 1 5 1 2 100 4 1
0 22.75 6.16 2 6 4 0.165 0 0 0 0 2 220 1001 0
1 39.08 6 2 7 4 1.29 1 1 5 1 2 108 1098 1
1 32.25 0.16 1 8 8 3.25 1 1 1 1 2 432 8001 1
1 22.75 11.5 2 3 4 0.415 0 0 0 0 2 0 1 0
1 32.67 5.5 2 11 8 5.5 1 1 12 1 2 408 1001 1
1 34.75 2.5 2 13 5 0.5 0 0 0 0 2 348 1 0
1 20 7 2 8 4 0.5 0 0 0 0 2 0 1 0
1 34.08 6.5 2 6 4 0.125 1 0 0 1 2 443 1 0
1 19.42 1.5 1 13 4 2 1 0 0 1 2 100 21 0
1 32.42 2.16 1 4 1 0 0 0 0 0 2 120 1 0
1 24.42 2 2 10 2 0.165 0 1 2 0 2 320 1301 0
1 19.67 0.37 2 11 4 2 1 1 2 1 2 80 1 1
1 23.92 0.58 1 13 8 0.125 0 0 0 0 2 240 2 0
0 48.17 1.33 2 3 7 0.335 0 0 0 0 2 0 121 0
1 29.42 1.25 2 8 8 0.25 0 1 2 1 2 400 109 0
1 23.92 1.5 2 2 8 1.875 1 1 6 0 2 200 328 1
0 31.25 3.75 2 13 8 0.625 1 1 9 1 2 181 1 1
0 24.5 12.75 2 8 5 4.75 1 1 2 0 2 73 445 1
1 32.92 2.5 2 6 4 1.75 0 1 2 1 2 720 1 0
0 21.08 5 1 1 1 0 0 0 0 0 2 0 1 0
0 31.57 1.5 2 1 1 0 0 1 2 1 2 200 106 0
0 22.67 0.79 2 3 4 0.085 0 0 0 0 2 144 1 0
0 41.17 6.5 2 11 4 0.5 1 1 3 1 2 145 1 1
1 44.83 7 1 8 4 1.625 0 0 0 0 2 160 3 0
1 22.92 0.17 2 7 4 0.085 0 0 0 0 1 0 1 0
1 49.17 2.29 2 1 1 0.29 0 0 0 0 2 200 4 0
1 33.75 2.75 2 3 5 0 0 0 0 0 2 180 1 0
1 47.33 6.5 2 8 4 1 0 0 0 1 2 0 229 0
1 28 2 2 4 8 4.165 1 1 2 1 2 181 1 1
0 18.82 9.53 2 6 4 0.085 1 0 0 0 2 100 1 1
0 27.58 3 2 7 4 2.79 0 1 1 1 2 280 11 0
1 34.17 1.54 2 13 4 1.54 1 1 1 1 2 520 50001 1
1 48.25 25.08 2 9 4 1.75 1 1 3 0 2 120 15 1
1 48.75 26.33 1 1 1 0 1 0 0 1 2 0 1 0
1 26.67 14.58 2 3 5 0 0 0 0 1 2 178 1 0
1 26.75 4.5 1 8 5 2.5 0 0 0 0 2 200 1211 0
1 20.17 5.62 2 9 4 1.71 1 0 0 0 1 120 1 1
1 23 0.75 2 7 4 0.5 1 0 0 1 1 320 1 0
0 28.5 1 2 11 4 1 1 1 2 1 2 167 501 0
1 18.57 5.71 2 2 4 0.54 0 0 0 0 2 120 1 0
1 30.67 2.5 2 13 8 2.25 0 0 0 1 1 340 1 0
1 54.42 0.5 1 4 8 3.96 1 0 0 0 2 180 315 1
0 19.17 8.58 2 13 8 0.75 1 1 7 0 2 96 1 1
0 41 2.04 1 11 8 0.125 1 1 23 1 2 455 1237 1
0 33.92 1.58 1 1 1 0 1 0 0 0 2 320 1 0
0 35.75 0.91 2 6 4 0.75 1 1 4 0 2 0 1584 1
0 20.83 8.5 2 8 4 0.165 0 0 0 0 2 0 352 0
1 23.92 0.66 2 8 4 0.165 0 0 0 0 2 100 1 1
0 20.75 10.33 2 13 8 0.335 1 1 1 1 2 80 51 1
1 28.17 0.12 1 4 4 0.085 0 0 0 0 2 216 2101 0
0 50.25 0.83 2 6 4 0.5 0 0 0 1 2 240 118 0
0 21.5 6 2 6 4 2.5 1 1 3 0 2 80 919 1
1 49.5 7.58 2 3 5 7.585 1 1 15 1 2 0 5001 1
1 26.83 0.54 2 4 1 0 0 0 0 0 2 100 1 0
1 43.08 0.37 1 8 4 0.375 1 1 8 1 2 300 163 1
1 47.67 0.28 2 8 5 15 1 1 20 0 2 0 15001 1
0 23.58 0.58 1 1 1 0.125 0 0 0 0 2 120 88 0
1 20.67 5.29 2 11 4 0.375 1 1 1 0 2 160 1 0
1 18.82 0 2 11 4 0.665 0 0 0 0 2 160 2 0
1 25.75 0.5 2 8 4 1.46 1 1 5 1 2 312 1 1
0 45 4.58 2 4 8 1 0 0 0 1 1 240 1 0
1 34.83 4 2 2 5 12.5 1 0 0 1 2 184 1 0
0 24.5 0.5 2 11 8 1.5 1 0 0 0 2 280 825 1
0 57.58 2 2 1 1 6.5 0 1 1 0 2 0 11 0
0 24.33 2.5 1 3 5 4.5 0 0 0 0 2 200 457 0
0 27.67 1.5 2 7 4 2 1 0 0 0 1 368 1 0
1 23.58 1.79 2 8 4 0.54 0 0 0 1 2 136 2 0
1 18.82 0.41 1 8 4 0.165 0 1 1 0 2 200 2 0
1 31.08 3.08 2 8 4 2.5 0 1 2 1 2 160 42 0
1 16.25 0 1 6 4 0.25 0 0 0 0 2 60 1 0
0 23.5 1.5 2 9 4 0.875 0 0 0 1 2 160 1 0
1 19.67 10 1 4 8 0.835 1 0 0 1 2 140 1 0
1 20.17 8.17 2 6 4 1.96 1 1 14 0 2 60 159 1
1 45.17 1.5 2 8 4 2.5 1 0 0 1 2 140 1 0
1 39.33 5.87 2 13 8 10 1 1 14 1 2 399 1 1
0 18.92 9 2 6 4 0.75 1 1 2 0 2 88 592 1
1 23.25 4 2 8 5 0.25 1 0 0 1 2 160 1 1
1 28.67 9.33 2 11 8 5.665 1 1 6 0 2 381 169 1
1 33.17 3.16 1 14 4 3.165 1 1 3 1 2 380 1 1
1 52.5 6.5 2 4 4 6.29 1 1 15 0 2 0 11203 1
1 20.75 5.08 1 5 4 0.29 0 0 0 0 2 140 185 0
0 22.25 1.25 1 1 1 3.25 0 0 0 0 2 280 1 0
0 38.58 5 2 13 4 13.5 1 0 0 1 2 980 1 0
1 50.75 0.58 2 1 1 0 0 0 0 0 2 145 1 0
1 18.82 3.54 1 1 1 0 0 0 0 1 2 180 2 0
1 25.17 3.5 2 13 4 0.625 1 1 7 0 2 0 7060 1
0 19.57 0.66 2 9 4 1.665 0 0 0 0 2 220 6 0
1 29.42 1.25 2 9 4 1.75 0 0 0 0 2 200 1 0
0 28.75 3.75 2 8 4 1.085 1 1 1 1 2 371 1 1
0 58.33 10 2 11 4 4 1 1 14 0 2 0 1603 1
0 28.58 3.75 2 8 4 0.25 0 1 1 1 2 40 155 0
1 47.17 5.83 2 9 4 5.5 0 0 0 0 2 465 151 0
1 37.5 1.75 1 8 5 0.25 1 0 0 1 2 164 401 0
0 47.75 8 2 8 4 7.875 1 1 6 1 2 0 1261 1
1 39.92 5 2 3 5 0.21 0 0 0 0 2 550 1 0
1 34 5.5 1 8 4 1.5 0 0 0 1 2 60 1 0
1 34.42 1.33 2 3 5 0.125 0 0 0 1 2 440 4501 0
0 28.08 15 1 10 9 0 1 0 0 0 2 0 13213 1
1 48.58 6.5 2 11 8 6 1 0 0 1 2 350 1 1
1 26.17 12.5 1 4 8 1.25 0 0 0 1 2 0 18 0
0 33.08 1.62 2 2 4 0.54 0 0 0 1 2 0 1 0
0 17.32 9.5 2 6 4 1.75 0 1 10 1 2 0 11 0
1 20.67 0.83 1 8 4 2 0 0 0 1 1 240 1 0
0 29.75 0.66 2 9 4 0.25 0 0 0 1 2 300 1 0
0 19.17 0.58 1 6 4 0.585 1 0 0 1 2 160 1 0
1 40 6.5 2 6 5 3.5 1 1 1 0 2 0 501 1
1 26 1 2 11 4 1.75 1 0 0 1 2 280 1 1
1 48.5 4.25 2 7 4 0.125 1 0 0 1 2 225 1 1
1 21.25 1.5 2 9 4 1.5 0 0 0 0 2 150 9 1
1 55.92 11.5 2 1 1 5 1 1 5 0 2 0 8852 1
0 25 12.33 2 13 8 3.5 1 1 6 0 2 400 459 1
0 29.58 1.75 1 4 4 1.25 0 0 0 1 2 280 1 0
1 62.75 7 2 10 9 0 0 0 0 0 2 0 13 0
0 39.08 4 2 8 4 3 0 0 0 0 2 480 1 0
1 20.42 7 2 8 4 1.625 1 1 3 0 2 200 1392 1
1 34.25 1.75 2 9 5 0.25 1 0 0 1 2 163 1 0
1 34.5 4.04 1 3 5 8.5 1 1 7 1 2 195 1 1
1 34.25 3 2 13 8 7.415 1 0 0 1 2 0 1 1
0 44.33 0 2 8 4 2.5 1 0 0 0 2 0 1 1
1 29.92 1.83 2 8 8 4.335 1 0 0 0 2 260 201 1
0 26.17 2 2 5 3 0 0 0 0 1 2 276 2 0
1 36.17 5.5 2 3 5 5 0 0 0 0 2 210 688 0
0 19.57 0.66 1 8 4 1 0 1 1 0 2 2000 3 0
0 60.92 5 2 6 4 4 1 1 4 0 2 0 100 1
0 25.75 0.5 2 8 8 0.875 1 0 0 1 2 491 1 1
1 31.08 1.5 1 9 4 0.04 0 0 0 0 1 160 1 0

