1 23 0.75 2 7 4 0.5 0 0 0 1 1 320 1 0
0 24.58 0.67 2 6 8 1.75 1 0 0 0 2 400 1 0
1 39.92 5 2 3 5 0.21 0 0 0 0 2 550 1 0
0 22.5 0.41 2 3 4 0.335 0 0 0 1 1 144 1 0
0 31.57 11.25 2 1 1 0 0 0 0 0 2 184 5201 0
1 38.67 0.21 2 4 4 0.085 1 0 0 1 2 280 1 1
1 36.75 0.12 1 8 4 1.5 0 0 0 1 2 232 114 1
1 39.58 13.91 2 9 4 8.625 1 1 6 1 2 70 1 1
0 25.42 1.12 2 11 4 1.29 1 1 2 0 2 200 1 0
1 51.58 15 2 8 4 8.5 1 1 9 0 2 0 1 1
0 33.67 0.37 2 13 4 0.375 0 0 0 0 2 300 45 1
0 23.58 0.58 1 1 1 0.125 0 0 0 0 2 120 88 0
0 19.17 8.58 2 13 8 0.75 1 1 7 0 2 96 1 1
1 42.83 4.62 2 11 4 4.58 1 0 0 0 1 0 1 1
0 16.07 0.33 2 1 1 0 0 1 1 0 2 160 127 0
1 37.5 1.12 1 2 4 1.5 0 0 0 1 2 431 1 1
0 57.58 2 2 1 1 6.5 0 1 1 0 2 0 11 0
0 44.17 6.66 2 11 4 7.375 1 1 3 1 2 0 1 1
0 18.07 0.37 3 13 1 10 0 0 0 1 1 300 1 1
1 49.5 7.58 2 3 5 7.585 1 1 15 1 2 0 5001 1
0 56.83 4.25 1 1 1 5 0 0 0 1 2 0 5 0
0 28.17 0.37 2 11 4 0.585 1 1 4 0 2 80 1 1
0 24.5 0.5 2 11 8 1.5 1 0 0 0 2 280 825 1
0 17.57 9 2 6 4 1.375 1 0 0 1 2 0 1 1
1 43.17 2.25 2 3 5 0.75 1 0 0 0 2 560 1 0
1 21.92 0.5 2 8 4 0.125 0 0 0 0 2 360 1 0
1 31.08 3.08 2 8 4 2.5 0 1 2 1 2 160 42 0
1 32.67 9 1 9 8 5.25 1 0 0 1 2 154 1 1
1 29.25 14.79 2 6 4 5.04 1 1 5 1 2 168 1 1
0 58.33 10 2 11 4 4 1 1 14 0 2 0 1603 1
1 19.32 9.5 2 11 4 1 1 0 0 1 2 60 401 1
1 39.17 1.71 2 14 4 0.125 1 1 5 1 2 480 1 1
1 36.25 5 2 8 5 2.5 1 1 6 0 2 0 368 1
0 22.92 1.25 2 11 4 0.25 0 0 0 1 2 120 810 0
1 26.67 14.58 2 3 5 0 0 0 0 1 2 178 1 0
1 38.42 0.7 2 8 4 0.375 0 1 2 0 2 225 501 0
0 31.75 3 1 5 3 0 0 0 0 0 2 160 21 0
0 57.08 0.33 2 3 5 1 1 0 0 1 2 252 2198 0
1 48.33 12 2 7 4 16 1 0 0 0 1 110 1 1
1 40.25 21.5 2 10 9 20 1 1 11 0 2 0 1201 1
1 25.67 3.25 2 8 8 2.29 0 1 1 1 2 416 22 0
1 39.5 1.62 2 8 4 1.5 0 0 0 0 2 0 317 0
1 48.25 25.08 2 9 4 1.75 1 1 3 0 2 120 15 1
1 34.42 1.33 2 3 5 0.125 0 0 0 1 2 440 4501 0
1 48.08 3.75 2 3 5 1 0 0 0 0 2 100 3 0
0 22.5 8.5 2 11 4 1.75 1 1 10 0 2 80 991 0
1 31.42 15.5 2 8 4 0.5 1 0 0 0 2 120 1 0
0 21.67 11.5 1 5 3 0 1 1 11 1 2 0 1 1
1 30.17 6.5 2 13 4 3.125 1 1 8 0 2 330 1201 1
1 21.83 11 2 14 4 0.29 1 1 6 0 2 121 1 1
0 34.83 1.25 1 3 8 0.5 0 0 0 1 2 160 1 0
1 25 12.5 2 6 4 3 1 0 0 1 1 20 1 1
1 34.92 2.5 2 9 4 0 1 0 0 1 2 239 201 1
1 47.67 0.28 2 8 5 15 1 1 20 0 2 0 15001 1
1 31.57 4 2 14 4 5 1 1 3 1 2 290 2280 1
0 49 1.5 2 5 3 0 1 0 0 1 2 100 28 0
1 32.67 5.5 2 11 8 5.5 1 1 12 1 2 408 1001 1
1 32.08 4 2 7 4 2.5 1 0 0 1 2 360 1 1
1 16.07 0.75 2 8 4 1.75 1 1 5 1 2 352 691 1
1 34.17 9.17 2 8 4 4.5 1 1 12 1 2 0 222 1
0 20.67 1.83 2 11 4 2.085 1 1 5 0 2 220 2504 1
0 71.58 0 2 8 4 0 0 0 0 0 3 184 1 1
0 41.58 1.04 2 6 4 0.665 0 0 0 0 2 240 238 0
1 17.07 0.25 2 11 4 0.335 0 1 4 0 2 160 9 0
1 20.67 0.41 2 8 4 0.125 0 0 0 0 2 0 45 0
1 25.42 0.54 2 9 4 0.165 0 1 1 0 2 272 445 0
1 37.33 2.66 2 13 4 0.165 0 0 0 1 2 0 502 0
0 45 4.58 2 4 8 1 0 0 0 1 1 240 1 0
1 26.25 1.54 2 9 4 0.125 0 0 0 0 2 100 1 0
1 21.83 1.54 2 4 4 0.085 0 0 0 1 2 356 1 0
1 21.17 0.25 1 8 8 0.25 0 0 0 0 2 280 205 0
0 23.25 5.87 2 11 4 3.17 1 1 10 0 2 120 246 1
1 40.92 0.5 1 7 4 0.5 0 0 0 1 2 130 1 0
1 32.33 2.5 2 8 4 1.25 0 0 0 1 2 280 1 0
1 51.83 3 1 1 1 1.5 0 0 0 0 2 180 5 0
1 42.08 1.04 2 9 4 5 1 1 6 1 2 500 10001 1
0 21.25 2.33 2 3 5 0.5 1 1 4 0 1 80 1 1
0 20.42 0.83 2 11 4 1.585 1 1 1 0 2 0 1 1
1 74.83 19 1 1 1 0.04 0 1 2 0 2 0 352 0
1 16 3.12 2 9 4 0.085 0 1 1 0 2 0 7 0
1 34.17 1.54 2 13 4 1.54 1 1 1 1 2 520 50001 1
1 22.17 0.58 1 1 1 0 0 0 0 0 2 100 1 0
1 22.67 10.5 2 11 8 1.335 1 0 0 0 2 100 1 1
0 22.42 11.25 1 14 8 0.75 1 1 4 0 2 0 322 1
1 27.58 2.04 1 6 4 2 1 1 3 1 2 370 561 1
1 22.67 2.54 1 8 8 2.585 1 0 0 0 2 0 1 1
1 21.67 1.16 1 4 4 2.5 1 1 1 0 2 180 21 0
0 19.5 0.16 2 11 4 0.04 0 0 0 1 2 380 1 0
0 30 5.29 2 10 2 2.25 1 1 5 1 2 99 501 1
1 22.17 2.25 2 3 4 0.125 0 0 0 0 2 160 11 0
1 32.25 0.16 1 8 8 3.25 1 1 1 1 2 432 8001 1
0 38.75 1.5 2 1 1 0 0 0 0 0 2 76 1 0
1 22 7.83 1 3 5 0.165 0 0 0 1 2 184 1 0
1 27.83 1.54 2 9 4 3.75 1 1 5 1 2 100 4 1
1 26 1 2 11 4 1.75 1 0 0 1 2 280 1 1
1 36.33 3.79 2 9 4 1.165 1 0 0 1 2 200 1 0
1 56.75 12.25 2 7 4 1.25 1 1 4 1 2 200 1 1
0 19.75 0.75 2 8 4 0.795 1 1 5 1 2 140 6 0
0 18.82 9.5 2 9 4 1.625 1 1 6 1 2 40 601 1
1 27.75 1.29 2 4 8 0.25 0 0 0 1 1 140 1 0
1 32.75 2.33 2 2 8 5.75 0 0 0 1 2 292 1 0
1 21.33 7.5 2 6 4 1.415 1 1 1 0 2 80 9801 1
1 25.17 6 2 8 4 1 1 1 3 0 2 0 1 1
0 16.32 0.21 2 6 4 0.125 0 0 0 0 2 200 2 0
1 40 6.5 2 6 5 3.5 1 1 1 0 2 0 501 1
0 25 12.33 2 13 8 3.5 1 1 6 0 2 400 459 1
1 39.5 4.25 2 8 5 6.5 1 1 16 0 2 117 1211 1
0 25.25 13.5 1 1 1 2 0 1 1 1 2 200 2 0
1 59.5 2.75 2 9 4 1.75 1 1 5 1 2 60 59 1
0 53.33 0.16 2 1 1 0 0 0 0 1 1 62 28 0
1 23.33 11.62 1 9 4 0.835 1 0 0 1 2 160 301 1
1 31.67 16.16 2 2 4 3 1 1 9 0 2 250 731 1
0 28.58 1.66 2 11 4 2.415 1 0 0 1 2 440 1 0
0 20.32 10 2 8 8 1 1 1 4 0 2 50 1466 1
0 18.75 7.5 2 11 4 2.71 1 1 5 0 2 184 26727 1
1 23.5 3.16 1 4 4 0.415 0 1 1 1 2 280 81 0
1 30.33 0.5 2 2 8 0.085 0 0 0 1 1 252 1 0
1 18.07 6.75 1 7 4 0.04 0 0 0 0 2 140 1 0
0 36.75 5.12 2 10 4 5 1 0 0 1 2 0 4001 1
1 17.67 4.46 2 8 4 0.25 0 0 0 0 1 80 1 0
1 21.25 1.5 2 9 4 1.5 0 0 0 0 2 150 9 1
0 24.75 13.66 2 11 8 1.5 0 0 0 0 2 280 2 0
1 44.25 0.5 2 7 4 10.75 1 0 0 0 1 400 1 0
0 24.5 2.41 1 8 4 0 0 0 0 0 2 120 1 0
1 67.75 5.5 2 10 9 13 1 1 1 1 2 0 1 1
1 24.83 2.75 2 8 4 2.25 1 1 6 0 2 184 601 1
1 40.92 0.83 2 1 1 0 1 0 0 0 2 130 2 0
1 27 1.5 1 9 4 0.375 1 0 0 1 2 260 1066 1
1 20.5 10 1 8 4 2.5 1 0 0 0 1 40 1 1
1 41 0.04 2 10 4 0.04 0 1 1 0 1 560 1 1
1 28.75 1.5 1 8 4 1.5 1 0 0 1 2 0 226 0
1 27.67 13.75 2 9 4 5.75 1 0 0 1 2 487 501 1
1 25.33 0.57 2 8 4 0.29 1 1 7 1 2 96 5125 1
0 27.67 2.04 2 9 4 0.25 0 0 0 1 2 180 51 0
1 49.58 19 2 1 1 0 1 1 1 0 2 94 1 0
0 16.92 0.5 2 3 4 0.165 0 1 6 1 2 240 36 0
1 23.25 4 2 8 5 0.25 1 0 0 1 2 160 1 1
1 24.58 13.5 1 1 1 0 0 0 0 0 2 184 1 0
0 28.67 1.04 2 8 4 2.5 1 1 5 1 2 300 1431 1
1 29.5 0.57 2 9 4 0.29 0 1 1 0 2 340 2804 0
1 56.42 28 1 8 4 28.5 1 1 40 0 2 0 16 1
1 31.83 0.04 1 7 4 0.04 0 0 0 0 2 0 1 0
1 18.57 10.29 2 1 1 0.415 0 0 0 0 2 80 1 0
0 16.5 1.25 2 11 4 0.25 0 1 1 0 2 108 99 0
1 20.67 1.25 1 8 8 1.375 1 1 3 1 2 140 211 0
1 38.25 10.12 1 4 4 0.125 0 0 0 0 2 160 1 0
0 40.33 8.12 1 4 4 0.165 0 1 2 0 2 184 19 0
1 34.42 4.25 2 3 5 3.25 1 1 2 0 2 274 611 1
1 20 11.04 2 8 4 2 0 0 0 1 2 136 1 0
0 22.5 8.46 1 14 4 2.46 0 0 0 0 2 164 1 1
1 31.57 0.5 2 8 5 0.835 1 0 0 1 1 320 1 0
1 19 1.75 1 8 4 2.335 0 0 0 1 2 112 7 0
1 21.5 9.75 2 8 4 0.25 1 0 0 0 2 140 1 0
0 30.25 5.5 2 4 4 5.5 0 0 0 1 1 100 1 0
1 59.67 1.54 2 11 4 0.125 1 0 0 1 2 260 1 1
1 16.25 0.83 2 7 4 0.085 1 0 0 0 1 200 1 0
0 24.92 1.25 2 1 1 0 1 0 0 0 2 80 1 0
1 23.92 0.58 1 13 8 0.125 0 0 0 0 2 240 2 0
1 21.5 11.5 2 3 4 0.5 1 0 0 1 2 100 69 0
1 28.75 1.16 2 4 4 0.5 1 0 0 0 1 280 1 0
0 20.75 10.33 2 13 8 0.335 1 1 1 1 2 80 51 1
1 31.92 4.46 2 13 8 6.04 1 1 3 0 2 311 301 1
0 23.42 0.79 1 11 4 1.5 1 1 2 1 2 80 401 1
0 22.25 1.25 1 1 1 3.25 0 0 0 0 2 280 1 0
1 48.17 3.5 2 6 4 3.5 1 0 0 0 1 230 1 1
1 48.5 4.25 2 7 4 0.125 1 0 0 1 2 225 1 1
0 25 0.87 2 14 8 1.04 1 0 0 1 2 160 5861 1
1 23.42 0.58 2 8 8 0.085 1 0 0 0 2 180 1 0
1 17.25 3 2 4 4 0.04 0 0 0 1 2 160 41 0
1 21.17 0.87 1 8 8 0.25 0 0 0 0 2 280 205 0
1 36.67 2 2 3 4 0.25 0 0 0 1 2 221 1 0
1 20.5 2.41 2 8 4 2 1 1 11 1 2 200 3001 1
1 27.58 3.25 1 11 8 5.085 0 1 2 1 2 369 2 0
1 20 7 2 8 4 0.5 0 0 0 0 2 0 1 0
0 41.33 1 2 3 5 2.25 1 0 0 1 2 0 301 1
0 33.92 1.58 1 1 1 0 1 0 0 0 2 320 1 0
0 47.25 0.75 2 11 8 2.75 1 1 1 0 2 333 893 1
0 22.5 11 1 11 4 3 1 0 0 1 2 268 1 0
1 39.25 9.5 2 7 4 6.5 1 1 14 0 2 240 4608 1
1 18.42 10.41 1 6 4 0.125 1 0 0 0 2 120 376 0
1 27.83 1.5 2 9 4 2 1 1 11 1 2 434 36 1
0 33.25 2.5 1 8 4 2.5 0 0 0 1 2 0 3 0
0 46.08 3 2 8 4 2.375 1 1 8 1 2 396 4160 1
1 34.25 1.75 2 9 5 0.25 1 0 0 1 2 163 1 0
1 19.17 9.5 2 9 4 1.5 1 0 0 0 2 120 2207 1
1 16.5 0.12 2 8 4 0.165 0 0 0 0 2 132 1 0
0 48.17 1.33 2 3 7 0.335 0 0 0 0 2 0 121 0
1 43.17 5 2 3 5 2.25 0 0 0 1 2 141 1 0
1 47.83 4.16 2 14 5 0.085 0 0 0 1 2 520 1 0
1 19.5 0.28 2 4 4 0.29 0 0 0 0 2 280 365 0
1 33.58 0.25 2 3 5 4 0 0 0 1 1 420 1 0
1 16.32 4.08 2 3 8 0.415 0 0 0 1 2 120 1 0
1 65.42 11 2 10 9 20 1 1 7 1 2 22 1 1
1 29.42 1.25 2 8 8 0.25 0 1 2 1 2 400 109 0
1 16.25 0 1 6 4 0.25 0 0 0 0 2 60 1 0
0 33.17 2.25 1 13 4 3.5 0 0 0 1 2 200 142 0
1 31.57 3 1 3 5 7 0 0 0 0 2 0 2 0
1 23 0.75 2 7 4 0.5 1 0 0 1 1 320 1 0
1 21.92 0.54 1 14 4 0.04 1 1 1 1 2 840 60 1
0 58.42 21 2 3 5 10 1 1 13 0 2 0 6701 1
0 22.58 10.75 2 11 4 0.415 1 1 5 1 2 0 561 1
1 28.25 0.87 2 7 4 0.96 1 1 3 1 2 396 1 1
1 37.58 0 2 8 4 0 0 0 0 0 3 184 1 1
1 39.92 0.54 1 6 4 0.5 1 1 3 0 2 200 1001 1
0 19.67 0.21 2 11 8 0.29 1 1 11 0 2 80 100 1
1 39.58 5 2 1 1 0 0 1 2 0 2 17 2 0
1 34.67 1.08 2 7 4 1.165 0 0 0 0 1 28 1 0
0 60.92 5 2 6 4 4 1 1 4 0 2 0 100 1
1 39.17 2.5 1 3 8 10 0 0 0 1 1 200 1 0
1 54.83 15.5 2 10 9 0 1 1 20 0 2 152 131 0
1 22.58 10.03 2 14 4 0.04 1 1 9 0 2 60 397 1
1 48.17 7.62 2 9 8 15.5 1 1 12 0 2 0 791 1
0 23.5 1.5 2 9 4 0.875 0 0 0 1 2 160 1 0
1 33.75 2.75 2 3 5 0 0 0 0 0 2 180 1 0
0 17.92 10.21 2 1 1 0 0 0 0 0 2 0 51 0
0 20.42 10.5 1 14 8 0 0 0 0 1 2 154 33 0
1 22.17 12.12 2 8 4 3.335 0 1 2 1 2 180 174 0
0 19.57 0.66 2 9 4 1.665 0 0 0 0 2 220 6 0
1 23.25 1 2 8 4 0.835 1 0 0 0 1 300 1 1
1 44 2 2 7 4 1.75 1 1 2 1 2 0 16 1

