1 31.57 4 1 3 4 0.085 0 0 0 1 2 411 1 0
1 38.58 3.33 2 9 4 4 1 1 14 0 2 383 1345 1
1 17.42 6.5 2 3 4 0.125 0 0 0 0 2 60 101 0
1 26.75 4.5 1 8 5 2.5 0 0 0 0 2 200 1211 0
0 56.83 4.25 1 1 1 5 0 0 0 1 2 0 5 0
1 40.92 0.83 2 1 1 0 1 0 0 0 2 130 2 0
0 31.75 3 1 5 3 0 0 0 0 0 2 160 21 0
1 35 3.37 2 8 8 8.29 0 0 0 1 2 0 1 0
1 25.67 2.21 1 6 4 4 1 0 0 0 2 188 1 0
1 44.83 7 1 8 4 1.625 0 0 0 0 2 160 3 0
1 39.5 4.25 2 8 5 6.5 1 1 16 0 2 117 1211 1
1 63.33 0.54 2 8 4 0.585 1 1 3 1 2 180 1 0
1 23.33 11.62 1 9 4 0.835 1 0 0 1 2 160 301 1
1 25 11.25 2 8 4 2.5 1 1 17 0 2 200 1209 1
1 19.17 0 1 7 5 0 0 0 0 1 1 500 2 1
1 39.58 13.91 2 9 4 8.625 1 1 6 1 2 70 1 1
1 22.25 0.46 2 4 4 0.125 0 0 0 1 2 280 56 0
0 20.67 3 2 11 4 0.165 1 1 3 0 2 100 7 1
1 21.17 0.87 1 8 8 0.25 0 0 0 0 2 280 205 0
1 37.17 4 2 8 5 5 1 0 0 1 1 280 1 0
1 26.67 1.75 1 8 4 1 1 1 5 1 2 160 5778 1
1 39 5 2 13 4 3.5 1 1 10 1 2 0 1 1
1 45 8.5 2 13 8 14 1 1 1 1 2 88 2001 1
0 58.33 10 2 11 4 4 1 1 14 0 2 0 1603 1
0 30.67 12 2 8 4 2 1 1 1 0 2 220 20 1
1 39.17 1.71 2 14 4 0.125 1 1 5 1 2 480 1 1
1 39.92 6.21 2 11 4 0.04 1 1 1 0 2 200 301 1
1 19 1.75 1 8 4 2.335 0 0 0 1 2 112 7 0
1 22.17 12.12 2 8 4 3.335 0 1 2 1 2 180 174 0
1 23.08 11.5 2 3 4 3.5 1 1 9 0 2 56 743 1
0 19.17 0.58 1 6 4 0.585 1 0 0 1 2 160 1 0
1 31.57 0.37 2 2 4 0.875 1 0 0 1 1 928 1 0
1 65.42 11 2 10 9 20 1 1 7 1 2 22 1 1
0 40.33 8.12 1 4 4 0.165 0 1 2 0 2 184 19 0
1 22.67 0.16 2 8 3 2.25 0 0 0 1 1 0 1 1
1 25.17 3.5 2 13 4 0.625 1 1 7 0 2 0 7060 1
1 29.83 2.04 1 14 8 0.04 0 0 0 0 2 128 2 0
1 18.57 10.29 2 1 1 0.415 0 0 0 0 2 80 1 0
1 41.17 1.25 1 9 4 0.25 0 0 0 0 2 0 196 0
0 20.5 11.83 2 8 8 6 1 0 0 0 2 340 1 1
1 22.67 0.75 2 3 4 1.585 0 1 1 1 2 400 10 0
1 27.25 0.62 2 6 4 0.455 1 0 0 1 2 200 1 0
0 27.67 2.04 2 9 4 0.25 0 0 0 1 2 180 51 0
0 33.67 0.37 2 13 4 0.375 0 0 0 0 2 300 45 1
1 21.83 0.25 2 2 8 0.665 1 0 0 1 2 0 1 1
1 16 3.12 2 9 4 0.085 0 1 1 0 2 0 7 0
0 20.67 1.83 2 11 4 2.085 1 1 5 0 2 220 2504 1
0 64.08 0.16 2 1 1 0 1 1 1 0 2 232 101 1
1 25.33 0.57 2 8 4 0.29 1 1 7 1 2 96 5125 1
1 23.5 2.75 2 1 1 4.5 0 0 0 0 2 160 26 0
0 22.25 1.25 1 1 1 3.25 0 0 0 0 2 280 1 0
1 36.42 0.75 1 2 4 0.585 0 0 0 0 2 240 4 0
1 34.17 9.17 2 8 4 4.5 1 1 12 1 2 0 222 1
1 47.17 5.83 2 9 4 5.5 0 0 0 0 2 465 151 0
0 24.75 13.66 2 11 8 1.5 0 0 0 0 2 280 2 0
1 48.58 6.5 2 11 8 6 1 0 0 1 2 350 1 1
1 31.92 4.46 2 13 8 6.04 1 1 3 0 2 311 301 1
0 15.92 2.87 2 11 4 0.085 0 0 0 0 2 120 1 0
1 21.92 0.5 2 8 4 0.125 0 0 0 0 2 360 1 0
1 42.83 1.25 2 7 4 13.875 0 1 1 1 2 352 113 0
1 30.83 0 2 9 4 1.25 1 1 1 0 2 202 1 1
1 25.17 3 2 8 4 1.25 0 1 1 0 2 0 23 0
1 39.42 1.71 1 7 4 0.165 0 0 0 0 1 400 1 0
1 37.42 2.04 2 9 4 0.04 1 0 0 1 2 400 5801 1
0 32.17 1.46 2 9 4 1.085 1 1 16 0 2 120 2080 1
1 18.07 5.5 2 4 4 0.5 1 0 0 0 2 80 1 1
0 24.92 1.25 2 1 1 0 1 0 0 0 2 80 1 0
0 22.67 0.79 2 3 4 0.085 0 0 0 0 2 144 1 0
1 40.25 21.5 2 10 9 20 1 1 11 0 2 0 1201 1
1 25.75 0.5 2 8 4 1.46 1 1 5 1 2 312 1 1
1 29.67 0.75 1 8 4 0.04 0 0 0 0 2 240 1 0
1 32.33 3.5 2 4 4 0.5 0 0 0 1 2 232 1 0
0 27.67 1.5 2 7 4 2 1 0 0 0 1 368 1 0
1 58.58 2.71 2 8 4 2.415 0 0 0 1 2 320 1 0
0 68.67 15 2 10 9 0 1 1 14 0 2 0 3377 1
1 17.07 3.29 2 3 4 0.335 0 0 0 1 2 140 3 0
1 29.83 1.25 1 4 4 0.25 0 0 0 0 2 224 1 0
1 47.67 2.5 2 7 5 2.5 1 1 12 1 2 410 2511 1
1 67.75 5.5 2 10 9 13 1 1 1 1 2 0 1 1
1 42 0.2 2 3 8 5.125 1 0 0 0 2 400 1 1
1 32.33 2.5 2 8 4 1.25 0 0 0 1 2 280 1 0
0 18.25 10 2 9 4 1 0 1 1 0 2 120 2 0
1 26.83 0.54 2 4 1 0 0 0 0 0 2 100 1 0
0 50.08 12.54 2 6 4 2.29 1 1 3 1 2 156 1 1
0 39.08 4 2 8 4 3 0 0 0 0 2 480 1 0
1 31.25 2.83 2 1 1 0 0 1 5 0 2 176 147 0
1 22.5 0.12 1 4 4 0.125 0 0 0 0 2 200 71 0
1 23 0.75 2 7 4 0.5 0 0 0 1 1 320 1 0
1 32.75 2.33 2 2 8 5.75 0 0 0 1 2 292 1 0
0 52.83 15 2 8 4 5.5 1 1 14 0 2 0 2201 1
1 57.83 7.04 2 7 4 14 1 1 6 1 2 360 1333 1
1 19.42 6.5 2 9 8 1.46 1 1 7 0 2 80 2955 1
1 39.5 1.62 2 8 4 1.5 0 0 0 0 2 0 317 0
0 37.75 5.5 2 11 4 0.125 1 0 0 1 2 228 1 1
1 31.57 10.5 2 14 4 6.5 1 0 0 0 2 0 1 1
1 34.92 2.5 2 9 4 0 1 0 0 1 2 239 201 1
1 23.08 11.5 2 9 8 2.125 1 1 11 1 2 290 285 1
1 69.17 9 2 1 1 4 0 1 1 0 2 70 7 0
1 16.25 0 1 6 4 0.25 0 0 0 0 2 60 1 0
1 39.58 5 2 1 1 0 0 1 2 0 2 17 2 0
0 33.25 2.5 1 8 4 2.5 0 0 0 1 2 0 3 0
0 30.25 5.5 2 4 4 5.5 0 0 0 1 1 100 1 0
1 23.92 0.58 1 13 8 0.125 0 0 0 0 2 240 2 0
1 74.83 19 1 1 1 0.04 0 1 2 0 2 0 352 0
1 31.57 0.04 1 2 4 4.25 0 0 0 1 2 460 1 0
0 20.75 10.25 2 11 4 0.71 1 1 2 1 2 49 1 1
1 25 12.5 2 6 4 3 1 0 0 1 1 20 1 1
0 20.83 8.5 2 8 4 0.165 0 0 0 0 2 0 352 0
1 29.42 1.25 2 9 4 1.75 0 0 0 0 2 200 1 0
1 41.92 0.42 2 8 8 0.21 1 1 6 0 2 220 949 1
1 35.17 4.5 2 14 8 5.75 0 0 0 1 1 711 1 1
1 51.83 3 1 1 1 1.5 0 0 0 0 2 180 5 0
1 55.92 11.5 2 1 1 5 1 1 5 0 2 0 8852 1
1 33.5 1.75 2 14 8 4.5 1 1 4 1 2 253 858 1
1 48.08 3.75 2 3 5 1 0 0 0 0 2 100 3 0
1 44.25 0.5 2 7 4 10.75 1 0 0 0 1 400 1 0
1 20.42 1.08 2 11 4 1.5 0 0 0 0 2 108 8 0
1 34.17 5.25 2 9 4 0.085 0 0 0 1 2 290 7 1
0 58.67 4.46 2 11 8 3.04 1 1 6 0 2 43 561 1
0 25 12.33 2 13 8 3.5 1 1 6 0 2 400 459 1
1 16.17 0.04 2 8 4 0.04 0 0 0 0 2 0 1 1
1 42.75 3 2 3 5 1 1 0 0 0 2 0 201 0
1 28.92 15 2 8 8 5.335 1 1 11 0 2 0 2284 1
0 31.57 3.5 2 2 4 3 1 0 0 1 2 300 1 0
1 35 2.5 2 3 4 1 0 0 0 1 2 210 1 0
1 21.83 1.54 2 4 4 0.085 0 0 0 1 2 356 1 0
0 24.58 0.67 2 6 8 1.75 1 0 0 0 2 400 1 0
1 57.42 8.5 2 10 8 7 1 1 3 0 2 0 1 1
0 22.83 2.29 2 11 8 2.29 1 1 7 1 2 140 2385 1
1 51.83 2.04 1 1 1 1.5 0 0 0 0 2 120 2 0
1 35.25 16.5 1 8 4 4 1 0 0 0 2 80 1 0
0 41.58 1.04 2 6 4 0.665 0 0 0 0 2 240 238 0
1 37.5 1.12 1 2 4 1.5 0 0 0 1 2 431 1 1
1 20.67 1.25 1 8 8 1.375 1 1 3 1 2 140 211 0
0 55.75 7.08 2 4 8 6.75 1 1 3 1 2 100 51 0
1 16.5 0.12 2 8 4 0.165 0 0 0 0 2 132 1 0
0 22.5 11 1 11 4 3 1 0 0 1 2 268 1 0
1 22.92 3.16 1 8 4 0.165 0 0 0 0 2 160 1059 0
0 28.17 0.37 2 11 4 0.585 1 1 4 0 2 80 1 1
1 29.58 4.75 2 7 4 2 0 1 1 1 2 460 69 0
1 28.67 14.5 2 2 4 0.125 0 0 0 0 2 0 287 0
1 38.67 0.21 2 4 4 0.085 1 0 0 1 2 280 1 1
1 52.42 1.5 2 2 4 3.75 0 0 0 1 2 0 351 0
1 18.25 0.16 2 2 4 0.25 0 0 0 1 1 280 1 0
1 34.67 1.08 2 7 4 1.165 0 0 0 0 1 28 1 0
0 30.5 6.5 2 8 5 4 1 1 7 1 2 0 3066 1
1 34.42 1.33 2 3 5 0.125 0 0 0 1 2 440 4501 0
1 23.17 0 2 8 4 0 0 0 0 0 3 184 1 1
0 53.33 0.16 2 1 1 0 0 0 0 1 1 62 28 0
0 16.07 0.33 2 1 1 0 0 1 1 0 2 160 127 0
1.234 22.08 11.46 2 4 4 1.585 0 0 0 1 2 100 1213 0
1 48.5 4.25 2 7 4 0.125 1 0 0 1 2 225 1 1
1 28.75 1.5 1 8 4 1.5 1 0 0 1 2 0 226 0
0 32.33 0.54 2 13 4 0.04 1 0 0 0 2 440 11178 1
1 36.5 4.25 2 11 4 3.5 0 0 0 0 2 454 51 0
0 27.42 14.5 2 14 8 3.085 1 1 1 0 2 120 12 1
0 38.75 1.5 2 1 1 0 0 0 0 0 2 76 1 0
1 32.75 1.5 2 13 8 5.5 1 1 3 1 2 0 1 1
1 20.25 9.96 2 10 2 0 1 0 0 0 2 0 1 1
1 20.67 0.41 2 8 4 0.125 0 0 0 0 2 0 45 0
0 28.75 3.75 2 8 4 1.085 1 1 1 1 2 371 1 1
1 23.75 0.41 1 8 4 0.04 0 1 2 0 2 128 7 0
1 41 0.04 2 10 4 0.04 0 1 1 0 1 560 1 1
1 22.17 0.58 1 1 1 0 0 0 0 0 2 100 1 0
1 32.42 3 2 2 4 0.165 0 0 0 1 2 120 1 0
0 24.5 0.5 2 11 8 1.5 1 0 0 0 2 280 825 1
0 33.25 3 1 6 4 2 0 0 0 0 2 180 1 0
1 28.67 9.33 2 11 8 5.665 1 1 6 0 2 381 169 1
1 20.67 0.83 1 8 4 2 0 0 0 1 1 240 1 0
1 44 2 2 7 4 1.75 1 1 2 1 2 0 16 1
1 29.25 13 2 2 8 0.5 0 0 0 0 2 228 1 0
1 44.25 11 1 2 4 1.5 1 0 0 0 1 0 1 0
1 21.25 1.5 2 9 4 1.5 0 0 0 0 2 150 9 1
0 22.92 1.25 2 11 4 0.25 0 0 0 1 2 120 810 0
1 19.17 4 1 3 4 1 0 0 0 1 2 360 1001 0
1 23.75 12 2 8 4 2.085 0 0 0 0 1 80 1 0
1 36.17 18.12 2 9 4 0.085 0 0 0 0 2 320 3553 0
1 17.92 0.2 2 6 4 0.04 0 0 0 0 2 280 751 0
0 18.82 4.41 1 8 8 3 1 0 0 0 2 240 1 1
1 20.17 5.62 2 9 4 1.71 1 0 0 0 1 120 1 1
1 26.75 1.12 2 14 8 1.25 1 0 0 0 2 0 5299 1
1 37.33 6.5 2 7 8 4.25 1 1 12 1 2 93 1 1
1 23.08 0 2 4 4 1 0 1 11 0 1 0 1 0
1 36.17 0.42 1 9 4 0.29 0 0 0 1 2 309 3 0
1 34.92 5 2 14 8 7.5 1 1 6 1 2 0 1001 1
1 19.32 9.5 2 11 4 1 1 0 0 1 2 60 401 1
1 32.25 0.16 1 8 8 3.25 1 1 1 1 2 432 8001 1
0 52.17 0 1 1 1 0 0 0 0 0 2 0 1 0
0 20.32 10 2 8 8 1 1 1 4 0 2 50 1466 1
0 23.5 1.5 2 9 4 0.875 0 0 0 1 2 160 1 0
0 22.67 3.8 2 8 4 0.165 0 0 0 0 2 160 1 0
1 19.67 10 1 4 8 0.835 1 0 0 1 2 140 1 0
1 20 0 2 2 4 0.5 0 0 0 0 2 144 1 0
1 34.58 0 2 8 4 0 0 0 0 0 3 184 1 0
1 48.17 3.5 2 6 4 3.5 1 0 0 0 1 230 1 1
1 42.17 5.04 2 11 8 12.75 1 0 0 1 2 92 1 1
0 45.33 1 2 11 4 0.125 0 0 0 1 2 263 1 0
0 44.33 0 2 8 4 2.5 1 0 0 0 2 0 1 1
1 33.17 3.04 1 8 8 2.04 1 1 1 1 2 180 18028 1
0 18.92 9.25 1 8 4 1 1 1 4 1 2 80 501 1
1 42.08 1.04 2 9 4 5 1 1 6 1 2 500 10001 1
1 26.17 0.25 2 3 5 0 1 0 0 1 2 0 1 1
1 18.32 1.21 1 10 2 0 0 0 0 0 2 100 1 0
0 18.92 9 2 6 4 0.75 1 1 2 0 2 88 592 1
1 36.67 2 2 3 4 0.25 0 0 0 1 2 221 1 0
1 41.17 1.33 2 2 4 0.165 0 0 0 0 2 168 1 0
0 18.07 0.37 3 13 1 10 0 0 0 1 1 300 1 1
1 19.42 7.25 2 7 4 0.04 0 1 1 0 2 100 2 0
0 60.58 16.5 2 11 4 11 1 0 0 1 2 21 10562 1
0 17.92 0.54 2 8 4 1.75 0 1 1 1 2 80 6 0
1 25.42 0.54 2 9 4 0.165 0 1 1 0 2 272 445 0
0 23.58 0.83 2 11 4 0.415 0 1 1 1 2 200 12 0
0 20.42 0.83 2 11 4 1.585 1 1 1 0 2 0 1 1
1 31 2.08 2 8 4 0.085 0 0 0 0 2 300 1 0
0 57.58 2 2 1 1 6.5 0 1 1 0 2 0 11 0
0 21.92 11.66 2 4 8 0.085 0 0 0 0 2 320 6 0
0 28.58 3.54 2 3 5 0.5 1 0 0 1 2 171 1 0
1 20.5 10 1 8 4 2.5 1 0 0 0 1 40 1 1
1 42.75 4.08 2 6 4 0.04 0 0 0 0 2 108 101 0
1 35.17 25.12 2 14 8 1.625 1 1 1 1 2 515 501 1

