1 23.92 0.66 2 8 4 0.165 0 0 0 0 2 100 1 1
1 57.42 8.5 2 10 8 7 1 1 3 0 2 0 1 1
1 31.57 10.5 2 14 4 6.5 1 0 0 0 2 0 1 1
1 34.08 6.5 2 6 4 0.125 1 0 0 1 2 443 1 0
0 37.33 2.5 2 3 8 0.21 0 0 0 0 2 260 247 0
0 22.5 11 1 11 4 3 1 0 0 1 2 268 1 0
0 47.25 0.75 2 11 8 2.75 1 1 1 0 2 333 893 1
1 28.17 0.12 1 4 4 0.085 0 0 0 0 2 216 2101 0
1 20.42 0 2 8 4 0 0 0 0 0 3 184 1 0
0 23.58 11.5 1 4 8 3 0 0 0 1 2 20 17 0
1 21 4.79 1 9 4 2.25 1 1 1 1 2 80 301 1
1 30.58 2.71 1 7 4 0.125 0 0 0 1 1 80 1 0
1 23.75 0.41 1 8 4 0.04 0 1 2 0 2 128 7 0
1 39 5 2 13 4 3.5 1 1 10 1 2 0 1 1
1 26.17 0.25 2 3 5 0 1 0 0 1 2 0 1 1
1 44.25 0.5 2 7 4 10.75 1 0 0 0 1 400 1 0
1 22.92 3.16 1 8 4 0.165 0 0 0 0 2 160 1059 0
0 23.75 0.71 2 9 4 0.25 0 1 1 1 2 240 5 0
1 24.42 2 2 10 2 0.165 0 1 2 0 2 320 1301 0
0 20.75 10.25 2 11 4 0.71 1 1 2 1 2 49 1 1
0 40.33 7.54 1 11 8 8 1 1 14 0 2 0 2301 1
0 38.92 1.66 2 6 4 0.25 0 0 0 0 2 0 391 0
1 58.58 2.71 2 8 4 2.415 0 0 0 1 2 320 1 0
1 39.5 1.62 2 8 4 1.5 0 0 0 0 2 0 317 0
1 25.17 6 2 8 4 1 1 1 3 0 2 0 1 1
0 24.75 3 2 11 8 1.835 1 1 19 0 2 0 501 1
1 17.67 4.46 2 8 4 0.25 0 0 0 0 1 80 1 0
0 49 1.5 2 5 3 0 1 0 0 1 2 100 28 0
1 30.67 2.5 2 13 8 2.25 0 0 0 1 1 340 1 0
1 42 0.2 2 3 8 5.125 1 0 0 0 2 400 1 1
1 23 0.75 2 7 4 0.5 1 0 0 1 1 320 1 0
1 20.5 2.41 2 8 4 2 1 1 11 1 2 200 3001 1
1 56.75 12.25 2 7 4 1.25 1 1 4 1 2 200 1 1
1 33.17 3.04 1 8 8 2.04 1 1 1 1 2 180 18028 1
1 24.75 0.54 2 7 4 1 0 0 0 1 2 120 2 0
0 28.58 3.54 2 3 5 0.5 1 0 0 1 2 171 1 0
0 20.5 11.83 2 8 8 6 1 0 0 0 2 340 1 1
1 35.17 2.5 2 4 4 4.5 1 1 7 0 2 150 1271 1
1 32.67 9 1 9 8 5.25 1 0 0 1 2 154 1 1
0 23.25 5.87 2 11 4 3.17 1 1 10 0 2 120 246 1
1 62.5 12.75 1 8 8 5 1 0 0 0 2 112 1 0
0 58.33 10 2 11 4 4 1 1 14 0 2 0 1603 1
1 17.07 0.25 2 11 4 0.335 0 1 4 0 2 160 9 0
1 31.57 0.37 2 2 4 0.875 1 0 0 1 1 928 1 0
1 48.75 26.33 1 1 1 0 1 0 0 1 2 0 1 0
1 26.67 14.58 2 3 5 0 0 0 0 1 2 178 1 0
0 38.75 1.5 2 1 1 0 0 0 0 0 2 76 1 0
0 30.5 6.5 2 8 5 4 1 1 7 1 2 0 3066 1
1 23.33 11.62 1 9 4 0.835 1 0 0 1 2 160 301 1
0 23 11.75 2 14 8 0.5 1 1 2 1 2 300 552 1
1 20.42 7 2 8 4 1.625 1 1 3 0 2 200 1392 1
0 19.17 5.41 2 3 8 0.29 0 0 0 0 2 80 485 0
0 22.75 6.16 2 6 4 0.165 0 0 0 0 2 220 1001 0
1 23 0.62 1 6 4 0.125 1 0 0 0 2 180 2 0
1 51.33 10 2 3 5 0 1 1 11 0 2 0 1250 1
0 30.67 12 2 8 4 2 1 1 1 0 2 220 20 1
0 25.25 12.5 2 2 4 1 0 0 0 1 2 180 1063 0
1 30.17 1.08 1 8 4 0.04 0 0 0 0 2 170 180 0
1 33.58 0.33 1 13 4 0.085 0 0 0 0 2 180 1 0
1 22.75 11 2 11 4 2.5 1 1 7 1 2 100 810 1
0 24.5 2.41 1 8 4 0 0 0 0 0 2 120 1 0
1 21.5 9.75 2 8 4 0.25 1 0 0 0 2 140 1 0
1 23.17 11.12 2 14 8 0.46 1 1 1 0 2 100 1 1
1 29.17 3.5 2 9 4 3.5 1 1 3 1 2 329 1 0
0 18.92 9 2 6 4 0.75 1 1 2 0 2 88 592 1
1 67.75 5.5 2 10 9 13 1 1 1 1 2 0 1 1
0 49.83 13.58 2 4 8 8.5 1 0 0 1 2 0 1 1
1 22.17 0.58 1 1 1 0 0 0 0 0 2 100 1 0
1 34 5.5 1 8 4 1.5 0 0 0 1 2 60 1 0
1 21.58 0.79 1 13 4 0.665 0 0 0 0 2 160 1 0
0 35.75 0.91 2 6 4 0.75 1 1 4 0 2 0 1584 1
1 17.57 10 2 9 8 0.165 0 1 1 0 2 120 2 0
0 29.58 1.75 1 4 4 1.25 0 0 0 1 2 280 1 0
0 15.75 0.37 2 8 4 1 0 0 0 0 2 120 19 0
1 31.57 4 2 14 4 5 1 1 3 1 2 290 2280 1
1 22.92 0.17 2 7 4 0.085 0 0 0 0 1 0 1 0
1 42.75 4.08 2 6 4 0.04 0 0 0 0 2 108 101 0
0 22.67 3.8 2 8 4 0.165 0 0 0 0 2 160 1 0
1 36.25 5 2 8 5 2.5 1 1 6 0 2 0 368 1
0 60.58 16.5 2 11 4 11 1 0 0 1 2 21 10562 1
1 23.17 0 2 13 4 0.085 1 0 0 0 2 0 1 1
0 19.5 0.16 2 11 4 0.04 0 0 0 1 2 380 1 0
1 42.75 3 2 3 5 1 1 0 0 0 2 0 201 0
0 16.32 0.21 2 6 4 0.125 0 0 0 0 2 200 2 0
1 21.33 10.5 2 8 4 3 1 0 0 1 2 0 1 1
0 17.32 9.5 2 6 4 1.75 0 1 10 1 2 0 11 0
0 28.75 3.75 2 8 4 1.085 1 1 1 1 2 371 1 1
0 69.5 6 2 1 1 0 0 0 0 0 1 0 1 0
1 24.08 9 2 6 4 0.25 0 0 0 1 2 0 1 0
1 21.83 11 2 14 4 0.29 1 1 6 0 2 121 1 1
1 34 4.5 2 6 4 1 1 0 0 1 2 240 1 0
1 27.83 4 1 3 8 5.75 1 1 2 1 2 75 1 0
0 18.17 10 1 11 8 0.165 0 0 0 0 2 340 1 0
1 16.32 4.08 2 3 8 0.415 0 0 0 1 2 120 1 0
1 27.67 0.75 2 11 8 0.165 0 0 0 1 2 220 252 0
1 37.5 0.83 2 10 4 0.04 0 0 0 0 2 120 6 0
1 47.67 2.5 2 7 5 2.5 1 1 12 1 2 410 2511 1
1 22.67 2.54 1 8 8 2.585 1 0 0 0 2 0 1 1
1 32.75 1.5 2 13 8 5.5 1 1 3 1 2 0 1 1
0 36 1 2 8 4 2 1 1 11 0 2 0 457 1
1 29.25 14.79 2 6 4 5.04 1 1 5 1 2 168 1 1
0 27.58 3 2 7 4 2.79 0 1 1 1 2 280 11 0
0 33.92 1.58 1 1 1 0 1 0 0 0 2 320 1 0
0 21.92 11.66 2 4 8 0.085 0 0 0 0 2 320 6 0
1 16.32 2.75 2 6 4 0.665 0 1 1 0 2 80 22 0
1 18.07 5.5 2 4 4 0.5 1 0 0 0 2 80 1 1
1 27 0.75 2 8 8 4.25 1 1 3 1 2 312 151 1
1 26.75 4.5 1 8 5 2.5 0 0 0 0 2 200 1211 0
1 34.25 3 2 13 8 7.415 1 0 0 1 2 0 1 1
1 21.33 7.5 2 6 4 1.415 1 1 1 0 2 80 9801 1
1 20.67 0.83 1 8 4 2 0 0 0 1 1 240 1 0
0 44.33 0 2 8 4 2.5 1 0 0 0 2 0 1 1
1 18.17 2.46 2 8 7 0.96 0 1 2 1 2 160 588 0
1 43.25 3 2 11 8 6 1 1 11 0 2 80 1 1
1 27.67 13.75 2 9 4 5.75 1 0 0 1 2 487 501 1
1 21.5 11.5 2 3 4 0.5 1 0 0 1 2 100 69 0
0 21.25 2.33 2 3 5 0.5 1 1 4 0 1 80 1 1
1 21.25 1.5 2 9 4 1.5 0 0 0 0 2 150 9 1
0 32.25 1.5 2 8 4 0.25 0 0 0 1 2 372 123 0
1 20.5 10 1 8 4 2.5 1 0 0 0 1 40 1 1
1 24.33 6.62 1 2 4 5.5 1 0 0 1 1 100 1 1
0 20.07 0.12 2 11 4 1 0 1 1 0 2 240 769 1
1 22.08 11 2 13 4 0.665 1 0 0 0 2 100 1 1
1 45 8.5 2 13 8 14 1 1 1 1 2 88 2001 1
1 34.5 4.04 1 3 5 8.5 1 1 7 1 2 195 1 1
1 23.08 11.5 2 9 8 2.125 1 1 11 1 2 290 285 1
1 25.75 0.5 2 8 4 1.46 1 1 5 1 2 312 1 1
0 18.75 7.5 2 11 4 2.71 1 1 5 0 2 184 26727 1
0 31.25 3.75 2 13 8 0.625 1 1 9 1 2 181 1 1
1 16.92 0.33 1 4 4 0.29 0 0 0 0 1 200 1 0
1 25.83 12.83 2 13 4 0.5 0 0 0 0 2 0 3 0
1 18.32 1.21 1 10 2 0 0 0 0 0 2 100 1 0
0 16.5 1.25 2 11 4 0.25 0 1 1 0 2 108 99 0
0 46.67 0.46 2 13 8 0.415 1 1 11 1 2 440 7 1
0 34.83 1.25 1 3 8 0.5 0 0 0 1 2 160 1 0
0 22.42 5.66 2 11 4 2.585 1 1 7 0 2 129 3258 1
1 18.42 10.41 1 6 4 0.125 1 0 0 0 2 120 376 0
1 36.33 2.12 1 9 4 0.085 1 1 1 0 2 50 1188 1
0 31.57 3.5 2 2 4 3 1 0 0 1 2 300 1 0
1 20.17 8.17 2 6 4 1.96 1 1 14 0 2 60 159 1
1 24.58 1.25 2 8 4 0.25 0 0 0 0 2 110 1 0
0 20.42 10.5 1 14 8 0 0 0 0 1 2 154 33 0
0 45 4.58 2 4 8 1 0 0 0 1 1 240 1 0
1 22.67 10.5 2 11 8 1.335 1 0 0 0 2 100 1 1
1 35 2.5 2 3 4 1 0 0 0 1 2 210 1 0
0 19.57 0.66 1 8 4 1 0 1 1 0 2 2000 3 0
0 18.25 10 2 9 4 1 0 1 1 0 2 120 2 0
0 29.5 2 1 10 8 2 0 0 0 0 2 256 18 0
1 28.75 1.5 1 8 4 1.5 1 0 0 1 2 0 226 0
1 54.58 9.41 2 1 1 14.415 1 1 11 1 2 30 301 1
1 38.25 10.12 1 4 4 0.125 0 0 0 0 2 160 1 0
1 23.25 12.62 2 8 4 0.125 0 1 2 0 2 0 5553 0
1 32.67 5.5 2 11 8 5.5 1 1 12 1 2 408 1001 1
0 20.83 0.5 1 10 2 1 0 0 0 0 2 260 1 0
1 19.42 1.5 1 13 4 2 1 0 0 1 2 100 21 0
1 36.67 2 2 3 4 0.25 0 0 0 1 2 221 1 0
0 45.83 10.5 2 11 4 5 1 1 7 1 2 0 1 1
1 48.25 25.08 2 9 4 1.75 1 1 3 0 2 120 15 1
1 26.17 0.83 2 13 4 1.165 0 0 0 0 2 100 1 0
1 31.92 4.46 2 13 8 6.04 1 1 3 0 2 311 301 1
1 22.08 0.83 2 8 8 2.165 0 0 0 1 2 128 1 1
0 17.67 0 1 5 1 0 0 0 0 0 2 86 1 0
1 28.67 9.33 2 11 8 5.665 1 1 6 0 2 381 169 1
1 22.83 3 2 7 4 1.29 1 1 1 0 2 260 801 1
1 19.17 9.5 2 9 4 1.5 1 0 0 0 2 120 2207 1
1 40.58 3.29 2 7 4 3.5 0 0 0 1 1 400 1 0
1 29.42 1.25 2 8 8 0.25 0 1 2 1 2 400 109 0
0 57.58 2 2 1 1 6.5 0 1 1 0 2 0 11 0
1 52.5 6.5 2 4 4 6.29 1 1 15 0 2 0 11203 1
1 29.67 1.41 2 9 8 0.75 1 1 1 0 2 240 101 1
0 28.5 1 2 11 4 1 1 1 2 1 2 167 501 0
1 21.92 0.54 1 14 4 0.04 1 1 1 1 2 840 60 1
1 37.5 1.75 1 8 5 0.25 1 0 0 1 2 164 401 0
1 42.83 4.62 2 11 4 4.58 1 0 0 0 1 0 1 1
0 25 11 1 6 4 4.5 1 0 0 0 2 120 1 0
1 18.17 10.25 2 8 8 1.085 0 0 0 0 2 320 14 0
1 22.5 0.12 1 4 4 0.125 0 0 0 0 2 200 71 0
1 16.25 0 1 6 4 0.25 0 0 0 0 2 60 1 0
1 39.42 1.71 1 7 4 0.165 0 0 0 0 1 400 1 0
1 37.33 2.66 2 13 4 0.165 0 0 0 1 2 0 502 0
1 34.75 15 2 12 7 5.375 1 1 9 1 2 0 135 1
1 39.5 4.25 2 8 5 6.5 1 1 16 0 2 117 1211 1
0 21.08 5 1 1 1 0 0 0 0 0 2 0 1 0
1 36.75 0.12 1 8 4 1.5 0 0 0 1 2 232 114 1
1 31.57 0.04 1 2 4 4.25 0 0 0 1 2 460 1 0
1 32.08 4 2 7 4 2.5 1 0 0 1 2 360 1 1
1 34.17 5.25 2 9 4 0.085 0 0 0 1 2 290 7 1
1 20 7 2 8 4 0.5 0 0 0 0 2 0 1 0
1 35.75 2.41 2 9 4 0.125 0 1 2 0 2 220 2 0
1 31.33 19.5 2 8 4 7 1 1 16 0 2 0 5001 1
1 28.33 5 2 9 4 11 1 0 0 1 2 70 1 1
1 18 0.16 2 11 7 0.21 0 0 0 0 2 200 41 1
1 41 0.04 2 10 4 0.04 0 1 1 0 1 560 1 1
1 47.17 5.83 2 9 4 5.5 0 0 0 0 2 465 151 0
1 37.33 6.5 2 7 8 4.25 1 1 12 1 2 93 1 1
0 28.67 1.04 2 8 4 2.5 1 1 5 1 2 300 1431 1
1 28.67 14.5 2 2 4 0.125 0 0 0 0 2 0 287 0
1 34.83 4 2 2 5 12.5 1 0 0 1 2 184 1 0
0 24.75 13.66 2 11 8 1.5 0 0 0 0 2 280 2 0
0 24.5 12.75 2 8 5 4.75 1 1 2 0 2 73 445 1
1 27.58 2.04 1 6 4 2 1 1 3 1 2 370 561 1
1 36.67 3.25 2 11 8 9 1 0 0 1 2 102 640 1
1.234 22.08 11.46 2 4 4 1.585 0 0 0 1 2 100 1213 0
1 63.33 0.54 2 8 4 0.585 1 1 3 1 2 180 1 0
0 19.75 0.75 2 8 4 0.795 1 1 5 1 2 140 6 0
1 19.42 6.5 2 9 8 1.46 1 1 7 0 2 80 2955 1
1 56.42 28 1 8 4 28.5 1 1 40 0 2 0 16 1
1 19.17 0 1 7 5 0 0 0 0 1 1 500 2 1
1 28.92 0.37 2 8 4 0.29 0 0 0 0 2 220 141 0
0 29.5 1.08 1 14 4 1 0 0 0 0 2 280 14 0
0 18.82 4.41 1 8 8 3 1 0 0 0 2 240 1 1
0 25.08 2.54 1 6 4 0.25 1 0 0 1 2 370 1 1
0 16.92 0.5 2 3 4 0.165 0 1 6 1 2 240 36 0
1 28.25 5.12 2 14 4 4.75 1 1 2 0 2 420 8 1
1 36.08 2.54 2 1 1 0 0 0 0 0 2 0 1001 0
0 52.5 7 2 6 8 3 0 0 0 0 2 0 1 0
1 18.67 5 2 11 4 0.375 1 1 2 0 2 0 39 0
1 27.83 1.5 2 9 4 2 1 1 11 1 2 434 36 1
1 32.25 14 1 1 1 0 0 1 2 0 2 160 2 0
0 20.75 10.33 2 13 8 0.335 1 1 1 1 2 80 51 1

