1 56.42 28 1 8 4 28.5 1 1 40 0 2 0 16 1
1 29.92 1.83 2 8 8 4.335 1 0 0 0 2 260 201 1
1 18.82 0 2 11 4 0.665 0 0 0 0 2 160 2 0
1 35.75 2.41 2 9 4 0.125 0 1 2 0 2 220 2 0
1 39.5 4.25 2 8 5 6.5 1 1 16 0 2 117 1211 1
0 52.5 7 2 6 8 3 0 0 0 0 2 0 1 0
0 28.08 15 1 10 9 0 1 0 0 0 2 0 13213 1
1 52.33 1.37 1 8 8 9.46 1 0 0 1 2 200 101 0
1 34.25 1.75 2 9 5 0.25 1 0 0 1 2 163 1 0
1 22.67 1.58 1 9 4 3.085 1 1 6 0 2 80 1 1
1 23.08 11.5 2 3 4 3.5 1 1 9 0 2 56 743 1
0 38.92 1.66 2 6 4 0.25 0 0 0 0 2 0 391 0
1 35.25 3.16 2 14 8 3.75 1 0 0 1 2 680 1 0
0 20.42 10.5 1 14 8 0 0 0 0 1 2 154 33 0
1 34 5.08 1 3 5 1.085 0 0 0 1 2 480 1 0
1 39 5 2 13 4 3.5 1 1 10 1 2 0 1 1
1 18.17 2.46 2 8 7 0.96 0 1 2 1 2 160 588 0
1 41.92 0.42 2 8 8 0.21 1 1 6 0 2 220 949 1
1 21.42 0.75 1 12 7 0.75 0 0 0 1 2 132 3 0
0 18.82 9.53 2 6 4 0.085 1 0 0 0 2 100 1 1
1 16.25 0 1 6 4 0.25 0 0 0 0 2 60 1 0
1 24.83 2.75 2 8 4 2.25 1 1 6 0 2 184 601 1
0 23.25 5.87 2 11 4 3.17 1 1 10 0 2 120 246 1
0 35.42 12 2 11 8 14 1 1 8 0 2 0 6591 1
1 30.08 1.04 1 3 5 0.5 1 1 10 1 2 132 29 0
1 39.17 1.71 2 14 4 0.125 1 1 5 1 2 480 1 1
1 34.58 0 2 8 4 0 0 0 0 0 3 184 1 0
0 17.67 0 1 5 1 0 0 0 0 0 2 86 1 0
0 22.5 11 1 11 4 3 1 0 0 1 2 268 1 0
1 38.17 10.12 2 14 4 2.5 1 1 6 0 2 520 197 1
1 24.08 9 2 6 4 0.25 0 0 0 1 2 0 1 0
1 37.42 2.04 2 9 4 0.04 1 0 0 1 2 400 5801 1
0 28.58 1.66 2 11 4 2.415 1 0 0 1 2 440 1 0
0 21.75 1.75 1 5 3 0 0 0 0 0 2 160 1 0
1 23.08 0 2 4 4 1 0 1 11 0 1 0 1 0
1 25 12.5 2 6 4 3 1 0 0 1 1 20 1 1
0 24.83 4.5 2 9 4 1 0 0 0 1 2 360 7 0
0 30.42 1.37 2 9 8 0.04 0 1 3 0 2 0 34 0
1 59.67 1.54 2 11 4 0.125 1 0 0 1 2 260 1 1
0 55.75 7.08 2 4 8 6.75 1 1 3 1 2 100 51 0
1 52.5 6.5 2 4 4 6.29 1 1 15 0 2 0 11203 1
1 25.25 1 2 6 4 0.5 0 0 0 0 2 200 1 0
0 21.25 2.33 2 3 5 0.5 1 1 4 0 1 80 1 1
0 22.42 11.25 1 14 8 0.75 1 1 4 0 2 0 322 1
0 20.42 0.83 2 11 4 1.585 1 1 1 0 2 0 1 1
0 47 13 2 3 5 5.165 1 1 9 1 2 0 1 1
1 30.17 6.5 2 13 4 3.125 1 1 8 0 2 330 1201 1
1 23.92 1.5 2 2 8 1.875 1 1 6 0 2 200 328 1
0 56.5 16 2 5 1 0 1 1 15 0 2 0 248 1
0 31.57 11.25 2 1 1 0 0 0 0 0 2 184 5201 0
0 25.08 2.54 1 6 4 0.25 1 0 0 1 2 370 1 1
0 26.5 2.71 1 8 4 0.085 0 0 0 0 1 80 1 0
0 24.08 0.5 2 11 8 1.25 1 1 1 0 2 0 679 1
1 32 1.75 1 10 8 0.04 1 0 0 1 2 393 1 1
1 18.17 10.25 2 8 8 1.085 0 0 0 0 2 320 14 0
0 24.5 2.41 1 8 4 0 0 0 0 0 2 120 1 0
1 25.67 2.21 1 6 4 4 1 0 0 0 2 188 1 0
1 20.67 5.29 2 11 4 0.375 1 1 1 0 2 160 1 0
1 24.75 0.54 2 7 4 1 0 0 0 1 2 120 2 0
0 40.83 3.5 2 3 5 0.5 0 0 0 0 1 1160 1 0
1 27.83 4 1 3 8 5.75 1 1 2 1 2 75 1 0
0 28.5 1 2 11 4 1 1 1 2 1 2 167 501 0
1 29.42 1.25 2 8 8 0.25 0 1 2 1 2 400 109 0
1 40.92 0.5 1 7 4 0.5 0 0 0 1 2 130 1 0
1 16.25 0.83 2 7 4 0.085 1 0 0 0 1 200 1 0
1 21.25 1.5 2 9 4 1.5 0 0 0 0 2 150 9 1
1 40.25 21.5 2 10 9 20 1 1 11 0 2 0 1201 1
1 20 7 2 8 4 0.5 0 0 0 0 2 0 1 0
1 37.17 4 2 8 5 5 1 0 0 1 1 280 1 0
1 30.17 0.5 2 8 4 1.75 1 1 11 0 2 32 541 1
1 25.33 0.57 2 8 4 0.29 1 1 7 1 2 96 5125 1
0 23.58 0.83 2 11 4 0.415 0 1 1 1 2 200 12 0
1 25.75 0.5 2 8 4 1.46 1 1 5 1 2 312 1 1
1 25 12 2 4 4 2.25 1 1 2 1 2 120 6 0
0 19.17 0.58 1 6 4 0.585 1 0 0 1 2 160 1 0
1 27.83 1.5 2 9 4 2.25 0 1 1 1 2 100 4 0
1 32.92 2.5 2 6 4 1.75 0 1 2 1 2 720 1 0
1 27.67 2 2 14 8 1 1 1 4 0 2 140 7545 1
1 20.42 7 2 8 4 1.625 1 1 3 0 2 200 1392 1
1 35.58 0.75 2 4 4 1.5 0 0 0 1 2 231 1 0
1 26.75 1.12 2 14 8 1.25 1 0 0 0 2 0 5299 1
1 34.92 2.5 2 9 4 0 1 0 0 1 2 239 201 1
0 22.75 6.16 2 6 4 0.165 0 0 0 0 2 220 1001 0
1 20.07 0.25 2 11 4 0.125 0 0 0 0 2 200 1 0
1 18.25 0.16 2 2 4 0.25 0 0 0 1 1 280 1 0
1 31.57 10.5 2 14 4 6.5 1 0 0 0 2 0 1 1
1 19.42 6.5 2 9 8 1.46 1 1 7 0 2 80 2955 1
1 34 5.5 1 8 4 1.5 0 0 0 1 2 60 1 0
0 39.08 4 2 8 4 3 0 0 0 0 2 480 1 0
0 20.75 10.33 2 13 8 0.335 1 1 1 1 2 80 51 1
1 31.57 0.62 2 4 4 0.25 0 0 0 0 2 380 2011 0
1 21.92 0.5 2 8 4 0.125 0 0 0 0 2 360 1 0
1 24.58 1.25 2 8 4 0.25 0 0 0 0 2 110 1 0
0 33.17 2.25 1 13 4 3.5 0 0 0 1 2 200 142 0
0 22.67 0.75 2 8 4 2 0 1 2 1 2 200 395 0
1 22.5 0.12 1 4 4 0.125 0 0 0 0 2 200 71 0
0 22.92 11.58 2 13 4 0.04 1 0 0 0 2 80 1350 1
1 23.17 11.12 2 14 8 0.46 1 1 1 0 2 100 1 1
0 16.07 0.33 2 1 1 0 0 1 1 0 2 160 127 0
0 47.42 8 2 10 5 6.5 1 1 6 0 2 375 51101 1
0 31.57 3.5 2 2 4 3 1 0 0 1 2 300 1 0
1 36.67 3.25 2 11 8 9 1 0 0 1 2 102 640 1
0 52.83 15 2 8 4 5.5 1 1 14 0 2 0 2201 1
1 51.83 2.04 1 1 1 1.5 0 0 0 0 2 120 2 0
0 20.67 1.83 2 11 4 2.085 1 1 5 0 2 220 2504 1
0 25.58 0 2 8 4 0 0 0 0 0 3 184 1 1
0 35.75 0.91 2 6 4 0.75 1 1 4 0 2 0 1584 1
0 24.75 12.5 2 6 4 1.5 1 1 12 1 2 120 568 1
1 48.75 26.33 1 1 1 0 1 0 0 1 2 0 1 0
1 21.33 7.5 2 6 4 1.415 1 1 1 0 2 80 9801 1
0 41.17 6.5 2 11 4 0.5 1 1 3 1 2 145 1 1
1 34.5 4.04 1 3 5 8.5 1 1 7 1 2 195 1 1
1 43.17 5 2 3 5 2.25 0 0 0 1 2 141 1 0
0 26.17 2 2 5 3 0 0 0 0 1 2 276 2 0
1 37.5 1.75 1 8 5 0.25 1 0 0 1 2 164 401 0
0 51.92 6.5 2 3 5 3.085 0 0 0 1 2 73 1 0
1 19.32 10.91 2 8 5 0.585 0 1 2 1 2 200 8 0
1 30.83 0 2 9 4 1.25 1 1 1 0 2 202 1 1
0 35.17 3.75 2 1 1 0 0 1 6 0 2 0 201 0
0 47.42 3 2 14 4 13.875 1 1 2 1 2 519 1705 1
0 28.5 3.04 1 14 8 2.54 1 1 1 0 2 70 1 1
0 50.25 0.83 2 6 4 0.5 0 0 0 1 2 240 118 0
0 33.08 1.62 2 2 4 0.54 0 0 0 1 2 0 1 0
1 29.67 1.41 2 9 8 0.75 1 1 1 0 2 240 101 1
1 34.08 0.08 1 7 5 0.04 1 1 1 1 2 280 2001 1
1 31.08 1.5 1 9 4 0.04 0 0 0 0 1 160 1 0
0 22.5 8.5 2 11 4 1.75 1 1 10 0 2 80 991 0
0 29.58 1.75 1 4 4 1.25 0 0 0 1 2 280 1 0
1 31.57 0.04 1 2 4 4.25 0 0 0 1 2 460 1 0
1 20.67 0.83 1 8 4 2 0 0 0 1 1 240 1 0
1 39.92 0.54 1 6 4 0.5 1 1 3 0 2 200 1001 1
1 26 1 2 11 4 1.75 1 0 0 1 2 280 1 1
0 24.75 13.66 2 11 8 1.5 0 0 0 0 2 280 2 0
1 22.67 10.5 2 11 8 1.335 1 0 0 0 2 100 1 1
1 23.25 12.62 2 8 4 0.125 0 1 2 0 2 0 5553 0
0 23 1.83 2 5 3 0 0 1 1 0 2 200 54 0
1 26.17 12.5 1 4 8 1.25 0 0 0 1 2 0 18 0
0 26.58 2.54 1 1 1 0 0 0 0 1 2 180 61 0
1 26.67 2.71 1 13 4 5.25 1 1 1 0 2 211 1 1
1 24.58 13.5 1 1 1 0 0 0 0 0 2 184 1 0
0 29.75 0.66 2 9 4 0.25 0 0 0 1 2 300 1 0
1 31.42 15.5 2 8 4 0.5 1 0 0 0 2 120 1 0
1 42.75 3 2 3 5 1 1 0 0 0 2 0 201 0
0 29.5 2 1 10 8 2 0 0 0 0 2 256 18 0
1 23.58 0.46 1 9 4 2.625 1 1 6 1 2 208 348 0
0 53.33 0.16 2 1 1 0 0 0 0 1 1 62 28 0
1 41.5 1.54 2 3 5 3.5 0 0 0 0 2 216 1 1
1 56.75 12.25 2 7 4 1.25 1 1 4 1 2 200 1 1
1 36.42 0.75 1 2 4 0.585 0 0 0 0 2 240 4 0
1 20.5 10 1 8 4 2.5 1 0 0 0 1 40 1 1
1 32.75 2.33 2 2 8 5.75 0 0 0 1 2 292 1 0
1 23.25 4 2 8 5 0.25 1 0 0 1 2 160 1 1
1 44.33 0.5 2 3 8 5 1 0 0 1 2 320 1 1
1 21.5 11.5 2 3 4 0.5 1 0 0 1 2 100 69 0
1 35.25 16.5 1 8 4 4 1 0 0 0 2 80 1 0
0 19.57 0.66 2 9 4 1.665 0 0 0 0 2 220 6 0
0 31.25 3.75 2 13 8 0.625 1 1 9 1 2 181 1 1
0 38.58 5 2 13 4 13.5 1 0 0 1 2 980 1 0
1 25.42 0.54 2 9 4 0.165 0 1 1 0 2 272 445 0
0 32.25 1.5 2 8 4 0.25 0 0 0 1 2 372 123 0
0 30.5 6.5 2 8 5 4 1 1 7 1 2 0 3066 1
0 22.67 0.79 2 3 4 0.085 0 0 0 0 2 144 1 0
0 24.75 3 2 11 8 1.835 1 1 19 0 2 0 501 1
0 22.92 1.25 2 11 4 0.25 0 0 0 1 2 120 810 0
0 15.75 0.37 2 8 4 1 0 0 0 0 2 120 19 0
0 25 11 1 6 4 4.5 1 0 0 0 2 120 1 0
1 57.83 7.04 2 7 4 14 1 1 6 1 2 360 1333 1
1 38.25 10.12 1 4 4 0.125 0 0 0 0 2 160 1 0
0 40.33 8.12 1 4 4 0.165 0 1 2 0 2 184 19 0
1 34.17 1.54 2 13 4 1.54 1 1 1 1 2 520 50001 1
0 30 5.29 2 10 2 2.25 1 1 5 1 2 99 501 1
1 23.58 0.83 2 3 8 0.085 0 0 0 1 2 220 6 0
1 42.83 4.62 2 11 4 4.58 1 0 0 0 1 0 1 1
1 27 1.5 1 9 4 0.375 1 0 0 1 2 260 1066 1
1 27.25 0.62 2 6 4 0.455 1 0 0 1 2 200 1 0
1 49.17 2.29 2 1 1 0.29 0 0 0 0 2 200 4 0
1 24.17 0.87 2 11 4 4.625 1 1 2 1 2 520 2001 1
1 36.25 5 2 8 5 2.5 1 1 6 0 2 0 368 1
0 15.83 0.58 2 8 8 1.5 1 1 2 0 2 100 1 1
1 16.5 0.12 2 8 4 0.165 0 0 0 0 2 132 1 0
1 34.25 3 2 13 8 7.415 1 0 0 1 2 0 1 1
0 21.92 11.66 2 4 8 0.085 0 0 0 0 2 320 6 0
0 16.92 0.5 2 3 4 0.165 0 1 6 1 2 240 36 0
1 51.42 0.04 2 14 8 0.04 1 0 0 0 2 0 3001 1
1 18.57 10.29 2 1 1 0.415 0 0 0 0 2 80 1 0
1 41 0.04 2 10 4 0.04 0 1 1 0 1 560 1 1
0 19.17 5.41 2 3 8 0.29 0 0 0 0 2 80 485 0
0 20.75 10.25 2 11 4 0.71 1 1 2 1 2 49 1 1
1 31.57 4 2 14 4 5 1 1 3 1 2 290 2280 1
1 32.33 2.5 2 8 4 1.25 0 0 0 1 2 280 1 0
1 29.25 14.79 2 6 4 5.04 1 1 5 1 2 168 1 1
0 17.32 9.5 2 6 4 1.75 0 1 10 1 2 0 11 0
1 27.58 2.04 1 6 4 2 1 1 3 1 2 370 561 1
1 32.75 1.5 2 13 8 5.5 1 1 3 1 2 0 1 1
0 22.5 0.41 2 3 4 0.335 0 0 0 1 1 144 1 0
1 52.42 1.5 2 2 4 3.75 0 0 0 1 2 0 351 0
0 25.25 12.5 2 2 4 1 0 0 0 1 2 180 1063 0
0 36.75 4.71 2 1 1 0 0 0 0 0 2 160 1 0
1 21.92 0.54 1 14 4 0.04 1 1 1 1 2 840 60 1
0 48.17 1.33 2 3 7 0.335 0 0 0 0 2 0 121 0
1 47.17 5.83 2 9 4 5.5 0 0 0 0 2 465 151 0
1 55.92 11.5 2 1 1 5 1 1 5 0 2 0 8852 1
1 26.33 13 2 10 2 0 0 0 0 1 2 140 1111 0
1 21.17 0 2 8 4 0.5 0 0 0 1 1 0 1 0
0 29.5 1.08 1 14 4 1 0 0 0 0 2 280 14 0
1 31.08 3.08 2 8 4 2.5 0 1 2 1 2 160 42 0
1 30.75 1.58 2 2 4 0.585 0 0 0 1 1 0 1 0
0 24.5 1.75 1 8 4 0.165 0 0 0 0 2 132 1 0
0 44.33 0 2 8 4 2.5 1 0 0 0 2 0 1 1
1 45 8.5 2 13 8 14 1 1 1 1 2 88 2001 1
1 62.75 7 2 10 9 0 0 0 0 0 2 0 13 0
1 23.92 0.66 2 8 4 0.165 0 0 0 0 2 100 1 1
1 42.83 1.25 2 7 4 13.875 0 1 1 1 2 352 113 0
0 28.42 3.5 2 9 4 0.835 1 0 0 0 1 280 1 1
1 36.17 5.5 2 3 5 5 0 0 0 0 2 210 688 0
0 41 2.04 1 11 8 0.125 1 1 23 1 2 455 1237 1
1 42.17 5.04 2 11 8 12.75 1 0 0 1 2 92 1 1
0 32 6 2 2 4 1.25 0 0 0 0 2 272 1 0
1 36.17 18.12 2 9 4 0.085 0 0 0 0 2 320 3553 0
1 17.07 0.25 2 11 4 0.335 0 1 4 0 2 160 9 0

