1 43.08 0.37 1 8 4 0.375 1 1 8 1 2 300 163 1
1 29.58 4.5 2 9 4 7.5 1 1 2 1 2 330 1 1
1 23 0.62 1 6 4 0.125 1 0 0 0 2 180 2 0
1 33.67 2.16 2 8 4 1.5 0 0 0 0 3 120 1 0
0 20.42 10.5 1 14 8 0 0 0 0 1 2 154 33 0
1 57.42 8.5 2 10 8 7 1 1 3 0 2 0 1 1
1 36.17 0.42 1 9 4 0.29 0 0 0 1 2 309 3 0
0 19.57 0.66 1 8 4 1 0 1 1 0 2 2000 3 0
1 16.5 0.12 2 8 4 0.165 0 0 0 0 2 132 1 0
1 29.83 1.25 1 4 4 0.25 0 0 0 0 2 224 1 0
1 41.33 0 2 8 5 15 1 0 0 0 2 0 1 1
1 30.83 0 2 9 4 1.25 1 1 1 0 2 202 1 1
1 31.57 3 1 3 5 7 0 0 0 0 2 0 2 0
1 36.75 0.12 1 8 4 1.5 0 0 0 1 2 232 114 1
1 41 0.04 2 10 4 0.04 0 1 1 0 1 560 1 1
1 53.92 9.62 2 10 4 8.665 1 1 5 0 2 0 1 1
1 52.42 1.5 2 2 4 3.75 0 0 0 1 2 0 351 0
1 23.25 1.5 2 11 4 2.375 1 1 3 1 2 0 583 1
1 26.92 2.25 2 3 5 0.5 0 0 0 1 2 640 4001 0
0 20.42 0.83 2 11 4 1.585 1 1 1 0 2 0 1 1
0 38.75 1.5 2 1 1 0 0 0 0 0 2 76 1 0
0 24.5 12.75 2 8 5 4.75 1 1 2 0 2 73 445 1
1 26.33 13 2 10 2 0 0 0 0 1 2 140 1111 0
1 39.83 0.5 2 7 4 0.25 1 0 0 0 1 288 1 0
1 29.83 3.5 2 8 4 0.165 0 0 0 0 2 216 1 0
1 32.42 2.16 1 4 1 0 0 0 0 0 2 120 1 0
1 18.07 5.5 2 4 4 0.5 1 0 0 0 2 80 1 1
0 23 1.83 2 5 3 0 0 1 1 0 2 200 54 0
1 31.57 4 1 3 4 0.085 0 0 0 1 2 411 1 0
0 39.08 4 2 8 4 3 0 0 0 0 2 480 1 0
1 42 9.78 2 14 8 7.96 1 1 8 0 2 0 1 1
0 22.58 10.75 2 11 4 0.415 1 1 5 1 2 0 561 1
1.234 22.08 11.46 2 4 4 1.585 0 0 0 1 2 100 1213 0
1 17.42 6.5 2 3 4 0.125 0 0 0 0 2 60 101 0
1 24.42 12.33 2 11 8 1.585 1 0 0 1 2 120 1 1
1 30.08 1.04 1 3 5 0.5 1 1 10 1 2 132 29 0
1 34 4.5 2 6 4 1 1 0 0 1 2 240 1 0
1 22 0.79 2 9 4 0.29 0 1 1 0 2 420 284 0
1 25.75 0.5 2 8 4 1.46 1 1 5 1 2 312 1 1
0 41.17 6.5 2 11 4 0.5 1 1 3 1 2 145 1 1
1 22.67 0.75 2 3 4 1.585 0 1 1 1 2 400 10 0
1 18.42 10.41 1 6 4 0.125 1 0 0 0 2 120 376 0
1 43 0.28 1 13 8 1.75 1 1 8 0 2 100 376 1
1 28.75 1.16 2 4 4 0.5 1 0 0 0 1 280 1 0
1 22.58 10.03 2 14 4 0.04 1 1 9 0 2 60 397 1
1 40.58 1.5 2 3 5 0 0 0 0 0 1 300 1 0
1 34.83 4 2 2 5 12.5 1 0 0 1 2 184 1 0
0 47.25 0.75 2 11 8 2.75 1 1 1 0 2 333 893 1
1 25.33 0.57 2 8 4 0.29 1 1 7 1 2 96 5125 1
0 25.75 0.5 2 8 8 0.875 1 0 0 1 2 491 1 1
1 20.67 5.29 2 11 4 0.375 1 1 1 0 2 160 1 0
1 80.25 5.5 2 8 4 0.54 1 0 0 0 2 0 341 0
1 34.83 2.5 1 9 4 3 0 0 0 0 1 200 1 0
1 29.67 1.41 2 9 8 0.75 1 1 1 0 2 240 101 1
1 27.58 3.25 1 11 8 5.085 0 1 2 1 2 369 2 0
1 29.42 1.25 2 9 4 1.75 0 0 0 0 2 200 1 0
0 46.08 3 2 8 4 2.375 1 1 8 1 2 396 4160 1
1 21.08 10.08 1 10 8 1.25 0 0 0 0 2 260 1 0
1 42.17 5.04 2 11 8 12.75 1 0 0 1 2 92 1 1
0 16.5 1.25 2 11 4 0.25 0 1 1 0 2 108 99 0
1 38.58 3.33 2 9 4 4 1 1 14 0 2 383 1345 1
1 31.57 0.5 2 8 5 0.835 1 0 0 1 1 320 1 0
1 18.57 10.29 2 1 1 0.415 0 0 0 0 2 80 1 0
1 49.5 7.58 2 3 5 7.585 1 1 15 1 2 0 5001 1
0 30.25 5.5 2 4 4 5.5 0 0 0 1 1 100 1 0
1 32 1.75 1 10 8 0.04 1 0 0 1 2 393 1 1
1 34.25 1.75 2 9 5 0.25 1 0 0 1 2 163 1 0
0 52.83 15 2 8 4 5.5 1 1 14 0 2 0 2201 1
0 33.67 0.37 2 13 4 0.375 0 0 0 0 2 300 45 1
1 26 1 2 11 4 1.75 1 0 0 1 2 280 1 1
1 37.5 1.75 1 8 5 0.25 1 0 0 1 2 164 401 0
0 15.92 2.87 2 11 4 0.085 0 0 0 0 2 120 1 0
1 20.42 0 2 8 4 0 0 0 0 0 3 184 1 0
1 26.67 14.58 2 3 5 0 0 0 0 1 2 178 1 0
0 18.07 0.37 3 13 1 10 0 0 0 1 1 300 1 1
1 27.83 1.54 2 9 4 3.75 1 1 5 1 2 100 4 1
1 22.58 1.5 1 6 4 0.54 0 0 0 1 2 120 68 0
0 64.08 0.16 2 1 1 0 1 1 1 0 2 232 101 1
0 45 4.58 2 4 8 1 0 0 0 1 1 240 1 0
0 35.17 3.75 2 1 1 0 0 1 6 0 2 0 201 0
1 23.08 2.5 2 8 4 1.085 1 1 11 1 2 60 2185 1
1 25.67 12.5 2 13 4 1.21 1 1 67 1 2 140 259 1
1 21.58 0.79 1 13 4 0.665 0 0 0 0 2 160 1 0
1 31.57 0.04 1 2 4 4.25 0 0 0 1 2 460 1 0
1 27.83 4 1 3 8 5.75 1 1 2 1 2 75 1 0
1 21.67 1.16 1 4 4 2.5 1 1 1 0 2 180 21 0
1 20.67 0.41 2 8 4 0.125 0 0 0 0 2 0 45 0
1 32.33 3.5 2 4 4 0.5 0 0 0 1 2 232 1 0
1 28.25 0.87 2 7 4 0.96 1 1 3 1 2 396 1 1
1 42.75 3 2 3 5 1 1 0 0 0 2 0 201 0
0 20.83 0.5 1 10 2 1 0 0 0 0 2 260 1 0
1 27.58 2.04 1 6 4 2 1 1 3 1 2 370 561 1
1 22.67 0.16 2 8 3 2.25 0 0 0 1 1 0 1 1
1 28.33 5 2 9 4 11 1 0 0 1 2 70 1 1
1 17.57 10 2 9 8 0.165 0 1 1 0 2 120 2 0
1 38.92 1.75 2 4 4 0.5 0 0 0 1 2 300 3 0
1 25.17 3.5 2 13 4 0.625 1 1 7 0 2 0 7060 1
0 26.17 2 2 5 3 0 0 0 0 1 2 276 2 0
1 22.67 10.5 2 11 8 1.335 1 0 0 0 2 100 1 1
1 34.17 1.54 2 13 4 1.54 1 1 1 1 2 520 50001 1
1 18.07 6.75 1 7 4 0.04 0 0 0 0 2 140 1 0
1 24.58 12.5 2 9 4 0.875 1 0 0 1 2 260 1 0
1 27.67 13.75 2 9 4 5.75 1 0 0 1 2 487 501 1
1 18.82 0.41 1 8 4 0.165 0 1 1 0 2 200 2 0
1 34.25 3 2 13 8 7.415 1 0 0 1 2 0 1 1
1 22.33 11 2 9 4 2 1 1 1 0 2 80 279 1
0 46.67 0.46 2 13 8 0.415 1 1 11 1 2 440 7 1
0 21.5 6 2 6 4 2.5 1 1 3 0 2 80 919 1
1 63.33 0.54 2 8 4 0.585 1 1 3 1 2 180 1 0
1 33.67 1.25 2 9 4 1.165 0 0 0 0 2 120 1 0
1 34.17 5.25 2 9 4 0.085 0 0 0 1 2 290 7 1
0 22.42 11.25 1 14 8 0.75 1 1 4 0 2 0 322 1
1 20.42 1.83 2 8 4 2.25 1 1 1 0 2 100 151 1
1 22.92 3.16 1 8 4 0.165 0 0 0 0 2 160 1059 0
1 44.25 11 1 2 4 1.5 1 0 0 0 1 0 1 0
1 33.17 3.16 1 14 4 3.165 1 1 3 1 2 380 1 1
1 32.08 4 1 13 4 1.5 0 0 0 1 2 120 1 0
1 17.67 4.46 2 8 4 0.25 0 0 0 0 1 80 1 0
1 19.67 0.37 2 11 4 2 1 1 2 1 2 80 1 1
1 69.17 9 2 1 1 4 0 1 1 0 2 70 7 0
1 28.58 3.62 2 6 4 0.25 0 0 0 1 2 100 1 0
1 37.33 6.5 2 7 8 4.25 1 1 12 1 2 93 1 1
1 54.83 15.5 2 10 9 0 1 1 20 0 2 152 131 0
1 29.58 4.75 2 7 4 2 0 1 1 1 2 460 69 0
1 34 5.5 1 8 4 1.5 0 0 0 1 2 60 1 0
1 38.67 0.21 2 4 4 0.085 1 0 0 1 2 280 1 1
1 59.67 1.54 2 11 4 0.125 1 0 0 1 2 260 1 1
1 28.92 0.37 2 8 4 0.29 0 0 0 0 2 220 141 0
1 32.75 1.5 2 13 8 5.5 1 1 3 1 2 0 1 1
1 39 5 2 13 4 3.5 1 1 10 1 2 0 1 1
1 32.92 2.5 2 6 4 1.75 0 1 2 1 2 720 1 0
1 56 12.5 2 4 8 8 1 0 0 1 2 24 2029 1
1 45 8.5 2 13 8 14 1 1 1 1 2 88 2001 1
0 38.33 4.41 2 8 4 0.125 0 0 0 0 2 160 1 0
0 47.42 8 2 10 5 6.5 1 1 6 0 2 375 51101 1
1 23.25 4 2 8 5 0.25 1 0 0 1 2 160 1 1
0 20.75 9.53 2 3 4 0.04 0 0 0 0 2 200 1001 0
0 40.83 10 2 11 8 1.75 1 0 0 0 2 29 838 1
1 22.17 0.58 1 1 1 0 0 0 0 0 2 100 1 0
0 18.82 9.53 2 6 4 0.085 1 0 0 0 2 100 1 1
1 26.17 0.83 2 13 4 1.165 0 0 0 0 2 100 1 0
0 38.58 5 2 13 4 13.5 1 0 0 1 2 980 1 0
1 27.25 0.62 2 6 4 0.455 1 0 0 1 2 200 1 0
1 48.33 12 2 7 4 16 1 0 0 0 1 110 1 1
1 18.32 1.21 1 10 2 0 0 0 0 0 2 100 1 0
1 28 3 2 9 4 0.75 0 0 0 1 2 300 68 0
0 31.57 11.25 2 1 1 0 0 0 0 0 2 184 5201 0
1 19.42 6.5 2 9 8 1.46 1 1 7 0 2 80 2955 1
1 23.08 2.5 2 1 1 0.085 0 0 0 1 2 100 4209 0
1 34.58 0 2 8 4 0 0 0 0 0 3 184 1 0
1 48.75 26.33 1 1 1 0 1 0 0 1 2 0 1 0
0 27.17 1.25 2 1 1 0 0 1 1 0 2 92 301 0
1 23.25 12.62 2 8 4 0.125 0 1 2 0 2 0 5553 0
1 48.08 3.75 2 3 5 1 0 0 0 0 2 100 3 0
0 60.58 16.5 2 11 4 11 1 0 0 1 2 21 10562 1
1 22.25 9 2 6 4 0.085 0 0 0 0 2 0 1 0
0 20.67 3 2 11 4 0.165 1 1 3 0 2 100 7 1
1 21.83 1.54 2 4 4 0.085 0 0 0 1 2 356 1 0
0 25.17 2.87 2 14 8 0.875 1 0 0 0 2 360 1 1
1 36.5 4.25 2 11 4 3.5 0 0 0 0 2 454 51 0
0 38.25 6 2 4 4 1 1 0 0 1 2 0 1 1
1 36.67 2 2 3 4 0.25 0 0 0 1 2 221 1 0
1 25.67 3.25 2 8 8 2.29 0 1 1 1 2 416 22 0
1 25.25 1 2 6 4 0.5 0 0 0 0 2 200 1 0
1 31.57 5 1 6 4 8.5 1 0 0 0 2 0 1 0
1 27.25 1.66 2 13 8 5.085 1 1 9 0 2 399 828 1
0 24.5 2.41 1 8 4 0 0 0 0 0 2 120 1 0
1 40.92 0.83 2 1 1 0 1 0 0 0 2 130 2 0
1 20.42 7 2 8 4 1.625 1 1 3 0 2 200 1392 1
0 71.58 0 2 8 4 0 0 0 0 0 3 184 1 1
1 39.33 5.87 2 13 8 10 1 1 14 1 2 399 1 1
0 31.57 1.5 2 1 1 0 0 1 2 1 2 200 106 0
1 36.42 0.75 1 2 4 0.585 0 0 0 0 2 240 4 0
1 52.33 1.37 1 8 8 9.46 1 0 0 1 2 200 101 0
1 25.17 6 2 8 4 1 1 1 3 0 2 0 1 1
0 31.25 3.75 2 13 8 0.625 1 1 9 1 2 181 1 1
1 38.17 10.12 2 14 4 2.5 1 1 6 0 2 520 197 1
1 22.5 11.5 1 7 4 1.5 0 0 0 1 2 0 4001 0
0 49 1.5 2 5 3 0 1 0 0 1 2 100 28 0
0 34.83 1.25 1 3 8 0.5 0 0 0 1 2 160 1 0
1 67.75 5.5 2 10 9 13 1 1 1 1 2 0 1 1
1 38.42 0.7 2 8 4 0.375 0 1 2 0 2 225 501 0
0 28.08 15 1 10 9 0 1 0 0 0 2 0 13213 1
1 51.33 10 2 3 5 0 1 1 11 0 2 0 1250 1
1 33 2.5 1 9 4 7 0 0 0 1 2 280 1 0
1 33.17 1.04 2 12 8 6.5 1 0 0 1 2 164 31286 1
1 27.83 1 1 2 8 3 0 0 0 0 2 176 538 0
1 29.83 2.04 1 14 8 0.04 0 0 0 0 2 128 2 0
0 28.67 1.04 2 8 4 2.5 1 1 5 1 2 300 1431 1
0 22.83 2.29 2 11 8 2.29 1 1 7 1 2 140 2385 1
0 28.58 1.66 2 11 4 2.415 1 0 0 1 2 440 1 0
0 32.25 1.5 2 8 4 0.25 0 0 0 1 2 372 123 0
1 39.25 9.5 2 7 4 6.5 1 1 14 0 2 240 4608 1
1 41.17 4.04 2 13 8 7 1 1 8 0 2 320 1 1
1 34.75 15 2 12 7 5.375 1 1 9 1 2 0 135 1
0 30 5.29 2 10 2 2.25 1 1 5 1 2 99 501 1
1 30.17 6.5 2 13 4 3.125 1 1 8 0 2 330 1201 1
1 23.58 1.79 2 8 4 0.54 0 0 0 1 2 136 2 0
0 28.75 3.75 2 8 4 1.085 1 1 1 1 2 371 1 1
0 50.08 12.54 2 6 4 2.29 1 1 3 1 2 156 1 1
1 31.57 0.62 2 4 4 0.25 0 0 0 0 2 380 2011 0
1 31.67 16.16 2 2 4 3 1 1 9 0 2 250 731 1
1 34.08 0.08 1 7 5 0.04 1 1 1 1 2 280 2001 1
1 19.42 1.5 1 13 4 2 1 0 0 1 2 100 21 0
0 44.33 0 2 8 4 2.5 1 0 0 0 2 0 1 1
0 17.67 0 1 5 1 0 0 0 0 0 2 86 1 0
0 47 13 2 3 5 5.165 1 1 9 1 2 0 1 1
0 24.33 2.5 1 3 5 4.5 0 0 0 0 2 200 457 0
0 16.92 0.5 2 3 4 0.165 0 1 6 1 2 240 36 0
1 34 5.08 1 3 5 1.085 0 0 0 1 2 480 1 0
1 23 0.75 2 7 4 0.5 0 0 0 1 1 320 1 0
1 41.42 5 2 11 8 5 1 1 6 1 2 470 1 1
1 22.83 3 2 7 4 1.29 1 1 1 0 2 260 801 1
1 27.75 0.58 1 13 4 0.25 1 1 2 0 2 260 501 1
0 19.17 0.58 1 6 4 0.585 1 0 0 1 2 160 1 0
1 43.17 2.25 2 3 5 0.75 1 0 0 0 2 560 1 0
1 18.5 2 2 3 4 1.5 1 1 2 0 2 120 301 1
1 34.17 9.17 2 8 4 4.5 1 1 12 1 2 0 222 1
1 51.83 3 1 1 1 1.5 0 0 0 0 2 180 5 0
1 44 2 2 7 4 1.75 1 1 2 1 2 0 16 1

