1 35.17 25.12 2 14 8 1.625 1 1 1 1 2 515 501 1
1 43.17 5 2 3 5 2.25 0 0 0 1 2 141 1 0
0 31.92 3.12 2 1 1 3.04 0 1 2 1 2 200 5 0
1 42.83 1.25 2 7 4 13.875 0 1 1 1 2 352 113 0
1 43.08 0.37 1 8 4 0.375 1 1 8 1 2 300 163 1
0 56.83 4.25 1 1 1 5 0 0 0 1 2 0 5 0
0 22.67 3.8 2 8 4 0.165 0 0 0 0 2 160 1 0
1 13.75 4 1 9 4 1.75 1 1 2 1 2 120 1001 1
1 25.33 0.57 2 8 4 0.29 1 1 7 1 2 96 5125 1
0 19.17 0.58 1 6 4 0.585 1 0 0 1 2 160 1 0
0 30.42 1.37 2 9 8 0.04 0 1 3 0 2 0 34 0
0 23.5 9 2 11 4 8.5 1 1 5 1 2 120 1 1
1 53.92 9.62 2 10 4 8.665 1 1 5 0 2 0 1 1
1 20.67 5.29 2 11 4 0.375 1 1 1 0 2 160 1 0
0 31.57 1.5 2 1 1 0 0 1 2 1 2 200 106 0
1 74.83 19 1 1 1 0.04 0 1 2 0 2 0 352 0
0 45 4.58 2 4 8 1 0 0 0 1 1 240 1 0
1 32.83 2.5 2 13 8 2.75 1 1 6 0 2 160 2073 1
0 20.42 7.5 2 4 4 1.5 1 1 1 0 2 160 235 1
1 25.25 1 2 6 4 0.5 0 0 0 0 2 200 1 0
0 57.58 2 2 1 1 6.5 0 1 1 0 2 0 11 0
1 22.67 0.16 2 8 3 2.25 0 0 0 1 1 0 1 1
1 16.25 0.83 2 7 4 0.085 1 0 0 0 1 200 1 0
0 28.75 3.75 2 8 4 1.085 1 1 1 1 2 371 1 1
1 64.08 20 2 14 8 17.5 1 1 9 1 2 0 1001 1
1.234 22.08 11.46 2 4 4 1.585 0 0 0 1 2 100 1213 0
0 40.83 10 2 11 8 1.75 1 0 0 0 2 29 838 1
1 23.25 4 2 8 5 0.25 1 0 0 1 2 160 1 1
0 30.25 5.5 2 4 4 5.5 0 0 0 1 1 100 1 0
1 23.08 11.5 2 9 8 2.125 1 1 11 1 2 290 285 1
1 31.33 19.5 2 8 4 7 1 1 16 0 2 0 5001 1
1 21.17 0.87 1 8 8 0.25 0 0 0 0 2 280 205 0
1 31.67 0.83 2 14 4 1.335 1 1 8 1 2 303 3291 1
1 40.58 1.5 2 3 5 0 0 0 0 0 1 300 1 0
1 19.5 9.58 2 6 4 0.79 0 0 0 0 2 80 351 0
0 28.08 15 1 10 9 0 1 0 0 0 2 0 13213 1
1 33.58 0.25 2 3 5 4 0 0 0 1 1 420 1 0
0 16.32 0.21 2 6 4 0.125 0 0 0 0 2 200 2 0
1 37.17 4 2 8 5 5 1 0 0 1 1 280 1 0
1 34.83 2.5 1 9 4 3 0 0 0 0 1 200 1 0
0 60.92 5 2 6 4 4 1 1 4 0 2 0 100 1
1 21.58 0.79 1 13 4 0.665 0 0 0 0 2 160 1 0
1 47.67 0.28 2 8 5 15 1 1 20 0 2 0 15001 1
0 47 13 2 3 5 5.165 1 1 9 1 2 0 1 1
0 64.08 0.16 2 1 1 0 1 1 1 0 2 232 101 1
1 22 0.79 2 9 4 0.29 0 1 1 0 2 420 284 0
1 35.58 0.75 2 4 4 1.5 0 0 0 1 2 231 1 0
1 26.83 0.54 2 4 1 0 0 0 0 0 2 100 1 0
0 24.75 12.5 2 6 4 1.5 1 1 12 1 2 120 568 1
0 28.67 1.04 2 8 4 2.5 1 1 5 1 2 300 1431 1
0 53.33 0.16 2 1 1 0 0 0 0 1 1 62 28 0
1 25 11.25 2 8 4 2.5 1 1 17 0 2 200 1209 1
0 16.92 0.5 2 3 4 0.165 0 1 6 1 2 240 36 0
1 15.17 7 2 10 4 1 0 0 0 0 2 600 1 0
1 38.42 0.7 2 8 4 0.375 0 1 2 0 2 225 501 0
1 23.25 1.5 2 11 4 2.375 1 1 3 1 2 0 583 1
0 17.82 11 2 14 8 1 1 1 11 0 2 0 3001 1
1 56 12.5 2 4 8 8 1 0 0 1 2 24 2029 1
1 36.42 0.75 1 2 4 0.585 0 0 0 0 2 240 4 0
1 27.25 1.66 2 13 8 5.085 1 1 9 0 2 399 828 1
1 34.17 5.25 2 9 4 0.085 0 0 0 1 2 290 7 1
0 29.75 0.66 2 9 4 0.25 0 0 0 1 2 300 1 0
1 48.75 8.5 2 8 8 12.5 1 1 9 0 2 181 1656 1
0 36.75 4.71 2 1 1 0 0 0 0 0 2 160 1 0
1 26.67 4.25 2 13 4 4.29 1 1 1 1 2 120 1 1
1 31.25 1.12 2 1 1 0 0 1 1 0 2 96 20 0
1 27.83 1.5 2 9 4 2 1 1 11 1 2 434 36 1
1 28.67 14.5 2 2 4 0.125 0 0 0 0 2 0 287 0
1 27.83 1 1 2 8 3 0 0 0 0 2 176 538 0
1 26.25 1.54 2 9 4 0.125 0 0 0 0 2 100 1 0
0 26.5 2.71 1 8 4 0.085 0 0 0 0 1 80 1 0
0 24.58 0.67 2 6 8 1.75 1 0 0 0 2 400 1 0
0 50.08 12.54 2 6 4 2.29 1 1 3 1 2 156 1 1
1 37.33 6.5 2 7 8 4.25 1 1 12 1 2 93 1 1
0 44.17 6.66 2 11 4 7.375 1 1 3 1 2 0 1 1
1 29.58 4.5 2 9 4 7.5 1 1 2 1 2 330 1 1
0 18.92 9 2 6 4 0.75 1 1 2 0 2 88 592 1
1 25.08 1.71 2 14 4 1.665 1 1 1 1 2 395 21 1
1 31.57 3 1 3 5 7 0 0 0 0 2 0 2 0
0 20.5 11.83 2 8 8 6 1 0 0 0 2 340 1 1
0 28.17 0.37 2 11 4 0.585 1 1 4 0 2 80 1 1
1 52.42 1.5 2 2 4 3.75 0 0 0 1 2 0 351 0
1 22.83 3 2 7 4 1.29 1 1 1 0 2 260 801 1
1 23.17 11.12 2 14 8 0.46 1 1 1 0 2 100 1 1
1 34.42 1.33 2 3 5 0.125 0 0 0 1 2 440 4501 0
0 22.83 2.29 2 11 8 2.29 1 1 7 1 2 140 2385 1
1 69.17 9 2 1 1 4 0 1 1 0 2 70 7 0
1 43.25 25.21 2 11 8 0.21 1 1 1 0 2 760 91 0
1 49.58 19 2 1 1 0 1 1 1 0 2 94 1 0
1 35.17 2.5 2 4 4 4.5 1 1 7 0 2 150 1271 1
1 36.33 3.79 2 9 4 1.165 1 0 0 1 2 200 1 0
1 22.25 0.46 2 4 4 0.125 0 0 0 1 2 280 56 0
1 36.67 3.25 2 11 8 9 1 0 0 1 2 102 640 1
1 18.57 10.29 2 1 1 0.415 0 0 0 0 2 80 1 0
1 23.5 2.75 2 1 1 4.5 0 0 0 0 2 160 26 0
1 35 3.37 2 8 8 8.29 0 0 0 1 2 0 1 0
1 40.92 0.5 1 7 4 0.5 0 0 0 1 2 130 1 0
1 31.57 0.62 2 4 4 0.25 0 0 0 0 2 380 2011 0
1 37.58 0 2 8 4 0 0 0 0 0 3 184 1 1
1 42.5 4.91 1 9 4 3.165 1 0 0 1 2 52 1443 1
1 20 1.25 1 4 4 0.125 0 0 0 0 2 140 5 0
1 27.67 0.75 2 11 8 0.165 0 0 0 1 2 220 252 0
0 40.83 3.5 2 3 5 0.5 0 0 0 0 1 1160 1 0
1 48.5 4.25 2 7 4 0.125 1 0 0 1 2 225 1 1
1 22.67 2.54 1 8 8 2.585 1 0 0 0 2 0 1 1
1 65.42 11 2 10 9 20 1 1 7 1 2 22 1 1
1 47.17 5.83 2 9 4 5.5 0 0 0 0 2 465 151 0
1 19.42 1.5 1 13 4 2 1 0 0 1 2 100 21 0
0 25 11 1 6 4 4.5 1 0 0 0 2 120 1 0
1 26.33 13 2 10 2 0 0 0 0 1 2 140 1111 0
1 31.57 0.04 1 2 4 4.25 0 0 0 1 2 460 1 0
0 20.83 8.5 2 8 4 0.165 0 0 0 0 2 0 352 0
1 26 1 2 11 4 1.75 1 0 0 1 2 280 1 1
1 42.75 4.08 2 6 4 0.04 0 0 0 0 2 108 101 0
0 33.25 2.5 1 8 4 2.5 0 0 0 1 2 0 3 0
1 41.33 0 2 8 5 15 1 0 0 0 2 0 1 1
1 17.07 3.29 2 3 4 0.335 0 0 0 1 2 140 3 0
1 24.5 13.33 1 6 4 0.04 0 0 0 1 2 120 476 0
1 31.25 2.83 2 1 1 0 0 1 5 0 2 176 147 0
1 47.33 6.5 2 8 4 1 0 0 0 1 2 0 229 0
1 18.07 5.5 2 4 4 0.5 1 0 0 0 2 80 1 1
0 28.5 3.04 1 14 8 2.54 1 1 1 0 2 70 1 1
1 23 0.75 2 7 4 0.5 1 0 0 1 1 320 1 0
1 23.92 0.66 2 8 4 0.165 0 0 0 0 2 100 1 1
1 34.42 4.25 2 3 5 3.25 1 1 2 0 2 274 611 1
1 31.57 0.37 2 2 4 0.875 1 0 0 1 1 928 1 0
1 35 2.5 2 3 4 1 0 0 0 1 2 210 1 0
0 19.5 0.16 2 11 4 0.04 0 0 0 1 2 380 1 0
1 62.75 7 2 10 9 0 0 0 0 0 2 0 13 0
1 36.5 4.25 2 11 4 3.5 0 0 0 0 2 454 51 0
1 31.92 4.46 2 13 8 6.04 1 1 3 0 2 311 301 1
0 25.33 2.08 2 8 8 2.75 1 0 0 1 2 360 2 0
0 19.17 5.41 2 3 8 0.29 0 0 0 0 2 80 485 0
1 33.75 2.75 2 3 5 0 0 0 0 0 2 180 1 0
0 25.58 0 2 8 4 0 0 0 0 0 3 184 1 1
0 22.5 0.41 2 3 4 0.335 0 0 0 1 1 144 1 0
0 33.17 2.25 1 13 4 3.5 0 0 0 1 2 200 142 0
1 37.5 1.75 1 8 5 0.25 1 0 0 1 2 164 401 0
1 35.25 16.5 1 8 4 4 1 0 0 0 2 80 1 0
1 34 5.5 1 8 4 1.5 0 0 0 1 2 60 1 0
1 30.17 0.5 2 8 4 1.75 1 1 11 0 2 32 541 1
0 65.17 14 2 1 1 0 1 1 11 1 2 0 1401 1
1 23.75 0.41 1 8 4 0.04 0 1 2 0 2 128 7 0
0 57.08 19.5 2 8 4 5.5 1 1 7 0 2 0 3001 1
1 24.42 12.33 2 11 8 1.585 1 0 0 1 2 120 1 1
0 24.75 3 2 11 8 1.835 1 1 19 0 2 0 501 1
0 32.17 1.46 2 9 4 1.085 1 1 16 0 2 120 2080 1
1 39.92 0.54 1 6 4 0.5 1 1 3 0 2 200 1001 1
0 21.25 2.33 2 3 5 0.5 1 1 4 0 1 80 1 1
1 40.25 21.5 2 10 9 20 1 1 11 0 2 0 1201 1
1 21.17 0.25 1 8 8 0.25 0 0 0 0 2 280 205 0
0 58.33 10 2 11 4 4 1 1 14 0 2 0 1603 1
1 32.08 4 2 7 4 2.5 1 0 0 1 2 360 1 1
0 18.17 10 1 11 8 0.165 0 0 0 0 2 340 1 0
0 22.67 0.79 2 3 4 0.085 0 0 0 0 2 144 1 0
0 23.58 0.58 1 1 1 0.125 0 0 0 0 2 120 88 0
0 35.75 0.91 2 6 4 0.75 1 1 4 0 2 0 1584 1
1 42 9.78 2 14 8 7.96 1 1 8 0 2 0 1 1
0 20.07 0.12 2 11 4 1 0 1 1 0 2 240 769 1
1 19.42 6.5 2 9 8 1.46 1 1 7 0 2 80 2955 1
0 23.58 0.83 2 11 4 0.415 0 1 1 1 2 200 12 0
1 32.42 2.16 1 4 1 0 0 0 0 0 2 120 1 0
0 50.25 0.83 2 6 4 0.5 0 0 0 1 2 240 118 0
1 20.17 5.62 2 9 4 1.71 1 0 0 0 1 120 1 1
1 40.58 5 2 8 4 5 1 1 7 0 2 0 3066 1
0 29.5 0.46 2 4 4 0.54 1 1 4 0 2 380 501 1
1 41.92 0.42 2 8 8 0.21 1 1 6 0 2 220 949 1
1 38.92 1.75 2 4 4 0.5 0 0 0 1 2 300 3 0
0 37.75 5.5 2 11 4 0.125 1 0 0 1 2 228 1 1
0 22.75 6.16 2 6 4 0.165 0 0 0 0 2 220 1001 0
1 23.58 0.46 1 9 4 2.625 1 1 6 1 2 208 348 0
1 28 2 2 4 8 4.165 1 1 2 1 2 181 1 1
1 32.25 0.16 1 8 8 3.25 1 1 1 1 2 432 8001 1
0 46 4 2 5 3 0 1 0 0 0 2 100 961 1
0 20.67 1.83 2 11 4 2.085 1 1 5 0 2 220 2504 1
1 44.25 0.5 2 7 4 10.75 1 0 0 0 1 400 1 0
1 23.75 12 2 8 4 2.085 0 0 0 0 1 80 1 0
1 18.17 2.46 2 8 7 0.96 0 1 2 1 2 160 588 0
1 18.82 0.41 1 8 4 0.165 0 1 1 0 2 200 2 0
0 15.75 0.37 2 8 4 1 0 0 0 0 2 120 19 0
0 28.17 0.58 2 6 4 0.04 0 0 0 0 2 260 1005 0
1 34.08 6.5 2 6 4 0.125 1 0 0 1 2 443 1 0
0 32.25 1.5 2 8 4 0.25 0 0 0 1 2 372 123 0
1 21.92 0.54 1 14 4 0.04 1 1 1 1 2 840 60 1
0 18.25 10 2 9 4 1 0 1 1 0 2 120 2 0
1 27.67 2 2 14 8 1 1 1 4 0 2 140 7545 1
1 29.5 0.57 2 9 4 0.29 0 1 1 0 2 340 2804 0
0 58.42 21 2 3 5 10 1 1 13 0 2 0 6701 1
1 18.67 5 2 11 4 0.375 1 1 2 0 2 0 39 0
0 19.67 0.21 2 11 8 0.29 1 1 11 0 2 80 100 1
0 17.92 10.21 2 1 1 0 0 0 0 0 2 0 51 0
1 50.75 0.58 2 1 1 0 0 0 0 0 2 145 1 0
0 27.67 1.5 2 7 4 2 1 0 0 0 1 368 1 0
1 30.33 0.5 2 2 8 0.085 0 0 0 1 1 252 1 0
1 26.67 14.58 2 3 5 0 0 0 0 1 2 178 1 0
0 49.83 13.58 2 4 8 8.5 1 0 0 1 2 0 1 1
1 18.42 10.41 1 6 4 0.125 1 0 0 0 2 120 376 0
1 29.92 1.83 2 8 8 4.335 1 0 0 0 2 260 201 1
0 68.67 15 2 10 9 0 1 1 14 0 2 0 3377 1
1 31.83 2.5 2 6 4 7.5 1 0 0 1 2 523 1 0
1 48.75 26.33 1 1 1 0 1 0 0 1 2 0 1 0
1 32.33 7.5 2 10 5 1.585 1 0 0 1 1 420 1 0
0 33.67 0.37 2 13 4 0.375 0 0 0 0 2 300 45 1
1 26.17 0.25 2 3 5 0 1 0 0 1 2 0 1 1
1 33.17 3.16 1 14 4 3.165 1 1 3 1 2 380 1 1
1 20.42 0 2 8 4 0 0 0 0 0 3 184 1 0
0 38.75 1.5 2 1 1 0 0 0 0 0 2 76 1 0
1 22.92 0.17 2 7 4 0.085 0 0 0 0 1 0 1 0
1 21.67 1.16 1 4 4 2.5 1 1 1 0 2 180 21 0
1 27.83 1.54 2 9 4 3.75 1 1 5 1 2 100 4 1
1 28.25 0.87 2 7 4 0.96 1 1 3 1 2 396 1 1
1 27.83 1.5 2 9 4 2.25 0 1 1 1 2 100 4 0
0 18.42 9.25 2 11 4 1.21 1 1 4 0 2 60 541 1
0 22.25 1.25 1 1 1 3.25 0 0 0 0 2 280 1 0
1 54.33 6.75 2 8 8 2.625 1 1 11 1 2 0 285 1
0 28.58 1.66 2 11 4 2.415 1 0 0 1 2 440 1 0
1 23.25 1 2 8 4 0.835 1 0 0 0 1 300 1 1
0 41.58 1.04 2 6 4 0.665 0 0 0 0 2 240 238 0
0 21.5 6 2 6 4 2.5 1 1 3 0 2 80 919 1
1 42 0.2 2 3 8 5.125 1 0 0 0 2 400 1 1

