1 19 0 1 1 1 0 0 1 4 0 2 45 2 0
1 16.32 4.08 2 3 8 0.415 0 0 0 1 2 120 1 0
0 25.33 2.08 2 8 8 2.75 1 0 0 1 2 360 2 0
1 20.67 0.83 1 8 4 2 0 0 0 1 1 240 1 0
1 40.58 5 2 8 4 5 1 1 7 0 2 0 3066 1
0 50.25 0.83 2 6 4 0.5 0 0 0 1 2 240 118 0
0 22.5 8.5 2 11 4 1.75 1 1 10 0 2 80 991 0
1 22.08 0.83 2 8 8 2.165 0 0 0 1 2 128 1 1
0 17.92 10.21 2 1 1 0 0 0 0 0 2 0 51 0
1 34.17 5.25 2 9 4 0.085 0 0 0 1 2 290 7 1
0 53.33 0.16 2 1 1 0 0 0 0 1 1 62 28 0
0 33.25 3 1 6 4 2 0 0 0 0 2 180 1 0
0 20.83 3 2 6 4 0.04 1 0 0 0 2 100 1 1
1 21.67 1.16 1 4 4 2.5 1 1 1 0 2 180 21 0
1 23.42 0.58 2 8 8 0.085 1 0 0 0 2 180 1 0
1 21.08 10.08 1 10 8 1.25 0 0 0 0 2 260 1 0
1 67.75 5.5 2 10 9 13 1 1 1 1 2 0 1 1
1 20.07 0.25 2 11 4 0.125 0 0 0 0 2 200 1 0
0 41.17 6.5 2 11 4 0.5 1 1 3 1 2 145 1 1
1 31.57 0.37 2 2 4 0.875 1 0 0 1 1 928 1 0
1 30.17 0.5 2 8 4 1.75 1 1 11 0 2 32 541 1
1 32.67 5.5 2 11 8 5.5 1 1 12 1 2 408 1001 1
1 27.83 1.5 2 9 4 2 1 1 11 1 2 434 36 1
1 40.25 21.5 2 10 9 20 1 1 11 0 2 0 1201 1
1 43.25 3 2 11 8 6 1 1 11 0 2 80 1 1
1 64.08 20 2 14 8 17.5 1 1 9 1 2 0 1001 1
1 25.75 0.5 2 8 4 1.46 1 1 5 1 2 312 1 1
1 20.5 2.41 2 8 4 2 1 1 11 1 2 200 3001 1
1 31.67 0.83 2 14 4 1.335 1 1 8 1 2 303 3291 1
1 16.32 2.75 2 6 4 0.665 0 1 1 0 2 80 22 0
1 30.58 2.71 1 7 4 0.125 0 0 0 1 1 80 1 0
1 32.33 3.5 2 4 4 0.5 0 0 0 1 2 232 1 0
1 44 2 2 7 4 1.75 1 1 2 1 2 0 16 1
1 20.42 0 2 8 4 0 0 0 0 0 3 184 1 0
0 16.92 0.5 2 3 4 0.165 0 1 6 1 2 240 36 0
1 23 0.75 2 7 4 0.5 0 0 0 1 1 320 1 0
0 35.75 0.91 2 6 4 0.75 1 1 4 0 2 0 1584 1
1 31.57 5 1 6 4 8.5 1 0 0 0 2 0 1 0
1 34.42 4.25 2 3 5 3.25 1 1 2 0 2 274 611 1
1 34.17 2.75 2 3 5 2.5 0 0 0 1 2 232 201 0
1 23.17 11.12 2 14 8 0.46 1 1 1 0 2 100 1 1
1 41.5 1.54 2 3 5 3.5 0 0 0 0 2 216 1 1
1 37.58 0 2 8 4 0 0 0 0 0 3 184 1 1
0 45.33 1 2 11 4 0.125 0 0 0 1 2 263 1 0
0 19.75 0.75 2 8 4 0.795 1 1 5 1 2 140 6 0
1 16.25 0 1 6 4 0.25 0 0 0 0 2 60 1 0
1 60.08 14.5 2 1 1 18 1 1 15 1 2 0 1001 1
1 23.08 2.5 2 8 4 1.085 1 1 11 1 2 60 2185 1
1 36.75 0.12 1 8 4 1.5 0 0 0 1 2 232 114 1
1 29.67 1.41 2 9 8 0.75 1 1 1 0 2 240 101 1
1 31.08 3.08 2 8 4 2.5 0 1 2 1 2 160 42 0
1 32.92 2.5 2 6 4 1.75 0 1 2 1 2 720 1 0
0 15.92 2.87 2 11 4 0.085 0 0 0 0 2 120 1 0
0 24.5 1.75 1 8 4 0.165 0 0 0 0 2 132 1 0
1 25.33 0.57 2 8 4 0.29 1 1 7 1 2 96 5125 1
1 25.42 0.54 2 9 4 0.165 0 1 1 0 2 272 445 0
0 17.32 9.5 2 6 4 1.75 0 1 10 1 2 0 11 0
1 39.17 1.62 2 8 4 1.5 1 1 10 0 2 186 4701 1
0 23.58 0.58 1 1 1 0.125 0 0 0 0 2 120 88 0
0 24.5 12.75 2 8 5 4.75 1 1 2 0 2 73 445 1
1 36.25 5 2 8 5 2.5 1 1 6 0 2 0 368 1
1 27 1.5 1 9 4 0.375 1 0 0 1 2 260 1066 1
1 45.17 1.5 2 8 4 2.5 1 0 0 1 2 140 1 0
1 21.08 4.12 1 3 8 0.04 0 0 0 0 2 140 101 0
0 25.25 12.5 2 2 4 1 0 0 0 1 2 180 1063 0
0 32.25 1.5 2 8 4 0.25 0 0 0 1 2 372 123 0
1 35.17 4.5 2 14 8 5.75 0 0 0 1 1 711 1 1
0 19.17 0.58 1 6 4 0.585 1 0 0 1 2 160 1 0
0 29.75 0.66 2 9 4 0.25 0 0 0 1 2 300 1 0
1 26.67 2.71 1 13 4 5.25 1 1 1 0 2 211 1 1
0 24.33 2.5 1 3 5 4.5 0 0 0 0 2 200 457 0
0 49 1.5 2 5 3 0 1 0 0 1 2 100 28 0
1 37.17 4 2 8 5 5 1 0 0 1 1 280 1 0
0 23.42 0.79 1 11 4 1.5 1 1 2 1 2 80 401 1
0 22.5 8.46 1 14 4 2.46 0 0 0 0 2 164 1 1
1 24.08 9 2 6 4 0.25 0 0 0 1 2 0 1 0
1 27.83 1.5 2 9 4 2.25 0 1 1 1 2 100 4 0
0 40.33 8.12 1 4 4 0.165 0 1 2 0 2 184 19 0
1 38.92 1.75 2 4 4 0.5 0 0 0 1 2 300 3 0
1 34 5.5 1 8 4 1.5 0 0 0 1 2 60 1 0
1 49.58 19 2 1 1 0 1 1 1 0 2 94 1 0
1 48.5 4.25 2 7 4 0.125 1 0 0 1 2 225 1 1
1 34.83 4 2 2 5 12.5 1 0 0 1 2 184 1 0
0 36 1 2 8 4 2 1 1 11 0 2 0 457 1
0 15.75 0.37 2 8 4 1 0 0 0 0 2 120 19 0
0 25 0.87 2 14 8 1.04 1 0 0 1 2 160 5861 1
1 17.92 0.2 2 6 4 0.04 0 0 0 0 2 280 751 0
1 41 0.04 2 10 4 0.04 0 1 1 0 1 560 1 1
1 28.25 5.12 2 14 4 4.75 1 1 2 0 2 420 8 1
0 38.92 1.66 2 6 4 0.25 0 0 0 0 2 0 391 0
1 39.25 9.5 2 7 4 6.5 1 1 14 0 2 240 4608 1
0 40.83 3.5 2 3 5 0.5 0 0 0 0 1 1160 1 0
1 25.83 12.83 2 13 4 0.5 0 0 0 0 2 0 3 0
1 22.67 1.58 1 9 4 3.085 1 1 6 0 2 80 1 1
1 36.17 0.42 1 9 4 0.29 0 0 0 1 2 309 3 0
1 41.42 5 2 11 8 5 1 1 6 1 2 470 1 1
1 20.42 7 2 8 4 1.625 1 1 3 0 2 200 1392 1
1 22.92 3.16 1 8 4 0.165 0 0 0 0 2 160 1059 0
1 74.83 19 1 1 1 0.04 0 1 2 0 2 0 352 0
1 57.42 8.5 2 10 8 7 1 1 3 0 2 0 1 1
1 41.33 0 2 8 5 15 1 0 0 0 2 0 1 1
1 26.92 2.25 2 3 5 0.5 0 0 0 1 2 640 4001 0
1 32.08 4 2 7 4 2.5 1 0 0 1 2 360 1 1
1 28.25 0.87 2 7 4 0.96 1 1 3 1 2 396 1 1
1 17.07 3.29 2 3 4 0.335 0 0 0 1 2 140 3 0
1 27.83 4 1 3 8 5.75 1 1 2 1 2 75 1 0
1 20.5 10 1 8 4 2.5 1 0 0 0 1 40 1 1
1 33.17 1 2 14 4 0.75 1 1 7 1 2 340 4072 1
1 19 1.75 1 8 4 2.335 0 0 0 1 2 112 7 0
0 17.92 0.54 2 8 4 1.75 0 1 1 1 2 80 6 0
1 23.25 12.62 2 8 4 0.125 0 1 2 0 2 0 5553 0
1 42.08 1.04 2 9 4 5 1 1 6 1 2 500 10001 1
1 39.58 13.91 2 9 4 8.625 1 1 6 1 2 70 1 1
0 27.17 1.25 2 1 1 0 0 1 1 0 2 92 301 0
0 18.57 10 2 2 4 0.415 0 0 0 0 2 80 43 0
1 51.83 2.04 1 1 1 1.5 0 0 0 0 2 120 2 0
0 69.5 6 2 1 1 0 0 0 0 0 1 0 1 0
1 44.83 7 1 8 4 1.625 0 0 0 0 2 160 3 0
1 18.07 5.5 2 4 4 0.5 1 0 0 0 2 80 1 1
1 20.42 1.08 2 11 4 1.5 0 0 0 0 2 108 8 0
1 47.67 2.5 2 7 5 2.5 1 1 12 1 2 410 2511 1
0 25.58 0 2 8 4 0 0 0 0 0 3 184 1 1
0 29.5 2 1 10 8 2 0 0 0 0 2 256 18 0
1 30.17 1.08 1 8 4 0.04 0 0 0 0 2 170 180 0
1 16.5 0.12 2 8 4 0.165 0 0 0 0 2 132 1 0
1 39.5 4.25 2 8 5 6.5 1 1 16 0 2 117 1211 1
1 19.32 10.91 2 8 5 0.585 0 1 2 1 2 200 8 0
0 20.07 1.25 2 8 4 0 0 0 0 0 2 0 1 0
1 20 7 2 8 4 0.5 0 0 0 0 2 0 1 0
0 42.25 1.75 1 8 4 0 0 0 0 1 2 150 2 0
1 25.17 6 2 8 4 1 1 1 3 0 2 0 1 1
1 21.5 9.75 2 8 4 0.25 1 0 0 0 2 140 1 0
0 22.67 0.75 2 8 4 2 0 1 2 1 2 200 395 0
1 17.57 10 2 9 8 0.165 0 1 1 0 2 120 2 0
0 33.92 1.58 1 1 1 0 1 0 0 0 2 320 1 0
1 63.33 0.54 2 8 4 0.585 1 1 3 1 2 180 1 0
0 31.57 3.5 2 2 4 3 1 0 0 1 2 300 1 0
1 29.92 1.83 2 8 8 4.335 1 0 0 0 2 260 201 1
1 26.17 0.25 2 3 5 0 1 0 0 1 2 0 1 1
1 32 1.75 1 10 8 0.04 1 0 0 1 2 393 1 1
1 21.58 0.79 1 13 4 0.665 0 0 0 0 2 160 1 0
0 58.42 21 2 3 5 10 1 1 13 0 2 0 6701 1
1 22.67 10.5 2 11 8 1.335 1 0 0 0 2 100 1 1
1 23.17 0 2 13 4 0.085 1 0 0 0 2 0 1 1
0 47.75 8 2 8 4 7.875 1 1 6 1 2 0 1261 1
1 22.75 11 2 11 4 2.5 1 1 7 1 2 100 810 1
0 23.58 11.5 1 4 8 3 0 0 0 1 2 20 17 0
1 29.42 1.25 2 8 8 0.25 0 1 2 1 2 400 109 0
0 22.75 6.16 2 6 4 0.165 0 0 0 0 2 220 1001 0
0 20.67 1.83 2 11 4 2.085 1 1 5 0 2 220 2504 1
1 24.58 13.5 1 1 1 0 0 0 0 0 2 184 1 0
1 28.92 0.37 2 8 4 0.29 0 0 0 0 2 220 141 0
0 23 11.75 2 14 8 0.5 1 1 2 1 2 300 552 1
0 56.83 4.25 1 1 1 5 0 0 0 1 2 0 5 0
1 30.67 2.5 2 13 8 2.25 0 0 0 1 1 340 1 0
1 25.67 0.28 1 8 4 1.5 0 0 0 1 2 160 1 0
1 20.17 8.17 2 6 4 1.96 1 1 14 0 2 60 159 1
1 47.67 0.28 2 8 5 15 1 1 20 0 2 0 15001 1
1 33.5 1.75 2 14 8 4.5 1 1 4 1 2 253 858 1
1 56.58 18.5 2 2 5 15 1 1 17 1 2 0 1 1
1 31.08 1.5 1 9 4 0.04 0 0 0 0 1 160 1 0
1 34.92 2.5 2 9 4 0 1 0 0 1 2 239 201 1
1 30.83 0 2 9 4 1.25 1 1 1 0 2 202 1 1
1 25.17 3 2 8 4 1.25 0 1 1 0 2 0 23 0
1 18.07 6.75 1 7 4 0.04 0 0 0 0 2 140 1 0
1 23.25 1.5 2 11 4 2.375 1 1 3 1 2 0 583 1
1 22.58 10.03 2 14 4 0.04 1 1 9 0 2 60 397 1
1 39.92 6.21 2 11 4 0.04 1 1 1 0 2 200 301 1
0 22.42 11.25 1 14 8 0.75 1 1 4 0 2 0 322 1
1 19.67 10 1 4 8 0.835 1 0 0 1 2 140 1 0
1 21.42 0.75 1 12 7 0.75 0 0 0 1 2 132 3 0
1 34.25 3 2 13 8 7.415 1 0 0 1 2 0 1 1
0 55.75 7.08 2 4 8 6.75 1 1 3 1 2 100 51 0
1 28.58 3.62 2 6 4 0.25 0 0 0 1 2 100 1 0
1 27.83 1.54 2 9 4 3.75 1 1 5 1 2 100 4 1
1 22.08 11 2 13 4 0.665 1 0 0 0 2 100 1 1
1 20 1.25 1 4 4 0.125 0 0 0 0 2 140 5 0
1 36.67 3.25 2 11 8 9 1 0 0 1 2 102 640 1
1 42.17 5.04 2 11 8 12.75 1 0 0 1 2 92 1 1
1 22.83 3 2 7 4 1.29 1 1 1 0 2 260 801 1
0 26.5 2.71 1 8 4 0.085 0 0 0 0 1 80 1 0
0 28.58 1.66 2 11 4 2.415 1 0 0 1 2 440 1 0
1 56.75 12.25 2 7 4 1.25 1 1 4 1 2 200 1 1
1 30.75 1.58 2 2 4 0.585 0 0 0 1 1 0 1 0
1 23.25 4 2 8 5 0.25 1 0 0 1 2 160 1 1
1 42.83 1.25 2 7 4 13.875 0 1 1 1 2 352 113 0
0 21.5 6 2 6 4 2.5 1 1 3 0 2 80 919 1
0 20.83 0.5 1 10 2 1 0 0 0 0 2 260 1 0
1 32.33 2.5 2 8 4 1.25 0 0 0 1 2 280 1 0
0 22.92 1.25 2 11 4 0.25 0 0 0 1 2 120 810 0
1 19.57 0.58 2 1 1 0 0 1 3 0 2 350 770 0
0 28.58 3.54 2 3 5 0.5 1 0 0 1 2 171 1 0
0 38.25 6 2 4 4 1 1 0 0 1 2 0 1 1
0 24.75 13.66 2 11 8 1.5 0 0 0 0 2 280 2 0
1 31.57 0.5 2 8 5 0.835 1 0 0 1 1 320 1 0
1 56 12.5 2 4 8 8 1 0 0 1 2 24 2029 1
1 21.17 0.25 1 8 8 0.25 0 0 0 0 2 280 205 0
0 58.33 10 2 11 4 4 1 1 14 0 2 0 1603 1
1 37.5 1.75 1 8 5 0.25 1 0 0 1 2 164 401 0
1 38.42 0.7 2 8 4 0.375 0 1 2 0 2 225 501 0
1 31.67 16.16 2 2 4 3 1 1 9 0 2 250 731 1
0 25.42 1.12 2 11 4 1.29 1 1 2 0 2 200 1 0
1 31.25 1.12 2 1 1 0 0 1 1 0 2 96 20 0
0 23.58 0.83 2 11 4 0.415 0 1 1 1 2 200 12 0
1 54.58 9.41 2 1 1 14.415 1 1 11 1 2 30 301 1
0 25.25 13.5 1 1 1 2 0 1 1 1 2 200 2 0
1 26.75 4.5 1 8 5 2.5 0 0 0 0 2 200 1211 0
0 33.25 2.5 1 8 4 2.5 0 0 0 1 2 0 3 0
0 18.07 0.37 3 13 1 10 0 0 0 1 1 300 1 1
1.234 22.08 11.46 2 4 4 1.585 0 0 0 1 2 100 1213 0
1 23.58 0.46 1 9 4 2.625 1 1 6 1 2 208 348 0
0 33.08 1.62 2 2 4 0.54 0 0 0 1 2 0 1 0
0 44.17 6.66 2 11 4 7.375 1 1 3 1 2 0 1 1
0 19.57 0.66 2 9 4 1.665 0 0 0 0 2 220 6 0
0 71.58 0 2 8 4 0 0 0 0 0 3 184 1 1
0 20.42 7.5 2 4 4 1.5 1 1 1 0 2 160 235 1
1 58.58 2.71 2 8 4 2.415 0 0 0 1 2 320 1 0
1 29.83 2.04 1 14 8 0.04 0 0 0 0 2 128 2 0
0 45.83 10.5 2 11 4 5 1 1 7 1 2 0 1 1
1 52.5 6.5 2 4 4 6.29 1 1 15 0 2 0 11203 1

