1 24.58 12.5 2 9 4 0.875 1 0 0 1 2 260 1 0
0 31.92 3.12 2 1 1 3.04 0 1 2 1 2 200 5 0
1 19.17 9.5 2 9 4 1.5 1 0 0 0 2 120 2207 1
1 24.33 6.62 1 2 4 5.5 1 0 0 1 1 100 1 1
1 57.42 8.5 2 10 8 7 1 1 3 0 2 0 1 1
1 31.57 0.62 2 4 4 0.25 0 0 0 0 2 380 2011 0
0 22.92 1.25 2 11 4 0.25 0 0 0 1 2 120 810 0
0 29.5 1.08 1 14 4 1 0 0 0 0 2 280 14 0
1 23.08 11.5 2 9 8 2.125 1 1 11 1 2 290 285 1
1 23.5 3.16 1 4 4 0.415 0 1 1 1 2 280 81 0
1 40.92 2.25 1 14 8 10 1 0 0 1 2 176 1 0
0 25.25 12.5 2 2 4 1 0 0 0 1 2 180 1063 0
1 50.75 0.58 2 1 1 0 0 0 0 0 2 145 1 0
0 20.07 1.25 2 8 4 0 0 0 0 0 2 0 1 0
1 23.17 0 2 8 4 0 0 0 0 0 3 184 1 1
0 15.75 0.37 2 8 4 1 0 0 0 0 2 120 19 0
1 32.08 4 1 13 4 1.5 0 0 0 1 2 120 1 0
1 42 0.2 2 3 8 5.125 1 0 0 0 2 400 1 1
1 34.83 4 2 2 5 12.5 1 0 0 1 2 184 1 0
0 21.92 11.66 2 4 8 0.085 0 0 0 0 2 320 6 0
0 42.25 1.75 1 8 4 0 0 0 0 1 2 150 2 0
0 16.5 1.25 2 11 4 0.25 0 1 1 0 2 108 99 0
0 41 2.04 1 11 8 0.125 1 1 23 1 2 455 1237 1
0 41.17 6.5 2 11 4 0.5 1 1 3 1 2 145 1 1
0 49 1.5 2 5 3 0 1 0 0 1 2 100 28 0
1 29.83 3.5 2 8 4 0.165 0 0 0 0 2 216 1 0
0 31.57 3.5 2 2 4 3 1 0 0 1 2 300 1 0
0 22.5 8.46 1 14 4 2.46 0 0 0 0 2 164 1 1
1 41.75 0.96 2 14 4 2.5 1 0 0 0 2 510 601 1
1 34.17 1.54 2 13 4 1.54 1 1 1 1 2 520 50001 1
0 24.5 2.41 1 8 4 0 0 0 0 0 2 120 1 0
1 26.17 0.83 2 13 4 1.165 0 0 0 0 2 100 1 0
1 32.33 7.5 2 10 5 1.585 1 0 0 1 1 420 1 0
1 18.17 2.46 2 8 7 0.96 0 1 2 1 2 160 588 0
1 39.58 5 2 1 1 0 0 1 2 0 2 17 2 0
1 29.92 1.83 2 8 8 4.335 1 0 0 0 2 260 201 1
0 58.33 10 2 11 4 4 1 1 14 0 2 0 1603 1
1 49.58 19 2 1 1 0 1 1 1 0 2 94 1 0
0 25 0.87 2 14 8 1.04 1 0 0 1 2 160 5861 1
1 18.25 0.16 2 2 4 0.25 0 0 0 1 1 280 1 0
1 31.92 4.46 2 13 8 6.04 1 1 3 0 2 311 301 1
0 23.42 0.79 1 11 4 1.5 1 1 2 1 2 80 401 1
1 25 12.5 2 6 4 3 1 0 0 1 1 20 1 1
1 23.92 1.5 2 2 8 1.875 1 1 6 0 2 200 328 1
1 24.58 1.25 2 8 4 0.25 0 0 0 0 2 110 1 0
1 34.25 1.75 2 9 5 0.25 1 0 0 1 2 163 1 0
0 24.5 12.75 2 8 5 4.75 1 1 2 0 2 73 445 1
0 33.92 1.58 1 1 1 0 1 0 0 0 2 320 1 0
1 28.58 3.62 2 6 4 0.25 0 0 0 1 2 100 1 0
0 33.67 0.37 2 13 4 0.375 0 0 0 0 2 300 45 1
0 18.82 9.53 2 6 4 0.085 1 0 0 0 2 100 1 1
1 31.83 2.5 2 6 4 7.5 1 0 0 1 2 523 1 0
1 34.08 2.5 2 8 4 1 0 0 0 0 2 460 17 0
1 23.25 4 2 8 5 0.25 1 0 0 1 2 160 1 1
1 32.42 3 2 2 4 0.165 0 0 0 1 2 120 1 0
1 28.75 1.16 2 4 4 0.5 1 0 0 0 1 280 1 0
1 23 0.62 1 6 4 0.125 1 0 0 0 2 180 2 0
1 31.42 15.5 2 8 4 0.5 1 0 0 0 2 120 1 0
0 41.58 1.04 2 6 4 0.665 0 0 0 0 2 240 238 0
0 22.83 2.29 2 11 8 2.29 1 1 7 1 2 140 2385 1
1 28.67 9.33 2 11 8 5.665 1 1 6 0 2 381 169 1
1 44.33 0.5 2 3 8 5 1 0 0 1 2 320 1 1
0 18.17 10 1 11 8 0.165 0 0 0 0 2 340 1 0
1 34 5.08 1 3 5 1.085 0 0 0 1 2 480 1 0
0 50.25 0.83 2 6 4 0.5 0 0 0 1 2 240 118 0
1 29.42 1.25 2 9 4 1.75 0 0 0 0 2 200 1 0
1 48.25 25.08 2 9 4 1.75 1 1 3 0 2 120 15 1
1 29.25 14.79 2 6 4 5.04 1 1 5 1 2 168 1 1
0 40.33 7.54 1 11 8 8 1 1 14 0 2 0 2301 1
0 17.92 10.21 2 1 1 0 0 0 0 0 2 0 51 0
1 33.17 3.16 1 14 4 3.165 1 1 3 1 2 380 1 1
1 48.58 0.2 1 4 4 0.25 1 1 11 0 2 380 2733 1
0 49.83 13.58 2 4 8 8.5 1 0 0 1 2 0 1 1
0 30.5 6.5 2 8 5 4 1 1 7 1 2 0 3066 1
1 32.67 5.5 2 11 8 5.5 1 1 12 1 2 408 1001 1
1 27.83 1.54 2 9 4 3.75 1 1 5 1 2 100 4 1
1 40.58 3.29 2 7 4 3.5 0 0 0 1 1 400 1 0
1 26 1 2 11 4 1.75 1 0 0 1 2 280 1 1
1 25.92 0.87 2 4 4 0.375 0 1 2 1 2 174 4 0
0 18.92 9.25 1 8 4 1 1 1 4 1 2 80 501 1
0 17.57 9 2 6 4 1.375 1 0 0 1 2 0 1 1
1 47.67 0.28 2 8 5 15 1 1 20 0 2 0 15001 1
1 27.83 4 1 3 8 5.75 1 1 2 1 2 75 1 0
0 24.75 12.5 2 6 4 1.5 1 1 12 1 2 120 568 1
1 39.5 1.62 2 8 4 1.5 0 0 0 0 2 0 317 0
0 20.75 10.25 2 11 4 0.71 1 1 2 1 2 49 1 1
1 27.75 0.58 1 13 4 0.25 1 1 2 0 2 260 501 1
1 31.33 19.5 2 8 4 7 1 1 16 0 2 0 5001 1
1 35.25 16.5 1 8 4 4 1 0 0 0 2 80 1 0
0 20.83 3 2 6 4 0.04 1 0 0 0 2 100 1 1
1 18.57 5.71 2 2 4 0.54 0 0 0 0 2 120 1 0
1 25.67 3.25 2 8 8 2.29 0 1 1 1 2 416 22 0
1 28.92 15 2 8 8 5.335 1 1 11 0 2 0 2284 1
1 21.83 1.54 2 4 4 0.085 0 0 0 1 2 356 1 0
0 18.82 9.5 2 9 4 1.625 1 1 6 1 2 40 601 1
1 33.17 1.04 2 12 8 6.5 1 0 0 1 2 164 31286 1
0 16 0.16 2 6 4 1 0 1 2 1 2 320 2 0
1 41 0.04 2 10 4 0.04 0 1 1 0 1 560 1 1
1 21.58 0.79 1 13 4 0.665 0 0 0 0 2 160 1 0
1 27.25 0.62 2 6 4 0.455 1 0 0 1 2 200 1 0
1 34.58 0 2 8 4 0 0 0 0 0 3 184 1 0
0 22.58 10.75 2 11 4 0.415 1 1 5 1 2 0 561 1
1 25.67 12.5 2 13 4 1.21 1 1 67 1 2 140 259 1
1 48.75 8.5 2 8 8 12.5 1 1 9 0 2 181 1656 1
0 20.83 8.5 2 8 4 0.165 0 0 0 0 2 0 352 0
0 46 4 2 5 3 0 1 0 0 0 2 100 961 1
0 24.92 1.25 2 1 1 0 1 0 0 0 2 80 1 0
1 23.08 11.5 2 3 4 3.5 1 1 9 0 2 56 743 1
0 60.58 16.5 2 11 4 11 1 0 0 1 2 21 10562 1
1 31.57 10.5 2 14 4 6.5 1 0 0 0 2 0 1 1
1 43.08 0.37 1 8 4 0.375 1 1 8 1 2 300 163 1
0 64.08 0.16 2 1 1 0 1 1 1 0 2 232 101 1
1 56.42 28 1 8 4 28.5 1 1 40 0 2 0 16 1
1 34.25 3 2 13 8 7.415 1 0 0 1 2 0 1 1
0 17.82 11 2 14 8 1 1 1 11 0 2 0 3001 1
0 36.58 0.28 2 1 1 0 0 1 10 0 2 200 19 0
0 23.58 0.58 1 1 1 0.125 0 0 0 0 2 120 88 0
1 21.17 0.87 1 8 8 0.25 0 0 0 0 2 280 205 0
1 36.5 4.25 2 11 4 3.5 0 0 0 0 2 454 51 0
1 27.83 1.5 2 9 4 2.25 0 1 1 1 2 100 4 0
0 21.75 1.75 1 5 3 0 0 0 0 0 2 160 1 0
0 58.42 21 2 3 5 10 1 1 13 0 2 0 6701 1
1 36.25 5 2 8 5 2.5 1 1 6 0 2 0 368 1
1 34.67 1.08 2 7 4 1.165 0 0 0 0 1 28 1 0
1 24.17 0.87 2 11 4 4.625 1 1 2 1 2 520 2001 1
1 24.08 9 2 6 4 0.25 0 0 0 1 2 0 1 0
0 28.58 1.66 2 11 4 2.415 1 0 0 1 2 440 1 0
1 21.83 0.25 2 2 8 0.665 1 0 0 1 2 0 1 1
1 24.42 12.33 2 11 8 1.585 1 0 0 1 2 120 1 1
1 33.58 0.25 2 3 5 4 0 0 0 1 1 420 1 0
0 27.17 1.25 2 1 1 0 0 1 1 0 2 92 301 0
1 19.32 10.91 2 8 5 0.585 0 1 2 1 2 200 8 0
0 22.67 0.79 2 3 4 0.085 0 0 0 0 2 144 1 0
1 34.92 2.5 2 9 4 0 1 0 0 1 2 239 201 1
1 22.33 11 2 9 4 2 1 1 1 0 2 80 279 1
0 39.08 4 2 8 4 3 0 0 0 0 2 480 1 0
1 32.92 2.5 2 6 4 1.75 0 1 2 1 2 720 1 0
0 22.25 1.25 1 1 1 3.25 0 0 0 0 2 280 1 0
1 22.58 1.5 1 6 4 0.54 0 0 0 1 2 120 68 0
1 31.57 0.04 1 2 4 4.25 0 0 0 1 2 460 1 0
1 26.75 1.12 2 14 8 1.25 1 0 0 0 2 0 5299 1
0 27.25 0.28 2 7 8 0.125 0 1 1 1 2 272 109 0
1 33.75 2.75 2 3 5 0 0 0 0 0 2 180 1 0
0 29.5 2 1 10 8 2 0 0 0 0 2 256 18 0
1 39.92 6.21 2 11 4 0.04 1 1 1 0 2 200 301 1
1 27 1.5 1 9 4 0.375 1 0 0 1 2 260 1066 1
1 43.25 25.21 2 11 8 0.21 1 1 1 0 2 760 91 0
0 65.17 14 2 1 1 0 1 1 11 1 2 0 1401 1
1 33.67 2.16 2 8 4 1.5 0 0 0 0 3 120 1 0
0 27.42 14.5 2 14 8 3.085 1 1 1 0 2 120 12 1
1 15.17 7 2 10 4 1 0 0 0 0 2 600 1 0
1 17.42 6.5 2 3 4 0.125 0 0 0 0 2 60 101 0
1 36.67 3.25 2 11 8 9 1 0 0 1 2 102 640 1
1 39.17 1.71 2 14 4 0.125 1 1 5 1 2 480 1 1
0 25 12.33 2 13 8 3.5 1 1 6 0 2 400 459 1
1 21.08 10.08 1 10 8 1.25 0 0 0 0 2 260 1 0
0 56.83 4.25 1 1 1 5 0 0 0 1 2 0 5 0
1 41.17 1.33 2 2 4 0.165 0 0 0 0 2 168 1 0
1 25.75 0.75 2 8 5 0.25 1 0 0 0 2 349 24 1
1 38.58 3.33 2 9 4 4 1 1 14 0 2 383 1345 1
0 40.83 10 2 11 8 1.75 1 0 0 0 2 29 838 1
0 25.25 13.5 1 1 1 2 0 1 1 1 2 200 2 0
0 44.33 0 2 8 4 2.5 1 0 0 0 2 0 1 1
1 36.33 2.12 1 9 4 0.085 1 1 1 0 2 50 1188 1
1 56.75 12.25 2 7 4 1.25 1 1 4 1 2 200 1 1
1 36.17 0.42 1 9 4 0.29 0 0 0 1 2 309 3 0
0 24.5 0.5 2 11 8 1.5 1 0 0 0 2 280 825 1
0 19.57 0.66 2 9 4 1.665 0 0 0 0 2 220 6 0
1 27.58 2.04 1 6 4 2 1 1 3 1 2 370 561 1
1 49.17 2.29 2 1 1 0.29 0 0 0 0 2 200 4 0
1 21.5 11.5 2 3 4 0.5 1 0 0 1 2 100 69 0
1 27.75 1.29 2 4 8 0.25 0 0 0 1 1 140 1 0
1 22.17 12.12 2 8 4 3.335 0 1 2 1 2 180 174 0
1 29.42 1.25 2 8 8 0.25 0 1 2 1 2 400 109 0
1 30.67 2.5 2 13 8 2.25 0 0 0 1 1 340 1 0
1 26.67 14.58 2 3 5 0 0 0 0 1 2 178 1 0
1 34 5.5 1 8 4 1.5 0 0 0 1 2 60 1 0
0 38.75 1.5 2 1 1 0 0 0 0 0 2 76 1 0
1 41.33 0 2 8 5 15 1 0 0 0 2 0 1 1
1 25.17 3 2 8 4 1.25 0 1 1 0 2 0 23 0
0 25.17 2.87 2 14 8 0.875 1 0 0 0 2 360 1 1
1 23.42 1 2 8 4 0.5 0 0 0 1 1 280 1 0
1 20 11.04 2 8 4 2 0 0 0 1 2 136 1 0
0 22.42 5.66 2 11 4 2.585 1 1 7 0 2 129 3258 1
0 47 13 2 3 5 5.165 1 1 9 1 2 0 1 1
0 47.42 3 2 14 4 13.875 1 1 2 1 2 519 1705 1
1 27.42 12.5 2 6 5 0.25 0 0 0 1 2 720 1 0
1 22.17 0.58 1 1 1 0 0 0 0 0 2 100 1 0
1 21.83 11 2 14 4 0.29 1 1 6 0 2 121 1 1
1 54.58 9.41 2 1 1 14.415 1 1 11 1 2 30 301 1
1 34.42 4.25 2 3 5 3.25 1 1 2 0 2 274 611 1
0 41.33 1 2 3 5 2.25 1 0 0 1 2 0 301 1
1 28.33 5 2 9 4 11 1 0 0 1 2 70 1 1
1 23.08 0 2 4 4 1 0 1 11 0 1 0 1 0
1 31.57 4 2 14 4 5 1 1 3 1 2 290 2280 1
0 47.42 8 2 10 5 6.5 1 1 6 0 2 375 51101 1
0 40.33 8.12 1 4 4 0.165 0 1 2 0 2 184 19 0
0 26.58 2.54 1 1 1 0 0 0 0 1 2 180 61 0
1 31.67 16.16 2 2 4 3 1 1 9 0 2 250 731 1
1 40 6.5 2 6 5 3.5 1 1 1 0 2 0 501 1
0 36.75 5.12 2 10 4 5 1 0 0 1 2 0 4001 1
1 20.17 9.25 2 8 4 1.665 1 1 3 1 2 40 29 1
1 18.67 5 2 11 4 0.375 1 1 2 0 2 0 39 0
0 23.5 9 2 11 4 8.5 1 1 5 1 2 120 1 1
0 20.83 0.5 1 10 2 1 0 0 0 0 2 260 1 0
0 28.17 0.37 2 11 4 0.585 1 1 4 0 2 80 1 1
1 32.83 2.5 2 13 8 2.75 1 1 6 0 2 160 2073 1
1 22 7.83 1 3 5 0.165 0 0 0 1 2 184 1 0
1 39.92 0.54 1 6 4 0.5 1 1 3 0 2 200 1001 1
1 17.67 4.46 2 8 4 0.25 0 0 0 0 1 80 1 0
0 15.83 0.58 2 8 8 1.5 1 1 2 0 2 100 1 1
1 34.42 1.33 2 3 5 0.125 0 0 0 1 2 440 4501 0
1 21.08 4.12 1 3 8 0.04 0 0 0 0 2 140 101 0
0 52.17 0 1 1 1 0 0 0 0 0 2 0 1 0
0 18.92 9 2 6 4 0.75 1 1 2 0 2 88 592 1
0 29.5 0.46 2 4 4 0.54 1 1 4 0 2 380 501 1
1 39.17 1.62 2 8 4 1.5 1 1 10 0 2 186 4701 1
1 40.92 0.83 2 1 1 0 1 0 0 0 2 130 2 0
1 21.67 1.16 1 4 4 2.5 1 1 1 0 2 180 21 0
1 45.17 1.5 2 8 4 2.5 1 0 0 1 2 140 1 0

