0 33.25 3 1 6 4 2 0 0 0 0 2 180 1 0
1 26.75 2 2 2 4 0.75 0 0 0 1 2 80 1 0
1 25.08 1.71 2 14 4 1.665 1 1 1 1 2 395 21 1
0 40.83 10 2 11 8 1.75 1 0 0 0 2 29 838 1
1 36.67 3.25 2 11 8 9 1 0 0 1 2 102 640 1
0 24.08 0.5 2 11 8 1.25 1 1 1 0 2 0 679 1
0 15.75 0.37 2 8 4 1 0 0 0 0 2 120 19 0
1 19.42 1.5 1 13 4 2 1 0 0 1 2 100 21 0
1 56.75 12.25 2 7 4 1.25 1 1 4 1 2 200 1 1
1 27.83 1.5 2 9 4 2.25 0 1 1 1 2 100 4 0
0 25.25 12.5 2 2 4 1 0 0 0 1 2 180 1063 0
0 35.75 0.91 2 6 4 0.75 1 1 4 0 2 0 1584 1
1 53.92 9.62 2 10 4 8.665 1 1 5 0 2 0 1 1
1 20.67 0.41 2 8 4 0.125 0 0 0 0 2 0 45 0
0 21.92 11.66 2 4 8 0.085 0 0 0 0 2 320 6 0
1 34.42 1.33 2 3 5 0.125 0 0 0 1 2 440 4501 0
0 18.42 9.25 2 11 4 1.21 1 1 4 0 2 60 541 1
1 48.17 3.5 2 6 4 3.5 1 0 0 0 1 230 1 1
1 39.58 13.91 2 9 4 8.625 1 1 6 1 2 70 1 1
1 36.33 3.79 2 9 4 1.165 1 0 0 1 2 200 1 0
0 58.67 4.46 2 11 8 3.04 1 1 6 0 2 43 561 1
1 22.67 0.16 2 8 3 2.25 0 0 0 1 1 0 1 1
1 34.83 4 2 2 5 12.5 1 0 0 1 2 184 1 0
1 34.83 2.5 1 9 4 3 0 0 0 0 1 200 1 0
1 36.42 0.75 1 2 4 0.585 0 0 0 0 2 240 4 0
0 25.08 2.54 1 6 4 0.25 1 0 0 1 2 370 1 1
0 41 2.04 1 11 8 0.125 1 1 23 1 2 455 1237 1
1 24.83 2.75 2 8 4 2.25 1 1 6 0 2 184 601 1
1 19.5 0.28 2 4 4 0.29 0 0 0 0 2 280 365 0
1 57.83 7.04 2 7 4 14 1 1 6 1 2 360 1333 1
1 18.07 6.75 1 7 4 0.04 0 0 0 0 2 140 1 0
1 21.83 0.25 2 2 8 0.665 1 0 0 1 2 0 1 1
1 22.92 3.16 1 8 4 0.165 0 0 0 0 2 160 1059 0
1 48.17 7.62 2 9 8 15.5 1 1 12 0 2 0 791 1
0 30 5.29 2 10 2 2.25 1 1 5 1 2 99 501 1
1 43.17 2.25 2 3 5 0.75 1 0 0 0 2 560 1 0
0 40.33 7.54 1 11 8 8 1 1 14 0 2 0 2301 1
0 58.33 10 2 11 4 4 1 1 14 0 2 0 1603 1
1 41.17 1.33 2 2 4 0.165 0 0 0 0 2 168 1 0
1 17.57 10 2 9 8 0.165 0 1 1 0 2 120 2 0
1 22.5 0.12 1 4 4 0.125 0 0 0 0 2 200 71 0
1 34.17 2.75 2 3 5 2.5 0 0 0 1 2 232 201 0
1 20.67 5.29 2 11 4 0.375 1 1 1 0 2 160 1 0
1 18.82 3.54 1 1 1 0 0 0 0 1 2 180 2 0
1 57.42 8.5 2 10 8 7 1 1 3 0 2 0 1 1
0 19.17 0.58 1 6 4 0.585 1 0 0 1 2 160 1 0
1 30.83 0 2 9 4 1.25 1 1 1 0 2 202 1 1
1 23.08 11.5 2 9 8 2.125 1 1 11 1 2 290 285 1
1 26.67 4.25 2 13 4 4.29 1 1 1 1 2 120 1 1
0 23.42 0.79 1 11 4 1.5 1 1 2 1 2 80 401 1
0 40.83 3.5 2 3 5 0.5 0 0 0 0 1 1160 1 0
1 27.58 2.04 1 6 4 2 1 1 3 1 2 370 561 1
1 30.08 1.04 1 3 5 0.5 1 1 10 1 2 132 29 0
1 23.25 4 2 8 5 0.25 1 0 0 1 2 160 1 1
0 18.82 4.41 1 8 8 3 1 0 0 0 2 240 1 1
1 23.58 0.46 1 9 4 2.625 1 1 6 1 2 208 348 0
1 51.58 15 2 8 4 8.5 1 1 9 0 2 0 1 1
0 52.83 15 2 8 4 5.5 1 1 14 0 2 0 2201 1
1 33 2.5 1 9 4 7 0 0 0 1 2 280 1 0
1 16.07 0.75 2 8 4 1.75 1 1 5 1 2 352 691 1
1 18.82 0.41 1 8 4 0.165 0 1 1 0 2 200 2 0
1 51.33 10 2 3 5 0 1 1 11 0 2 0 1250 1
0 33.08 4.62 2 11 8 1.625 1 1 2 0 2 0 1 1
1 47.83 4.16 2 14 5 0.085 0 0 0 1 2 520 1 0
0 64.08 0.16 2 1 1 0 1 1 1 0 2 232 101 1
1 22.33 11 2 9 4 2 1 1 1 0 2 80 279 1
1 33.67 2.16 2 8 4 1.5 0 0 0 0 3 120 1 0
0 20.75 9.53 2 3 4 0.04 0 0 0 0 2 200 1001 0
1 34.42 4.25 2 3 5 3.25 1 1 2 0 2 274 611 1
0 23 1.83 2 5 3 0 0 1 1 0 2 200 54 0
0 50.08 12.54 2 6 4 2.29 1 1 3 1 2 156 1 1
1 69.17 9 2 1 1 4 0 1 1 0 2 70 7 0
1 25 11.25 2 8 4 2.5 1 1 17 0 2 200 1209 1
0 23.58 11.5 1 4 8 3 0 0 0 1 2 20 17 0
0 16.32 0.21 2 6 4 0.125 0 0 0 0 2 200 2 0
0 20.07 1.25 2 8 4 0 0 0 0 0 2 0 1 0
1 67.75 5.5 2 10 9 13 1 1 1 1 2 0 1 1
0 47 13 2 3 5 5.165 1 1 9 1 2 0 1 1
1 30.67 2.5 2 13 8 2.25 0 0 0 1 1 340 1 0
0 17.67 0 1 5 1 0 0 0 0 0 2 86 1 0
1 23.92 0.66 2 8 4 0.165 0 0 0 0 2 100 1 1
1 34.25 1.75 2 9 5 0.25 1 0 0 1 2 163 1 0
1 49.17 2.29 2 1 1 0.29 0 0 0 0 2 200 4 0
1 51.42 0.04 2 14 8 0.04 1 0 0 0 2 0 3001 1
1 58.58 2.71 2 8 4 2.415 0 0 0 1 2 320 1 0
1 37.58 0 2 8 4 0 0 0 0 0 3 184 1 1
1 32.42 3 2 2 4 0.165 0 0 0 1 2 120 1 0
0 23 11.75 2 14 8 0.5 1 1 2 1 2 300 552 1
1 37.17 4 2 8 5 5 1 0 0 1 1 280 1 0
0 20.67 1.83 2 11 4 2.085 1 1 5 0 2 220 2504 1
1 52.33 1.37 1 8 8 9.46 1 0 0 1 2 200 101 0
1 25.75 0.75 2 8 5 0.25 1 0 0 0 2 349 24 1
1 40.58 5 2 8 4 5 1 1 7 0 2 0 3066 1
1 26.67 2.71 1 13 4 5.25 1 1 1 0 2 211 1 1
1 40.58 3.29 2 7 4 3.5 0 0 0 1 1 400 1 0
1 20 11.04 2 8 4 2 0 0 0 1 2 136 1 0
0 57.08 19.5 2 8 4 5.5 1 1 7 0 2 0 3001 1
1 24.75 0.54 2 7 4 1 0 0 0 1 2 120 2 0
0 33.25 2.5 1 8 4 2.5 0 0 0 1 2 0 3 0
1 23.25 1 2 8 4 0.835 1 0 0 0 1 300 1 1
1 49.58 19 2 1 1 0 1 1 1 0 2 94 1 0
0 25.42 1.12 2 11 4 1.29 1 1 2 0 2 200 1 0
1 44.25 11 1 2 4 1.5 1 0 0 0 1 0 1 0
1 26.33 13 2 10 2 0 0 0 0 1 2 140 1111 0
0 65.17 14 2 1 1 0 1 1 11 1 2 0 1401 1
0 58.42 21 2 3 5 10 1 1 13 0 2 0 6701 1
1 47.17 5.83 2 9 4 5.5 0 0 0 0 2 465 151 0
0 28.67 1.04 2 8 4 2.5 1 1 5 1 2 300 1431 1
1 18.57 5.71 2 2 4 0.54 0 0 0 0 2 120 1 0
0 20.83 8.5 2 8 4 0.165 0 0 0 0 2 0 352 0
1 35 3.37 2 8 8 8.29 0 0 0 1 2 0 1 0
0 24.75 12.5 2 6 4 1.5 1 1 12 1 2 120 568 1
1 16.32 2.75 2 6 4 0.665 0 1 1 0 2 80 22 0
1 43.17 5 2 3 5 2.25 0 0 0 1 2 141 1 0
1 29.83 1.25 1 4 4 0.25 0 0 0 0 2 224 1 0
0 20.83 0.5 1 10 2 1 0 0 0 0 2 260 1 0
1 41.58 1.75 2 4 4 0.21 1 0 0 0 2 160 1 0
1 25 12.5 2 6 4 3 1 0 0 1 1 20 1 1
0 31.25 3.75 2 13 8 0.625 1 1 9 1 2 181 1 1
0 24.58 0.67 2 6 8 1.75 1 0 0 0 2 400 1 0
1 48.75 8.5 2 8 8 12.5 1 1 9 0 2 181 1656 1
1 48.33 12 2 7 4 16 1 0 0 0 1 110 1 1
0 20.75 10.33 2 13 8 0.335 1 1 1 1 2 80 51 1
1 22.83 3 2 7 4 1.29 1 1 1 0 2 260 801 1
1 31.57 0.5 2 8 5 0.835 1 0 0 1 1 320 1 0
1 27 0.75 2 8 8 4.25 1 1 3 1 2 312 151 1
1 39.92 0.54 1 6 4 0.5 1 1 3 0 2 200 1001 1
1 41.92 0.42 2 8 8 0.21 1 1 6 0 2 220 949 1
0 23.5 9 2 11 4 8.5 1 1 5 1 2 120 1 1
1 45.17 1.5 2 8 4 2.5 1 0 0 1 2 140 1 0
0 18.75 7.5 2 11 4 2.71 1 1 5 0 2 184 26727 1
1 21.5 9.75 2 8 4 0.25 1 0 0 0 2 140 1 0
0 33.67 0.37 2 13 4 0.375 0 0 0 0 2 300 45 1
0 22.67 0.33 2 11 4 0.75 0 0 0 0 1 160 1 0
1 31.25 2.83 2 1 1 0 0 1 5 0 2 176 147 0
1 32.25 14 1 1 1 0 0 1 2 0 2 160 2 0
0 31.57 3.5 2 2 4 3 1 0 0 1 2 300 1 0
0 46 4 2 5 3 0 1 0 0 0 2 100 961 1
1 41 0.04 2 10 4 0.04 0 1 1 0 1 560 1 1
1 24.33 6.62 1 2 4 5.5 1 0 0 1 1 100 1 1
0 18.92 9.25 1 8 4 1 1 1 4 1 2 80 501 1
0 45 4.58 2 4 8 1 0 0 0 1 1 240 1 0
1 39.25 9.5 2 7 4 6.5 1 1 14 0 2 240 4608 1
0 15.83 7.62 2 11 4 0.125 0 1 1 1 2 0 161 0
1 24.08 0.87 2 7 4 0.085 0 1 4 0 2 254 1951 0
0 22.42 11.25 1 14 8 0.75 1 1 4 0 2 0 322 1
0 24.83 4.5 2 9 4 1 0 0 0 1 2 360 7 0
0 33.08 1.62 2 2 4 0.54 0 0 0 1 2 0 1 0
0 47.25 0.75 2 11 8 2.75 1 1 1 0 2 333 893 1
1 33.75 2.75 2 3 5 0 0 0 0 0 2 180 1 0
0 27.67 2.04 2 9 4 0.25 0 0 0 1 2 180 51 0
1 38.25 10.12 1 4 4 0.125 0 0 0 0 2 160 1 0
1 55.92 11.5 2 1 1 5 1 1 5 0 2 0 8852 1
1 43.25 25.21 2 11 8 0.21 1 1 1 0 2 760 91 0
1 21.92 0.5 2 8 4 0.125 0 0 0 0 2 360 1 0
1 19.42 6.5 2 9 8 1.46 1 1 7 0 2 80 2955 1
1 32.75 2.33 2 2 8 5.75 0 0 0 1 2 292 1 0
0 49.83 13.58 2 4 8 8.5 1 0 0 1 2 0 1 1
1 28.33 5 2 9 4 11 1 0 0 1 2 70 1 1
1 48.58 6.5 2 11 8 6 1 0 0 1 2 350 1 1
0 56.5 16 2 5 1 0 1 1 15 0 2 0 248 1
0 27.58 3 2 7 4 2.79 0 1 1 1 2 280 11 0
1 32.33 7.5 2 10 5 1.585 1 0 0 1 1 420 1 0
1 18.67 5 2 11 4 0.375 1 1 2 0 2 0 39 0
1 34.75 15 2 12 7 5.375 1 1 9 1 2 0 135 1
1 18.17 2.46 2 8 7 0.96 0 1 2 1 2 160 588 0
1 31.25 1.12 2 1 1 0 0 1 1 0 2 96 20 0
0 23.25 5.87 2 11 4 3.17 1 1 10 0 2 120 246 1
0 69.5 6 2 1 1 0 0 0 0 0 1 0 1 0
1 15.17 7 2 10 4 1 0 0 0 0 2 600 1 0
1 47.67 0.28 2 8 5 15 1 1 20 0 2 0 15001 1
1 27.25 1.66 2 13 8 5.085 1 1 9 0 2 399 828 1
1 48.08 6.04 2 4 4 0.04 0 0 0 0 2 0 2691 1
1 42.83 1.25 2 7 4 13.875 0 1 1 1 2 352 113 0
1 32.33 3.5 2 4 4 0.5 0 0 0 1 2 232 1 0
1 27.67 0.75 2 11 8 0.165 0 0 0 1 2 220 252 0
1 28.75 1.5 1 8 4 1.5 1 0 0 1 2 0 226 0
1 26.17 0.25 2 3 5 0 1 0 0 1 2 0 1 1
1 26.17 0.83 2 13 4 1.165 0 0 0 0 2 100 1 0
1 29.92 1.83 2 8 8 4.335 1 0 0 0 2 260 201 1
1 33.17 3.04 1 8 8 2.04 1 1 1 1 2 180 18028 1
1 42.75 3 2 3 5 1 1 0 0 0 2 0 201 0
1 25.17 3.5 2 13 4 0.625 1 1 7 0 2 0 7060 1
1 23.42 1 2 8 4 0.5 0 0 0 1 1 280 1 0
1 18 0.16 2 11 7 0.21 0 0 0 0 2 200 41 1
0 29.5 0.46 2 4 4 0.54 1 1 4 0 2 380 501 1
1 34.92 5 2 14 8 7.5 1 1 6 1 2 0 1001 1
1 23.75 12 2 8 4 2.085 0 0 0 0 1 80 1 0
1 24.42 12.33 2 11 8 1.585 1 0 0 1 2 120 1 1
1 21 3 1 2 4 1.085 1 1 8 1 2 160 2 1
1 34.75 2.5 2 13 5 0.5 0 0 0 0 2 348 1 0
1 25.67 3.25 2 8 8 2.29 0 1 1 1 2 416 22 0
1 74.83 19 1 1 1 0.04 0 1 2 0 2 0 352 0
0 26.92 13.5 2 11 8 5 1 1 2 0 2 0 5001 1
0 20.83 3 2 6 4 0.04 1 0 0 0 2 100 1 1
1 21.33 7.5 2 6 4 1.415 1 1 1 0 2 80 9801 1
1 35.58 0.75 2 4 4 1.5 0 0 0 1 2 231 1 0
1 23.58 0.83 2 3 8 0.085 0 0 0 1 2 220 6 0
1 23.08 2.5 2 1 1 0.085 0 0 0 1 2 100 4209 0
0 19.57 0.66 1 8 4 1 0 1 1 0 2 2000 3 0
1 28.92 15 2 8 8 5.335 1 1 11 0 2 0 2284 1
1 29.83 2.04 1 14 8 0.04 0 0 0 0 2 128 2 0
0 31.57 11.25 2 1 1 0 0 0 0 0 2 184 5201 0
0 18.82 9.53 2 6 4 0.085 1 0 0 0 2 100 1 1
0 18.07 0.37 3 13 1 10 0 0 0 1 1 300 1 1
1 40 6.5 2 6 5 3.5 1 1 1 0 2 0 501 1
1 30.33 0.5 2 2 8 0.085 0 0 0 1 1 252 1 0
1 34.25 3 2 13 8 7.415 1 0 0 1 2 0 1 1
1 28.17 0.12 1 4 4 0.085 0 0 0 0 2 216 2101 0
0 22.92 1.25 2 11 4 0.25 0 0 0 1 2 120 810 0
0 36.75 5.12 2 10 4 5 1 0 0 1 2 0 4001 1
0 23.75 0.71 2 9 4 0.25 0 1 1 1 2 240 5 0
1 38.92 1.75 2 4 4 0.5 0 0 0 1 2 300 3 0
1 32.08 4 1 13 4 1.5 0 0 0 1 2 120 1 0
1 23.75 0.41 1 8 4 0.04 0 1 2 0 2 128 7 0
1 35.17 2.5 2 4 4 4.5 1 1 7 0 2 150 1271 1
0 24.75 3 2 11 8 1.835 1 1 19 0 2 0 501 1
1 44.83 7 1 8 4 1.625 0 0 0 0 2 160 3 0
0 22.5 11 1 11 4 3 1 0 0 1 2 268 1 0
0 40.33 8.12 1 4 4 0.165 0 1 2 0 2 184 19 0

