1 26.75 1.12 2 14 8 1.25 1 0 0 0 2 0 5299 1
0 23 1.83 2 5 3 0 0 1 1 0 2 200 54 0
1 33.58 2.75 2 7 4 4.25 1 1 6 0 2 204 1 1
0 32 6 2 2 4 1.25 0 0 0 0 2 272 1 0
1 55.92 11.5 2 1 1 5 1 1 5 0 2 0 8852 1
0 28.08 15 1 10 9 0 1 0 0 0 2 0 13213 1
1 31.57 10.5 2 14 4 6.5 1 0 0 0 2 0 1 1
1 27.67 13.75 2 9 4 5.75 1 0 0 1 2 487 501 1
0 38.33 4.41 2 8 4 0.125 0 0 0 0 2 160 1 0
0 18.92 9.25 1 8 4 1 1 1 4 1 2 80 501 1
0 24.5 1.75 1 8 4 0.165 0 0 0 0 2 132 1 0
0 25.08 2.54 1 6 4 0.25 1 0 0 1 2 370 1 1
0 21.75 1.75 1 5 3 0 0 0 0 0 2 160 1 0
1 21.83 1.54 2 4 4 0.085 0 0 0 1 2 356 1 0
1 51.83 3 1 1 1 1.5 0 0 0 0 2 180 5 0
1 42 9.78 2 14 8 7.96 1 1 8 0 2 0 1 1
1 27.67 2 2 14 8 1 1 1 4 0 2 140 7545 1
0 45.83 10.5 2 11 4 5 1 1 7 1 2 0 1 1
0 17.92 10.21 2 1 1 0 0 0 0 0 2 0 51 0
0 20.42 0.83 2 11 4 1.585 1 1 1 0 2 0 1 1
0 46.67 0.46 2 13 8 0.415 1 1 11 1 2 440 7 1
1 20.67 0.41 2 8 4 0.125 0 0 0 0 2 0 45 0
0 22.5 8.46 1 14 4 2.46 0 0 0 0 2 164 1 1
0 19.17 8.58 2 13 8 0.75 1 1 7 0 2 96 1 1
0 52.5 7 2 6 8 3 0 0 0 0 2 0 1 0
1 32.75 1.5 2 13 8 5.5 1 1 3 1 2 0 1 1
0 35.75 0.91 2 6 4 0.75 1 1 4 0 2 0 1584 1
1 48.75 8.5 2 8 8 12.5 1 1 9 0 2 181 1656 1
1 33.67 2.16 2 8 4 1.5 0 0 0 0 3 120 1 0
0 58.33 10 2 11 4 4 1 1 14 0 2 0 1603 1
1 39.5 4.25 2 8 5 6.5 1 1 16 0 2 117 1211 1
0 28.58 3.75 2 8 4 0.25 0 1 1 1 2 40 155 0
1 22.08 2.33 2 4 4 0.75 0 0 0 0 2 180 1 0
0 16.07 0.33 2 1 1 0 0 1 1 0 2 160 127 0
1 74.83 19 1 1 1 0.04 0 1 2 0 2 0 352 0
0 52.17 0 1 1 1 0 0 0 0 0 2 0 1 0
1 44.83 7 1 8 4 1.625 0 0 0 0 2 160 3 0
1 34.17 9.17 2 8 4 4.5 1 1 12 1 2 0 222 1
1 51.42 0.04 2 14 8 0.04 1 0 0 0 2 0 3001 1
1 24.17 0.87 2 11 4 4.625 1 1 2 1 2 520 2001 1
1 16.25 0.83 2 7 4 0.085 1 0 0 0 1 200 1 0
1 18.07 6.75 1 7 4 0.04 0 0 0 0 2 140 1 0
1 21.42 0.75 1 12 7 0.75 0 0 0 1 2 132 3 0
0 41.33 1 2 3 5 2.25 1 0 0 1 2 0 301 1
0 33.17 2.25 1 13 4 3.5 0 0 0 1 2 200 142 0
1 34.75 15 2 12 7 5.375 1 1 9 1 2 0 135 1
1 32.33 7.5 2 10 5 1.585 1 0 0 1 1 420 1 0
1 48.33 12 2 7 4 16 1 0 0 0 1 110 1 1
1 26.83 0.54 2 4 1 0 0 0 0 0 2 100 1 0
0 41 2.04 1 11 8 0.125 1 1 23 1 2 455 1237 1
1 20.75 5.08 1 5 4 0.29 0 0 0 0 2 140 185 0
0 21.5 6 2 6 4 2.5 1 1 3 0 2 80 919 1
1 19 1.75 1 8 4 2.335 0 0 0 1 2 112 7 0
1 17.07 0.08 1 8 4 0.04 0 0 0 0 2 140 723 0
1 18.32 1.21 1 10 2 0 0 0 0 0 2 100 1 0
0 20.75 10.25 2 11 4 0.71 1 1 2 1 2 49 1 1
1 41.17 1.33 2 2 4 0.165 0 0 0 0 2 168 1 0
1 31.57 4 1 3 4 0.085 0 0 0 1 2 411 1 0
1 20.42 1.08 2 11 4 1.5 0 0 0 0 2 108 8 0
1 28.92 0.37 2 8 4 0.29 0 0 0 0 2 220 141 0
0 44.33 0 2 8 4 2.5 1 0 0 0 2 0 1 1
0 17.82 11 2 14 8 1 1 1 11 0 2 0 3001 1
0 55.75 7.08 2 4 8 6.75 1 1 3 1 2 100 51 0
1 24.5 13.33 1 6 4 0.04 0 0 0 1 2 120 476 0
1 20.17 9.25 2 8 4 1.665 1 1 3 1 2 40 29 1
1 37.33 6.5 2 7 8 4.25 1 1 12 1 2 93 1 1
0 29.58 1.75 1 4 4 1.25 0 0 0 1 2 280 1 0
1 19.42 6.5 2 9 8 1.46 1 1 7 0 2 80 2955 1
0 23.58 0.83 2 11 4 0.415 0 1 1 1 2 200 12 0
1 54.42 0.5 1 4 8 3.96 1 0 0 0 2 180 315 1
1 21.5 11.5 2 3 4 0.5 1 0 0 1 2 100 69 0
1 42 0.2 2 3 8 5.125 1 0 0 0 2 400 1 1
1 28 3 2 9 4 0.75 0 0 0 1 2 300 68 0
1 27.75 0.58 1 13 4 0.25 1 1 2 0 2 260 501 1
1 35.25 3.16 2 14 8 3.75 1 0 0 1 2 680 1 0
1 31.58 0.75 1 6 4 3.5 0 0 0 1 2 320 1 0
0 21.92 11.66 2 4 8 0.085 0 0 0 0 2 320 6 0
1 36.67 4.41 1 4 4 0.25 1 1 10 1 2 320 1 1
1 21.17 0.25 1 8 8 0.25 0 0 0 0 2 280 205 0
1 56.58 18.5 2 2 5 15 1 1 17 1 2 0 1 1
1 29.67 0.75 1 8 4 0.04 0 0 0 0 2 240 1 0
1 19.17 9.5 2 9 4 1.5 1 0 0 0 2 120 2207 1
0 24.75 13.66 2 11 8 1.5 0 0 0 0 2 280 2 0
1 34 5.5 1 8 4 1.5 0 0 0 1 2 60 1 0
1 20.42 7 2 8 4 1.625 1 1 3 0 2 200 1392 1
1 39.17 1.62 2 8 4 1.5 1 1 10 0 2 186 4701 1
1 21.17 0 2 8 4 0.5 0 0 0 1 1 0 1 0
1 32.08 4 2 7 4 2.5 1 0 0 1 2 360 1 1
1 34.42 4.25 2 3 5 3.25 1 1 2 0 2 274 611 1
1 29.42 1.25 2 9 4 1.75 0 0 0 0 2 200 1 0
0 25.75 0.5 2 8 8 0.875 1 0 0 1 2 491 1 1
1 42.75 4.08 2 6 4 0.04 0 0 0 0 2 108 101 0
1 21.33 7.5 2 6 4 1.415 1 1 1 0 2 80 9801 1
1 22.08 11 2 13 4 0.665 1 0 0 0 2 100 1 1
1 39.92 6.21 2 11 4 0.04 1 1 1 0 2 200 301 1
1 41.33 0 2 8 5 15 1 0 0 0 2 0 1 1
1 26.75 2 2 2 4 0.75 0 0 0 1 2 80 1 0
1 25.67 2.21 1 6 4 4 1 0 0 0 2 188 1 0
1 34.17 1.54 2 13 4 1.54 1 1 1 1 2 520 50001 1
1 44.33 0.5 2 3 8 5 1 0 0 1 2 320 1 1
1 52.33 1.37 1 8 8 9.46 1 0 0 1 2 200 101 0
1 41.17 4.04 2 13 8 7 1 1 8 0 2 320 1 1
1 47.67 0.28 2 8 5 15 1 1 20 0 2 0 15001 1
1 37.5 1.75 1 8 5 0.25 1 0 0 1 2 164 401 0
1 47.83 4.16 2 14 5 0.085 0 0 0 1 2 520 1 0
0 29.75 0.66 2 9 4 0.25 0 0 0 1 2 300 1 0
1 39.58 13.91 2 9 4 8.625 1 1 6 1 2 70 1 1
1 33.67 1.25 2 9 4 1.165 0 0 0 0 2 120 1 0
1 25.67 3.25 2 8 8 2.29 0 1 1 1 2 416 22 0
1 22.17 0.58 1 1 1 0 0 0 0 0 2 100 1 0
1 18.25 0.16 2 2 4 0.25 0 0 0 1 1 280 1 0
1 48.5 4.25 2 7 4 0.125 1 0 0 1 2 225 1 1
1 37.58 0 2 8 4 0 0 0 0 0 3 184 1 1
1 39 5 2 13 4 3.5 1 1 10 1 2 0 1 1
1 57.83 7.04 2 7 4 14 1 1 6 1 2 360 1333 1
1 39.5 1.62 2 8 4 1.5 0 0 0 0 2 0 317 0
1 25.75 0.5 2 8 4 1.46 1 1 5 1 2 312 1 1
0 18.57 10 2 2 4 0.415 0 0 0 0 2 80 43 0
0 18.82 9.5 2 9 4 1.625 1 1 6 1 2 40 601 1
1 47.33 6.5 2 8 4 1 0 0 0 1 2 0 229 0
0 53.33 0.16 2 1 1 0 0 0 0 1 1 62 28 0
1 30.75 1.58 2 2 4 0.585 0 0 0 1 1 0 1 0
1 54.33 6.75 2 8 8 2.625 1 1 11 1 2 0 285 1
0 37.75 5.5 2 11 4 0.125 1 0 0 1 2 228 1 1
1 39.25 9.5 2 7 4 6.5 1 1 14 0 2 240 4608 1
0 20.07 1.25 2 8 4 0 0 0 0 0 2 0 1 0
1 69.17 9 2 1 1 4 0 1 1 0 2 70 7 0
0 27.42 14.5 2 14 8 3.085 1 1 1 0 2 120 12 1
1 41.92 0.42 2 8 8 0.21 1 1 6 0 2 220 949 1
1 21 4.79 1 9 4 2.25 1 1 1 1 2 80 301 1
1 26.17 0.25 2 3 5 0 1 0 0 1 2 0 1 1
0 65.17 14 2 1 1 0 1 1 11 1 2 0 1401 1
0 24.83 4.5 2 9 4 1 0 0 0 1 2 360 7 0
1 40.58 5 2 8 4 5 1 1 7 0 2 0 3066 1
1 19.17 0 1 7 5 0 0 0 0 1 1 500 2 1
1 60.08 14.5 2 1 1 18 1 1 15 1 2 0 1001 1
0 23.5 1.5 2 9 4 0.875 0 0 0 1 2 160 1 0
1 16.32 4.08 2 3 8 0.415 0 0 0 1 2 120 1 0
0 23.58 0.58 1 1 1 0.125 0 0 0 0 2 120 88 0
1 22.17 2.25 2 3 4 0.125 0 0 0 0 2 160 11 0
0 19.57 0.66 2 9 4 1.665 0 0 0 0 2 220 6 0
0 56.5 16 2 5 1 0 1 1 15 0 2 0 248 1
1 18 0.16 2 11 7 0.21 0 0 0 0 2 200 41 1
0 35.42 12 2 11 8 14 1 1 8 0 2 0 6591 1
1 80.25 5.5 2 8 4 0.54 1 0 0 0 2 0 341 0
1 33.17 1.04 2 12 8 6.5 1 0 0 1 2 164 31286 1
1 39.58 5 2 1 1 0 0 1 2 0 2 17 2 0
1 49.17 2.29 2 1 1 0.29 0 0 0 0 2 200 4 0
1 21.58 0.79 1 13 4 0.665 0 0 0 0 2 160 1 0
1 36.42 0.75 1 2 4 0.585 0 0 0 0 2 240 4 0
0 22.67 3.8 2 8 4 0.165 0 0 0 0 2 160 1 0
1 25 11.25 2 8 4 2.5 1 1 17 0 2 200 1209 1
1 31.67 16.16 2 2 4 3 1 1 9 0 2 250 731 1
0 16.32 0.21 2 6 4 0.125 0 0 0 0 2 200 2 0
0 40.33 8.12 1 4 4 0.165 0 1 2 0 2 184 19 0
1 37.33 2.66 2 13 4 0.165 0 0 0 1 2 0 502 0
0 51.92 6.5 2 3 5 3.085 0 0 0 1 2 73 1 0
0 25.33 2.08 2 8 8 2.75 1 0 0 1 2 360 2 0
0 49 1.5 2 5 3 0 1 0 0 1 2 100 28 0
1 42.75 3 2 3 5 1 1 0 0 0 2 0 201 0
1 31.83 2.5 2 6 4 7.5 1 0 0 1 2 523 1 0
1 23.58 0.83 2 3 8 0.085 0 0 0 1 2 220 6 0
1 18.07 5.5 2 4 4 0.5 1 0 0 0 2 80 1 1
0 30 5.29 2 10 2 2.25 1 1 5 1 2 99 501 1
1 42.17 5.04 2 11 8 12.75 1 0 0 1 2 92 1 1
0 60.92 5 2 6 4 4 1 1 4 0 2 0 100 1
1 25.25 1 2 6 4 0.5 0 0 0 0 2 200 1 0
1 20.42 1.83 2 8 4 2.25 1 1 1 0 2 100 151 1
1 32.25 14 1 1 1 0 0 1 2 0 2 160 2 0
0 33.25 2.5 1 8 4 2.5 0 0 0 1 2 0 3 0
1 35.17 25.12 2 14 8 1.625 1 1 1 1 2 515 501 1
1 25.75 0.75 2 8 5 0.25 1 0 0 0 2 349 24 1
1 25.5 0.37 2 7 4 0.25 1 1 3 0 2 260 15109 1
1 28.33 5 2 9 4 11 1 0 0 1 2 70 1 1
1 32.83 2.5 2 13 8 2.75 1 1 6 0 2 160 2073 1
1 23.92 1.5 2 2 8 1.875 1 1 6 0 2 200 328 1
1 38.58 3.33 2 9 4 4 1 1 14 0 2 383 1345 1
1 24.58 1.25 2 8 4 0.25 0 0 0 0 2 110 1 0
0 48.17 1.33 2 3 7 0.335 0 0 0 0 2 0 121 0
1 37.75 7 2 11 8 11.5 1 1 7 1 2 300 6 0
1 17.07 3.29 2 3 4 0.335 0 0 0 1 2 140 3 0
1 51.33 10 2 3 5 0 1 1 11 0 2 0 1250 1
0 50.25 0.83 2 6 4 0.5 0 0 0 1 2 240 118 0
1 16.17 0.04 2 8 4 0.04 0 0 0 0 2 0 1 1
0 20.32 10 2 8 8 1 1 1 4 0 2 50 1466 1
0 31.25 3.75 2 13 8 0.625 1 1 9 1 2 181 1 1
1 43 0.28 1 13 8 1.75 1 1 8 0 2 100 376 1
1 37.5 0.83 2 10 4 0.04 0 0 0 0 2 120 6 0
0 28.67 1.04 2 8 4 2.5 1 1 5 1 2 300 1431 1
1 23.92 0.58 1 13 8 0.125 0 0 0 0 2 240 2 0
1 35.58 0.75 2 4 4 1.5 0 0 0 1 2 231 1 0
1 21.25 1.5 2 9 4 1.5 0 0 0 0 2 150 9 1
0 24.75 12.5 2 6 4 1.5 1 1 12 1 2 120 568 1
1 49.5 7.58 2 3 5 7.585 1 1 15 1 2 0 5001 1
1 33.17 3.16 1 14 4 3.165 1 1 3 1 2 380 1 1
0 38.25 6 2 4 4 1 1 0 0 1 2 0 1 1
0 25.25 12.5 2 2 4 1 0 0 0 1 2 180 1063 0
0 29.5 2 1 10 8 2 0 0 0 0 2 256 18 0
1 23.25 1.5 2 11 4 2.375 1 1 3 1 2 0 583 1
1 31.83 0.04 1 7 4 0.04 0 0 0 0 2 0 1 0
0 22.58 10.75 2 11 4 0.415 1 1 5 1 2 0 561 1
0 23.58 11.5 1 4 8 3 0 0 0 1 2 20 17 0
0 27.67 2.04 2 9 4 0.25 0 0 0 1 2 180 51 0
0 40.83 10 2 11 8 1.75 1 0 0 0 2 29 838 1
1 48.17 3.5 2 6 4 3.5 1 0 0 0 1 230 1 1
1 40.58 1.5 2 3 5 0 0 0 0 0 1 300 1 0
1 34.17 5.25 2 9 4 0.085 0 0 0 1 2 290 7 1
1 54.58 9.41 2 1 1 14.415 1 1 11 1 2 30 301 1
0 36.75 5.12 2 10 4 5 1 0 0 1 2 0 4001 1
1 31.57 0.04 1 2 4 4.25 0 0 0 1 2 460 1 0
1 30.67 2.5 2 13 8 2.25 0 0 0 1 1 340 1 0
1 17.57 10 2 9 8 0.165 0 1 1 0 2 120 2 0
0 32.17 1.46 2 9 4 1.085 1 1 16 0 2 120 2080 1
1 20.67 0.83 1 8 4 2 0 0 0 1 1 240 1 0
1 39.42 1.71 1 7 4 0.165 0 0 0 0 1 400 1 0
1 23.25 12.62 2 8 4 0.125 0 1 2 0 2 0 5553 0
1 38.42 0.7 2 8 4 0.375 0 1 2 0 2 225 501 0
1 50.75 0.58 2 1 1 0 0 0 0 0 2 145 1 0
0 20.5 11.83 2 8 8 6 1 0 0 0 2 340 1 1
1 21.17 0.87 1 8 8 0.25 0 0 0 0 2 280 205 0

