1 37.33 6.5 2 7 8 4.25 1 1 12 1 2 93 1 1
0 23.25 5.87 2 11 4 3.17 1 1 10 0 2 120 246 1
1 56.42 28 1 8 4 28.5 1 1 40 0 2 0 16 1
1 39.83 0.5 2 7 4 0.25 1 0 0 0 1 288 1 0
1 24.58 1.25 2 8 4 0.25 0 0 0 0 2 110 1 0
1 31.08 1.5 1 9 4 0.04 0 0 0 0 1 160 1 0
1 18 0.16 2 11 7 0.21 0 0 0 0 2 200 41 1
1 20.17 5.62 2 9 4 1.71 1 0 0 0 1 120 1 1
1 26.17 0.83 2 13 4 1.165 0 0 0 0 2 100 1 0
1 31.57 0.04 1 2 4 4.25 0 0 0 1 2 460 1 0
0 46.08 3 2 8 4 2.375 1 1 8 1 2 396 4160 1
1 20.42 0 2 8 4 0 0 0 0 0 3 184 1 0
1 23.08 11.5 2 9 8 2.125 1 1 11 1 2 290 285 1
1 27.83 1.5 2 9 4 2 1 1 11 1 2 434 36 1
0 45 4.58 2 4 8 1 0 0 0 1 1 240 1 0
1 25.17 6 2 8 4 1 1 1 3 0 2 0 1 1
1 20.17 9.25 2 8 4 1.665 1 1 3 1 2 40 29 1
1 31.57 4 1 3 4 0.085 0 0 0 1 2 411 1 0
1 23 0.62 1 6 4 0.125 1 0 0 0 2 180 2 0
1 35.25 3.16 2 14 8 3.75 1 0 0 1 2 680 1 0
1 32.33 2.5 2 8 4 1.25 0 0 0 1 2 280 1 0
1 23.58 1.79 2 8 4 0.54 0 0 0 1 2 136 2 0
1 22.67 0.16 2 8 3 2.25 0 0 0 1 1 0 1 1
1 16.07 0.75 2 8 4 1.75 1 1 5 1 2 352 691 1
1 25.67 12.5 2 13 4 1.21 1 1 67 1 2 140 259 1
1 25 11.25 2 8 4 2.5 1 1 17 0 2 200 1209 1
0 47.75 8 2 8 4 7.875 1 1 6 1 2 0 1261 1
1 18.07 5.5 2 4 4 0.5 1 0 0 0 2 80 1 1
0 55.75 7.08 2 4 8 6.75 1 1 3 1 2 100 51 0
1 41.5 1.54 2 3 5 3.5 0 0 0 0 2 216 1 1
0 38.25 6 2 4 4 1 1 0 0 1 2 0 1 1
0 41 2.04 1 11 8 0.125 1 1 23 1 2 455 1237 1
1 76.75 22.29 2 10 9 12.75 1 1 1 1 2 0 110 1
1 29.92 1.83 2 8 8 4.335 1 0 0 0 2 260 201 1
1 17.07 0.25 2 11 4 0.335 0 1 4 0 2 160 9 0
1 48.58 0.2 1 4 4 0.25 1 1 11 0 2 380 2733 1
1 31.57 4 2 14 4 5 1 1 3 1 2 290 2280 1
1 36.17 18.12 2 9 4 0.085 0 0 0 0 2 320 3553 0
1 39.58 13.91 2 9 4 8.625 1 1 6 1 2 70 1 1
1 15.17 7 2 10 4 1 0 0 0 0 2 600 1 0
1 20.67 0.41 2 8 4 0.125 0 0 0 0 2 0 45 0
1 25.17 3 2 8 4 1.25 0 1 1 0 2 0 23 0
0 44.33 0 2 8 4 2.5 1 0 0 0 2 0 1 1
1 40 6.5 2 6 5 3.5 1 1 1 0 2 0 501 1
1 26.75 4.5 1 8 5 2.5 0 0 0 0 2 200 1211 0
1 23 0.75 2 7 4 0.5 1 0 0 1 1 320 1 0
0 35.42 12 2 11 8 14 1 1 8 0 2 0 6591 1
1 30.58 2.71 1 7 4 0.125 0 0 0 1 1 80 1 0
0 28.75 3.75 2 8 4 1.085 1 1 1 1 2 371 1 1
0 29.75 0.66 2 9 4 0.25 0 0 0 1 2 300 1 0
0 24.75 12.5 2 6 4 1.5 1 1 12 1 2 120 568 1
1 18.82 0.41 1 8 4 0.165 0 1 1 0 2 200 2 0
1 16.25 0.83 2 7 4 0.085 1 0 0 0 1 200 1 0
1 51.33 10 2 3 5 0 1 1 11 0 2 0 1250 1
0 19.57 0.66 2 9 4 1.665 0 0 0 0 2 220 6 0
1 41.75 0.96 2 14 4 2.5 1 0 0 0 2 510 601 1
1 22.17 2.25 2 3 4 0.125 0 0 0 0 2 160 11 0
0 28.5 1 2 11 4 1 1 1 2 1 2 167 501 0
1 54.58 9.41 2 1 1 14.415 1 1 11 1 2 30 301 1
0 22.92 1.25 2 11 4 0.25 0 0 0 1 2 120 810 0
0 18.07 0.37 3 13 1 10 0 0 0 1 1 300 1 1
0 36 1 2 8 4 2 1 1 11 0 2 0 457 1
1 48.25 25.08 2 9 4 1.75 1 1 3 0 2 120 15 1
1 22.92 0.17 2 7 4 0.085 0 0 0 0 1 0 1 0
1 40.58 1.5 2 3 5 0 0 0 0 0 1 300 1 0
1 25 12.5 2 6 4 3 1 0 0 1 1 20 1 1
0 20.42 0.83 2 11 4 1.585 1 1 1 0 2 0 1 1
0 24.5 1.04 1 1 1 0.5 1 1 3 0 2 180 148 0
1 25.25 1 2 6 4 0.5 0 0 0 0 2 200 1 0
1 41.17 4.04 2 13 8 7 1 1 8 0 2 320 1 1
1 22.25 0.46 2 4 4 0.125 0 0 0 1 2 280 56 0
0 37.33 2.5 2 3 8 0.21 0 0 0 0 2 260 247 0
1 31.25 1.12 2 1 1 0 0 1 1 0 2 96 20 0
1 31.25 2.83 2 1 1 0 0 1 5 0 2 176 147 0
1 20.75 5.08 1 5 4 0.29 0 0 0 0 2 140 185 0
0 40.33 8.12 1 4 4 0.165 0 1 2 0 2 184 19 0
0 23 1.83 2 5 3 0 0 1 1 0 2 200 54 0
1 22.83 3 2 7 4 1.29 1 1 1 0 2 260 801 1
1 31.83 2.5 2 6 4 7.5 1 0 0 1 2 523 1 0
1 23.25 12.62 2 8 4 0.125 0 1 2 0 2 0 5553 0
1 21.42 0.75 1 12 7 0.75 0 0 0 1 2 132 3 0
1 28 3 2 9 4 0.75 0 0 0 1 2 300 68 0
0 36.75 4.71 2 1 1 0 0 0 0 0 2 160 1 0
1 25.33 0.57 2 8 4 0.29 1 1 7 1 2 96 5125 1
1 27 1.5 1 9 4 0.375 1 0 0 1 2 260 1066 1
0 33.92 1.58 1 1 1 0 1 0 0 0 2 320 1 0
1 42 9.78 2 14 8 7.96 1 1 8 0 2 0 1 1
1 65.42 11 2 10 9 20 1 1 7 1 2 22 1 1
1 22.75 11.5 2 3 4 0.415 0 0 0 0 2 0 1 0
1 42.75 3 2 3 5 1 1 0 0 0 2 0 201 0
1 17.92 0.2 2 6 4 0.04 0 0 0 0 2 280 751 0
1 60.08 14.5 2 1 1 18 1 1 15 1 2 0 1001 1
0 60.92 5 2 6 4 4 1 1 4 0 2 0 100 1
1 35.25 16.5 1 8 4 4 1 0 0 0 2 80 1 0
1 27.83 1 1 2 8 3 0 0 0 0 2 176 538 0
1 34.67 1.08 2 7 4 1.165 0 0 0 0 1 28 1 0
0 21.08 5 1 1 1 0 0 0 0 0 2 0 1 0
0 68.67 15 2 10 9 0 1 1 14 0 2 0 3377 1
1 18.82 0 2 11 4 0.665 0 0 0 0 2 160 2 0
1 39.17 1.62 2 8 4 1.5 1 1 10 0 2 186 4701 1
0 32.33 0.54 2 13 4 0.04 1 0 0 0 2 440 11178 1
1 40.92 2.25 1 14 8 10 1 0 0 1 2 176 1 0
1 25.75 0.5 2 8 4 1.46 1 1 5 1 2 312 1 1
0 38.92 1.66 2 6 4 0.25 0 0 0 0 2 0 391 0
1 29.25 14.79 2 6 4 5.04 1 1 5 1 2 168 1 1
1 49.58 19 2 1 1 0 1 1 1 0 2 94 1 0
1 51.58 15 2 8 4 8.5 1 1 9 0 2 0 1 1
0 45.83 10.5 2 11 4 5 1 1 7 1 2 0 1 1
1 36.67 4.41 1 4 4 0.25 1 1 10 1 2 320 1 1
0 53.33 0.16 2 1 1 0 0 0 0 1 1 62 28 0
1 22.67 0.75 2 3 4 1.585 0 1 1 1 2 400 10 0
0 22.58 10.75 2 11 4 0.415 1 1 5 1 2 0 561 1
1 21.17 0.87 1 8 8 0.25 0 0 0 0 2 280 205 0
1 58.58 2.71 2 8 4 2.415 0 0 0 1 2 320 1 0
1 23.17 0 2 13 4 0.085 1 0 0 0 2 0 1 1
1 23.92 0.58 1 13 8 0.125 0 0 0 0 2 240 2 0
0 44.17 6.66 2 11 4 7.375 1 1 3 1 2 0 1 1
1 20.42 7 2 8 4 1.625 1 1 3 0 2 200 1392 1
0 16.07 0.33 2 1 1 0 0 1 1 0 2 160 127 0
1 23.17 11.12 2 14 8 0.46 1 1 1 0 2 100 1 1
1 41.33 0 2 8 5 15 1 0 0 0 2 0 1 1
1 20.25 9.96 2 10 2 0 1 0 0 0 2 0 1 1
0 47.42 8 2 10 5 6.5 1 1 6 0 2 375 51101 1
0 17.32 9.5 2 6 4 1.75 0 1 10 1 2 0 11 0
0 17.82 11 2 14 8 1 1 1 11 0 2 0 3001 1
0 15.83 7.62 2 11 4 0.125 0 1 1 1 2 0 161 0
0 56.5 16 2 5 1 0 1 1 15 0 2 0 248 1
1 40.92 0.83 2 1 1 0 1 0 0 0 2 130 2 0
0 25.25 12.5 2 2 4 1 0 0 0 1 2 180 1063 0
1 19 1.75 1 8 4 2.335 0 0 0 1 2 112 7 0
1 28.25 0.87 2 7 4 0.96 1 1 3 1 2 396 1 1
1 21.5 11.5 2 3 4 0.5 1 0 0 1 2 100 69 0
0 20.67 1.83 2 11 4 2.085 1 1 5 0 2 220 2504 1
1 39.33 5.87 2 13 8 10 1 1 14 1 2 399 1 1
0 15.92 2.87 2 11 4 0.085 0 0 0 0 2 120 1 0
1 17.5 22 3 1 7 0 0 0 0 1 3 450 100001 1
1 17.57 10 2 9 8 0.165 0 1 1 0 2 120 2 0
1 53.92 9.62 2 10 4 8.665 1 1 5 0 2 0 1 1
1 31.57 0.5 2 8 5 0.835 1 0 0 1 1 320 1 0
0 18.25 10 2 9 4 1 0 1 1 0 2 120 2 0
1 67.75 5.5 2 10 9 13 1 1 1 1 2 0 1 1
1 16.5 0.12 2 8 4 0.165 0 0 0 0 2 132 1 0
1 20.5 10 1 8 4 2.5 1 0 0 0 1 40 1 1
0 21.25 2.33 2 3 5 0.5 1 1 4 0 1 80 1 1
0 29.58 1.75 1 4 4 1.25 0 0 0 1 2 280 1 0
0 30.67 12 2 8 4 2 1 1 1 0 2 220 20 1
1 48.17 3.5 2 6 4 3.5 1 0 0 0 1 230 1 1
0 23.58 0.58 1 1 1 0.125 0 0 0 0 2 120 88 0
1 43.17 2.25 2 3 5 0.75 1 0 0 0 2 560 1 0
0 24.08 0.5 2 11 8 1.25 1 1 1 0 2 0 679 1
1 24.75 0.54 2 7 4 1 0 0 0 1 2 120 2 0
0 36.58 0.28 2 1 1 0 0 1 10 0 2 200 19 0
1 20.5 2.41 2 8 4 2 1 1 11 1 2 200 3001 1
1 38.17 10.12 2 14 4 2.5 1 1 6 0 2 520 197 1
1 23.5 2.75 2 1 1 4.5 0 0 0 0 2 160 26 0
1 28.58 3.62 2 6 4 0.25 0 0 0 1 2 100 1 0
1 19 0 1 1 1 0 0 1 4 0 2 45 2 0
0 28.17 0.58 2 6 4 0.04 0 0 0 0 2 260 1005 0
0 22.5 11 1 11 4 3 1 0 0 1 2 268 1 0
1 29.42 1.25 2 8 8 0.25 0 1 2 1 2 400 109 0
1 19.17 4 1 3 4 1 0 0 0 1 2 360 1001 0
1 22.33 11 2 9 4 2 1 1 1 0 2 80 279 1
1 32.08 4 2 7 4 2.5 1 0 0 1 2 360 1 1
1 25.17 3.5 2 13 4 0.625 1 1 7 0 2 0 7060 1
1 42.5 4.91 1 9 4 3.165 1 0 0 1 2 52 1443 1
1 27.75 1.29 2 4 8 0.25 0 0 0 1 1 140 1 0
1 43.25 25.21 2 11 8 0.21 1 1 1 0 2 760 91 0
0 20.07 1.25 2 8 4 0 0 0 0 0 2 0 1 0
1 30.33 0.5 2 2 8 0.085 0 0 0 1 1 252 1 0
1 49.5 7.58 2 3 5 7.585 1 1 15 1 2 0 5001 1
1 23.25 1 2 8 4 0.835 1 0 0 0 1 300 1 1
0 24.33 2.5 1 3 5 4.5 0 0 0 0 2 200 457 0
0 41.33 1 2 3 5 2.25 1 0 0 1 2 0 301 1
1 34 5.08 1 3 5 1.085 0 0 0 1 2 480 1 0
1 20.42 1.08 2 11 4 1.5 0 0 0 0 2 108 8 0
0 31.57 1.5 2 1 1 0 0 1 2 1 2 200 106 0
1 32.08 4 1 13 4 1.5 0 0 0 1 2 120 1 0
1 21 4.79 1 9 4 2.25 1 1 1 1 2 80 301 1
1 24.58 12.5 2 9 4 0.875 1 0 0 1 2 260 1 0
0 28.17 0.37 2 11 4 0.585 1 1 4 0 2 80 1 1
1 48.08 3.75 2 3 5 1 0 0 0 0 2 100 3 0
1 17.67 4.46 2 8 4 0.25 0 0 0 0 1 80 1 0
0 18.75 7.5 2 11 4 2.71 1 1 5 0 2 184 26727 1
1 27.83 1.5 2 9 4 2.25 0 1 1 1 2 100 4 0
0 18.82 9.5 2 9 4 1.625 1 1 6 1 2 40 601 1
1 23.58 0.83 2 3 8 0.085 0 0 0 1 2 220 6 0
0 19.5 0.16 2 11 4 0.04 0 0 0 1 2 380 1 0
1 30.83 0 2 9 4 1.25 1 1 1 0 2 202 1 1
0 22.67 0.75 2 8 4 2 0 1 2 1 2 200 395 0
1 23.33 11.62 1 9 4 0.835 1 0 0 1 2 160 301 1
1 39.25 9.5 2 7 4 6.5 1 1 14 0 2 240 4608 1
1 20.07 0.25 2 11 4 0.125 0 0 0 0 2 200 1 0
1 40.58 3.29 2 7 4 3.5 0 0 0 1 1 400 1 0
1 18.25 0.16 2 2 4 0.25 0 0 0 1 1 280 1 0
1 23.25 4 2 8 5 0.25 1 0 0 1 2 160 1 1
1 31.83 0.04 1 7 4 0.04 0 0 0 0 2 0 1 0
1 23.25 1.5 2 11 4 2.375 1 1 3 1 2 0 583 1
0 24.92 1.25 2 1 1 0 1 0 0 0 2 80 1 0
0 20.83 3 2 6 4 0.04 1 0 0 0 2 100 1 1
0 27.42 14.5 2 14 8 3.085 1 1 1 0 2 120 12 1
1 54.83 15.5 2 10 9 0 1 1 20 0 2 152 131 0
1 21.83 1.54 2 4 4 0.085 0 0 0 1 2 356 1 0
1 39.5 1.62 2 8 4 1.5 0 0 0 0 2 0 317 0
1 39.42 1.71 1 7 4 0.165 0 0 0 0 1 400 1 0
1 34.25 3 2 13 8 7.415 1 0 0 1 2 0 1 1
0 26.17 2 2 5 3 0 0 0 0 1 2 276 2 0
1 31.92 4.46 2 13 8 6.04 1 1 3 0 2 311 301 1
1 38.58 3.33 2 9 4 4 1 1 14 0 2 383 1345 1
1 16.92 0.33 1 4 4 0.29 0 0 0 0 1 200 1 0
0 27.33 1.66 2 1 1 0 0 0 0 0 2 340 2 0
1 21.92 0.54 1 14 4 0.04 1 1 1 1 2 840 60 1
1 26.33 13 2 10 2 0 0 0 0 1 2 140 1111 0
1 28.17 0.12 1 4 4 0.085 0 0 0 0 2 216 2101 0
0 33.25 3 1 6 4 2 0 0 0 0 2 180 1 0
1 22.08 0.83 2 8 8 2.165 0 0 0 1 2 128 1 1
1 22.17 12.12 2 8 4 3.335 0 1 2 1 2 180 174 0
1 25.67 0.28 1 8 4 1.5 0 0 0 1 2 160 1 0
1 27.25 0.62 2 6 4 0.455 1 0 0 1 2 200 1 0
1 39.17 2.5 1 3 8 10 0 0 0 1 1 200 1 0
1 31.57 0.37 2 2 4 0.875 1 0 0 1 1 928 1 0

