0 26.17 2 2 5 3 0 0 0 0 1 2 276 2 0
0 30.25 5.5 2 4 4 5.5 0 0 0 1 1 100 1 0
1 39.92 5 2 3 5 0.21 0 0 0 0 2 550 1 0
0 20.42 10.5 1 14 8 0 0 0 0 1 2 154 33 0
0 33.75 0.75 2 4 5 1 1 1 3 1 2 212 1 0
1 23.58 1.79 2 8 4 0.54 0 0 0 1 2 136 2 0
1 23.17 11.12 2 14 8 0.46 1 1 1 0 2 100 1 1
0 20.83 3 2 6 4 0.04 1 0 0 0 2 100 1 1
1 34.42 1.33 2 3 5 0.125 0 0 0 1 2 440 4501 0
1 19.5 0.28 2 4 4 0.29 0 0 0 0 2 280 365 0
1 31.67 16.16 2 2 4 3 1 1 9 0 2 250 731 1
1 69.17 9 2 1 1 4 0 1 1 0 2 70 7 0
1 32.42 3 2 2 4 0.165 0 0 0 1 2 120 1 0
1 33.17 3.16 1 14 4 3.165 1 1 3 1 2 380 1 1
1 18.5 2 2 3 4 1.5 1 1 2 0 2 120 301 1
1 17.25 3 2 4 4 0.04 0 0 0 1 2 160 41 0
1 20.17 8.17 2 6 4 1.96 1 1 14 0 2 60 159 1
0 24.08 0.5 2 11 8 1.25 1 1 1 0 2 0 679 1
1 23.42 1 2 8 4 0.5 0 0 0 1 1 280 1 0
0 24.92 1.25 2 1 1 0 1 0 0 0 2 80 1 0
1 24.33 6.62 1 2 4 5.5 1 0 0 1 1 100 1 1
1 33.67 1.25 2 9 4 1.165 0 0 0 0 2 120 1 0
0 27.17 1.25 2 1 1 0 0 1 1 0 2 92 301 0
1 20 0 2 2 4 0.5 0 0 0 0 2 144 1 0
0 19.5 0.16 2 11 4 0.04 0 0 0 1 2 380 1 0
1 23.58 0.46 1 9 4 2.625 1 1 6 1 2 208 348 0
0 26.5 2.71 1 8 4 0.085 0 0 0 0 1 80 1 0
1 32.33 2.5 2 8 4 1.25 0 0 0 1 2 280 1 0
0 22.92 1.25 2 11 4 0.25 0 0 0 1 2 120 810 0
1 27.83 4 1 3 8 5.75 1 1 2 1 2 75 1 0
1 48.5 4.25 2 7 4 0.125 1 0 0 1 2 225 1 1
1 25.17 6 2 8 4 1 1 1 3 0 2 0 1 1
1 32.25 0.16 1 8 8 3.25 1 1 1 1 2 432 8001 1
1 32.92 2.5 2 6 4 1.75 0 1 2 1 2 720 1 0
0 58.33 10 2 11 4 4 1 1 14 0 2 0 1603 1
0 35.75 0.91 2 6 4 0.75 1 1 4 0 2 0 1584 1
0 27.33 1.66 2 1 1 0 0 0 0 0 2 340 2 0
1 39.25 9.5 2 7 4 6.5 1 1 14 0 2 240 4608 1
0 20.07 1.25 2 8 4 0 0 0 0 0 2 0 1 0
1 17.07 3.29 2 3 4 0.335 0 0 0 1 2 140 3 0
1 51.83 2.04 1 1 1 1.5 0 0 0 0 2 120 2 0
1 38.42 0.7 2 8 4 0.375 0 1 2 0 2 225 501 0
0 69.5 6 2 1 1 0 0 0 0 0 1 0 1 0
1 22.67 10.5 2 11 8 1.335 1 0 0 0 2 100 1 1
1 19.42 7.25 2 7 4 0.04 0 1 1 0 2 100 2 0
1 37.58 0 2 8 4 0 0 0 0 0 3 184 1 1
1 20.67 0.83 1 8 4 2 0 0 0 1 1 240 1 0
1 43.25 3 2 11 8 6 1 1 11 0 2 80 1 1
1 57.42 8.5 2 10 8 7 1 1 3 0 2 0 1 1
1 31 2.08 2 8 4 0.085 0 0 0 0 2 300 1 0
0 28.17 0.37 2 11 4 0.585 1 1 4 0 2 80 1 1
0 57.08 19.5 2 8 4 5.5 1 1 7 0 2 0 3001 1
1 35 2.5 2 3 4 1 0 0 0 1 2 210 1 0
1 36.67 2 2 3 4 0.25 0 0 0 1 2 221 1 0
1 41.58 1.75 2 4 4 0.21 1 0 0 0 2 160 1 0
1 31.57 0.37 2 2 4 0.875 1 0 0 1 1 928 1 0
0 22.5 8.5 2 11 4 1.75 1 1 10 0 2 80 991 0
1 39.83 0.5 2 7 4 0.25 1 0 0 0 1 288 1 0
0 22.67 0.75 2 8 4 2 0 1 2 1 2 200 395 0
0 26.08 8.66 2 6 4 1.415 1 0 0 0 2 160 151 1
0 23.42 0.79 1 11 4 1.5 1 1 2 1 2 80 401 1
1 23.5 3.16 1 4 4 0.415 0 1 1 1 2 280 81 0
1 36.5 4.25 2 11 4 3.5 0 0 0 0 2 454 51 0
0 68.67 15 2 10 9 0 1 1 14 0 2 0 3377 1
1 19.67 10 1 4 8 0.835 1 0 0 1 2 140 1 0
1 33 2.5 1 9 4 7 0 0 0 1 2 280 1 0
1 48.17 3.5 2 6 4 3.5 1 0 0 0 1 230 1 1
1 67.75 5.5 2 10 9 13 1 1 1 1 2 0 1 1
0 24.5 2.41 1 8 4 0 0 0 0 0 2 120 1 0
0 28.67 1.04 2 8 4 2.5 1 1 5 1 2 300 1431 1
0 19.17 8.58 2 13 8 0.75 1 1 7 0 2 96 1 1
1 35.25 3.16 2 14 8 3.75 1 0 0 1 2 680 1 0
0 17.82 11 2 14 8 1 1 1 11 0 2 0 3001 1
1 48.08 6.04 2 4 4 0.04 0 0 0 0 2 0 2691 1
0 24.75 12.5 2 6 4 1.5 1 1 12 1 2 120 568 1
1 28.67 14.5 2 2 4 0.125 0 0 0 0 2 0 287 0
1 22.67 2.54 1 8 8 2.585 1 0 0 0 2 0 1 1
1 34.08 6.5 2 6 4 0.125 1 0 0 1 2 443 1 0
1 51.83 3 1 1 1 1.5 0 0 0 0 2 180 5 0
1 16.17 0.04 2 8 4 0.04 0 0 0 0 2 0 1 1
1 40.58 5 2 8 4 5 1 1 7 0 2 0 3066 1
0 36.75 4.71 2 1 1 0 0 0 0 0 2 160 1 0
1 40.58 3.29 2 7 4 3.5 0 0 0 1 1 400 1 0
0 22.92 11.58 2 13 4 0.04 1 0 0 0 2 80 1350 1
1 27.75 1.29 2 4 8 0.25 0 0 0 1 1 140 1 0
1 32.42 2.16 1 4 1 0 0 0 0 0 2 120 1 0
1 62.5 12.75 1 8 8 5 1 0 0 0 2 112 1 0
0 30.5 6.5 2 8 5 4 1 1 7 1 2 0 3066 1
1 56 12.5 2 4 8 8 1 0 0 1 2 24 2029 1
1 23.33 11.62 1 9 4 0.835 1 0 0 1 2 160 301 1
1 36.67 4.41 1 4 4 0.25 1 1 10 1 2 320 1 1
1 39 5 2 13 4 3.5 1 1 10 1 2 0 1 1
1 25.75 0.75 2 8 5 0.25 1 0 0 0 2 349 24 1
1 32 1.75 1 10 8 0.04 1 0 0 1 2 393 1 1
0 37.75 5.5 2 11 4 0.125 1 0 0 1 2 228 1 1
0 33.92 1.58 1 1 1 0 1 0 0 0 2 320 1 0
1 25.67 0.28 1 8 4 1.5 0 0 0 1 2 160 1 0
0 21.5 6 2 6 4 2.5 1 1 3 0 2 80 919 1
0 38.58 5 2 13 4 13.5 1 0 0 1 2 980 1 0
0 44.17 6.66 2 11 4 7.375 1 1 3 1 2 0 1 1
1 16.32 4.08 2 3 8 0.415 0 0 0 1 2 120 1 0
1 33.17 1 2 14 4 0.75 1 1 7 1 2 340 4072 1
0 28.5 3.04 1 14 8 2.54 1 1 1 0 2 70 1 1
1 29.58 4.5 2 9 4 7.5 1 1 2 1 2 330 1 1
0 17.92 10.21 2 1 1 0 0 0 0 0 2 0 51 0
1 26.75 1.12 2 14 8 1.25 1 0 0 0 2 0 5299 1
1 45 8.5 2 13 8 14 1 1 1 1 2 88 2001 1
1 20.67 1.25 1 8 8 1.375 1 1 3 1 2 140 211 0
1 21.33 7.5 2 6 4 1.415 1 1 1 0 2 80 9801 1
0 23.25 5.87 2 11 4 3.17 1 1 10 0 2 120 246 1
1 26.67 4.25 2 13 4 4.29 1 1 1 1 2 120 1 1
1 18.67 5 2 11 4 0.375 1 1 2 0 2 0 39 0
1 17.07 0.08 1 8 4 0.04 0 0 0 0 2 140 723 0
1 44.83 7 1 8 4 1.625 0 0 0 0 2 160 3 0
1 22.08 0.83 2 8 8 2.165 0 0 0 1 2 128 1 1
0 34.83 1.25 1 3 8 0.5 0 0 0 1 2 160 1 0
1 23.5 2.75 2 1 1 4.5 0 0 0 0 2 160 26 0
0 57.08 0.33 2 3 5 1 1 0 0 1 2 252 2198 0
1 18.07 6.75 1 7 4 0.04 0 0 0 0 2 140 1 0
1 35.25 16.5 1 8 4 4 1 0 0 0 2 80 1 0
1 24.5 13.33 1 6 4 0.04 0 0 0 1 2 120 476 0
0 31.25 3.75 2 13 8 0.625 1 1 9 1 2 181 1 1
1 42.08 1.04 2 9 4 5 1 1 6 1 2 500 10001 1
1 65.42 11 2 10 9 20 1 1 7 1 2 22 1 1
1 23.17 0 2 13 4 0.085 1 0 0 0 2 0 1 1
1 50.75 0.58 2 1 1 0 0 0 0 0 2 145 1 0
0 20.67 3 2 11 4 0.165 1 1 3 0 2 100 7 1
1 32.08 4 1 13 4 1.5 0 0 0 1 2 120 1 0
1 42.5 4.91 1 9 4 3.165 1 0 0 1 2 52 1443 1
1 40.58 1.5 2 3 5 0 0 0 0 0 1 300 1 0
0 21.92 11.66 2 4 8 0.085 0 0 0 0 2 320 6 0
0 16.92 0.5 2 3 4 0.165 0 1 6 1 2 240 36 0
0 22.58 10.75 2 11 4 0.415 1 1 5 1 2 0 561 1
1 17.07 0.25 2 11 4 0.335 0 1 4 0 2 160 9 0
1 41.17 4.04 2 13 8 7 1 1 8 0 2 320 1 1
0 18.92 9.25 1 8 4 1 1 1 4 1 2 80 501 1
1 23.25 12.62 2 8 4 0.125 0 1 2 0 2 0 5553 0
1 28.75 1.5 1 8 4 1.5 1 0 0 1 2 0 226 0
1 23.25 1.5 2 11 4 2.375 1 1 3 1 2 0 583 1
1 26.67 14.58 2 3 5 0 0 0 0 1 2 178 1 0
1 31.25 1.12 2 1 1 0 0 1 1 0 2 96 20 0
0 15.83 0.58 2 8 8 1.5 1 1 2 0 2 100 1 1
0 47.75 8 2 8 4 7.875 1 1 6 1 2 0 1261 1
0 24.5 0.5 2 11 8 1.5 1 0 0 0 2 280 825 1
0 19.75 0.75 2 8 4 0.795 1 1 5 1 2 140 6 0
0 15.83 7.62 2 11 4 0.125 0 1 1 1 2 0 161 0
0 48.17 1.33 2 3 7 0.335 0 0 0 0 2 0 121 0
0 32.33 0.54 2 13 4 0.04 1 0 0 0 2 440 11178 1
1 48.08 3.75 2 3 5 1 0 0 0 0 2 100 3 0
1 25.17 3 2 8 4 1.25 0 1 1 0 2 0 23 0
0 18.82 9.53 2 6 4 0.085 1 0 0 0 2 100 1 1
1 23.25 1 2 8 4 0.835 1 0 0 0 1 300 1 1
1 41.42 5 2 11 8 5 1 1 6 1 2 470 1 1
0 29.5 1.08 1 14 4 1 0 0 0 0 2 280 14 0
0 25.33 2.08 2 8 8 2.75 1 0 0 1 2 360 2 0
1 27.58 2.04 1 6 4 2 1 1 3 1 2 370 561 1
0 22.5 0.41 2 3 4 0.335 0 0 0 1 1 144 1 0
0 25.17 2.87 2 14 8 0.875 1 0 0 0 2 360 1 1
0 16 0.16 2 6 4 1 0 1 2 1 2 320 2 0
1 29.25 14.79 2 6 4 5.04 1 1 5 1 2 168 1 1
0 17.32 9.5 2 6 4 1.75 0 1 10 1 2 0 11 0
0 15.92 2.87 2 11 4 0.085 0 0 0 0 2 120 1 0
1 21.42 0.75 1 12 7 0.75 0 0 0 1 2 132 3 0
1 44 2 2 7 4 1.75 1 1 2 1 2 0 16 1
1 18.25 0.16 2 2 4 0.25 0 0 0 1 1 280 1 0
0 29.5 2 1 10 8 2 0 0 0 0 2 256 18 0
1 54.83 15.5 2 10 9 0 1 1 20 0 2 152 131 0
0 24.5 1.75 1 8 4 0.165 0 0 0 0 2 132 1 0
1 31.42 15.5 2 8 4 0.5 1 0 0 0 2 120 1 0
0 28.17 0.58 2 6 4 0.04 0 0 0 0 2 260 1005 0
1 22.25 0.46 2 4 4 0.125 0 0 0 1 2 280 56 0
0 65.17 14 2 1 1 0 1 1 11 1 2 0 1401 1
1 28.92 15 2 8 8 5.335 1 1 11 0 2 0 2284 1
1 16.25 0.83 2 7 4 0.085 1 0 0 0 1 200 1 0
0 41.33 1 2 3 5 2.25 1 0 0 1 2 0 301 1
0 38.33 4.41 2 8 4 0.125 0 0 0 0 2 160 1 0
1 28 2 2 4 8 4.165 1 1 2 1 2 181 1 1
1 34.83 2.5 1 9 4 3 0 0 0 0 1 200 1 0
1 31.57 0.5 2 8 5 0.835 1 0 0 1 1 320 1 0
1 29.83 2.04 1 14 8 0.04 0 0 0 0 2 128 2 0
0 22.67 0.33 2 11 4 0.75 0 0 0 0 1 160 1 0
0 52.17 0 1 1 1 0 0 0 0 0 2 0 1 0
1 25.92 0.87 2 4 4 0.375 0 1 2 1 2 174 4 0
1 18.82 3.54 1 1 1 0 0 0 0 1 2 180 2 0
1 51.33 10 2 3 5 0 1 1 11 0 2 0 1250 1
1 34 5.5 1 8 4 1.5 0 0 0 1 2 60 1 0
1 22.67 0.16 2 8 3 2.25 0 0 0 1 1 0 1 1
1 20.42 0 2 8 4 0 0 0 0 0 3 184 1 0
1 26.75 2 2 2 4 0.75 0 0 0 1 2 80 1 0
1 39.17 2.5 1 3 8 10 0 0 0 1 1 200 1 0
0 71.58 0 2 8 4 0 0 0 0 0 3 184 1 1
0 21.25 2.33 2 3 5 0.5 1 1 4 0 1 80 1 1
1 58.58 2.71 2 8 4 2.415 0 0 0 1 2 320 1 0
1 26.17 12.5 1 4 8 1.25 0 0 0 1 2 0 18 0
1 34 5.08 1 3 5 1.085 0 0 0 1 2 480 1 0
1 33.75 2.75 2 3 5 0 0 0 0 0 2 180 1 0
1 21.92 0.54 1 14 4 0.04 1 1 1 1 2 840 60 1
0 22.42 11.25 1 14 8 0.75 1 1 4 0 2 0 322 1
1 36.17 5.5 2 3 5 5 0 0 0 0 2 210 688 0
1 17.57 10 2 9 8 0.165 0 1 1 0 2 120 2 0
1 25 12 2 4 4 2.25 1 1 2 1 2 120 6 0
1 22.17 0.58 1 1 1 0 0 0 0 0 2 100 1 0
0 33.08 4.62 2 11 8 1.625 1 1 2 0 2 0 1 1
1 16.5 0.12 2 8 4 0.165 0 0 0 0 2 132 1 0
0 28.42 3.5 2 9 4 0.835 1 0 0 0 1 280 1 1
1 34.17 2.75 2 3 5 2.5 0 0 0 1 2 232 201 0
0 25 12.33 2 13 8 3.5 1 1 6 0 2 400 459 1
1 39.5 4.25 2 8 5 6.5 1 1 16 0 2 117 1211 1
1 33.5 1.75 2 14 8 4.5 1 1 4 1 2 253 858 1
1 41.5 1.54 2 3 5 3.5 0 0 0 0 2 216 1 1
1 24.83 2.75 2 8 4 2.25 1 1 6 0 2 184 601 1
1 40.25 21.5 2 10 9 20 1 1 11 0 2 0 1201 1
1 25.08 1.71 2 14 4 1.665 1 1 1 1 2 395 21 1
1 21.83 11 2 14 4 0.29 1 1 6 0 2 121 1 1
1 25.17 3.5 2 13 4 0.625 1 1 7 0 2 0 7060 1
1 20.25 9.96 2 10 2 0 1 0 0 0 2 0 1 1
1 36.33 2.12 1 9 4 0.085 1 1 1 0 2 50 1188 1
1 22.75 11.5 2 3 4 0.415 0 0 0 0 2 0 1 0
1 27.58 3.25 1 11 8 5.085 0 1 2 1 2 369 2 0
0 25.08 2.54 1 6 4 0.25 1 0 0 1 2 370 1 1

