1 36.67 4.41 1 4 4 0.25 1 1 10 1 2 320 1 1
1 24.33 6.62 1 2 4 5.5 1 0 0 1 1 100 1 1
0 24.5 1.04 1 1 1 0.5 1 1 3 0 2 180 148 0
0 27.67 1.5 2 7 4 2 1 0 0 0 1 368 1 0
0 28.17 0.37 2 11 4 0.585 1 1 4 0 2 80 1 1
0 25.25 12.5 2 2 4 1 0 0 0 1 2 180 1063 0
0 22.25 1.25 1 1 1 3.25 0 0 0 0 2 280 1 0
1 38.42 0.7 2 8 4 0.375 0 1 2 0 2 225 501 0
0 29.5 2 1 10 8 2 0 0 0 0 2 256 18 0
1 39.58 13.91 2 9 4 8.625 1 1 6 1 2 70 1 1
1 23.5 2.75 2 1 1 4.5 0 0 0 0 2 160 26 0
0 22.67 3.8 2 8 4 0.165 0 0 0 0 2 160 1 0
1 23.42 0.58 2 8 8 0.085 1 0 0 0 2 180 1 0
0 26.5 2.71 1 8 4 0.085 0 0 0 0 1 80 1 0
1 37.58 0 2 8 4 0 0 0 0 0 3 184 1 1
1 23.92 0.58 1 13 8 0.125 0 0 0 0 2 240 2 0
0 25.08 2.54 1 6 4 0.25 1 0 0 1 2 370 1 1
1 28 3 2 9 4 0.75 0 0 0 1 2 300 68 0
0 25.33 2.08 2 8 8 2.75 1 0 0 1 2 360 2 0
0 21.92 11.66 2 4 8 0.085 0 0 0 0 2 320 6 0
1 21.17 0.87 1 8 8 0.25 0 0 0 0 2 280 205 0
1 19.67 10 1 4 8 0.835 1 0 0 1 2 140 1 0
0 18.25 10 2 9 4 1 0 1 1 0 2 120 2 0
1 28.33 5 2 9 4 11 1 0 0 1 2 70 1 1
0 58.67 4.46 2 11 8 3.04 1 1 6 0 2 43 561 1
1 16 3.12 2 9 4 0.085 0 1 1 0 2 0 7 0
1 20 0 2 2 4 0.5 0 0 0 0 2 144 1 0
1 31.57 4 1 3 4 0.085 0 0 0 1 2 411 1 0
1 30.17 0.5 2 8 4 1.75 1 1 11 0 2 32 541 1
1 34.17 1.54 2 13 4 1.54 1 1 1 1 2 520 50001 1
1 65.42 11 2 10 9 20 1 1 7 1 2 22 1 1
1 25.67 3.25 2 8 8 2.29 0 1 1 1 2 416 22 0
0 32 6 2 2 4 1.25 0 0 0 0 2 272 1 0
1 54.83 15.5 2 10 9 0 1 1 20 0 2 152 131 0
1 38.25 10.12 1 4 4 0.125 0 0 0 0 2 160 1 0
0 24.5 2.41 1 8 4 0 0 0 0 0 2 120 1 0
1 41.17 4.04 2 13 8 7 1 1 8 0 2 320 1 1
1 31.67 16.16 2 2 4 3 1 1 9 0 2 250 731 1
1 23.08 2.5 2 1 1 0.085 0 0 0 1 2 100 4209 0
1 28.25 5.04 1 8 5 1.5 1 1 8 1 2 144 8 1
1 44.33 0.5 2 3 8 5 1 0 0 1 2 320 1 1
1 19.32 9.5 2 11 4 1 1 0 0 1 2 60 401 1
0 27.42 14.5 2 14 8 3.085 1 1 1 0 2 120 12 1
1 19.42 7.25 2 7 4 0.04 0 1 1 0 2 100 2 0
1 27.83 1.5 2 9 4 2 1 1 11 1 2 434 36 1
1 29.58 4.5 2 9 4 7.5 1 1 2 1 2 330 1 1
1 48.33 12 2 7 4 16 1 0 0 0 1 110 1 1
1 35 2.5 2 3 4 1 0 0 0 1 2 210 1 0
1 22.25 0.46 2 4 4 0.125 0 0 0 1 2 280 56 0
1 26.67 2.71 1 13 4 5.25 1 1 1 0 2 211 1 1
1 17.57 10 2 9 8 0.165 0 1 1 0 2 120 2 0
1 31.25 1.12 2 1 1 0 0 1 1 0 2 96 20 0
1 51.33 10 2 3 5 0 1 1 11 0 2 0 1250 1
1 27.25 0.62 2 6 4 0.455 1 0 0 1 2 200 1 0
1 24.42 2 2 10 2 0.165 0 1 2 0 2 320 1301 0
1 34.83 4 2 2 5 12.5 1 0 0 1 2 184 1 0
1 43.08 0.37 1 8 4 0.375 1 1 8 1 2 300 163 1
1 33.58 0.33 1 13 4 0.085 0 0 0 0 2 180 1 0
1 54.58 9.41 2 1 1 14.415 1 1 11 1 2 30 301 1
0 36.75 4.71 2 1 1 0 0 0 0 0 2 160 1 0
1 50.75 0.58 2 1 1 0 0 0 0 0 2 145 1 0
1 18.82 0 2 11 4 0.665 0 0 0 0 2 160 2 0
0 17.82 11 2 14 8 1 1 1 11 0 2 0 3001 1
1 29.83 1.25 1 4 4 0.25 0 0 0 0 2 224 1 0
1 32.42 3 2 2 4 0.165 0 0 0 1 2 120 1 0
0 23.58 11.5 1 4 8 3 0 0 0 1 2 20 17 0
0 22.92 1.25 2 11 4 0.25 0 0 0 1 2 120 810 0
0 31.75 3 1 5 3 0 0 0 0 0 2 160 21 0
1 32.75 1.5 2 13 8 5.5 1 1 3 1 2 0 1 1
1 39.83 0.5 2 7 4 0.25 1 0 0 0 1 288 1 0
1 18.17 10.25 2 8 8 1.085 0 0 0 0 2 320 14 0
0 23.58 0.83 2 11 4 0.415 0 1 1 1 2 200 12 0
1 23.25 1.5 2 11 4 2.375 1 1 3 1 2 0 583 1
1 48.75 8.5 2 8 8 12.5 1 1 9 0 2 181 1656 1
1 34.83 2.5 1 9 4 3 0 0 0 0 1 200 1 0
0 58.33 10 2 11 4 4 1 1 14 0 2 0 1603 1
1 20 11.04 2 8 4 2 0 0 0 1 2 136 1 0
1 28.75 1.5 1 8 4 1.5 1 0 0 1 2 0 226 0
1 22.83 3 2 7 4 1.29 1 1 1 0 2 260 801 1
1 18.42 10.41 1 6 4 0.125 1 0 0 0 2 120 376 0
1 26.67 4.25 2 13 4 4.29 1 1 1 1 2 120 1 1
1 26.83 0.54 2 4 1 0 0 0 0 0 2 100 1 0
1 30.17 6.5 2 13 4 3.125 1 1 8 0 2 330 1201 1
1 27.83 4 1 3 8 5.75 1 1 2 1 2 75 1 0
1 24.58 1.25 2 8 4 0.25 0 0 0 0 2 110 1 0
1 25.92 0.87 2 4 4 0.375 0 1 2 1 2 174 4 0
1 38.67 0.21 2 4 4 0.085 1 0 0 1 2 280 1 1
1 26.17 12.5 1 4 8 1.25 0 0 0 1 2 0 18 0
1 48.08 6.04 2 4 4 0.04 0 0 0 0 2 0 2691 1
1 48.58 0.2 1 4 4 0.25 1 1 11 0 2 380 2733 1
1 31.83 2.5 2 6 4 7.5 1 0 0 1 2 523 1 0
1 41 0.04 2 10 4 0.04 0 1 1 0 1 560 1 1
0 22.5 8.46 1 14 4 2.46 0 0 0 0 2 164 1 1
0 50.25 0.83 2 6 4 0.5 0 0 0 1 2 240 118 0
0 39.08 4 2 8 4 3 0 0 0 0 2 480 1 0
0 28.75 3.75 2 8 4 1.085 1 1 1 1 2 371 1 1
0 24.33 2.5 1 3 5 4.5 0 0 0 0 2 200 457 0
0 22.67 0.33 2 11 4 0.75 0 0 0 0 1 160 1 0
1 32.25 0.16 1 8 8 3.25 1 1 1 1 2 432 8001 1
0 18.92 9.25 1 8 4 1 1 1 4 1 2 80 501 1
1 17.92 0.2 2 6 4 0.04 0 0 0 0 2 280 751 0
0 65.17 14 2 1 1 0 1 1 11 1 2 0 1401 1
1 34.08 0.08 1 7 5 0.04 1 1 1 1 2 280 2001 1
1 23.58 0.83 2 3 8 0.085 0 0 0 1 2 220 6 0
0 60.92 5 2 6 4 4 1 1 4 0 2 0 100 1
1 25 12.5 2 6 4 3 1 0 0 1 1 20 1 1
1 62.5 12.75 1 8 8 5 1 0 0 0 2 112 1 0
0 19.57 0.66 1 8 4 1 0 1 1 0 2 2000 3 0
1 39.58 5 2 1 1 0 0 1 2 0 2 17 2 0
1 37.75 7 2 11 8 11.5 1 1 7 1 2 300 6 0
1 22.17 0.58 1 1 1 0 0 0 0 0 2 100 1 0
1 23.42 1 2 8 4 0.5 0 0 0 1 1 280 1 0
1 21.08 10.08 1 10 8 1.25 0 0 0 0 2 260 1 0
0 25.58 0 2 8 4 0 0 0 0 0 3 184 1 1
1 27.83 1 1 2 8 3 0 0 0 0 2 176 538 0
0 31.57 1.5 2 1 1 0 0 1 2 1 2 200 106 0
0 19.17 8.58 2 13 8 0.75 1 1 7 0 2 96 1 1
0 55.75 7.08 2 4 8 6.75 1 1 3 1 2 100 51 0
1 17.5 22 3 1 7 0 0 0 0 1 3 450 100001 1
0 33.67 0.37 2 13 4 0.375 0 0 0 0 2 300 45 1
1 30.83 0 2 9 4 1.25 1 1 1 0 2 202 1 1
1 22.25 9 2 6 4 0.085 0 0 0 0 2 0 1 0
1 20 1.25 1 4 4 0.125 0 0 0 0 2 140 5 0
1 31.57 0.04 1 2 4 4.25 0 0 0 1 2 460 1 0
0 24.92 1.25 2 1 1 0 1 0 0 0 2 80 1 0
1 34.17 9.17 2 8 4 4.5 1 1 12 1 2 0 222 1
0 56.5 16 2 5 1 0 1 1 15 0 2 0 248 1
1 48.25 25.08 2 9 4 1.75 1 1 3 0 2 120 15 1
1 19 0 1 1 1 0 0 1 4 0 2 45 2 0
0 16.5 1.25 2 11 4 0.25 0 1 1 0 2 108 99 0
1 18.07 5.5 2 4 4 0.5 1 0 0 0 2 80 1 1
1 42.08 1.04 2 9 4 5 1 1 6 1 2 500 10001 1
1 47.17 5.83 2 9 4 5.5 0 0 0 0 2 465 151 0
1 22.67 0.16 2 8 3 2.25 0 0 0 1 1 0 1 1
0 32.25 1.5 2 8 4 0.25 0 0 0 1 2 372 123 0
1 31.57 4 2 14 4 5 1 1 3 1 2 290 2280 1
1 16.17 0.04 2 8 4 0.04 0 0 0 0 2 0 1 1
1 21.42 0.75 1 12 7 0.75 0 0 0 1 2 132 3 0
1 41.42 5 2 11 8 5 1 1 6 1 2 470 1 1
0 30.67 12 2 8 4 2 1 1 1 0 2 220 20 1
0 45.33 1 2 11 4 0.125 0 0 0 1 2 263 1 0
1 20.25 9.96 2 10 2 0 1 0 0 0 2 0 1 1
0 22.42 11.25 1 14 8 0.75 1 1 4 0 2 0 322 1
1 37.17 4 2 8 5 5 1 0 0 1 1 280 1 0
0 18.82 9.5 2 9 4 1.625 1 1 6 1 2 40 601 1
0 27.25 0.28 2 7 8 0.125 0 1 1 1 2 272 109 0
1 18.67 5 2 11 4 0.375 1 1 2 0 2 0 39 0
1 37.33 6.5 2 7 8 4.25 1 1 12 1 2 93 1 1
0 16.32 0.21 2 6 4 0.125 0 0 0 0 2 200 2 0
0 38.58 5 2 13 4 13.5 1 0 0 1 2 980 1 0
1 42.5 4.91 1 9 4 3.165 1 0 0 1 2 52 1443 1
1 32.83 2.5 2 13 8 2.75 1 1 6 0 2 160 2073 1
0 41 2.04 1 11 8 0.125 1 1 23 1 2 455 1237 1
1 25.83 12.83 2 13 4 0.5 0 0 0 0 2 0 3 0
1 33 2.5 1 9 4 7 0 0 0 1 2 280 1 0
1 41.75 0.96 2 14 4 2.5 1 0 0 0 2 510 601 1
1 21.67 1.16 1 4 4 2.5 1 1 1 0 2 180 21 0
1 34 4.5 2 6 4 1 1 0 0 1 2 240 1 0
1 34.75 2.5 2 13 5 0.5 0 0 0 0 2 348 1 0
1 27 0.75 2 8 8 4.25 1 1 3 1 2 312 151 1
1 43 0.28 1 13 8 1.75 1 1 8 0 2 100 376 1
1 34.08 2.5 2 8 4 1 0 0 0 0 2 460 17 0
1 22.67 1.58 1 9 4 3.085 1 1 6 0 2 80 1 1
1 51.58 15 2 8 4 8.5 1 1 9 0 2 0 1 1
0 46.08 3 2 8 4 2.375 1 1 8 1 2 396 4160 1
1 31.67 0.83 2 14 4 1.335 1 1 8 1 2 303 3291 1
1 23.33 11.62 1 9 4 0.835 1 0 0 1 2 160 301 1
1 31 2.08 2 8 4 0.085 0 0 0 0 2 300 1 0
1 28.67 14.5 2 2 4 0.125 0 0 0 0 2 0 287 0
1 73.42 17.75 2 1 1 0 1 0 0 1 2 0 1 1
1 32.25 14 1 1 1 0 0 1 2 0 2 160 2 0
1 26 1 2 11 4 1.75 1 0 0 1 2 280 1 1
1 39.08 6 2 7 4 1.29 1 1 5 1 2 108 1098 1
1 36.42 0.75 1 2 4 0.585 0 0 0 0 2 240 4 0
0 68.67 15 2 10 9 0 1 1 14 0 2 0 3377 1
1 25.75 0.5 2 8 4 1.46 1 1 5 1 2 312 1 1
1 32.42 2.16 1 4 1 0 0 0 0 0 2 120 1 0
1 39.5 4.25 2 8 5 6.5 1 1 16 0 2 117 1211 1
1 19.5 0.28 2 4 4 0.29 0 0 0 0 2 280 365 0
1 20.75 5.08 1 5 4 0.29 0 0 0 0 2 140 185 0
1 48.75 26.33 1 1 1 0 1 0 0 1 2 0 1 0
1 42 9.78 2 14 8 7.96 1 1 8 0 2 0 1 1
0 41.58 1.04 2 6 4 0.665 0 0 0 0 2 240 238 0
0 57.08 19.5 2 8 4 5.5 1 1 7 0 2 0 3001 1
1 39.25 9.5 2 7 4 6.5 1 1 14 0 2 240 4608 1
1 31.08 1.5 1 9 4 0.04 0 0 0 0 1 160 1 0
0 47.75 8 2 8 4 7.875 1 1 6 1 2 0 1261 1
1 42.83 4.62 2 11 4 4.58 1 0 0 0 1 0 1 1
0 22.67 0.75 2 8 4 2 0 1 2 1 2 200 395 0
1 37.5 1.12 1 2 4 1.5 0 0 0 1 2 431 1 1
0 27.67 2.04 2 9 4 0.25 0 0 0 1 2 180 51 0
0 23 11.75 2 14 8 0.5 1 1 2 1 2 300 552 1
1 36.25 5 2 8 5 2.5 1 1 6 0 2 0 368 1
1 32.67 5.5 2 11 8 5.5 1 1 12 1 2 408 1001 1
0 52.83 15 2 8 4 5.5 1 1 14 0 2 0 2201 1
1 27.58 2.04 1 6 4 2 1 1 3 1 2 370 561 1
1 31.58 0.75 1 6 4 3.5 0 0 0 1 2 320 1 0
1 28.67 9.33 2 11 8 5.665 1 1 6 0 2 381 169 1
1 22.5 11.5 1 7 4 1.5 0 0 0 1 2 0 4001 0
1 22.17 2.25 2 3 4 0.125 0 0 0 0 2 160 11 0
1 27.67 2 2 14 8 1 1 1 4 0 2 140 7545 1
1 24.08 9 2 6 4 0.25 0 0 0 1 2 0 1 0
1 33.67 2.16 2 8 4 1.5 0 0 0 0 3 120 1 0
0 28.42 3.5 2 9 4 0.835 1 0 0 0 1 280 1 1
1 16.25 0.83 2 7 4 0.085 1 0 0 0 1 200 1 0
1 24.58 12.5 2 9 4 0.875 1 0 0 1 2 260 1 0
0 23.75 0.71 2 9 4 0.25 0 1 1 1 2 240 5 0
1 30.33 0.5 2 2 8 0.085 0 0 0 1 1 252 1 0
1 26.17 0.25 2 3 5 0 1 0 0 1 2 0 1 1
1 43.25 25.21 2 11 8 0.21 1 1 1 0 2 760 91 0
1 24.42 12.33 2 11 8 1.585 1 0 0 1 2 120 1 1
0 27.33 1.66 2 1 1 0 0 0 0 0 2 340 2 0
1 18.82 0.41 1 8 4 0.165 0 1 1 0 2 200 2 0
0 21.5 6 2 6 4 2.5 1 1 3 0 2 80 919 1
1 34.42 1.33 2 3 5 0.125 0 0 0 1 2 440 4501 0
0 28.17 0.58 2 6 4 0.04 0 0 0 0 2 260 1005 0
1 20.5 2.41 2 8 4 2 1 1 11 1 2 200 3001 1
1 42.75 3 2 3 5 1 1 0 0 0 2 0 201 0
0 21.67 11.5 1 5 3 0 1 1 11 1 2 0 1 1
0 18.07 0.37 3 13 1 10 0 0 0 1 1 300 1 1

