0 31.75 3 1 5 3 0 0 0 0 0 2 160 21 0
1 31.57 10.5 2 14 4 6.5 1 0 0 0 2 0 1 1
1 19.17 4 1 3 4 1 0 0 0 1 2 360 1001 0
1 25 11.25 2 8 4 2.5 1 1 17 0 2 200 1209 1
1 40 6.5 2 6 5 3.5 1 1 1 0 2 0 501 1
1 20.67 1.25 1 8 8 1.375 1 1 3 1 2 140 211 0
1 48.58 6.5 2 11 8 6 1 0 0 1 2 350 1 1
1 32.75 2.33 2 2 8 5.75 0 0 0 1 2 292 1 0
1 25.83 12.83 2 13 4 0.5 0 0 0 0 2 0 3 0
0 38.33 4.41 2 8 4 0.125 0 0 0 0 2 160 1 0
0 25.25 13.5 1 1 1 2 0 1 1 1 2 200 2 0
1 40.25 21.5 2 10 9 20 1 1 11 0 2 0 1201 1
1 43.17 2.25 2 3 5 0.75 1 0 0 0 2 560 1 0
0 30.67 12 2 8 4 2 1 1 1 0 2 220 20 1
1 54.33 6.75 2 8 8 2.625 1 1 11 1 2 0 285 1
1 39.58 5 2 1 1 0 0 1 2 0 2 17 2 0
1 25.08 1.71 2 14 4 1.665 1 1 1 1 2 395 21 1
0 25.33 2.08 2 8 8 2.75 1 0 0 1 2 360 2 0
1 17.07 0.08 1 8 4 0.04 0 0 0 0 2 140 723 0
1 18.17 10.25 2 8 8 1.085 0 0 0 0 2 320 14 0
0 29.5 1.08 1 14 4 1 0 0 0 0 2 280 14 0
0 19.57 0.66 2 9 4 1.665 0 0 0 0 2 220 6 0
1 38.25 10.12 1 4 4 0.125 0 0 0 0 2 160 1 0
1 31.08 3.08 2 8 4 2.5 0 1 2 1 2 160 42 0
1 53.92 9.62 2 10 4 8.665 1 1 5 0 2 0 1 1
1 28.25 0.87 2 7 4 0.96 1 1 3 1 2 396 1 1
1 34.67 1.08 2 7 4 1.165 0 0 0 0 1 28 1 0
1 27.67 0.75 2 11 8 0.165 0 0 0 1 2 220 252 0
1 51.33 10 2 3 5 0 1 1 11 0 2 0 1250 1
1 17.57 10 2 9 8 0.165 0 1 1 0 2 120 2 0
0 23.58 0.58 1 1 1 0.125 0 0 0 0 2 120 88 0
0 40.33 7.54 1 11 8 8 1 1 14 0 2 0 2301 1
1 54.42 0.5 1 4 8 3.96 1 0 0 0 2 180 315 1
1 25 12.5 2 6 4 3 1 0 0 1 1 20 1 1
1 39.17 1.71 2 14 4 0.125 1 1 5 1 2 480 1 1
1 27.42 12.5 2 6 5 0.25 0 0 0 1 2 720 1 0
0 20.42 10.5 1 14 8 0 0 0 0 1 2 154 33 0
1 18.57 5.71 2 2 4 0.54 0 0 0 0 2 120 1 0
1 18.82 0.41 1 8 4 0.165 0 1 1 0 2 200 2 0
1 25.67 2.21 1 6 4 4 1 0 0 0 2 188 1 0
0 65.17 14 2 1 1 0 1 1 11 1 2 0 1401 1
1 41.75 0.96 2 14 4 2.5 1 0 0 0 2 510 601 1
0 47.75 8 2 8 4 7.875 1 1 6 1 2 0 1261 1
1 33.75 2.75 2 3 5 0 0 0 0 0 2 180 1 0
1 16.32 2.75 2 6 4 0.665 0 1 1 0 2 80 22 0
0 16.07 0.33 2 1 1 0 0 1 1 0 2 160 127 0
0 28.17 0.58 2 6 4 0.04 0 0 0 0 2 260 1005 0
1 23.25 12.62 2 8 4 0.125 0 1 2 0 2 0 5553 0
1 27.25 1.66 2 13 8 5.085 1 1 9 0 2 399 828 1
0 15.83 0.58 2 8 8 1.5 1 1 2 0 2 100 1 1
1 39.25 9.5 2 7 4 6.5 1 1 14 0 2 240 4608 1
1 38.17 10.12 2 14 4 2.5 1 1 6 0 2 520 197 1
1 17.67 4.46 2 8 4 0.25 0 0 0 0 1 80 1 0
1 20.07 0.25 2 11 4 0.125 0 0 0 0 2 200 1 0
1 33 2.5 1 9 4 7 0 0 0 1 2 280 1 0
0 18.82 4.41 1 8 8 3 1 0 0 0 2 240 1 1
0 28.58 1.66 2 11 4 2.415 1 0 0 1 2 440 1 0
1 29.83 1.25 1 4 4 0.25 0 0 0 0 2 224 1 0
0 38.25 6 2 4 4 1 1 0 0 1 2 0 1 1
0 36 1 2 8 4 2 1 1 11 0 2 0 457 1
1 26.75 4.5 1 8 5 2.5 0 0 0 0 2 200 1211 0
0 24.33 2.5 1 3 5 4.5 0 0 0 0 2 200 457 0
1 34.25 1.75 2 9 5 0.25 1 0 0 1 2 163 1 0
0 21.92 11.66 2 4 8 0.085 0 0 0 0 2 320 6 0
0 20.07 1.25 2 8 4 0 0 0 0 0 2 0 1 0
1 23.58 1.79 2 8 4 0.54 0 0 0 1 2 136 2 0
0 28.58 3.54 2 3 5 0.5 1 0 0 1 2 171 1 0
1 29.83 2.04 1 14 8 0.04 0 0 0 0 2 128 2 0
0 27.17 1.25 2 1 1 0 0 1 1 0 2 92 301 0
0 33.17 2.25 1 13 4 3.5 0 0 0 1 2 200 142 0
0 24.5 2.41 1 8 4 0 0 0 0 0 2 120 1 0
1 29.42 1.25 2 9 4 1.75 0 0 0 0 2 200 1 0
1 34.83 2.5 1 9 4 3 0 0 0 0 1 200 1 0
0 15.92 2.87 2 11 4 0.085 0 0 0 0 2 120 1 0
1 41.17 4.04 2 13 8 7 1 1 8 0 2 320 1 1
0 18.92 9.25 1 8 4 1 1 1 4 1 2 80 501 1
1 26.25 1.54 2 9 4 0.125 0 0 0 0 2 100 1 0
1 33.58 2.75 2 7 4 4.25 1 1 6 0 2 204 1 1
0 38.58 5 2 13 4 13.5 1 0 0 1 2 980 1 0
1 41.17 1.33 2 2 4 0.165 0 0 0 0 2 168 1 0
1 40.92 2.25 1 14 8 10 1 0 0 1 2 176 1 0
0 36.75 5.12 2 10 4 5 1 0 0 1 2 0 4001 1
1 37.75 7 2 11 8 11.5 1 1 7 1 2 300 6 0
1 16.25 0 1 6 4 0.25 0 0 0 0 2 60 1 0
0 32.25 1.5 2 8 4 0.25 0 0 0 1 2 372 123 0
1 33.67 2.16 2 8 4 1.5 0 0 0 0 3 120 1 0
0 45 4.58 2 4 8 1 0 0 0 1 1 240 1 0
1 27.75 0.58 1 13 4 0.25 1 1 2 0 2 260 501 1
0 23.75 0.71 2 9 4 0.25 0 1 1 1 2 240 5 0
1 39 5 2 13 4 3.5 1 1 10 1 2 0 1 1
1 17.07 3.29 2 3 4 0.335 0 0 0 1 2 140 3 0
0 18.17 10 1 11 8 0.165 0 0 0 0 2 340 1 0
1 25.17 3 2 8 4 1.25 0 1 1 0 2 0 23 0
1 21.17 0.25 1 8 8 0.25 0 0 0 0 2 280 205 0
1 57.42 8.5 2 10 8 7 1 1 3 0 2 0 1 1
0 69.5 6 2 1 1 0 0 0 0 0 1 0 1 0
1 22.25 0.46 2 4 4 0.125 0 0 0 1 2 280 56 0
0 20.75 10.25 2 11 4 0.71 1 1 2 1 2 49 1 1
1 28 3 2 9 4 0.75 0 0 0 1 2 300 68 0
1 36.17 18.12 2 9 4 0.085 0 0 0 0 2 320 3553 0
0 19.17 0.58 1 6 4 0.585 1 0 0 1 2 160 1 0
1 17.25 3 2 4 4 0.04 0 0 0 1 2 160 41 0
1 34.08 0.08 1 7 5 0.04 1 1 1 1 2 280 2001 1
1 24.08 9 2 6 4 0.25 0 0 0 1 2 0 1 0
1 30.17 1.08 1 8 4 0.04 0 0 0 0 2 170 180 0
1 38.42 0.7 2 8 4 0.375 0 1 2 0 2 225 501 0
1 19.17 9.5 2 9 4 1.5 1 0 0 0 2 120 2207 1
0 20.07 0.12 2 11 4 1 0 1 1 0 2 240 769 1
1 35 2.5 2 3 4 1 0 0 0 1 2 210 1 0
1 23.33 11.62 1 9 4 0.835 1 0 0 1 2 160 301 1
1 27.83 4 1 3 8 5.75 1 1 2 1 2 75 1 0
1 20.42 7 2 8 4 1.625 1 1 3 0 2 200 1392 1
1 36.42 0.75 1 2 4 0.585 0 0 0 0 2 240 4 0
0 56.83 4.25 1 1 1 5 0 0 0 1 2 0 5 0
1 50.75 0.58 2 1 1 0 0 0 0 0 2 145 1 0
1 27.58 3.25 1 11 8 5.085 0 1 2 1 2 369 2 0
1 42 0.2 2 3 8 5.125 1 0 0 0 2 400 1 1
1 41.42 5 2 11 8 5 1 1 6 1 2 470 1 1
0 40.33 8.12 1 4 4 0.165 0 1 2 0 2 184 19 0
0 22.5 11 1 11 4 3 1 0 0 1 2 268 1 0
1 57.83 7.04 2 7 4 14 1 1 6 1 2 360 1333 1
0 24.58 0.67 2 6 8 1.75 1 0 0 0 2 400 1 0
1 18.07 6.75 1 7 4 0.04 0 0 0 0 2 140 1 0
0 37.75 5.5 2 11 4 0.125 1 0 0 1 2 228 1 1
0 20.83 0.5 1 10 2 1 0 0 0 0 2 260 1 0
0 28.67 1.04 2 8 4 2.5 1 1 5 1 2 300 1431 1
1 37.17 4 2 8 5 5 1 0 0 1 1 280 1 0
1 21.92 0.5 2 8 4 0.125 0 0 0 0 2 360 1 0
1 22.67 0.75 2 3 4 1.585 0 1 1 1 2 400 10 0
1 39.83 0.5 2 7 4 0.25 1 0 0 0 1 288 1 0
1 34.58 0 2 8 4 0 0 0 0 0 3 184 1 0
1 42.08 1.04 2 9 4 5 1 1 6 1 2 500 10001 1
1 38.67 0.21 2 4 4 0.085 1 0 0 1 2 280 1 1
1 23.75 12 2 8 4 2.085 0 0 0 0 1 80 1 0
1 18.42 10.41 1 6 4 0.125 1 0 0 0 2 120 376 0
1 39.08 6 2 7 4 1.29 1 1 5 1 2 108 1098 1
0 49.83 13.58 2 4 8 8.5 1 0 0 1 2 0 1 1
0 20.42 7.5 2 4 4 1.5 1 1 1 0 2 160 235 1
1 35.25 3.16 2 14 8 3.75 1 0 0 1 2 680 1 0
0 49 1.5 2 5 3 0 1 0 0 1 2 100 28 0
0 21.67 11.5 1 5 3 0 1 1 11 1 2 0 1 1
1 23.25 4 2 8 5 0.25 1 0 0 1 2 160 1 1
0 19.5 0.16 2 11 4 0.04 0 0 0 1 2 380 1 0
1 35.25 16.5 1 8 4 4 1 0 0 0 2 80 1 0
1 56.75 12.25 2 7 4 1.25 1 1 4 1 2 200 1 1
1 67.75 5.5 2 10 9 13 1 1 1 1 2 0 1 1
1 31.42 15.5 2 8 4 0.5 1 0 0 0 2 120 1 0
1 25.17 6 2 8 4 1 1 1 3 0 2 0 1 1
1 30.17 0.5 2 8 4 1.75 1 1 11 0 2 32 541 1
1 24.58 1.25 2 8 4 0.25 0 0 0 0 2 110 1 0
1 34.75 2.5 2 13 5 0.5 0 0 0 0 2 348 1 0
1 23.08 2.5 2 1 1 0.085 0 0 0 1 2 100 4209 0
1 23.25 1 2 8 4 0.835 1 0 0 0 1 300 1 1
0 24.75 13.66 2 11 8 1.5 0 0 0 0 2 280 2 0
0 30.58 10.66 2 11 8 0.085 0 1 12 1 2 129 4 0
0 19.67 0.21 2 11 8 0.29 1 1 11 0 2 80 100 1
1 39.33 5.87 2 13 8 10 1 1 14 1 2 399 1 1
1 27.75 1.29 2 4 8 0.25 0 0 0 1 1 140 1 0
0 32.33 0.54 2 13 4 0.04 1 0 0 0 2 440 11178 1
0 17.82 11 2 14 8 1 1 1 11 0 2 0 3001 1
1 33.17 1.04 2 12 8 6.5 1 0 0 1 2 164 31286 1
1 60.08 14.5 2 1 1 18 1 1 15 1 2 0 1001 1
1 21.33 7.5 2 6 4 1.415 1 1 1 0 2 80 9801 1
1 37.33 2.66 2 13 4 0.165 0 0 0 1 2 0 502 0
1 21.83 1.54 2 4 4 0.085 0 0 0 1 2 356 1 0
0 22.25 1.25 1 1 1 3.25 0 0 0 0 2 280 1 0
1 13.75 4 1 9 4 1.75 1 1 2 1 2 120 1001 1
1 42.75 3 2 3 5 1 1 0 0 0 2 0 201 0
1 20.75 5.08 1 5 4 0.29 0 0 0 0 2 140 185 0
1 26.17 12.5 1 4 8 1.25 0 0 0 1 2 0 18 0
0 23 11.75 2 14 8 0.5 1 1 2 1 2 300 552 1
1 19.32 10.91 2 8 5 0.585 0 1 2 1 2 200 8 0
0 24.75 3 2 11 8 1.835 1 1 19 0 2 0 501 1
1 25.33 0.57 2 8 4 0.29 1 1 7 1 2 96 5125 1
1 41.33 0 2 8 5 15 1 0 0 0 2 0 1 1
1 37.5 1.12 1 2 4 1.5 0 0 0 1 2 431 1 1
1 39.92 5 2 3 5 0.21 0 0 0 0 2 550 1 0
1 34.5 4.04 1 3 5 8.5 1 1 7 1 2 195 1 1
0 27.42 14.5 2 14 8 3.085 1 1 1 0 2 120 12 1
1 38.58 3.33 2 9 4 4 1 1 14 0 2 383 1345 1
1 28.75 1.16 2 4 4 0.5 1 0 0 0 1 280 1 0
1 23 0.75 2 7 4 0.5 0 0 0 1 1 320 1 0
1 27.67 2 2 14 8 1 1 1 4 0 2 140 7545 1
1 49.17 2.29 2 1 1 0.29 0 0 0 0 2 200 4 0
0 35.75 0.91 2 6 4 0.75 1 1 4 0 2 0 1584 1
0 22.75 6.16 2 6 4 0.165 0 0 0 0 2 220 1001 0
0 26.08 8.66 2 6 4 1.415 1 0 0 0 2 160 151 1
1 47.33 6.5 2 8 4 1 0 0 0 1 2 0 229 0
0 33.67 0.37 2 13 4 0.375 0 0 0 0 2 300 45 1
1 16.32 4.08 2 3 8 0.415 0 0 0 1 2 120 1 0
1 42 9.78 2 14 8 7.96 1 1 8 0 2 0 1 1
1 56 12.5 2 4 8 8 1 0 0 1 2 24 2029 1
1 33.17 3.16 1 14 4 3.165 1 1 3 1 2 380 1 1
0 20.32 10 2 8 8 1 1 1 4 0 2 50 1466 1
0 51.92 6.5 2 3 5 3.085 0 0 0 1 2 73 1 0
0 35.42 12 2 11 8 14 1 1 8 0 2 0 6591 1
1 39.5 4.25 2 8 5 6.5 1 1 16 0 2 117 1211 1
0 27.25 0.28 2 7 8 0.125 0 1 1 1 2 272 109 0
0 26.58 2.54 1 1 1 0 0 0 0 1 2 180 61 0
1 34.08 6.5 2 6 4 0.125 1 0 0 1 2 443 1 0
1 28.67 9.33 2 11 8 5.665 1 1 6 0 2 381 169 1
1 28 2 2 4 8 4.165 1 1 2 1 2 181 1 1
1 31.57 0.5 2 8 5 0.835 1 0 0 1 1 320 1 0
1 64.08 20 2 14 8 17.5 1 1 9 1 2 0 1001 1
1 32.83 2.5 2 13 8 2.75 1 1 6 0 2 160 2073 1
1 20.5 10 1 8 4 2.5 1 0 0 0 1 40 1 1
1 69.17 9 2 1 1 4 0 1 1 0 2 70 7 0
1 34.17 5.25 2 9 4 0.085 0 0 0 1 2 290 7 1
1 28.75 1.5 1 8 4 1.5 1 0 0 1 2 0 226 0
0 18.75 7.5 2 11 4 2.71 1 1 5 0 2 184 26727 1
0 46.67 0.46 2 13 8 0.415 1 1 11 1 2 440 7 1
1 28.67 14.5 2 2 4 0.125 0 0 0 0 2 0 287 0
1 31.57 5 1 6 4 8.5 1 0 0 0 2 0 1 0
1 21 4.79 1 9 4 2.25 1 1 1 1 2 80 301 1
1 29.25 14.79 2 6 4 5.04 1 1 5 1 2 168 1 1
1 21 3 1 2 4 1.085 1 1 8 1 2 160 2 1
1 33.17 1 2 14 4 0.75 1 1 7 1 2 340 4072 1
1 31.92 4.46 2 13 8 6.04 1 1 3 0 2 311 301 1
1 43.25 25.21 2 11 8 0.21 1 1 1 0 2 760 91 0
0 38.75 1.5 2 1 1 0 0 0 0 0 2 76 1 0

