1 22.08 2.33 2 4 4 0.75 0 0 0 0 2 180 1 0
1 30.17 1.08 1 8 4 0.04 0 0 0 0 2 170 180 0
1 20 11.04 2 8 4 2 0 0 0 1 2 136 1 0
0 17.57 9 2 6 4 1.375 1 0 0 1 2 0 1 1
0 28.42 3.5 2 9 4 0.835 1 0 0 0 1 280 1 1
1 34.42 4.25 2 3 5 3.25 1 1 2 0 2 274 611 1
1 19.57 0.58 2 1 1 0 0 1 3 0 2 350 770 0
0 24.83 4.5 2 9 4 1 0 0 0 1 2 360 7 0
0 24.5 1.04 1 1 1 0.5 1 1 3 0 2 180 148 0
1 45.17 1.5 2 8 4 2.5 1 0 0 1 2 140 1 0
0 25.42 1.12 2 11 4 1.29 1 1 2 0 2 200 1 0
0 26.08 8.66 2 6 4 1.415 1 0 0 0 2 160 151 1
1 21.83 11 2 14 4 0.29 1 1 6 0 2 121 1 1
1 26.25 1.54 2 9 4 0.125 0 0 0 0 2 100 1 0
0 24.5 12.75 2 8 5 4.75 1 1 2 0 2 73 445 1
1 37.17 4 2 8 5 5 1 0 0 1 1 280 1 0
1 44.25 0.5 2 7 4 10.75 1 0 0 0 1 400 1 0
1 22 7.83 1 3 5 0.165 0 0 0 1 2 184 1 0
1 29.42 1.25 2 8 8 0.25 0 1 2 1 2 400 109 0
0 27.67 2.04 2 9 4 0.25 0 0 0 1 2 180 51 0
1 36.5 4.25 2 11 4 3.5 0 0 0 0 2 454 51 0
1 23.75 12 2 8 4 2.085 0 0 0 0 1 80 1 0
0 17.32 9.5 2 6 4 1.75 0 1 10 1 2 0 11 0
1 36.33 2.12 1 9 4 0.085 1 1 1 0 2 50 1188 1
0 28.58 1.66 2 11 4 2.415 1 0 0 1 2 440 1 0
1 19.67 0.37 2 11 4 2 1 1 2 1 2 80 1 1
1 28 2 2 4 8 4.165 1 1 2 1 2 181 1 1
1 31.08 1.5 1 9 4 0.04 0 0 0 0 1 160 1 0
1 37.5 1.75 1 8 5 0.25 1 0 0 1 2 164 401 0
1 22.58 10.03 2 14 4 0.04 1 1 9 0 2 60 397 1
1 32 1.75 1 10 8 0.04 1 0 0 1 2 393 1 1
0 32.17 1.46 2 9 4 1.085 1 1 16 0 2 120 2080 1
1 35.17 2.5 2 4 4 4.5 1 1 7 0 2 150 1271 1
0 28.58 3.75 2 8 4 0.25 0 1 1 1 2 40 155 0
1 31.42 15.5 2 8 4 0.5 1 0 0 0 2 120 1 0
1 19.42 7.25 2 7 4 0.04 0 1 1 0 2 100 2 0
1 41.75 0.96 2 14 4 2.5 1 0 0 0 2 510 601 1
1 26.17 12.5 1 4 8 1.25 0 0 0 1 2 0 18 0
1 27.75 1.29 2 4 8 0.25 0 0 0 1 1 140 1 0
1 33.17 1.04 2 12 8 6.5 1 0 0 1 2 164 31286 1
1 44.83 7 1 8 4 1.625 0 0 0 0 2 160 3 0
0 22.67 0.79 2 3 4 0.085 0 0 0 0 2 144 1 0
1 23.92 0.66 2 8 4 0.165 0 0 0 0 2 100 1 1
1 25.92 0.87 2 4 4 0.375 0 1 2 1 2 174 4 0
1 18.82 3.54 1 1 1 0 0 0 0 1 2 180 2 0
1 23.25 4 2 8 5 0.25 1 0 0 1 2 160 1 1
0 31.92 3.12 2 1 1 3.04 0 1 2 1 2 200 5 0
1 18.32 1.21 1 10 2 0 0 0 0 0 2 100 1 0
1 34.25 3 2 13 8 7.415 1 0 0 1 2 0 1 1
0 28.67 1.04 2 8 4 2.5 1 1 5 1 2 300 1431 1
1 21 4.79 1 9 4 2.25 1 1 1 1 2 80 301 1
0 25.17 2.87 2 14 8 0.875 1 0 0 0 2 360 1 1
1 31.25 2.83 2 1 1 0 0 1 5 0 2 176 147 0
1 27.25 0.62 2 6 4 0.455 1 0 0 1 2 200 1 0
1 47.67 0.28 2 8 5 15 1 1 20 0 2 0 15001 1
1 27 1.5 1 9 4 0.375 1 0 0 1 2 260 1066 1
1 39.58 13.91 2 9 4 8.625 1 1 6 1 2 70 1 1
1 37.5 0.83 2 10 4 0.04 0 0 0 0 2 120 6 0
1 23.08 11.5 2 3 4 3.5 1 1 9 0 2 56 743 1
0 22.67 3.8 2 8 4 0.165 0 0 0 0 2 160 1 0
1 32.75 1.5 2 13 8 5.5 1 1 3 1 2 0 1 1
0 29.5 0.46 2 4 4 0.54 1 1 4 0 2 380 501 1
1 20.42 7 2 8 4 1.625 1 1 3 0 2 200 1392 1
1 29.83 1.25 1 4 4 0.25 0 0 0 0 2 224 1 0
1 35 3.37 2 8 8 8.29 0 0 0 1 2 0 1 0
1 34 4.5 2 6 4 1 1 0 0 1 2 240 1 0
1 32.67 5.5 2 11 8 5.5 1 1 12 1 2 408 1001 1
1 24.58 12.5 2 9 4 0.875 1 0 0 1 2 260 1 0
1 38.42 0.7 2 8 4 0.375 0 1 2 0 2 225 501 0
1 19.32 9.5 2 11 4 1 1 0 0 1 2 60 401 1
0 15.83 0.58 2 8 8 1.5 1 1 2 0 2 100 1 1
1 31.57 3 1 3 5 7 0 0 0 0 2 0 2 0
1 43.17 2.25 2 3 5 0.75 1 0 0 0 2 560 1 0
1 24.42 12.33 2 11 8 1.585 1 0 0 1 2 120 1 1
1 22.17 2.25 2 3 4 0.125 0 0 0 0 2 160 11 0
1 20.67 0.83 1 8 4 2 0 0 0 1 1 240 1 0
1 18.82 0.41 1 8 4 0.165 0 1 1 0 2 200 2 0
1 39.5 1.62 2 8 4 1.5 0 0 0 0 2 0 317 0
1 29.42 1.25 2 9 4 1.75 0 0 0 0 2 200 1 0
1 28.25 5.12 2 14 4 4.75 1 1 2 0 2 420 8 1
1 34.17 2.75 2 3 5 2.5 0 0 0 1 2 232 201 0
1 41.42 5 2 11 8 5 1 1 6 1 2 470 1 1
1 36.08 2.54 2 1 1 0 0 0 0 0 2 0 1001 0
1 31.57 0.04 1 2 4 4.25 0 0 0 1 2 460 1 0
1 41.58 1.75 2 4 4 0.21 1 0 0 0 2 160 1 0
0 58.33 10 2 11 4 4 1 1 14 0 2 0 1603 1
1 35.75 2.41 2 9 4 0.125 0 1 2 0 2 220 2 0
1 23.17 0 2 8 4 0 0 0 0 0 3 184 1 1
1 20.5 2.41 2 8 4 2 1 1 11 1 2 200 3001 1
1 23.75 0.41 1 8 4 0.04 0 1 2 0 2 128 7 0
1 26.17 0.25 2 3 5 0 1 0 0 1 2 0 1 1
0 35.42 12 2 11 8 14 1 1 8 0 2 0 6591 1
1 25.42 0.54 2 9 4 0.165 0 1 1 0 2 272 445 0
1 41.5 1.54 2 3 5 3.5 0 0 0 0 2 216 1 1
1 36.17 0.42 1 9 4 0.29 0 0 0 1 2 309 3 0
1 37.33 6.5 2 7 8 4.25 1 1 12 1 2 93 1 1
1 52.33 1.37 1 8 8 9.46 1 0 0 1 2 200 101 0
1 42.08 1.04 2 9 4 5 1 1 6 1 2 500 10001 1
1 22.92 0.17 2 7 4 0.085 0 0 0 0 1 0 1 0
0 23.75 0.71 2 9 4 0.25 0 1 1 1 2 240 5 0
1 41.17 1.33 2 2 4 0.165 0 0 0 0 2 168 1 0
1 31.83 2.5 2 6 4 7.5 1 0 0 1 2 523 1 0
1 18.5 2 2 3 4 1.5 1 1 2 0 2 120 301 1
0 35.75 0.91 2 6 4 0.75 1 1 4 0 2 0 1584 1
0 42.25 1.75 1 8 4 0 0 0 0 1 2 150 2 0
0 31.57 11.25 2 1 1 0 0 0 0 0 2 184 5201 0
1 33.17 1 2 14 4 0.75 1 1 7 1 2 340 4072 1
0 52.17 0 1 1 1 0 0 0 0 0 2 0 1 0
0 20.67 3 2 11 4 0.165 1 1 3 0 2 100 7 1
1 17.25 3 2 4 4 0.04 0 0 0 1 2 160 41 0
1 38.58 3.33 2 9 4 4 1 1 14 0 2 383 1345 1
1 27.83 1.54 2 9 4 3.75 1 1 5 1 2 100 4 1
1 26.92 2.25 2 3 5 0.5 0 0 0 1 2 640 4001 0
1 51.33 10 2 3 5 0 1 1 11 0 2 0 1250 1
1 49.58 19 2 1 1 0 1 1 1 0 2 94 1 0
1 21.08 10.08 1 10 8 1.25 0 0 0 0 2 260 1 0
1 23.08 11.5 2 9 8 2.125 1 1 11 1 2 290 285 1
0 15.92 2.87 2 11 4 0.085 0 0 0 0 2 120 1 0
1 36.67 3.25 2 11 8 9 1 0 0 1 2 102 640 1
1 23.5 3.16 1 4 4 0.415 0 1 1 1 2 280 81 0
1 18.57 5.71 2 2 4 0.54 0 0 0 0 2 120 1 0
1 28.25 0.87 2 7 4 0.96 1 1 3 1 2 396 1 1
1 23.17 0 2 13 4 0.085 1 0 0 0 2 0 1 1
1 23.08 0 2 4 4 1 0 1 11 0 1 0 1 0
0 60.58 16.5 2 11 4 11 1 0 0 1 2 21 10562 1
0 41.17 6.5 2 11 4 0.5 1 1 3 1 2 145 1 1
0 26.58 2.54 1 1 1 0 0 0 0 1 2 180 61 0
1 69.17 9 2 1 1 4 0 1 1 0 2 70 7 0
1 16.07 0.75 2 8 4 1.75 1 1 5 1 2 352 691 1
1 26.75 2 2 2 4 0.75 0 0 0 1 2 80 1 0
1 51.83 3 1 1 1 1.5 0 0 0 0 2 180 5 0
1 27.83 1 1 2 8 3 0 0 0 0 2 176 538 0
1 55.92 11.5 2 1 1 5 1 1 5 0 2 0 8852 1
1 19.17 9.5 2 9 4 1.5 1 0 0 0 2 120 2207 1
1 43.25 3 2 11 8 6 1 1 11 0 2 80 1 1
1 37.75 7 2 11 8 11.5 1 1 7 1 2 300 6 0
1 28.75 1.16 2 4 4 0.5 1 0 0 0 1 280 1 0
0 65.17 14 2 1 1 0 1 1 11 1 2 0 1401 1
1 32.92 2.5 2 6 4 1.75 0 1 2 1 2 720 1 0
0 15.75 0.37 2 8 4 1 0 0 0 0 2 120 19 0
1 17.92 0.2 2 6 4 0.04 0 0 0 0 2 280 751 0
1 28.67 14.5 2 2 4 0.125 0 0 0 0 2 0 287 0
0 24.33 2.5 1 3 5 4.5 0 0 0 0 2 200 457 0
0 30.67 12 2 8 4 2 1 1 1 0 2 220 20 1
1 56.58 18.5 2 2 5 15 1 1 17 1 2 0 1 1
1 23.58 1.79 2 8 4 0.54 0 0 0 1 2 136 2 0
1 38.67 0.21 2 4 4 0.085 1 0 0 1 2 280 1 1
1 17.5 22 3 1 7 0 0 0 0 1 3 450 100001 1
1 28.75 1.5 1 8 4 1.5 1 0 0 1 2 0 226 0
0 31.75 3 1 5 3 0 0 0 0 0 2 160 21 0
0 47.75 8 2 8 4 7.875 1 1 6 1 2 0 1261 1
1 33.75 2.75 2 3 5 0 0 0 0 0 2 180 1 0
1 19 1.75 1 8 4 2.335 0 0 0 1 2 112 7 0
1 22.67 0.75 2 3 4 1.585 0 1 1 1 2 400 10 0
0 24.75 3 2 11 8 1.835 1 1 19 0 2 0 501 1
1 62.5 12.75 1 8 8 5 1 0 0 0 2 112 1 0
1 30.67 2.5 2 13 8 2.25 0 0 0 1 1 340 1 0
1 31.92 4.46 2 13 8 6.04 1 1 3 0 2 311 301 1
1 22.58 1.5 1 6 4 0.54 0 0 0 1 2 120 68 0
1 51.83 2.04 1 1 1 1.5 0 0 0 0 2 120 2 0
0 20.83 0.5 1 10 2 1 0 0 0 0 2 260 1 0
1 32.75 2.33 2 2 8 5.75 0 0 0 1 2 292 1 0
0 22.42 11.25 1 14 8 0.75 1 1 4 0 2 0 322 1
1 20.25 9.96 2 10 2 0 1 0 0 0 2 0 1 1
1 27.67 2 2 14 8 1 1 1 4 0 2 140 7545 1
1 29.83 3.5 2 8 4 0.165 0 0 0 0 2 216 1 0
0 20.75 9.53 2 3 4 0.04 0 0 0 0 2 200 1001 0
1 33 2.5 1 9 4 7 0 0 0 1 2 280 1 0
1 29.5 0.57 2 9 4 0.29 0 1 1 0 2 340 2804 0
1 18.57 10.29 2 1 1 0.415 0 0 0 0 2 80 1 0
0 15.83 7.62 2 11 4 0.125 0 1 1 1 2 0 161 0
1 35.17 25.12 2 14 8 1.625 1 1 1 1 2 515 501 1
0 32.25 1.5 2 8 4 0.25 0 0 0 1 2 372 123 0
0 17.92 0.54 2 8 4 1.75 0 1 1 1 2 80 6 0
1 47.67 2.5 2 7 5 2.5 1 1 12 1 2 410 2511 1
1 22.08 0.83 2 8 8 2.165 0 0 0 1 2 128 1 1
1 27.67 13.75 2 9 4 5.75 1 0 0 1 2 487 501 1
1 39.17 1.62 2 8 4 1.5 1 1 10 0 2 186 4701 1
0 18.82 9.5 2 9 4 1.625 1 1 6 1 2 40 601 1
1 28.25 5.04 1 8 5 1.5 1 1 8 1 2 144 8 1
1 26 1 2 11 4 1.75 1 0 0 1 2 280 1 1
1 27.58 2.04 1 6 4 2 1 1 3 1 2 370 561 1
1 28.17 0.12 1 4 4 0.085 0 0 0 0 2 216 2101 0
0 21.75 11.75 2 8 4 0.25 0 0 0 1 2 180 1 0
1 22.5 0.12 1 4 4 0.125 0 0 0 0 2 200 71 0
0 26.5 2.71 1 8 4 0.085 0 0 0 0 1 80 1 0
1 43 0.28 1 13 8 1.75 1 1 8 0 2 100 376 1
0 25.25 13.5 1 1 1 2 0 1 1 1 2 200 2 0
1 39.58 5 2 1 1 0 0 1 2 0 2 17 2 0
1 32.08 4 2 7 4 2.5 1 0 0 1 2 360 1 1
1 16.17 0.04 2 8 4 0.04 0 0 0 0 2 0 1 1
1 32.83 2.5 2 13 8 2.75 1 1 6 0 2 160 2073 1
1 25.67 12.5 2 13 4 1.21 1 1 67 1 2 140 259 1
1 27.83 1.5 2 9 4 2.25 0 1 1 1 2 100 4 0
0 55.75 7.08 2 4 8 6.75 1 1 3 1 2 100 51 0
1 23.42 0.58 2 8 8 0.085 1 0 0 0 2 180 1 0
1 30.75 1.58 2 2 4 0.585 0 0 0 1 1 0 1 0
1 50.75 0.58 2 1 1 0 0 0 0 0 2 145 1 0
0 28.17 0.37 2 11 4 0.585 1 1 4 0 2 80 1 1
1 34.75 2.5 2 13 5 0.5 0 0 0 0 2 348 1 0
0 19.57 0.66 2 9 4 1.665 0 0 0 0 2 220 6 0
0 18.82 4.41 1 8 8 3 1 0 0 0 2 240 1 1
1 13.75 4 1 9 4 1.75 1 1 2 1 2 120 1001 1
0 50.08 12.54 2 6 4 2.29 1 1 3 1 2 156 1 1
1 48.17 3.5 2 6 4 3.5 1 0 0 0 1 230 1 1
1 22.17 12.12 2 8 4 3.335 0 1 2 1 2 180 174 0
0 57.08 0.33 2 3 5 1 1 0 0 1 2 252 2198 0
1 39.92 5 2 3 5 0.21 0 0 0 0 2 550 1 0
0 24.5 1.75 1 8 4 0.165 0 0 0 0 2 132 1 0
0 16 0.16 2 6 4 1 0 1 2 1 2 320 2 0
1 27.58 3.25 1 11 8 5.085 0 1 2 1 2 369 2 0
1 27.25 1.58 2 13 8 1.835 1 1 12 1 2 583 714 1
1 17.07 3.29 2 3 4 0.335 0 0 0 1 2 140 3 0
1 42.17 5.04 2 11 8 12.75 1 0 0 1 2 92 1 1
1 34.67 1.08 2 7 4 1.165 0 0 0 0 1 28 1 0
0 25 12.33 2 13 8 3.5 1 1 6 0 2 400 459 1
0 38.25 6 2 4 4 1 1 0 0 1 2 0 1 1
0 69.5 6 2 1 1 0 0 0 0 0 1 0 1 0
0 22.92 11.58 2 13 4 0.04 1 0 0 0 2 80 1350 1
1 26.75 4.5 1 8 5 2.5 0 0 0 0 2 200 1211 0

