0 33.25 2.5 1 8 4 2.5 0 0 0 1 2 0 3 0
0 25.25 12.5 2 2 4 1 0 0 0 1 2 180 1063 0
0 23.42 0.79 1 11 4 1.5 1 1 2 1 2 80 401 1
1 21.33 7.5 2 6 4 1.415 1 1 1 0 2 80 9801 1
1 30.33 0.5 2 2 8 0.085 0 0 0 1 1 252 1 0
1 17.67 4.46 2 8 4 0.25 0 0 0 0 1 80 1 0
1 49.58 19 2 1 1 0 1 1 1 0 2 94 1 0
0 24.92 1.25 2 1 1 0 1 0 0 0 2 80 1 0
1 50.75 0.58 2 1 1 0 0 0 0 0 2 145 1 0
0 23 1.83 2 5 3 0 0 1 1 0 2 200 54 0
1 21.83 1.54 2 4 4 0.085 0 0 0 1 2 356 1 0
1 23.17 0 2 13 4 0.085 1 0 0 0 2 0 1 1
1 18.07 6.75 1 7 4 0.04 0 0 0 0 2 140 1 0
1 22.67 10.5 2 11 8 1.335 1 0 0 0 2 100 1 1
1 25.17 3.5 2 13 4 0.625 1 1 7 0 2 0 7060 1
1 17.07 0.25 2 11 4 0.335 0 1 4 0 2 160 9 0
0 25.17 2.87 2 14 8 0.875 1 0 0 0 2 360 1 1
1 41.17 1.25 1 9 4 0.25 0 0 0 0 2 0 196 0
0 60.92 5 2 6 4 4 1 1 4 0 2 0 100 1
1 23.08 2.5 2 1 1 0.085 0 0 0 1 2 100 4209 0
0 31.57 3.5 2 2 4 3 1 0 0 1 2 300 1 0
1 38.25 10.12 1 4 4 0.125 0 0 0 0 2 160 1 0
1 25.17 6 2 8 4 1 1 1 3 0 2 0 1 1
1 23.58 0.83 2 3 8 0.085 0 0 0 1 2 220 6 0
1 16.25 0 1 6 4 0.25 0 0 0 0 2 60 1 0
1 28.67 14.5 2 2 4 0.125 0 0 0 0 2 0 287 0
1 26.83 0.54 2 4 1 0 0 0 0 0 2 100 1 0
0 45 4.58 2 4 8 1 0 0 0 1 1 240 1 0
0 24.58 0.67 2 6 8 1.75 1 0 0 0 2 400 1 0
1 19.5 0.28 2 4 4 0.29 0 0 0 0 2 280 365 0
0 19.17 5.41 2 3 8 0.29 0 0 0 0 2 80 485 0
0 20.75 10.33 2 13 8 0.335 1 1 1 1 2 80 51 1
1 56.58 18.5 2 2 5 15 1 1 17 1 2 0 1 1
1 31.08 1.5 1 9 4 0.04 0 0 0 0 1 160 1 0
1 48.25 25.08 2 9 4 1.75 1 1 3 0 2 120 15 1
1 28.25 0.87 2 7 4 0.96 1 1 3 1 2 396 1 1
0 21.5 6 2 6 4 2.5 1 1 3 0 2 80 919 1
1 31.57 0.04 1 2 4 4.25 0 0 0 1 2 460 1 0
1 42.83 1.25 2 7 4 13.875 0 1 1 1 2 352 113 0
1 27.58 3.25 1 11 8 5.085 0 1 2 1 2 369 2 0
0 24.5 1.75 1 8 4 0.165 0 0 0 0 2 132 1 0
0 65.17 14 2 1 1 0 1 1 11 1 2 0 1401 1
1 60.08 14.5 2 1 1 18 1 1 15 1 2 0 1001 1
1 40.92 0.5 1 7 4 0.5 0 0 0 1 2 130 1 0
1 54.33 6.75 2 8 8 2.625 1 1 11 1 2 0 285 1
1 22.67 2.54 1 8 8 2.585 1 0 0 0 2 0 1 1
1 38.58 3.33 2 9 4 4 1 1 14 0 2 383 1345 1
1 39.58 13.91 2 9 4 8.625 1 1 6 1 2 70 1 1
1 23.58 1.79 2 8 4 0.54 0 0 0 1 2 136 2 0
1 34.08 0.08 1 7 5 0.04 1 1 1 1 2 280 2001 1
1 54.42 0.5 1 4 8 3.96 1 0 0 0 2 180 315 1
1 23.75 0.41 1 8 4 0.04 0 1 2 0 2 128 7 0
1 37.75 7 2 11 8 11.5 1 1 7 1 2 300 6 0
0 19.75 0.75 2 8 4 0.795 1 1 5 1 2 140 6 0
0 33.17 2.25 1 13 4 3.5 0 0 0 1 2 200 142 0
0 69.5 6 2 1 1 0 0 0 0 0 1 0 1 0
0 20.42 0.83 2 11 4 1.585 1 1 1 0 2 0 1 1
1 26.67 2.71 1 13 4 5.25 1 1 1 0 2 211 1 1
1 40 6.5 2 6 5 3.5 1 1 1 0 2 0 501 1
1 39.42 1.71 1 7 4 0.165 0 0 0 0 1 400 1 0
1 22.92 3.16 1 8 4 0.165 0 0 0 0 2 160 1059 0
1 34.17 9.17 2 8 4 4.5 1 1 12 1 2 0 222 1
1 30.17 6.5 2 13 4 3.125 1 1 8 0 2 330 1201 1
1 21.42 0.75 1 12 7 0.75 0 0 0 1 2 132 3 0
1.234 22.08 11.46 2 4 4 1.585 0 0 0 1 2 100 1213 0
1 31.57 0.5 2 8 5 0.835 1 0 0 1 1 320 1 0
1 33.17 1.04 2 12 8 6.5 1 0 0 1 2 164 31286 1
1 28.33 5 2 9 4 11 1 0 0 1 2 70 1 1
1 24.58 13.5 1 1 1 0 0 0 0 0 2 184 1 0
0 17.57 9 2 6 4 1.375 1 0 0 1 2 0 1 1
0 24.5 0.5 2 11 8 1.5 1 0 0 0 2 280 825 1
1 26.17 0.25 2 3 5 0 1 0 0 1 2 0 1 1
1 34.17 5.25 2 9 4 0.085 0 0 0 1 2 290 7 1
0 23.5 9 2 11 4 8.5 1 1 5 1 2 120 1 1
1 21 3 1 2 4 1.085 1 1 8 1 2 160 2 1
0 42.25 1.75 1 8 4 0 0 0 0 1 2 150 2 0
1 19.42 6.5 2 9 8 1.46 1 1 7 0 2 80 2955 1
1 25.08 1.71 2 14 4 1.665 1 1 1 1 2 395 21 1
1 52.5 6.5 2 4 4 6.29 1 1 15 0 2 0 11203 1
1 47.17 5.83 2 9 4 5.5 0 0 0 0 2 465 151 0
1 26.67 4.25 2 13 4 4.29 1 1 1 1 2 120 1 1
1 22.08 11 2 13 4 0.665 1 0 0 0 2 100 1 1
1 21.17 0.25 1 8 8 0.25 0 0 0 0 2 280 205 0
1 23.92 1.5 2 2 8 1.875 1 1 6 0 2 200 328 1
1 48.75 26.33 1 1 1 0 1 0 0 1 2 0 1 0
1 42.75 4.08 2 6 4 0.04 0 0 0 0 2 108 101 0
1 22.67 1.58 1 9 4 3.085 1 1 6 0 2 80 1 1
0 17.32 9.5 2 6 4 1.75 0 1 10 1 2 0 11 0
1 36.5 4.25 2 11 4 3.5 0 0 0 0 2 454 51 0
1 32.42 2.16 1 4 1 0 0 0 0 0 2 120 1 0
1 18.07 5.5 2 4 4 0.5 1 0 0 0 2 80 1 1
1 16.5 0.12 2 8 4 0.165 0 0 0 0 2 132 1 0
1 31.25 2.83 2 1 1 0 0 1 5 0 2 176 147 0
1 42.17 5.04 2 11 8 12.75 1 0 0 1 2 92 1 1
1 34.25 1.75 2 9 5 0.25 1 0 0 1 2 163 1 0
1 25 12.5 2 6 4 3 1 0 0 1 1 20 1 1
1 34.17 1.54 2 13 4 1.54 1 1 1 1 2 520 50001 1
1 22.58 10.03 2 14 4 0.04 1 1 9 0 2 60 397 1
0 57.08 0.33 2 3 5 1 1 0 0 1 2 252 2198 0
0 26.92 13.5 2 11 8 5 1 1 2 0 2 0 5001 1
0 20.07 0.12 2 11 4 1 0 1 1 0 2 240 769 1
1 31.57 5 1 6 4 8.5 1 0 0 0 2 0 1 0
1 29.25 14.79 2 6 4 5.04 1 1 5 1 2 168 1 1
0 47 13 2 3 5 5.165 1 1 9 1 2 0 1 1
1 62.75 7 2 10 9 0 0 0 0 0 2 0 13 0
1 20.5 2.41 2 8 4 2 1 1 11 1 2 200 3001 1
0 27.67 2.04 2 9 4 0.25 0 0 0 1 2 180 51 0
1 22.17 12.12 2 8 4 3.335 0 1 2 1 2 180 174 0
0 58.42 21 2 3 5 10 1 1 13 0 2 0 6701 1
1 31.33 19.5 2 8 4 7 1 1 16 0 2 0 5001 1
0 22.42 5.66 2 11 4 2.585 1 1 7 0 2 129 3258 1
0 49.83 13.58 2 4 8 8.5 1 0 0 1 2 0 1 1
0 25.08 2.54 1 6 4 0.25 1 0 0 1 2 370 1 1
0 19.5 0.16 2 11 4 0.04 0 0 0 1 2 380 1 0
1 27.75 1.29 2 4 8 0.25 0 0 0 1 1 140 1 0
1 26.92 2.25 2 3 5 0.5 0 0 0 1 2 640 4001 0
0 18.17 10 1 11 8 0.165 0 0 0 0 2 340 1 0
1 47.33 6.5 2 8 4 1 0 0 0 1 2 0 229 0
0 16.07 0.33 2 1 1 0 0 1 1 0 2 160 127 0
0 27.25 0.28 2 7 8 0.125 0 1 1 1 2 272 109 0
1 48.58 0.2 1 4 4 0.25 1 1 11 0 2 380 2733 1
0 22.5 11 1 11 4 3 1 0 0 1 2 268 1 0
1 43.17 5 2 3 5 2.25 0 0 0 1 2 141 1 0
1 18.57 5.71 2 2 4 0.54 0 0 0 0 2 120 1 0
0 22.58 10.75 2 11 4 0.415 1 1 5 1 2 0 561 1
1 20 1.25 1 4 4 0.125 0 0 0 0 2 140 5 0
1 49.5 7.58 2 3 5 7.585 1 1 15 1 2 0 5001 1
0 15.75 0.37 2 8 4 1 0 0 0 0 2 120 19 0
0 52.17 0 1 1 1 0 0 0 0 0 2 0 1 0
0 29.5 2 1 10 8 2 0 0 0 0 2 256 18 0
1 21.67 1.16 1 4 4 2.5 1 1 1 0 2 180 21 0
1 28.92 15 2 8 8 5.335 1 1 11 0 2 0 2284 1
1 62.5 12.75 1 8 8 5 1 0 0 0 2 112 1 0
1 36.17 0.42 1 9 4 0.29 0 0 0 1 2 309 3 0
1 20.42 1.83 2 8 4 2.25 1 1 1 0 2 100 151 1
1 48.08 6.04 2 4 4 0.04 0 0 0 0 2 0 2691 1
0 18.25 10 2 9 4 1 0 1 1 0 2 120 2 0
1 73.42 17.75 2 1 1 0 1 0 0 1 2 0 1 1
1 34.83 2.5 1 9 4 3 0 0 0 0 1 200 1 0
0 15.83 7.62 2 11 4 0.125 0 1 1 1 2 0 161 0
1 42.75 3 2 3 5 1 1 0 0 0 2 0 201 0
0 33.67 0.37 2 13 4 0.375 0 0 0 0 2 300 45 1
0 35.75 0.91 2 6 4 0.75 1 1 4 0 2 0 1584 1
1 16.92 0.33 1 4 4 0.29 0 0 0 0 1 200 1 0
1 27.67 2 2 14 8 1 1 1 4 0 2 140 7545 1
1 22.67 0.75 2 3 4 1.585 0 1 1 1 2 400 10 0
1 20.42 7 2 8 4 1.625 1 1 3 0 2 200 1392 1
1 18.82 0 2 11 4 0.665 0 0 0 0 2 160 2 0
0 20.75 9.53 2 3 4 0.04 0 0 0 0 2 200 1001 0
1 27.58 2.04 1 6 4 2 1 1 3 1 2 370 561 1
1 37.5 1.75 1 8 5 0.25 1 0 0 1 2 164 401 0
1 37.17 4 2 8 5 5 1 0 0 1 1 280 1 0
0 26.17 2 2 5 3 0 0 0 0 1 2 276 2 0
1 30.17 0.5 2 8 4 1.75 1 1 11 0 2 32 541 1
1 39.33 5.87 2 13 8 10 1 1 14 1 2 399 1 1
1 41.92 0.42 2 8 8 0.21 1 1 6 0 2 220 949 1
1 16 3.12 2 9 4 0.085 0 1 1 0 2 0 7 0
1 31 2.08 2 8 4 0.085 0 0 0 0 2 300 1 0
1 22.5 11.5 1 7 4 1.5 0 0 0 1 2 0 4001 0
0 28.58 3.54 2 3 5 0.5 1 0 0 1 2 171 1 0
0 33.08 4.62 2 11 8 1.625 1 1 2 0 2 0 1 1
1 20.67 0.83 1 8 4 2 0 0 0 1 1 240 1 0
0 25.58 0 2 8 4 0 0 0 0 0 3 184 1 1
1 28.17 0.12 1 4 4 0.085 0 0 0 0 2 216 2101 0
1 36.42 0.75 1 2 4 0.585 0 0 0 0 2 240 4 0
1 30.08 1.04 1 3 5 0.5 1 1 10 1 2 132 29 0
1 25.67 12.5 2 13 4 1.21 1 1 67 1 2 140 259 1
0 22.67 0.33 2 11 4 0.75 0 0 0 0 1 160 1 0
0 36.75 4.71 2 1 1 0 0 0 0 0 2 160 1 0
0 47.42 8 2 10 5 6.5 1 1 6 0 2 375 51101 1
1 22.58 1.5 1 6 4 0.54 0 0 0 1 2 120 68 0
0 20.42 7.5 2 4 4 1.5 1 1 1 0 2 160 235 1
0 22.42 11.25 1 14 8 0.75 1 1 4 0 2 0 322 1
1 33.75 2.75 2 3 5 0 0 0 0 0 2 180 1 0
1 41.75 0.96 2 14 4 2.5 1 0 0 0 2 510 601 1
0 20.32 10 2 8 8 1 1 1 4 0 2 50 1466 1
1 25.75 0.5 2 8 4 1.46 1 1 5 1 2 312 1 1
0 16.5 1.25 2 11 4 0.25 0 1 1 0 2 108 99 0
0 33.92 1.58 1 1 1 0 1 0 0 0 2 320 1 0
0 22.25 1.25 1 1 1 3.25 0 0 0 0 2 280 1 0
1 23 0.75 2 7 4 0.5 1 0 0 1 1 320 1 0
1 16.32 4.08 2 3 8 0.415 0 0 0 1 2 120 1 0
0 21.92 11.66 2 4 8 0.085 0 0 0 0 2 320 6 0
0 32 6 2 2 4 1.25 0 0 0 0 2 272 1 0
1 34.92 2.5 2 9 4 0 1 0 0 1 2 239 201 1
1 23.08 11.5 2 9 8 2.125 1 1 11 1 2 290 285 1
1 47.83 4.16 2 14 5 0.085 0 0 0 1 2 520 1 0
0 22.5 0.41 2 3 4 0.335 0 0 0 1 1 144 1 0
1 34.17 2.75 2 3 5 2.5 0 0 0 1 2 232 201 0
0 22.92 11.58 2 13 4 0.04 1 0 0 0 2 80 1350 1
0 18.57 10 2 2 4 0.415 0 0 0 0 2 80 43 0
1 24.08 9 2 6 4 0.25 0 0 0 1 2 0 1 0
1 41.58 1.75 2 4 4 0.21 1 0 0 0 2 160 1 0
1 31.25 1.12 2 1 1 0 0 1 1 0 2 96 20 0
1 25.33 0.57 2 8 4 0.29 1 1 7 1 2 96 5125 1
1 27.25 1.58 2 13 8 1.835 1 1 12 1 2 583 714 1
1 16.25 0.83 2 7 4 0.085 1 0 0 0 1 200 1 0
1 40.58 3.29 2 7 4 3.5 0 0 0 1 1 400 1 0
0 20.83 0.5 1 10 2 1 0 0 0 0 2 260 1 0
0 22.92 1.25 2 11 4 0.25 0 0 0 1 2 120 810 0
0 31.75 3 1 5 3 0 0 0 0 0 2 160 21 0
1 24.08 0.87 2 7 4 0.085 0 1 4 0 2 254 1951 0
0 41.33 1 2 3 5 2.25 1 0 0 1 2 0 301 1
1 35.25 16.5 1 8 4 4 1 0 0 0 2 80 1 0
1 29.83 3.5 2 8 4 0.165 0 0 0 0 2 216 1 0
1 26.75 4.5 1 8 5 2.5 0 0 0 0 2 200 1211 0
1 33 2.5 1 9 4 7 0 0 0 1 2 280 1 0
1 42.08 1.04 2 9 4 5 1 1 6 1 2 500 10001 1
1 48.17 7.62 2 9 8 15.5 1 1 12 0 2 0 791 1
1 37.5 1.12 1 2 4 1.5 0 0 0 1 2 431 1 1
1 29.58 4.75 2 7 4 2 0 1 1 1 2 460 69 0
0 24.33 2.5 1 3 5 4.5 0 0 0 0 2 200 457 0
1 24.42 2 2 10 2 0.165 0 1 2 0 2 320 1301 0
1 31.57 4 1 3 4 0.085 0 0 0 1 2 411 1 0
0 52.83 15 2 8 4 5.5 1 1 14 0 2 0 2201 1
1 54.83 15.5 2 10 9 0 1 1 20 0 2 152 131 0
0 33.75 0.75 2 4 5 1 1 1 3 1 2 212 1 0
1 23.17 11.12 2 14 8 0.46 1 1 1 0 2 100 1 1
1 24.17 0.87 2 11 4 4.625 1 1 2 1 2 520 2001 1
0 32.25 1.5 2 8 4 0.25 0 0 0 1 2 372 123 0

