1 24.08 0.87 2 7 4 0.085 0 1 4 0 2 254 1951 0
1 23.92 0.66 2 8 4 0.165 0 0 0 0 2 100 1 1
1 48.58 0.2 1 4 4 0.25 1 1 11 0 2 380 2733 1
0 33.75 0.75 2 4 5 1 1 1 3 1 2 212 1 0
0 24.83 4.5 2 9 4 1 0 0 0 1 2 360 7 0
1 19.5 9.58 2 6 4 0.79 0 0 0 0 2 80 351 0
0 58.67 4.46 2 11 8 3.04 1 1 6 0 2 43 561 1
1 31.83 2.5 2 6 4 7.5 1 0 0 1 2 523 1 0
1 18.82 0.41 1 8 4 0.165 0 1 1 0 2 200 2 0
0 52.17 0 1 1 1 0 0 0 0 0 2 0 1 0
1 20.67 1.25 1 8 8 1.375 1 1 3 1 2 140 211 0
1 20.42 0 2 8 4 0 0 0 0 0 3 184 1 0
1 28.25 0.87 2 7 4 0.96 1 1 3 1 2 396 1 1
1 37.17 4 2 8 5 5 1 0 0 1 1 280 1 0
0 35.17 3.75 2 1 1 0 0 1 6 0 2 0 201 0
1 39.17 1.62 2 8 4 1.5 1 1 10 0 2 186 4701 1
1 33.17 1.04 2 12 8 6.5 1 0 0 1 2 164 31286 1
0 30.5 6.5 2 8 5 4 1 1 7 1 2 0 3066 1
1 39 5 2 13 4 3.5 1 1 10 1 2 0 1 1
1 41.58 1.75 2 4 4 0.21 1 0 0 0 2 160 1 0
1 34.83 4 2 2 5 12.5 1 0 0 1 2 184 1 0
1 34.08 2.5 2 8 4 1 0 0 0 0 2 460 17 0
0 47.42 8 2 10 5 6.5 1 1 6 0 2 375 51101 1
1 41 0.04 2 10 4 0.04 0 1 1 0 1 560 1 1
1 19.57 0.58 2 1 1 0 0 1 3 0 2 350 770 0
0 37.33 2.5 2 3 8 0.21 0 0 0 0 2 260 247 0
1 26.17 12.5 1 4 8 1.25 0 0 0 1 2 0 18 0
0 25.33 2.08 2 8 8 2.75 1 0 0 1 2 360 2 0
1 25.17 3 2 8 4 1.25 0 1 1 0 2 0 23 0
0 50.25 0.83 2 6 4 0.5 0 0 0 1 2 240 118 0
1 35.25 3.16 2 14 8 3.75 1 0 0 1 2 680 1 0
0 33.08 4.62 2 11 8 1.625 1 1 2 0 2 0 1 1
1 16.25 0.83 2 7 4 0.085 1 0 0 0 1 200 1 0
1 43.17 2.25 2 3 5 0.75 1 0 0 0 2 560 1 0
1 29.67 0.75 1 8 4 0.04 0 0 0 0 2 240 1 0
0 57.58 2 2 1 1 6.5 0 1 1 0 2 0 11 0
0 30.25 5.5 2 4 4 5.5 0 0 0 1 1 100 1 0
1 41.5 1.54 2 3 5 3.5 0 0 0 0 2 216 1 1
0 69.5 6 2 1 1 0 0 0 0 0 1 0 1 0
1 22.08 11 2 13 4 0.665 1 0 0 0 2 100 1 1
0 33.67 0.37 2 13 4 0.375 0 0 0 0 2 300 45 1
1 34 4.5 2 6 4 1 1 0 0 1 2 240 1 0
1 20.42 7 2 8 4 1.625 1 1 3 0 2 200 1392 1
1 23.25 4 2 8 5 0.25 1 0 0 1 2 160 1 1
1 42.17 5.04 2 11 8 12.75 1 0 0 1 2 92 1 1
1 29.92 1.83 2 8 8 4.335 1 0 0 0 2 260 201 1
1 33.75 2.75 2 3 5 0 0 0 0 0 2 180 1 0
1 26.67 4.25 2 13 4 4.29 1 1 1 1 2 120 1 1
0 28.58 3.54 2 3 5 0.5 1 0 0 1 2 171 1 0
1 48.5 4.25 2 7 4 0.125 1 0 0 1 2 225 1 1
0 31.57 1.5 2 1 1 0 0 1 2 1 2 200 106 0
1 40.92 0.83 2 1 1 0 1 0 0 0 2 130 2 0
1 42.08 1.04 2 9 4 5 1 1 6 1 2 500 10001 1
1 32.67 5.5 2 11 8 5.5 1 1 12 1 2 408 1001 1
1 21.42 0.75 1 12 7 0.75 0 0 0 1 2 132 3 0
1 23.75 0.41 1 8 4 0.04 0 1 2 0 2 128 7 0
1 36.17 18.12 2 9 4 0.085 0 0 0 0 2 320 3553 0
0 47.75 8 2 8 4 7.875 1 1 6 1 2 0 1261 1
0 25 11 1 6 4 4.5 1 0 0 0 2 120 1 0
0 23.5 9 2 11 4 8.5 1 1 5 1 2 120 1 1
0 20.83 8.5 2 8 4 0.165 0 0 0 0 2 0 352 0
1 36.33 3.79 2 9 4 1.165 1 0 0 1 2 200 1 0
1 55.92 11.5 2 1 1 5 1 1 5 0 2 0 8852 1
0 24.75 3 2 11 8 1.835 1 1 19 0 2 0 501 1
1 45.17 1.5 2 8 4 2.5 1 0 0 1 2 140 1 0
1 44.83 7 1 8 4 1.625 0 0 0 0 2 160 3 0
1 21.33 10.5 2 8 4 3 1 0 0 1 2 0 1 1
1 35.17 25.12 2 14 8 1.625 1 1 1 1 2 515 501 1
1 48.75 26.33 1 1 1 0 1 0 0 1 2 0 1 0
0 40.83 3.5 2 3 5 0.5 0 0 0 0 1 1160 1 0
1 22.5 11.5 1 7 4 1.5 0 0 0 1 2 0 4001 0
0 22.58 10.75 2 11 4 0.415 1 1 5 1 2 0 561 1
0 29.5 1.08 1 14 4 1 0 0 0 0 2 280 14 0
1 27.25 0.62 2 6 4 0.455 1 0 0 1 2 200 1 0
1 16 3.12 2 9 4 0.085 0 1 1 0 2 0 7 0
1 26.17 0.83 2 13 4 1.165 0 0 0 0 2 100 1 0
1 18.57 5.71 2 2 4 0.54 0 0 0 0 2 120 1 0
0 46.08 3 2 8 4 2.375 1 1 8 1 2 396 4160 1
1 33 2.5 1 9 4 7 0 0 0 1 2 280 1 0
1 62.5 12.75 1 8 8 5 1 0 0 0 2 112 1 0
1 19.17 9.5 2 9 4 1.5 1 0 0 0 2 120 2207 1
1 18.82 3.54 1 1 1 0 0 0 0 1 2 180 2 0
0 25.58 0 2 8 4 0 0 0 0 0 3 184 1 1
1 40 6.5 2 6 5 3.5 1 1 1 0 2 0 501 1
1 23.75 12 2 8 4 2.085 0 0 0 0 1 80 1 0
1 31.42 15.5 2 8 4 0.5 1 0 0 0 2 120 1 0
1 48.58 6.5 2 11 8 6 1 0 0 1 2 350 1 1
0 16.07 0.33 2 1 1 0 0 1 1 0 2 160 127 0
0 26.08 8.66 2 6 4 1.415 1 0 0 0 2 160 151 1
1 20 0 2 2 4 0.5 0 0 0 0 2 144 1 0
1 24.83 2.75 2 8 4 2.25 1 1 6 0 2 184 601 1
1 52.5 6.5 2 4 4 6.29 1 1 15 0 2 0 11203 1
1 17.07 3.29 2 3 4 0.335 0 0 0 1 2 140 3 0
1 21.83 1.54 2 4 4 0.085 0 0 0 1 2 356 1 0
1 48.33 12 2 7 4 16 1 0 0 0 1 110 1 1
1 40.92 2.25 1 14 8 10 1 0 0 1 2 176 1 0
1 27.83 1.54 2 9 4 3.75 1 1 5 1 2 100 4 1
0 53.33 0.16 2 1 1 0 0 0 0 1 1 62 28 0
1 39.58 13.91 2 9 4 8.625 1 1 6 1 2 70 1 1
0 18.92 9.25 1 8 4 1 1 1 4 1 2 80 501 1
1 54.58 9.41 2 1 1 14.415 1 1 11 1 2 30 301 1
0 47 13 2 3 5 5.165 1 1 9 1 2 0 1 1
1 21.5 11.5 2 3 4 0.5 1 0 0 1 2 100 69 0
1 37.42 2.04 2 9 4 0.04 1 0 0 1 2 400 5801 1
1 31.25 1.12 2 1 1 0 0 1 1 0 2 96 20 0
0 42.25 1.75 1 8 4 0 0 0 0 1 2 150 2 0
1 28 3 2 9 4 0.75 0 0 0 1 2 300 68 0
0 45 4.58 2 4 8 1 0 0 0 1 1 240 1 0
0 23.75 0.71 2 9 4 0.25 0 1 1 1 2 240 5 0
1 51.42 0.04 2 14 8 0.04 1 0 0 0 2 0 3001 1
1 38.17 10.12 2 14 4 2.5 1 1 6 0 2 520 197 1
1 34.08 6.5 2 6 4 0.125 1 0 0 1 2 443 1 0
1 44.33 0.5 2 3 8 5 1 0 0 1 2 320 1 1
1 30.17 0.5 2 8 4 1.75 1 1 11 0 2 32 541 1
0 33.92 1.58 1 1 1 0 1 0 0 0 2 320 1 0
1 34.75 2.5 2 13 5 0.5 0 0 0 0 2 348 1 0
0 19.17 0.58 1 6 4 0.585 1 0 0 1 2 160 1 0
1 35 2.5 2 3 4 1 0 0 0 1 2 210 1 0
0 17.92 10.21 2 1 1 0 0 0 0 0 2 0 51 0
1 41.42 5 2 11 8 5 1 1 6 1 2 470 1 1
0 45.83 10.5 2 11 4 5 1 1 7 1 2 0 1 1
1 28.33 5 2 9 4 11 1 0 0 1 2 70 1 1
1 23.92 1.5 2 2 8 1.875 1 1 6 0 2 200 328 1
1 36.17 5.5 2 3 5 5 0 0 0 0 2 210 688 0
1 20 1.25 1 4 4 0.125 0 0 0 0 2 140 5 0
1 23.25 1.5 2 11 4 2.375 1 1 3 1 2 0 583 1
1 27.75 0.58 1 13 4 0.25 1 1 2 0 2 260 501 1
1 33.17 1 2 14 4 0.75 1 1 7 1 2 340 4072 1
0 32 6 2 2 4 1.25 0 0 0 0 2 272 1 0
1 18.17 2.46 2 8 7 0.96 0 1 2 1 2 160 588 0
0 22.83 2.29 2 11 8 2.29 1 1 7 1 2 140 2385 1
0 22.75 6.16 2 6 4 0.165 0 0 0 0 2 220 1001 0
1 67.75 5.5 2 10 9 13 1 1 1 1 2 0 1 1
1 60.08 14.5 2 1 1 18 1 1 15 1 2 0 1001 1
1 33.17 3.16 1 14 4 3.165 1 1 3 1 2 380 1 1
0 26.92 13.5 2 11 8 5 1 1 2 0 2 0 5001 1
0 20.67 1.83 2 11 4 2.085 1 1 5 0 2 220 2504 1
0 30.67 12 2 8 4 2 1 1 1 0 2 220 20 1
0 33.25 2.5 1 8 4 2.5 0 0 0 1 2 0 3 0
1 30.17 6.5 2 13 4 3.125 1 1 8 0 2 330 1201 1
1 21.17 0.87 1 8 8 0.25 0 0 0 0 2 280 205 0
1 51.58 15 2 8 4 8.5 1 1 9 0 2 0 1 1
1 47.67 0.28 2 8 5 15 1 1 20 0 2 0 15001 1
1 19.17 0 1 7 5 0 0 0 0 1 1 500 2 1
1 32.75 2.33 2 2 8 5.75 0 0 0 1 2 292 1 0
1 36.08 2.54 2 1 1 0 0 0 0 0 2 0 1001 0
1 19 0 1 1 1 0 0 1 4 0 2 45 2 0
1 59.67 1.54 2 11 4 0.125 1 0 0 1 2 260 1 1
0 24.75 12.5 2 6 4 1.5 1 1 12 1 2 120 568 1
1 33.58 2.75 2 7 4 4.25 1 1 6 0 2 204 1 1
1 42.75 4.08 2 6 4 0.04 0 0 0 0 2 108 101 0
1 29.25 14.79 2 6 4 5.04 1 1 5 1 2 168 1 1
1 27.42 12.5 2 6 5 0.25 0 0 0 1 2 720 1 0
0 19.57 0.66 2 9 4 1.665 0 0 0 0 2 220 6 0
1 27.67 0.75 2 11 8 0.165 0 0 0 1 2 220 252 0
1 31.57 4 2 14 4 5 1 1 3 1 2 290 2280 1
1 21 4.79 1 9 4 2.25 1 1 1 1 2 80 301 1
1 56 12.5 2 4 8 8 1 0 0 1 2 24 2029 1
1 20.42 1.83 2 8 4 2.25 1 1 1 0 2 100 151 1
1 74.83 19 1 1 1 0.04 0 1 2 0 2 0 352 0
1 42 9.78 2 14 8 7.96 1 1 8 0 2 0 1 1
1 49.17 2.29 2 1 1 0.29 0 0 0 0 2 200 4 0
1 27.25 1.58 2 13 8 1.835 1 1 12 1 2 583 714 1
1 18.25 0.16 2 2 4 0.25 0 0 0 1 1 280 1 0
1 18 0.16 2 11 7 0.21 0 0 0 0 2 200 41 1
1 42.83 4.62 2 11 4 4.58 1 0 0 0 1 0 1 1
0 26.5 2.71 1 8 4 0.085 0 0 0 0 1 80 1 0
1 32.67 9 1 9 8 5.25 1 0 0 1 2 154 1 1
1 27.83 1 1 2 8 3 0 0 0 0 2 176 538 0
1 34.42 4.25 2 3 5 3.25 1 1 2 0 2 274 611 1
1 21.92 0.54 1 14 4 0.04 1 1 1 1 2 840 60 1
1 22.67 0.16 2 8 3 2.25 0 0 0 1 1 0 1 1
1 28.92 15 2 8 8 5.335 1 1 11 0 2 0 2284 1
1 42 0.2 2 3 8 5.125 1 0 0 0 2 400 1 1
1 17.07 0.08 1 8 4 0.04 0 0 0 0 2 140 723 0
1 35.25 16.5 1 8 4 4 1 0 0 0 2 80 1 0
1 24.5 13.33 1 6 4 0.04 0 0 0 1 2 120 476 0
1 54.42 0.5 1 4 8 3.96 1 0 0 0 2 180 315 1
0 15.92 2.87 2 11 4 0.085 0 0 0 0 2 120 1 0
1 29.42 1.25 2 8 8 0.25 0 1 2 1 2 400 109 0
0 27.67 1.5 2 7 4 2 1 0 0 0 1 368 1 0
0 21.67 11.5 1 5 3 0 1 1 11 1 2 0 1 1
1 27.83 4 1 3 8 5.75 1 1 2 1 2 75 1 0
1 40.58 5 2 8 4 5 1 1 7 0 2 0 3066 1
1 19.42 7.25 2 7 4 0.04 0 1 1 0 2 100 2 0
1 42.83 1.25 2 7 4 13.875 0 1 1 1 2 352 113 0
1 23.92 0.58 1 13 8 0.125 0 0 0 0 2 240 2 0
1 62.75 7 2 10 9 0 0 0 0 0 2 0 13 0
1 22.67 2.54 1 8 8 2.585 1 0 0 0 2 0 1 1
1 51.33 10 2 3 5 0 1 1 11 0 2 0 1250 1
0 24.33 2.5 1 3 5 4.5 0 0 0 0 2 200 457 0
1 24.33 6.62 1 2 4 5.5 1 0 0 1 1 100 1 1
0 22.5 8.46 1 14 4 2.46 0 0 0 0 2 164 1 1
1 37.33 2.66 2 13 4 0.165 0 0 0 1 2 0 502 0
1 42.5 4.91 1 9 4 3.165 1 0 0 1 2 52 1443 1
1 40.25 21.5 2 10 9 20 1 1 11 0 2 0 1201 1
1 34.83 2.5 1 9 4 3 0 0 0 0 1 200 1 0
1 44.25 11 1 2 4 1.5 1 0 0 0 1 0 1 0
1 18.57 10.29 2 1 1 0.415 0 0 0 0 2 80 1 0
1 39.58 5 2 1 1 0 0 1 2 0 2 17 2 0
0 31.25 3.75 2 13 8 0.625 1 1 9 1 2 181 1 1
1 54.33 6.75 2 8 8 2.625 1 1 11 1 2 0 285 1
0 28.5 1 2 11 4 1 1 1 2 1 2 167 501 0
1 43.25 25.21 2 11 8 0.21 1 1 1 0 2 760 91 0
1 39.33 5.87 2 13 8 10 1 1 14 1 2 399 1 1
1 48.08 3.75 2 3 5 1 0 0 0 0 2 100 3 0
1 18.42 10.41 1 6 4 0.125 1 0 0 0 2 120 376 0
1 32.42 3 2 2 4 0.165 0 0 0 1 2 120 1 0
0 32.25 1.5 2 8 4 0.25 0 0 0 1 2 372 123 0
0 22.5 11 1 11 4 3 1 0 0 1 2 268 1 0
0 24.5 1.04 1 1 1 0.5 1 1 3 0 2 180 148 0
1 19.67 0.37 2 11 4 2 1 1 2 1 2 80 1 1
1 31.33 19.5 2 8 4 7 1 1 16 0 2 0 5001 1
1 18.32 1.21 1 10 2 0 0 0 0 0 2 100 1 0
0 47.25 0.75 2 11 8 2.75 1 1 1 0 2 333 893 1
1 25.75 0.5 2 8 4 1.46 1 1 5 1 2 312 1 1
0 49 1.5 2 5 3 0 1 0 0 1 2 100 28 0
0 41.58 1.04 2 6 4 0.665 0 0 0 0 2 240 238 0
1 80.25 5.5 2 8 4 0.54 1 0 0 0 2 0 341 0
1 39.92 6.21 2 11 4 0.04 1 1 1 0 2 200 301 1

