1 44.83 7 1 8 4 1.625 0 0 0 0 2 160 3 0
0 20.67 3 2 11 4 0.165 1 1 3 0 2 100 7 1
1 27.25 1.58 2 13 8 1.835 1 1 12 1 2 583 714 1
1 35.58 0.75 2 4 4 1.5 0 0 0 1 2 231 1 0
1 25 11.25 2 8 4 2.5 1 1 17 0 2 200 1209 1
0 18.92 9 2 6 4 0.75 1 1 2 0 2 88 592 1
1 17.5 22 3 1 7 0 0 0 0 1 3 450 100001 1
0 20.42 0.83 2 11 4 1.585 1 1 1 0 2 0 1 1
1 23.08 11.5 2 9 8 2.125 1 1 11 1 2 290 285 1
1 17.07 0.08 1 8 4 0.04 0 0 0 0 2 140 723 0
1 27.83 4 1 3 8 5.75 1 1 2 1 2 75 1 0
0 26.08 8.66 2 6 4 1.415 1 0 0 0 2 160 151 1
1 42.17 5.04 2 11 8 12.75 1 0 0 1 2 92 1 1
0 25 12.33 2 13 8 3.5 1 1 6 0 2 400 459 1
1 20.67 0.83 1 8 4 2 0 0 0 1 1 240 1 0
1 27.67 13.75 2 9 4 5.75 1 0 0 1 2 487 501 1
0 58.42 21 2 3 5 10 1 1 13 0 2 0 6701 1
1 39.25 9.5 2 7 4 6.5 1 1 14 0 2 240 4608 1
1 44.33 0.5 2 3 8 5 1 0 0 1 2 320 1 1
1 28.67 14.5 2 2 4 0.125 0 0 0 0 2 0 287 0
1 28.75 1.16 2 4 4 0.5 1 0 0 0 1 280 1 0
1 26.75 1.12 2 14 8 1.25 1 0 0 0 2 0 5299 1
0 31.25 3.75 2 13 8 0.625 1 1 9 1 2 181 1 1
1 32.33 7.5 2 10 5 1.585 1 0 0 1 1 420 1 0
1 62.75 7 2 10 9 0 0 0 0 0 2 0 13 0
1 22.58 10.03 2 14 4 0.04 1 1 9 0 2 60 397 1
0 33.92 1.58 1 1 1 0 1 0 0 0 2 320 1 0
1 31.57 4 1 3 4 0.085 0 0 0 1 2 411 1 0
1 23.75 12 2 8 4 2.085 0 0 0 0 1 80 1 0
0 22.75 6.16 2 6 4 0.165 0 0 0 0 2 220 1001 0
1 33.58 0.25 2 3 5 4 0 0 0 1 1 420 1 0
0 24.33 2.5 1 3 5 4.5 0 0 0 0 2 200 457 0
1 24.58 12.5 2 9 4 0.875 1 0 0 1 2 260 1 0
0 35.75 0.91 2 6 4 0.75 1 1 4 0 2 0 1584 1
1 28.17 0.12 1 4 4 0.085 0 0 0 0 2 216 2101 0
1 36.17 5.5 2 3 5 5 0 0 0 0 2 210 688 0
0 22.67 0.79 2 3 4 0.085 0 0 0 0 2 144 1 0
1 34.42 1.33 2 3 5 0.125 0 0 0 1 2 440 4501 0
1 40.92 2.25 1 14 8 10 1 0 0 1 2 176 1 0
0 49 1.5 2 5 3 0 1 0 0 1 2 100 28 0
1 23.33 1.5 2 8 8 1.415 1 0 0 0 2 422 201 1
1 41 0.04 2 10 4 0.04 0 1 1 0 1 560 1 1
1 50.75 0.58 2 1 1 0 0 0 0 0 2 145 1 0
1 63.33 0.54 2 8 4 0.585 1 1 3 1 2 180 1 0
0 17.67 0 1 5 1 0 0 0 0 0 2 86 1 0
1 34.17 1.54 2 13 4 1.54 1 1 1 1 2 520 50001 1
0 19.67 0.21 2 11 8 0.29 1 1 11 0 2 80 100 1
1 22.67 0.16 2 8 3 2.25 0 0 0 1 1 0 1 1
0 40.33 8.12 1 4 4 0.165 0 1 2 0 2 184 19 0
0 32.25 1.5 2 8 4 0.25 0 0 0 1 2 372 123 0
1 18.57 5.71 2 2 4 0.54 0 0 0 0 2 120 1 0
1 36.67 3.25 2 11 8 9 1 0 0 1 2 102 640 1
1 21.83 1.54 2 4 4 0.085 0 0 0 1 2 356 1 0
1 32.42 3 2 2 4 0.165 0 0 0 1 2 120 1 0
1 27.67 2 2 14 8 1 1 1 4 0 2 140 7545 1
1 48.58 6.5 2 11 8 6 1 0 0 1 2 350 1 1
1 38.92 1.75 2 4 4 0.5 0 0 0 1 2 300 3 0
1 18.82 0.41 1 8 4 0.165 0 1 1 0 2 200 2 0
1 21.83 11 2 14 4 0.29 1 1 6 0 2 121 1 1
0 68.67 15 2 10 9 0 1 1 14 0 2 0 3377 1
1 48.08 6.04 2 4 4 0.04 0 0 0 0 2 0 2691 1
1 47.67 0.28 2 8 5 15 1 1 20 0 2 0 15001 1
0 18.82 9.53 2 6 4 0.085 1 0 0 0 2 100 1 1
1 37.5 1.75 1 8 5 0.25 1 0 0 1 2 164 401 0
0 30.58 10.66 2 11 8 0.085 0 1 12 1 2 129 4 0
1 51.58 15 2 8 4 8.5 1 1 9 0 2 0 1 1
0 17.82 11 2 14 8 1 1 1 11 0 2 0 3001 1
1 21.92 0.5 2 8 4 0.125 0 0 0 0 2 360 1 0
0 36.58 0.28 2 1 1 0 0 1 10 0 2 200 19 0
1 43.17 2.25 2 3 5 0.75 1 0 0 0 2 560 1 0
1 20.17 9.25 2 8 4 1.665 1 1 3 1 2 40 29 1
1 16 3.12 2 9 4 0.085 0 1 1 0 2 0 7 0
1 22.33 11 2 9 4 2 1 1 1 0 2 80 279 1
1 22 0.79 2 9 4 0.29 0 1 1 0 2 420 284 0
0 27.67 2.04 2 9 4 0.25 0 0 0 1 2 180 51 0
1 35.75 2.41 2 9 4 0.125 0 1 2 0 2 220 2 0
1 25.42 0.54 2 9 4 0.165 0 1 1 0 2 272 445 0
1 65.42 11 2 10 9 20 1 1 7 1 2 22 1 1
1 31.57 4 2 14 4 5 1 1 3 1 2 290 2280 1
1 18.17 2.46 2 8 7 0.96 0 1 2 1 2 160 588 0
0 58.67 4.46 2 11 8 3.04 1 1 6 0 2 43 561 1
1 18.07 6.75 1 7 4 0.04 0 0 0 0 2 140 1 0
1 38.17 10.12 2 14 4 2.5 1 1 6 0 2 520 197 1
1 32.33 2.5 2 8 4 1.25 0 0 0 1 2 280 1 0
1 20.42 1.08 2 11 4 1.5 0 0 0 0 2 108 8 0
1 21.67 1.16 1 4 4 2.5 1 1 1 0 2 180 21 0
1 22.25 0.46 2 4 4 0.125 0 0 0 1 2 280 56 0
1 56.75 12.25 2 7 4 1.25 1 1 4 1 2 200 1 1
1 35.25 3.16 2 14 8 3.75 1 0 0 1 2 680 1 0
1 23.08 0 2 4 4 1 0 1 11 0 1 0 1 0
0 20.83 8.5 2 8 4 0.165 0 0 0 0 2 0 352 0
0 21.08 5 1 1 1 0 0 0 0 0 2 0 1 0
1 25.83 12.83 2 13 4 0.5 0 0 0 0 2 0 3 0
1 21 3 1 2 4 1.085 1 1 8 1 2 160 2 1
1 35.17 4.5 2 14 8 5.75 0 0 0 1 1 711 1 1
0 19.57 0.66 2 9 4 1.665 0 0 0 0 2 220 6 0
1 37.33 2.66 2 13 4 0.165 0 0 0 1 2 0 502 0
1 29.25 13 2 2 8 0.5 0 0 0 0 2 228 1 0
1 39 5 2 13 4 3.5 1 1 10 1 2 0 1 1
0 32.17 1.46 2 9 4 1.085 1 1 16 0 2 120 2080 1
0 20.83 0.5 1 10 2 1 0 0 0 0 2 260 1 0
0 19.5 0.16 2 11 4 0.04 0 0 0 1 2 380 1 0
1 22.67 2.54 1 8 8 2.585 1 0 0 0 2 0 1 1
1 44.25 11 1 2 4 1.5 1 0 0 0 1 0 1 0
1 25.58 0.33 2 4 8 3.5 0 0 0 1 2 340 1 0
1 27.25 0.62 2 6 4 0.455 1 0 0 1 2 200 1 0
0 24.5 2.41 1 8 4 0 0 0 0 0 2 120 1 0
0 18.92 9.25 1 8 4 1 1 1 4 1 2 80 501 1
1 33.75 2.75 2 3 5 0 0 0 0 0 2 180 1 0
0 24.75 3 2 11 8 1.835 1 1 19 0 2 0 501 1
0 41.58 1.04 2 6 4 0.665 0 0 0 0 2 240 238 0
1 37.17 4 2 8 5 5 1 0 0 1 1 280 1 0
1 38.67 0.21 2 4 4 0.085 1 0 0 1 2 280 1 1
1 18.07 5.5 2 4 4 0.5 1 0 0 0 2 80 1 1
1 47.17 5.83 2 9 4 5.5 0 0 0 0 2 465 151 0
0 57.08 19.5 2 8 4 5.5 1 1 7 0 2 0 3001 1
0 38.33 4.41 2 8 4 0.125 0 0 0 0 2 160 1 0
1 59.67 1.54 2 11 4 0.125 1 0 0 1 2 260 1 1
1 34.58 0 2 8 4 0 0 0 0 0 3 184 1 0
0 22.92 11.58 2 13 4 0.04 1 0 0 0 2 80 1350 1
1 24.58 1.25 2 8 4 0.25 0 0 0 0 2 110 1 0
0 18.25 10 2 9 4 1 0 1 1 0 2 120 2 0
1 31.57 10.5 2 14 4 6.5 1 0 0 0 2 0 1 1
0 64.08 0.16 2 1 1 0 1 1 1 0 2 232 101 1
1 31.83 0.04 1 7 4 0.04 0 0 0 0 2 0 1 0
0 33.25 3 1 6 4 2 0 0 0 0 2 180 1 0
0 26.17 2 2 5 3 0 0 0 0 1 2 276 2 0
1 22.25 9 2 6 4 0.085 0 0 0 0 2 0 1 0
1 33 2.5 1 9 4 7 0 0 0 1 2 280 1 0
0 46 4 2 5 3 0 1 0 0 0 2 100 961 1
0 22.92 1.25 2 11 4 0.25 0 0 0 1 2 120 810 0
1 36.75 0.12 1 8 4 1.5 0 0 0 1 2 232 114 1
1 23.42 0.58 2 8 8 0.085 1 0 0 0 2 180 1 0
1 19.67 10 1 4 8 0.835 1 0 0 1 2 140 1 0
0 22.5 8.5 2 11 4 1.75 1 1 10 0 2 80 991 0
1 31.57 0.37 2 2 4 0.875 1 0 0 1 1 928 1 0
1 40.58 1.5 2 3 5 0 0 0 0 0 1 300 1 0
0 17.92 10.21 2 1 1 0 0 0 0 0 2 0 51 0
1 32.67 9 1 9 8 5.25 1 0 0 1 2 154 1 1
1 34 5.5 1 8 4 1.5 0 0 0 1 2 60 1 0
1 39.33 5.87 2 13 8 10 1 1 14 1 2 399 1 1
0 44.17 6.66 2 11 4 7.375 1 1 3 1 2 0 1 1
1 22.17 12.12 2 8 4 3.335 0 1 2 1 2 180 174 0
0 29.75 0.66 2 9 4 0.25 0 0 0 1 2 300 1 0
1 36.08 2.54 2 1 1 0 0 0 0 0 2 0 1001 0
1 40.58 5 2 8 4 5 1 1 7 0 2 0 3066 1
1 20.5 10 1 8 4 2.5 1 0 0 0 1 40 1 1
1 23.58 1.79 2 8 4 0.54 0 0 0 1 2 136 2 0
1 25.75 0.5 2 8 4 1.46 1 1 5 1 2 312 1 1
1 41.17 1.33 2 2 4 0.165 0 0 0 0 2 168 1 0
0 22.42 11.25 1 14 8 0.75 1 1 4 0 2 0 322 1
1 26.17 12.5 1 4 8 1.25 0 0 0 1 2 0 18 0
1 26.83 0.54 2 4 1 0 0 0 0 0 2 100 1 0
1 17.67 4.46 2 8 4 0.25 0 0 0 0 1 80 1 0
0 18.42 9.25 2 11 4 1.21 1 1 4 0 2 60 541 1
0 27.67 1.5 2 7 4 2 1 0 0 0 1 368 1 0
0 40.83 3.5 2 3 5 0.5 0 0 0 0 1 1160 1 0
0 15.83 0.58 2 8 8 1.5 1 1 2 0 2 100 1 1
1 19.17 0 1 7 5 0 0 0 0 1 1 500 2 1
0 22.5 11 1 11 4 3 1 0 0 1 2 268 1 0
1 34.92 2.5 2 9 4 0 1 0 0 1 2 239 201 1
1 24.33 6.62 1 2 4 5.5 1 0 0 1 1 100 1 1
1 17.07 0.25 2 11 4 0.335 0 1 4 0 2 160 9 0
1 47.83 4.16 2 14 5 0.085 0 0 0 1 2 520 1 0
0 16 0.16 2 6 4 1 0 1 2 1 2 320 2 0
1 20.42 0 2 8 4 0 0 0 0 0 3 184 1 0
0 23.25 5.87 2 11 4 3.17 1 1 10 0 2 120 246 1
1 28.25 0.87 2 7 4 0.96 1 1 3 1 2 396 1 1
0 30.42 1.37 2 9 8 0.04 0 1 3 0 2 0 34 0
0 32.33 0.54 2 13 4 0.04 1 0 0 0 2 440 11178 1
0 20.75 10.25 2 11 4 0.71 1 1 2 1 2 49 1 1
0 28.5 3.04 1 14 8 2.54 1 1 1 0 2 70 1 1
1 19.32 9.5 2 11 4 1 1 0 0 1 2 60 401 1
1 73.42 17.75 2 1 1 0 1 0 0 1 2 0 1 1
1 23 0.75 2 7 4 0.5 1 0 0 1 1 320 1 0
1 20 7 2 8 4 0.5 0 0 0 0 2 0 1 0
1 55.92 11.5 2 1 1 5 1 1 5 0 2 0 8852 1
1 27.83 1.5 2 9 4 2 1 1 11 1 2 434 36 1
1 33.17 1 2 14 4 0.75 1 1 7 1 2 340 4072 1
0 33.08 1.62 2 2 4 0.54 0 0 0 1 2 0 1 0
0 25.08 2.54 1 6 4 0.25 1 0 0 1 2 370 1 1
0 21.67 11.5 1 5 3 0 1 1 11 1 2 0 1 1
1 22.58 1.5 1 6 4 0.54 0 0 0 1 2 120 68 0
1 35.17 2.5 2 4 4 4.5 1 1 7 0 2 150 1271 1
1 38.25 10.12 1 4 4 0.125 0 0 0 0 2 160 1 0
0 24.08 0.5 2 11 8 1.25 1 1 1 0 2 0 679 1
0 31.57 1.5 2 1 1 0 0 1 2 1 2 200 106 0
1 25.25 1 2 6 4 0.5 0 0 0 0 2 200 1 0
1 23.5 3.16 1 4 4 0.415 0 1 1 1 2 280 81 0
1.234 22.08 11.46 2 4 4 1.585 0 0 0 1 2 100 1213 0
0 71.58 0 2 8 4 0 0 0 0 0 3 184 1 1
0 41 2.04 1 11 8 0.125 1 1 23 1 2 455 1237 1
1 35.17 25.12 2 14 8 1.625 1 1 1 1 2 515 501 1
1 37.5 1.12 1 2 4 1.5 0 0 0 1 2 431 1 1
1 28.58 3.62 2 6 4 0.25 0 0 0 1 2 100 1 0
0 24.75 13.66 2 11 8 1.5 0 0 0 0 2 280 2 0
0 20.75 10.33 2 13 8 0.335 1 1 1 1 2 80 51 1
0 23.58 11.5 1 4 8 3 0 0 0 1 2 20 17 0
1 37.75 7 2 11 8 11.5 1 1 7 1 2 300 6 0
1 19.17 4 1 3 4 1 0 0 0 1 2 360 1001 0
1 33.17 3.16 1 14 4 3.165 1 1 3 1 2 380 1 1
1 44 2 2 7 4 1.75 1 1 2 1 2 0 16 1
1 42 9.78 2 14 8 7.96 1 1 8 0 2 0 1 1
1 25 12.5 2 6 4 3 1 0 0 1 1 20 1 1
1 41.17 1.25 1 9 4 0.25 0 0 0 0 2 0 196 0
1 31.57 5 1 6 4 8.5 1 0 0 0 2 0 1 0
1 56 12.5 2 4 8 8 1 0 0 1 2 24 2029 1
1 40.92 0.83 2 1 1 0 1 0 0 0 2 130 2 0
0 21.75 1.75 1 5 3 0 0 0 0 0 2 160 1 0
0 22.67 0.75 2 8 4 2 0 1 2 1 2 200 395 0
1 20.67 5.29 2 11 4 0.375 1 1 1 0 2 160 1 0
0 38.92 1.66 2 6 4 0.25 0 0 0 0 2 0 391 0
1 20.5 2.41 2 8 4 2 1 1 11 1 2 200 3001 1
1 32.75 1.5 2 13 8 5.5 1 1 3 1 2 0 1 1
0 49.83 13.58 2 4 8 8.5 1 0 0 1 2 0 1 1
1 24.83 2.75 2 8 4 2.25 1 1 6 0 2 184 601 1
1 23.08 2.5 2 1 1 0.085 0 0 0 1 2 100 4209 0
1 40.92 0.5 1 7 4 0.5 0 0 0 1 2 130 1 0
0 56.5 16 2 5 1 0 1 1 15 0 2 0 248 1
0 48.17 1.33 2 3 7 0.335 0 0 0 0 2 0 121 0
1 39.17 2.5 1 3 8 10 0 0 0 1 1 200 1 0
0 21.75 11.75 2 8 4 0.25 0 0 0 1 2 180 1 0
1 18.25 0.16 2 2 4 0.25 0 0 0 1 1 280 1 0
1 21.33 10.5 2 8 4 3 1 0 0 1 2 0 1 1
0 16.92 0.5 2 3 4 0.165 0 1 6 1 2 240 36 0
0 23 11.75 2 14 8 0.5 1 1 2 1 2 300 552 1
1 20.07 0.25 2 11 4 0.125 0 0 0 0 2 200 1 0
1 39.92 6.21 2 11 4 0.04 1 1 1 0 2 200 301 1
1 34 4.5 2 6 4 1 1 0 0 1 2 240 1 0
1 36.25 5 2 8 5 2.5 1 1 6 0 2 0 368 1
1 36.67 4.41 1 4 4 0.25 1 1 10 1 2 320 1 1
0 50.08 12.54 2 6 4 2.29 1 1 3 1 2 156 1 1
1 42.08 1.04 2 9 4 5 1 1 6 1 2 500 10001 1
1 16.32 4.08 2 3 8 0.415 0 0 0 1 2 120 1 0
1 26.17 0.83 2 13 4 1.165 0 0 0 0 2 100 1 0
1 27.58 2.04 1 6 4 2 1 1 3 1 2 370 561 1
0 28.17 0.58 2 6 4 0.04 0 0 0 0 2 260 1005 0
0 44.33 0 2 8 4 2.5 1 0 0 0 2 0 1 1
1 32.33 3.5 2 4 4 0.5 0 0 0 1 2 232 1 0
1 31.57 0.5 2 8 5 0.835 1 0 0 1 1 320 1 0
1 58.58 2.71 2 8 4 2.415 0 0 0 1 2 320 1 0
1 18.42 10.41 1 6 4 0.125 1 0 0 0 2 120 376 0
1 41.5 1.54 2 3 5 3.5 0 0 0 0 2 216 1 1
1 37.42 2.04 2 9 4 0.04 1 0 0 1 2 400 5801 1
0 20.42 7.5 2 4 4 1.5 1 1 1 0 2 160 235 1
1 25.67 0.28 1 8 4 1.5 0 0 0 1 2 160 1 0
1 23 0.62 1 6 4 0.125 1 0 0 0 2 180 2 0
0 15.75 0.37 2 8 4 1 0 0 0 0 2 120 19 0
1 23.92 0.66 2 8 4 0.165 0 0 0 0 2 100 1 1
1 13.75 4 1 9 4 1.75 1 1 2 1 2 120 1001 1
1 18.5 2 2 3 4 1.5 1 1 2 0 2 120 301 1
1 34.67 1.08 2 7 4 1.165 0 0 0 0 1 28 1 0
1 18.82 3.54 1 1 1 0 0 0 0 1 2 180 2 0
1 39.58 13.91 2 9 4 8.625 1 1 6 1 2 70 1 1
1 32.25 14 1 1 1 0 0 1 2 0 2 160 2 0
1 49.58 19 2 1 1 0 1 1 1 0 2 94 1 0
1 31.57 0.62 2 4 4 0.25 0 0 0 0 2 380 2011 0
1 23.17 11.12 2 14 8 0.46 1 1 1 0 2 100 1 1
0 31.75 3 1 5 3 0 0 0 0 0 2 160 21 0
1 28.92 15 2 8 8 5.335 1 1 11 0 2 0 2284 1
0 28.75 3.75 2 8 4 1.085 1 1 1 1 2 371 1 1
0 33.25 2.5 1 8 4 2.5 0 0 0 1 2 0 3 0
1 27.83 1.5 2 9 4 2.25 0 1 1 1 2 100 4 0
1 41.33 0 2 8 5 15 1 0 0 0 2 0 1 1
1 19.67 0.37 2 11 4 2 1 1 2 1 2 80 1 1
1 28.33 5 2 9 4 11 1 0 0 1 2 70 1 1
1 20.67 1.25 1 8 8 1.375 1 1 3 1 2 140 211 0
0 25 0.87 2 14 8 1.04 1 0 0 1 2 160 5861 1
1 41.42 5 2 11 8 5 1 1 6 1 2 470 1 1
1 21.5 9.75 2 8 4 0.25 1 0 0 0 2 140 1 0
0 36.75 5.12 2 10 4 5 1 0 0 1 2 0 4001 1
1 25.67 3.25 2 8 8 2.29 0 1 1 1 2 416 22 0
1 29.58 4.5 2 9 4 7.5 1 1 2 1 2 330 1 1
1 31.67 0.83 2 14 4 1.335 1 1 8 1 2 303 3291 1
1 28.75 1.5 1 8 4 1.5 1 0 0 1 2 0 226 0
1 21.17 0.25 1 8 8 0.25 0 0 0 0 2 280 205 0
0 33.67 0.37 2 13 4 0.375 0 0 0 0 2 300 45 1
0 24.5 12.75 2 8 5 4.75 1 1 2 0 2 73 445 1
1 26.33 13 2 10 2 0 0 0 0 1 2 140 1111 0
1 23.17 0 2 8 4 0 0 0 0 0 3 184 1 1
1 51.42 0.04 2 14 8 0.04 1 0 0 0 2 0 3001 1
0 20.5 11.83 2 8 8 6 1 0 0 0 2 340 1 1
1 39.58 5 2 1 1 0 0 1 2 0 2 17 2 0
1 20.67 0.41 2 8 4 0.125 0 0 0 0 2 0 45 0
1 34.17 9.17 2 8 4 4.5 1 1 12 1 2 0 222 1
0 38.58 5 2 13 4 13.5 1 0 0 1 2 980 1 0
0 27.25 0.28 2 7 8 0.125 0 1 1 1 2 272 109 0
1 23.92 0.58 1 13 8 0.125 0 0 0 0 2 240 2 0
1 22.67 1.58 1 9 4 3.085 1 1 6 0 2 80 1 1
1 17.25 3 2 4 4 0.04 0 0 0 1 2 160 41 0
1 37.58 0 2 8 4 0 0 0 0 0 3 184 1 1
1 25.17 3.5 2 13 4 0.625 1 1 7 0 2 0 7060 1
1 19.17 9.5 2 9 4 1.5 1 0 0 0 2 120 2207 1
1 57.83 7.04 2 7 4 14 1 1 6 1 2 360 1333 1
0 22.42 5.66 2 11 4 2.585 1 1 7 0 2 129 3258 1
1 15.17 7 2 10 4 1 0 0 0 0 2 600 1 0
1 29.67 0.75 1 8 4 0.04 0 0 0 0 2 240 1 0
0 34.83 1.25 1 3 8 0.5 0 0 0 1 2 160 1 0
1 51.83 2.04 1 1 1 1.5 0 0 0 0 2 120 2 0
1 21.17 0.87 1 8 8 0.25 0 0 0 0 2 280 205 0
1 29.42 1.25 2 9 4 1.75 0 0 0 0 2 200 1 0
0 20.67 1.83 2 11 4 2.085 1 1 5 0 2 220 2504 1
1 21.08 10.08 1 10 8 1.25 0 0 0 0 2 260 1 0
0 19.17 5.41 2 3 8 0.29 0 0 0 0 2 80 485 0
1 33.67 2.16 2 8 4 1.5 0 0 0 0 3 120 1 0
1 38.58 3.33 2 9 4 4 1 1 14 0 2 383 1345 1
1 32 1.75 1 10 8 0.04 1 0 0 1 2 393 1 1
1 39.17 1.71 2 14 4 0.125 1 1 5 1 2 480 1 1
1 43.25 25.21 2 11 8 0.21 1 1 1 0 2 760 91 0
1 20 1.25 1 4 4 0.125 0 0 0 0 2 140 5 0
0 22.5 0.41 2 3 4 0.335 0 0 0 1 1 144 1 0
1 52.42 1.5 2 2 4 3.75 0 0 0 1 2 0 351 0
1 74.83 19 1 1 1 0.04 0 1 2 0 2 0 352 0
1 41.75 0.96 2 14 4 2.5 1 0 0 0 2 510 601 1
0 31.57 11.25 2 1 1 0 0 0 0 0 2 184 5201 0
1 25 12 2 4 4 2.25 1 1 2 1 2 120 6 0
1 16.17 0.04 2 8 4 0.04 0 0 0 0 2 0 1 1
1 22.75 11.5 2 3 4 0.415 0 0 0 0 2 0 1 0
0 45.33 1 2 11 4 0.125 0 0 0 1 2 263 1 0
0 47 13 2 3 5 5.165 1 1 9 1 2 0 1 1
0 35.42 12 2 11 8 14 1 1 8 0 2 0 6591 1
1 16.07 0.75 2 8 4 1.75 1 1 5 1 2 352 691 1
1 39.5 1.62 2 8 4 1.5 0 0 0 0 2 0 317 0
1 23.25 1.5 2 11 4 2.375 1 1 3 1 2 0 583 1
1 37.33 6.5 2 7 8 4.25 1 1 12 1 2 93 1 1
1 54.42 0.5 1 4 8 3.96 1 0 0 0 2 180 315 1
0 19.17 0.58 1 6 4 0.585 1 0 0 1 2 160 1 0
0 26.5 2.71 1 8 4 0.085 0 0 0 0 1 80 1 0
0 33.17 2.25 1 13 4 3.5 0 0 0 1 2 200 142 0
1 20.42 1.83 2 8 4 2.25 1 1 1 0 2 100 151 1
1 20 11.04 2 8 4 2 0 0 0 1 2 136 1 0

