0 22.5 8.5 2 11 4 1.75 1 1 10 0 2 80 991 0
0 38.58 5 2 13 4 13.5 1 0 0 1 2 980 1 0
1 21.92 0.5 2 8 4 0.125 0 0 0 0 2 360 1 0
1 28.75 1.16 2 4 4 0.5 1 0 0 0 1 280 1 0
1 47.33 6.5 2 8 4 1 0 0 0 1 2 0 229 0
1 27.58 3.25 1 11 8 5.085 0 1 2 1 2 369 2 0
1 18 0.16 2 11 7 0.21 0 0 0 0 2 200 41 1
1 24.33 6.62 1 2 4 5.5 1 0 0 1 1 100 1 1
1 25.25 1 2 6 4 0.5 0 0 0 0 2 200 1 0
1 18.57 5.71 2 2 4 0.54 0 0 0 0 2 120 1 0
1 24.58 12.5 2 9 4 0.875 1 0 0 1 2 260 1 0
0 36.75 4.71 2 1 1 0 0 0 0 0 2 160 1 0
0 51.92 6.5 2 3 5 3.085 0 0 0 1 2 73 1 0
1 25.92 0.87 2 4 4 0.375 0 1 2 1 2 174 4 0
1 16.92 0.33 1 4 4 0.29 0 0 0 0 1 200 1 0
1 23.25 4 2 8 5 0.25 1 0 0 1 2 160 1 1
1 16.32 4.08 2 3 8 0.415 0 0 0 1 2 120 1 0
1 40.25 21.5 2 10 9 20 1 1 11 0 2 0 1201 1
1 32.75 1.5 2 13 8 5.5 1 1 3 1 2 0 1 1
0 22.92 11.58 2 13 4 0.04 1 0 0 0 2 80 1350 1
0 52.17 0 1 1 1 0 0 0 0 0 2 0 1 0
1 32.33 2.5 2 8 4 1.25 0 0 0 1 2 280 1 0
1 34.92 5 2 14 8 7.5 1 1 6 1 2 0 1001 1
1 30.17 6.5 2 13 4 3.125 1 1 8 0 2 330 1201 1
0 41.17 6.5 2 11 4 0.5 1 1 3 1 2 145 1 1
0 25.25 12.5 2 2 4 1 0 0 0 1 2 180 1063 0
0 47 13 2 3 5 5.165 1 1 9 1 2 0 1 1
0 19.17 0.58 1 6 4 0.585 1 0 0 1 2 160 1 0
1 15.17 7 2 10 4 1 0 0 0 0 2 600 1 0
1 36.42 0.75 1 2 4 0.585 0 0 0 0 2 240 4 0
1 21.83 0.25 2 2 8 0.665 1 0 0 1 2 0 1 1
0 30 5.29 2 10 2 2.25 1 1 5 1 2 99 501 1
1 34.25 3 2 13 8 7.415 1 0 0 1 2 0 1 1
1 22.5 0.12 1 4 4 0.125 0 0 0 0 2 200 71 0
0 21.75 1.75 1 5 3 0 0 0 0 0 2 160 1 0
1 29.83 3.5 2 8 4 0.165 0 0 0 0 2 216 1 0
1 42.75 3 2 3 5 1 1 0 0 0 2 0 201 0
1 43.25 25.21 2 11 8 0.21 1 1 1 0 2 760 91 0
0 27.25 0.28 2 7 8 0.125 0 1 1 1 2 272 109 0
1 29.42 1.25 2 8 8 0.25 0 1 2 1 2 400 109 0
1 27 1.5 1 9 4 0.375 1 0 0 1 2 260 1066 1
1 30.08 1.04 1 3 5 0.5 1 1 10 1 2 132 29 0
1 25.67 0.28 1 8 4 1.5 0 0 0 1 2 160 1 0
0 42.25 1.75 1 8 4 0 0 0 0 1 2 150 2 0
1 62.5 12.75 1 8 8 5 1 0 0 0 2 112 1 0
1 39 5 2 13 4 3.5 1 1 10 1 2 0 1 1
1 47.67 0.28 2 8 5 15 1 1 20 0 2 0 15001 1
1 18.82 0 2 11 4 0.665 0 0 0 0 2 160 2 0
0 23.5 1.5 2 9 4 0.875 0 0 0 1 2 160 1 0
0 33.92 1.58 1 1 1 0 1 0 0 0 2 320 1 0
0 22.5 11 1 11 4 3 1 0 0 1 2 268 1 0
0 22.58 10.75 2 11 4 0.415 1 1 5 1 2 0 561 1
0 40.33 8.12 1 4 4 0.165 0 1 2 0 2 184 19 0
1 28 3 2 9 4 0.75 0 0 0 1 2 300 68 0
1 21.17 0.25 1 8 8 0.25 0 0 0 0 2 280 205 0
1 23.17 11.12 2 14 8 0.46 1 1 1 0 2 100 1 1
1 22.17 0.58 1 1 1 0 0 0 0 0 2 100 1 0
1 31.25 2.83 2 1 1 0 0 1 5 0 2 176 147 0
1 43.08 0.37 1 8 4 0.375 1 1 8 1 2 300 163 1
1 37.5 1.12 1 2 4 1.5 0 0 0 1 2 431 1 1
1 17.07 3.29 2 3 4 0.335 0 0 0 1 2 140 3 0
1 20.67 0.83 1 8 4 2 0 0 0 1 1 240 1 0
0 28.42 3.5 2 9 4 0.835 1 0 0 0 1 280 1 1
1 52.33 1.37 1 8 8 9.46 1 0 0 1 2 200 101 0
1 54.83 15.5 2 10 9 0 1 1 20 0 2 152 131 0
1 22.33 11 2 9 4 2 1 1 1 0 2 80 279 1
0 40.83 10 2 11 8 1.75 1 0 0 0 2 29 838 1
1 23.25 1.5 2 11 4 2.375 1 1 3 1 2 0 583 1
1 41.17 4.04 2 13 8 7 1 1 8 0 2 320 1 1
1 31.57 4 2 14 4 5 1 1 3 1 2 290 2280 1
1 33.58 0.33 1 13 4 0.085 0 0 0 0 2 180 1 0
1 29.67 0.75 1 8 4 0.04 0 0 0 0 2 240 1 0
1 13.75 4 1 9 4 1.75 1 1 2 1 2 120 1001 1
0 22.42 11.25 1 14 8 0.75 1 1 4 0 2 0 322 1
1 47.67 2.5 2 7 5 2.5 1 1 12 1 2 410 2511 1
0 52.83 15 2 8 4 5.5 1 1 14 0 2 0 2201 1
1 21.5 9.75 2 8 4 0.25 1 0 0 0 2 140 1 0
1 45.17 1.5 2 8 4 2.5 1 0 0 1 2 140 1 0
0 58.33 10 2 11 4 4 1 1 14 0 2 0 1603 1
1 32.08 4 1 13 4 1.5 0 0 0 1 2 120 1 0
1 20.42 0 2 8 4 0 0 0 0 0 3 184 1 0
1 33 2.5 1 9 4 7 0 0 0 1 2 280 1 0
0 23.58 0.83 2 11 4 0.415 0 1 1 1 2 200 12 0
1 43 0.28 1 13 8 1.75 1 1 8 0 2 100 376 1
1 20.42 1.83 2 8 4 2.25 1 1 1 0 2 100 151 1
1 36.33 3.79 2 9 4 1.165 1 0 0 1 2 200 1 0
1 17.92 0.2 2 6 4 0.04 0 0 0 0 2 280 751 0
1 16.5 0.12 2 8 4 0.165 0 0 0 0 2 132 1 0
0 46.08 3 2 8 4 2.375 1 1 8 1 2 396 4160 1
1 48.17 3.5 2 6 4 3.5 1 0 0 0 1 230 1 1
0 16.5 1.25 2 11 4 0.25 0 1 1 0 2 108 99 0
0 26.92 13.5 2 11 8 5 1 1 2 0 2 0 5001 1
0 20.75 10.25 2 11 4 0.71 1 1 2 1 2 49 1 1
1 20 11.04 2 8 4 2 0 0 0 1 2 136 1 0
0 15.83 7.62 2 11 4 0.125 0 1 1 1 2 0 161 0
1 29.25 13 2 2 8 0.5 0 0 0 0 2 228 1 0
0 30.5 6.5 2 8 5 4 1 1 7 1 2 0 3066 1
1 25.17 3.5 2 13 4 0.625 1 1 7 0 2 0 7060 1
1 26 1 2 11 4 1.75 1 0 0 1 2 280 1 1
1 41 0.04 2 10 4 0.04 0 1 1 0 1 560 1 1
0 27.17 1.25 2 1 1 0 0 1 1 0 2 92 301 0
0 57.08 0.33 2 3 5 1 1 0 0 1 2 252 2198 0
1 26.17 0.25 2 3 5 0 1 0 0 1 2 0 1 1
1 51.58 15 2 8 4 8.5 1 1 9 0 2 0 1 1
1 38.42 0.7 2 8 4 0.375 0 1 2 0 2 225 501 0
1 44.25 0.5 2 7 4 10.75 1 0 0 0 1 400 1 0
1 33.5 1.75 2 14 8 4.5 1 1 4 1 2 253 858 1
0 24.75 12.5 2 6 4 1.5 1 1 12 1 2 120 568 1
1 39.08 6 2 7 4 1.29 1 1 5 1 2 108 1098 1
1 23.17 0 2 8 4 0 0 0 0 0 3 184 1 1
0 28.58 3.54 2 3 5 0.5 1 0 0 1 2 171 1 0
1 43.17 5 2 3 5 2.25 0 0 0 1 2 141 1 0
1 34.17 2.75 2 3 5 2.5 0 0 0 1 2 232 201 0
1 26.75 1.12 2 14 8 1.25 1 0 0 0 2 0 5299 1
0 55.75 7.08 2 4 8 6.75 1 1 3 1 2 100 51 0
1 37.75 7 2 11 8 11.5 1 1 7 1 2 300 6 0
1 17.07 0.25 2 11 4 0.335 0 1 4 0 2 160 9 0
1 37.33 2.66 2 13 4 0.165 0 0 0 1 2 0 502 0
1 40.58 1.5 2 3 5 0 0 0 0 0 1 300 1 0
1 44.33 0.5 2 3 8 5 1 0 0 1 2 320 1 1
1 32.67 5.5 2 11 8 5.5 1 1 12 1 2 408 1001 1
1 28.17 0.12 1 4 4 0.085 0 0 0 0 2 216 2101 0
1 34 4.5 2 6 4 1 1 0 0 1 2 240 1 0
1 22.08 0.83 2 8 8 2.165 0 0 0 1 2 128 1 1
1 19.42 7.25 2 7 4 0.04 0 1 1 0 2 100 2 0
0 17.92 10.21 2 1 1 0 0 0 0 0 2 0 51 0
0 29.5 0.46 2 4 4 0.54 1 1 4 0 2 380 501 1
1 27.67 0.75 2 11 8 0.165 0 0 0 1 2 220 252 0
0 31.92 3.12 2 1 1 3.04 0 1 2 1 2 200 5 0
0 32.25 1.5 2 8 4 0.25 0 0 0 1 2 372 123 0
1 17.57 10 2 9 8 0.165 0 1 1 0 2 120 2 0
1 31.57 4 1 3 4 0.085 0 0 0 1 2 411 1 0
1 22.92 0.17 2 7 4 0.085 0 0 0 0 1 0 1 0
1 24.75 0.54 2 7 4 1 0 0 0 1 2 120 2 0
1 58.58 2.71 2 8 4 2.415 0 0 0 1 2 320 1 0
0 47.25 0.75 2 11 8 2.75 1 1 1 0 2 333 893 1
1 21.17 0.87 1 8 8 0.25 0 0 0 0 2 280 205 0
0 36.58 0.28 2 1 1 0 0 1 10 0 2 200 19 0
1 33.17 1.04 2 12 8 6.5 1 0 0 1 2 164 31286 1
0 33.08 4.62 2 11 8 1.625 1 1 2 0 2 0 1 1
1 19.67 10 1 4 8 0.835 1 0 0 1 2 140 1 0
1 16.07 0.75 2 8 4 1.75 1 1 5 1 2 352 691 1
0 25 0.87 2 14 8 1.04 1 0 0 1 2 160 5861 1
1 51.83 2.04 1 1 1 1.5 0 0 0 0 2 120 2 0
0 26.17 2 2 5 3 0 0 0 0 1 2 276 2 0
1 28.25 5.12 2 14 4 4.75 1 1 2 0 2 420 8 1
0 18.25 10 2 9 4 1 0 1 1 0 2 120 2 0
1 34.5 4.04 1 3 5 8.5 1 1 7 1 2 195 1 1
1 41.5 1.54 2 3 5 3.5 0 0 0 0 2 216 1 1
1 29.25 14.79 2 6 4 5.04 1 1 5 1 2 168 1 1
1 18.42 10.41 1 6 4 0.125 1 0 0 0 2 120 376 0
1 22.25 0.46 2 4 4 0.125 0 0 0 1 2 280 56 0
0 49 1.5 2 5 3 0 1 0 0 1 2 100 28 0
1 28.25 0.87 2 7 4 0.96 1 1 3 1 2 396 1 1
1 48.58 0.2 1 4 4 0.25 1 1 11 0 2 380 2733 1
1 19 0 1 1 1 0 0 1 4 0 2 45 2 0
0 20.83 8.5 2 8 4 0.165 0 0 0 0 2 0 352 0
0 46.67 0.46 2 13 8 0.415 1 1 11 1 2 440 7 1
1 34.08 2.5 2 8 4 1 0 0 0 0 2 460 17 0
1 39.42 1.71 1 7 4 0.165 0 0 0 0 1 400 1 0
1 43.25 3 2 11 8 6 1 1 11 0 2 80 1 1
1 22.17 2.25 2 3 4 0.125 0 0 0 0 2 160 11 0
1 35.17 4.5 2 14 8 5.75 0 0 0 1 1 711 1 1
1 29.58 4.5 2 9 4 7.5 1 1 2 1 2 330 1 1
1 40.92 2.25 1 14 8 10 1 0 0 1 2 176 1 0
1 33.58 2.75 2 7 4 4.25 1 1 6 0 2 204 1 1
1 48.75 26.33 1 1 1 0 1 0 0 1 2 0 1 0
1 33.17 3.16 1 14 4 3.165 1 1 3 1 2 380 1 1
0 57.58 2 2 1 1 6.5 0 1 1 0 2 0 11 0
1 39.83 0.5 2 7 4 0.25 1 0 0 0 1 288 1 0
1 18.32 1.21 1 10 2 0 0 0 0 0 2 100 1 0
0 25.17 2.87 2 14 8 0.875 1 0 0 0 2 360 1 1
1 23.92 1.5 2 2 8 1.875 1 1 6 0 2 200 328 1
0 65.17 14 2 1 1 0 1 1 11 1 2 0 1401 1
1 24.42 2 2 10 2 0.165 0 1 2 0 2 320 1301 0
1 48.33 12 2 7 4 16 1 0 0 0 1 110 1 1
1 57.83 7.04 2 7 4 14 1 1 6 1 2 360 1333 1
0 68.67 15 2 10 9 0 1 1 14 0 2 0 3377 1
1 55.92 11.5 2 1 1 5 1 1 5 0 2 0 8852 1
1 35.25 16.5 1 8 4 4 1 0 0 0 2 80 1 0
1 19.67 0.37 2 11 4 2 1 1 2 1 2 80 1 1
1 38.92 1.75 2 4 4 0.5 0 0 0 1 2 300 3 0
0 24.92 1.25 2 1 1 0 1 0 0 0 2 80 1 0
1 17.42 6.5 2 3 4 0.125 0 0 0 0 2 60 101 0
1 74.83 19 1 1 1 0.04 0 1 2 0 2 0 352 0
1 26.17 0.83 2 13 4 1.165 0 0 0 0 2 100 1 0
1 17.25 3 2 4 4 0.04 0 0 0 1 2 160 41 0
0 22.67 0.75 2 8 4 2 0 1 2 1 2 200 395 0
1 31.67 16.16 2 2 4 3 1 1 9 0 2 250 731 1
1 25.08 1.71 2 14 4 1.665 1 1 1 1 2 395 21 1
0 33.25 2.5 1 8 4 2.5 0 0 0 1 2 0 3 0
1 19.32 9.5 2 11 4 1 1 0 0 1 2 60 401 1
0 18.42 9.25 2 11 4 1.21 1 1 4 0 2 60 541 1
1 30.58 2.71 1 7 4 0.125 0 0 0 1 1 80 1 0
0 20.42 0.83 2 11 4 1.585 1 1 1 0 2 0 1 1
1 33.75 2.75 2 3 5 0 0 0 0 0 2 180 1 0
0 33.67 0.37 2 13 4 0.375 0 0 0 0 2 300 45 1
1 56.58 18.5 2 2 5 15 1 1 17 1 2 0 1 1
1 39.58 5 2 1 1 0 0 1 2 0 2 17 2 0
1 25.75 0.5 2 8 4 1.46 1 1 5 1 2 312 1 1
0 31.57 11.25 2 1 1 0 0 0 0 0 2 184 5201 0
1 28.92 0.37 2 8 4 0.29 0 0 0 0 2 220 141 0
0 30.25 5.5 2 4 4 5.5 0 0 0 1 1 100 1 0
1 44.83 7 1 8 4 1.625 0 0 0 0 2 160 3 0
1 16.32 2.75 2 6 4 0.665 0 1 1 0 2 80 22 0
1 26.75 2 2 2 4 0.75 0 0 0 1 2 80 1 0
1 29.5 0.57 2 9 4 0.29 0 1 1 0 2 340 2804 0
0 25.08 2.54 1 6 4 0.25 1 0 0 1 2 370 1 1
1 37.5 0.83 2 10 4 0.04 0 0 0 0 2 120 6 0
1 34.83 2.5 1 9 4 3 0 0 0 0 1 200 1 0
1 42 9.78 2 14 8 7.96 1 1 8 0 2 0 1 1
1 28.58 3.62 2 6 4 0.25 0 0 0 1 2 100 1 0
1 59.5 2.75 2 9 4 1.75 1 1 5 1 2 60 59 1
0 20.67 1.83 2 11 4 2.085 1 1 5 0 2 220 2504 1
0 17.82 11 2 14 8 1 1 1 11 0 2 0 3001 1
1 38.58 3.33 2 9 4 4 1 1 14 0 2 383 1345 1
0 19.57 0.66 1 8 4 1 0 1 1 0 2 2000 3 0
1 23.5 2.75 2 1 1 4.5 0 0 0 0 2 160 26 0
1 37.17 4 2 8 5 5 1 0 0 1 1 280 1 0
1 30.17 1.08 1 8 4 0.04 0 0 0 0 2 170 180 0
1 27.67 13.75 2 9 4 5.75 1 0 0 1 2 487 501 1
1 25.17 3 2 8 4 1.25 0 1 1 0 2 0 23 0
1 27.42 12.5 2 6 5 0.25 0 0 0 1 2 720 1 0
1 25 11.25 2 8 4 2.5 1 1 17 0 2 200 1209 1
1 21.08 4.12 1 3 8 0.04 0 0 0 0 2 140 101 0
1 23.92 0.58 1 13 8 0.125 0 0 0 0 2 240 2 0
1 32.42 2.16 1 4 1 0 0 0 0 0 2 120 1 0
1 23.58 0.83 2 3 8 0.085 0 0 0 1 2 220 6 0
0 53.33 0.16 2 1 1 0 0 0 0 1 1 62 28 0
1 20 0 2 2 4 0.5 0 0 0 0 2 144 1 0
0 40.83 3.5 2 3 5 0.5 0 0 0 0 1 1160 1 0
1 20.42 1.08 2 11 4 1.5 0 0 0 0 2 108 8 0
0 21.75 11.75 2 8 4 0.25 0 0 0 1 2 180 1 0
1 23.08 11.5 2 9 8 2.125 1 1 11 1 2 290 285 1
1 20.42 7 2 8 4 1.625 1 1 3 0 2 200 1392 1
1 21.5 11.5 2 3 4 0.5 1 0 0 1 2 100 69 0
0 45.83 10.5 2 11 4 5 1 1 7 1 2 0 1 1
0 28.08 15 1 10 9 0 1 0 0 0 2 0 13213 1
1 21.92 0.54 1 14 4 0.04 1 1 1 1 2 840 60 1
1 34.67 1.08 2 7 4 1.165 0 0 0 0 1 28 1 0
1 27.67 2 2 14 8 1 1 1 4 0 2 140 7545 1
1 20.17 8.17 2 6 4 1.96 1 1 14 0 2 60 159 1
0 18.17 10 1 11 8 0.165 0 0 0 0 2 340 1 0
1 27.75 1.29 2 4 8 0.25 0 0 0 1 1 140 1 0
1 57.42 8.5 2 10 8 7 1 1 3 0 2 0 1 1
1 25.33 0.57 2 8 4 0.29 1 1 7 1 2 96 5125 1
1 50.75 0.58 2 1 1 0 0 0 0 0 2 145 1 0
1 22.67 0.75 2 3 4 1.585 0 1 1 1 2 400 10 0
0 41.58 1.04 2 6 4 0.665 0 0 0 0 2 240 238 0
0 22.92 1.25 2 11 4 0.25 0 0 0 1 2 120 810 0
1 18.07 5.5 2 4 4 0.5 1 0 0 0 2 80 1 1
0 31.75 3 1 5 3 0 0 0 0 0 2 160 21 0
1 18.67 5 2 11 4 0.375 1 1 2 0 2 0 39 0
0 23.25 5.87 2 11 4 3.17 1 1 10 0 2 120 246 1
0 23.58 0.58 1 1 1 0.125 0 0 0 0 2 120 88 0
1 40.58 3.29 2 7 4 3.5 0 0 0 1 1 400 1 0
1 16.17 0.04 2 8 4 0.04 0 0 0 0 2 0 1 1
1 22 7.83 1 3 5 0.165 0 0 0 1 2 184 1 0
0 52.5 7 2 6 8 3 0 0 0 0 2 0 1 0
0 25.42 1.12 2 11 4 1.29 1 1 2 0 2 200 1 0
1 28.75 1.5 1 8 4 1.5 1 0 0 1 2 0 226 0
1 23.17 0 2 13 4 0.085 1 0 0 0 2 0 1 1
1 44.25 11 1 2 4 1.5 1 0 0 0 1 0 1 0
1 65.42 11 2 10 9 20 1 1 7 1 2 22 1 1
1 30.17 0.5 2 8 4 1.75 1 1 11 0 2 32 541 1
0 38.33 4.41 2 8 4 0.125 0 0 0 0 2 160 1 0
0 28.58 3.75 2 8 4 0.25 0 1 1 1 2 40 155 0
0 33.08 1.62 2 2 4 0.54 0 0 0 1 2 0 1 0
1 20.67 0.41 2 8 4 0.125 0 0 0 0 2 0 45 0
1 51.33 10 2 3 5 0 1 1 11 0 2 0 1250 1
1 38.17 10.12 2 14 4 2.5 1 1 6 0 2 520 197 1
0 20.83 0.5 1 10 2 1 0 0 0 0 2 260 1 0
1 22.17 12.12 2 8 4 3.335 0 1 2 1 2 180 174 0
1 73.42 17.75 2 1 1 0 1 0 0 1 2 0 1 1
0 24.58 0.67 2 6 8 1.75 1 0 0 0 2 400 1 0
1 25.42 0.54 2 9 4 0.165 0 1 1 0 2 272 445 0
1 21.25 1.5 2 9 4 1.5 0 0 0 0 2 150 9 1
1 25.67 2.21 1 6 4 4 1 0 0 0 2 188 1 0
1 23.33 11.62 1 9 4 0.835 1 0 0 1 2 160 301 1
0 20.83 3 2 6 4 0.04 1 0 0 0 2 100 1 1
0 18.92 9 2 6 4 0.75 1 1 2 0 2 88 592 1
1 36.67 3.25 2 11 8 9 1 0 0 1 2 102 640 1
0 47.42 3 2 14 4 13.875 1 1 2 1 2 519 1705 1
1 27.25 1.66 2 13 8 5.085 1 1 9 0 2 399 828 1
0 23 11.75 2 14 8 0.5 1 1 2 1 2 300 552 1
0 28.5 3.04 1 14 8 2.54 1 1 1 0 2 70 1 1
1 23.42 1 2 8 4 0.5 0 0 0 1 1 280 1 0
1 43.17 2.25 2 3 5 0.75 1 0 0 0 2 560 1 0
1 19.17 0 1 7 5 0 0 0 0 1 1 500 2 1
0 18.92 9.25 1 8 4 1 1 1 4 1 2 80 501 1
0 27.58 3 2 7 4 2.79 0 1 1 1 2 280 11 0
0 34.83 1.25 1 3 8 0.5 0 0 0 1 2 160 1 0
1 21.33 10.5 2 8 4 3 1 0 0 1 2 0 1 1
1 26.75 4.5 1 8 5 2.5 0 0 0 0 2 200 1211 0
0 58.67 4.46 2 11 8 3.04 1 1 6 0 2 43 561 1
1 51.42 0.04 2 14 8 0.04 1 0 0 0 2 0 3001 1
0 15.92 2.87 2 11 4 0.085 0 0 0 0 2 120 1 0
1 32.25 0.16 1 8 8 3.25 1 1 1 1 2 432 8001 1
1 42.75 4.08 2 6 4 0.04 0 0 0 0 2 108 101 0
1 20 1.25 1 4 4 0.125 0 0 0 0 2 140 5 0
1 48.25 25.08 2 9 4 1.75 1 1 3 0 2 120 15 1
1 28.67 9.33 2 11 8 5.665 1 1 6 0 2 381 169 1
1 28 2 2 4 8 4.165 1 1 2 1 2 181 1 1
0 20.07 1.25 2 8 4 0 0 0 0 0 2 0 1 0
1 23 0.62 1 6 4 0.125 1 0 0 0 2 180 2 0
0 17.32 9.5 2 6 4 1.75 0 1 10 1 2 0 11 0
0 30.42 1.37 2 9 8 0.04 0 1 3 0 2 0 34 0
1 20.17 9.25 2 8 4 1.665 1 1 3 1 2 40 29 1
0 23.75 0.71 2 9 4 0.25 0 1 1 1 2 240 5 0
1 18.17 10.25 2 8 8 1.085 0 0 0 0 2 320 14 0
1 24.5 13.33 1 6 4 0.04 0 0 0 1 2 120 476 0
1 36.75 0.12 1 8 4 1.5 0 0 0 1 2 232 114 1
1 21.83 1.54 2 4 4 0.085 0 0 0 1 2 356 1 0
0 47.42 8 2 10 5 6.5 1 1 6 0 2 375 51101 1
1 39.5 4.25 2 8 5 6.5 1 1 16 0 2 117 1211 1
1 29.17 3.5 2 9 4 3.5 1 1 3 1 2 329 1 0
1 18.07 6.75 1 7 4 0.04 0 0 0 0 2 140 1 0
0 25.58 0 2 8 4 0 0 0 0 0 3 184 1 1
1 24.08 0.87 2 7 4 0.085 0 1 4 0 2 254 1951 0
0 25 12.33 2 13 8 3.5 1 1 6 0 2 400 459 1
0 28.17 0.37 2 11 4 0.585 1 1 4 0 2 80 1 1
1 31.08 1.5 1 9 4 0.04 0 0 0 0 1 160 1 0
0 19.5 0.16 2 11 4 0.04 0 0 0 1 2 380 1 0
1 54.33 6.75 2 8 8 2.625 1 1 11 1 2 0 285 1
1 21.67 1.16 1 4 4 2.5 1 1 1 0 2 180 21 0
1 32.92 2.5 2 6 4 1.75 0 1 2 1 2 720 1 0
1 31.57 0.5 2 8 5 0.835 1 0 0 1 1 320 1 0
1 67.75 5.5 2 10 9 13 1 1 1 1 2 0 1 1
1 25 12.5 2 6 4 3 1 0 0 1 1 20 1 1
0 18.07 0.37 3 13 1 10 0 0 0 1 1 300 1 1
1 22.58 1.5 1 6 4 0.54 0 0 0 1 2 120 68 0

