0 32 6 2 2 4 1.25 0 0 0 0 2 272 1 0
1 36.42 0.75 1 2 4 0.585 0 0 0 0 2 240 4 0
1 34.75 15 2 12 7 5.375 1 1 9 1 2 0 135 1
1 56.75 12.25 2 7 4 1.25 1 1 4 1 2 200 1 1
1 34.42 4.25 2 3 5 3.25 1 1 2 0 2 274 611 1
1 25.67 3.25 2 8 8 2.29 0 1 1 1 2 416 22 0
1 18.82 0.41 1 8 4 0.165 0 1 1 0 2 200 2 0
1 25.25 1 2 6 4 0.5 0 0 0 0 2 200 1 0
1 37.5 0.83 2 10 4 0.04 0 0 0 0 2 120 6 0
1 63.33 0.54 2 8 4 0.585 1 1 3 1 2 180 1 0
1 34.17 9.17 2 8 4 4.5 1 1 12 1 2 0 222 1
1 23 0.75 2 7 4 0.5 1 0 0 1 1 320 1 0
1 22.67 10.5 2 11 8 1.335 1 0 0 0 2 100 1 1
1 32.25 14 1 1 1 0 0 1 2 0 2 160 2 0
1 20.67 1.25 1 8 8 1.375 1 1 3 1 2 140 211 0
1 41.42 5 2 11 8 5 1 1 6 1 2 470 1 1
1 17.07 0.08 1 8 4 0.04 0 0 0 0 2 140 723 0
1 23.58 0.46 1 9 4 2.625 1 1 6 1 2 208 348 0
1 24.75 0.54 2 7 4 1 0 0 0 1 2 120 2 0
0 19.67 0.21 2 11 8 0.29 1 1 11 0 2 80 100 1
1 26.25 1.54 2 9 4 0.125 0 0 0 0 2 100 1 0
0 40.83 10 2 11 8 1.75 1 0 0 0 2 29 838 1
0 23.58 0.83 2 11 4 0.415 0 1 1 1 2 200 12 0
0 19.17 8.58 2 13 8 0.75 1 1 7 0 2 96 1 1
1 33.67 1.25 2 9 4 1.165 0 0 0 0 2 120 1 0
0 47.42 3 2 14 4 13.875 1 1 2 1 2 519 1705 1
0 69.5 6 2 1 1 0 0 0 0 0 1 0 1 0
1 33.17 1 2 14 4 0.75 1 1 7 1 2 340 4072 1
1 49.58 19 2 1 1 0 1 1 1 0 2 94 1 0
1 23.25 12.62 2 8 4 0.125 0 1 2 0 2 0 5553 0
0 36.75 5.12 2 10 4 5 1 0 0 1 2 0 4001 1
1 32.92 2.5 2 6 4 1.75 0 1 2 1 2 720 1 0
1 22.08 2.33 2 4 4 0.75 0 0 0 0 2 180 1 0
1 20.07 0.25 2 11 4 0.125 0 0 0 0 2 200 1 0
0 22.83 2.29 2 11 8 2.29 1 1 7 1 2 140 2385 1
0 26.58 2.54 1 1 1 0 0 0 0 1 2 180 61 0
1 31 2.08 2 8 4 0.085 0 0 0 0 2 300 1 0
1 22.67 0.16 2 8 3 2.25 0 0 0 1 1 0 1 1
1 21.5 9.75 2 8 4 0.25 1 0 0 0 2 140 1 0
1 51.83 3 1 1 1 1.5 0 0 0 0 2 180 5 0
1 26.75 1.12 2 14 8 1.25 1 0 0 0 2 0 5299 1
1 16.07 0.75 2 8 4 1.75 1 1 5 1 2 352 691 1
1 15.17 7 2 10 4 1 0 0 0 0 2 600 1 0
1 40.92 2.25 1 14 8 10 1 0 0 1 2 176 1 0
1 50.75 0.58 2 1 1 0 0 0 0 0 2 145 1 0
1 30.58 2.71 1 7 4 0.125 0 0 0 1 1 80 1 0
1 37.58 0 2 8 4 0 0 0 0 0 3 184 1 1
1 20.42 1.08 2 11 4 1.5 0 0 0 0 2 108 8 0
1 27.42 12.5 2 6 5 0.25 0 0 0 1 2 720 1 0
0 33.75 0.75 2 4 5 1 1 1 3 1 2 212 1 0
1 41.58 1.75 2 4 4 0.21 1 0 0 0 2 160 1 0
1 38.67 0.21 2 4 4 0.085 1 0 0 1 2 280 1 1
1 34 5.5 1 8 4 1.5 0 0 0 1 2 60 1 0
1 16 3.12 2 9 4 0.085 0 1 1 0 2 0 7 0
0 24.5 1.04 1 1 1 0.5 1 1 3 0 2 180 148 0
1 28.25 0.87 2 7 4 0.96 1 1 3 1 2 396 1 1
1 34.92 5 2 14 8 7.5 1 1 6 1 2 0 1001 1
1 40 6.5 2 6 5 3.5 1 1 1 0 2 0 501 1
0 35.75 0.91 2 6 4 0.75 1 1 4 0 2 0 1584 1
1 22.67 0.75 2 3 4 1.585 0 1 1 1 2 400 10 0
1 23.17 0 2 13 4 0.085 1 0 0 0 2 0 1 1
1 42.5 4.91 1 9 4 3.165 1 0 0 1 2 52 1443 1
0 42.25 1.75 1 8 4 0 0 0 0 1 2 150 2 0
0 20.83 8.5 2 8 4 0.165 0 0 0 0 2 0 352 0
1 20.5 10 1 8 4 2.5 1 0 0 0 1 40 1 1
0 30.67 12 2 8 4 2 1 1 1 0 2 220 20 1
1 23.25 1.5 2 11 4 2.375 1 1 3 1 2 0 583 1
1 57.83 7.04 2 7 4 14 1 1 6 1 2 360 1333 1
1 25 11.25 2 8 4 2.5 1 1 17 0 2 200 1209 1
0 20.83 0.5 1 10 2 1 0 0 0 0 2 260 1 0
0 15.92 2.87 2 11 4 0.085 0 0 0 0 2 120 1 0
1 20 1.25 1 4 4 0.125 0 0 0 0 2 140 5 0
0 68.67 15 2 10 9 0 1 1 14 0 2 0 3377 1
1 34.83 2.5 1 9 4 3 0 0 0 0 1 200 1 0
0 33.08 1.62 2 2 4 0.54 0 0 0 1 2 0 1 0
1 19.67 10 1 4 8 0.835 1 0 0 1 2 140 1 0
0 28.17 0.58 2 6 4 0.04 0 0 0 0 2 260 1005 0
1 18.67 5 2 11 4 0.375 1 1 2 0 2 0 39 0
0 57.58 2 2 1 1 6.5 0 1 1 0 2 0 11 0
1 24.42 2 2 10 2 0.165 0 1 2 0 2 320 1301 0
1 36.17 18.12 2 9 4 0.085 0 0 0 0 2 320 3553 0
0 58.42 21 2 3 5 10 1 1 13 0 2 0 6701 1
0 16 0.16 2 6 4 1 0 1 2 1 2 320 2 0
1 32.83 2.5 2 13 8 2.75 1 1 6 0 2 160 2073 1
0 22.25 1.25 1 1 1 3.25 0 0 0 0 2 280 1 0
0 47 13 2 3 5 5.165 1 1 9 1 2 0 1 1
1 32.33 7.5 2 10 5 1.585 1 0 0 1 1 420 1 0
0 23.58 0.58 1 1 1 0.125 0 0 0 0 2 120 88 0
0 36 1 2 8 4 2 1 1 11 0 2 0 457 1
1 31.25 1.12 2 1 1 0 0 1 1 0 2 96 20 0
0 36.58 0.28 2 1 1 0 0 1 10 0 2 200 19 0
0 38.75 1.5 2 1 1 0 0 0 0 0 2 76 1 0
0 22.67 3.8 2 8 4 0.165 0 0 0 0 2 160 1 0
1 17.57 10 2 9 8 0.165 0 1 1 0 2 120 2 0
1 31.57 10.5 2 14 4 6.5 1 0 0 0 2 0 1 1
1 39.92 0.54 1 6 4 0.5 1 1 3 0 2 200 1001 1
1 48.58 0.2 1 4 4 0.25 1 1 11 0 2 380 2733 1
0 33.92 1.58 1 1 1 0 1 0 0 0 2 320 1 0
0 22.75 6.16 2 6 4 0.165 0 0 0 0 2 220 1001 0
1 56 12.5 2 4 8 8 1 0 0 1 2 24 2029 1
1 20.5 2.41 2 8 4 2 1 1 11 1 2 200 3001 1
1 21.5 11.5 2 3 4 0.5 1 0 0 1 2 100 69 0
0 35.42 12 2 11 8 14 1 1 8 0 2 0 6591 1
1 30.08 1.04 1 3 5 0.5 1 1 10 1 2 132 29 0
0 22.42 11.25 1 14 8 0.75 1 1 4 0 2 0 322 1
0 22.92 11.58 2 13 4 0.04 1 0 0 0 2 80 1350 1
1 47.83 4.16 2 14 5 0.085 0 0 0 1 2 520 1 0
0 22.92 1.25 2 11 4 0.25 0 0 0 1 2 120 810 0
1 34 5.08 1 3 5 1.085 0 0 0 1 2 480 1 0
1 31.57 0.62 2 4 4 0.25 0 0 0 0 2 380 2011 0
1 28.75 1.5 1 8 4 1.5 1 0 0 1 2 0 226 0
1 35.25 16.5 1 8 4 4 1 0 0 0 2 80 1 0
0 16.07 0.33 2 1 1 0 0 1 1 0 2 160 127 0
1 48.08 3.75 2 3 5 1 0 0 0 0 2 100 3 0
1 44.25 11 1 2 4 1.5 1 0 0 0 1 0 1 0
1 29.67 1.41 2 9 8 0.75 1 1 1 0 2 240 101 1
0 23.58 11.5 1 4 8 3 0 0 0 1 2 20 17 0
0 16.5 1.25 2 11 4 0.25 0 1 1 0 2 108 99 0
1 24.58 13.5 1 1 1 0 0 0 0 0 2 184 1 0
0 31.25 3.75 2 13 8 0.625 1 1 9 1 2 181 1 1
0 38.25 6 2 4 4 1 1 0 0 1 2 0 1 1
1 37.33 2.66 2 13 4 0.165 0 0 0 1 2 0 502 0
1 28.92 15 2 8 8 5.335 1 1 11 0 2 0 2284 1
1 42.83 4.62 2 11 4 4.58 1 0 0 0 1 0 1 1
1 24.83 2.75 2 8 4 2.25 1 1 6 0 2 184 601 1
1 35.17 4.5 2 14 8 5.75 0 0 0 1 1 711 1 1
1 40.25 21.5 2 10 9 20 1 1 11 0 2 0 1201 1
1 35.58 0.75 2 4 4 1.5 0 0 0 1 2 231 1 0
0 45.83 10.5 2 11 4 5 1 1 7 1 2 0 1 1
1 39.92 6.21 2 11 4 0.04 1 1 1 0 2 200 301 1
0 52.17 0 1 1 1 0 0 0 0 0 2 0 1 0
1 29.42 1.25 2 8 8 0.25 0 1 2 1 2 400 109 0
0 20.5 11.83 2 8 8 6 1 0 0 0 2 340 1 1
0 24.58 0.67 2 6 8 1.75 1 0 0 0 2 400 1 0
1 41 0.04 2 10 4 0.04 0 1 1 0 1 560 1 1
0 34.83 1.25 1 3 8 0.5 0 0 0 1 2 160 1 0
1 20.17 8.17 2 6 4 1.96 1 1 14 0 2 60 159 1
0 26.17 2 2 5 3 0 0 0 0 1 2 276 2 0
0 40.33 8.12 1 4 4 0.165 0 1 2 0 2 184 19 0
1 34.08 0.08 1 7 5 0.04 1 1 1 1 2 280 2001 1
0 28.67 1.04 2 8 4 2.5 1 1 5 1 2 300 1431 1
1 28.92 0.37 2 8 4 0.29 0 0 0 0 2 220 141 0
1 16.17 0.04 2 8 4 0.04 0 0 0 0 2 0 1 1
0 23.5 9 2 11 4 8.5 1 1 5 1 2 120 1 1
0 58.67 4.46 2 11 8 3.04 1 1 6 0 2 43 561 1
1 26.17 0.25 2 3 5 0 1 0 0 1 2 0 1 1
1 27.75 1.29 2 4 8 0.25 0 0 0 1 1 140 1 0
1 69.17 9 2 1 1 4 0 1 1 0 2 70 7 0
0 22.5 0.41 2 3 4 0.335 0 0 0 1 1 144 1 0
0 21.75 11.75 2 8 4 0.25 0 0 0 1 2 180 1 0
1 42.75 3 2 3 5 1 1 0 0 0 2 0 201 0
1 25.17 6 2 8 4 1 1 1 3 0 2 0 1 1
1 39.08 6 2 7 4 1.29 1 1 5 1 2 108 1098 1
0 27.17 1.25 2 1 1 0 0 1 1 0 2 92 301 0
1 27.25 1.66 2 13 8 5.085 1 1 9 0 2 399 828 1
1 31.57 0.5 2 8 5 0.835 1 0 0 1 1 320 1 0
1 30.83 0 2 9 4 1.25 1 1 1 0 2 202 1 1
1 21.58 0.79 1 13 4 0.665 0 0 0 0 2 160 1 0
1 16.32 2.75 2 6 4 0.665 0 1 1 0 2 80 22 0
0 27.67 1.5 2 7 4 2 1 0 0 0 1 368 1 0
1 23.17 11.12 2 14 8 0.46 1 1 1 0 2 100 1 1
1 26.67 1.75 1 8 4 1 1 1 5 1 2 160 5778 1
0 24.83 4.5 2 9 4 1 0 0 0 1 2 360 7 0
0 28.58 3.54 2 3 5 0.5 1 0 0 1 2 171 1 0
1 48.17 7.62 2 9 8 15.5 1 1 12 0 2 0 791 1
0 24.92 1.25 2 1 1 0 1 0 0 0 2 80 1 0
1 43 0.28 1 13 8 1.75 1 1 8 0 2 100 376 1
1 23 0.75 2 7 4 0.5 0 0 0 1 1 320 1 0
1 24.58 12.5 2 9 4 0.875 1 0 0 1 2 260 1 0
1 51.58 15 2 8 4 8.5 1 1 9 0 2 0 1 1
1 45.17 1.5 2 8 4 2.5 1 0 0 1 2 140 1 0
0 28.5 1 2 11 4 1 1 1 2 1 2 167 501 0
1 73.42 17.75 2 1 1 0 1 0 0 1 2 0 1 1
1 33.17 1.04 2 12 8 6.5 1 0 0 1 2 164 31286 1
1 25.42 0.54 2 9 4 0.165 0 1 1 0 2 272 445 0
1 24.58 1.25 2 8 4 0.25 0 0 0 0 2 110 1 0
1 51.83 2.04 1 1 1 1.5 0 0 0 0 2 120 2 0
1 22.58 1.5 1 6 4 0.54 0 0 0 1 2 120 68 0
1 16.25 0 1 6 4 0.25 0 0 0 0 2 60 1 0
1 39.33 5.87 2 13 8 10 1 1 14 1 2 399 1 1
1 23 0.62 1 6 4 0.125 1 0 0 0 2 180 2 0
0 21.25 2.33 2 3 5 0.5 1 1 4 0 1 80 1 1
0 56.5 16 2 5 1 0 1 1 15 0 2 0 248 1
0 46.08 3 2 8 4 2.375 1 1 8 1 2 396 4160 1
0 28.08 15 1 10 9 0 1 0 0 0 2 0 13213 1
1 48.75 8.5 2 8 8 12.5 1 1 9 0 2 181 1656 1
0 26.92 13.5 2 11 8 5 1 1 2 0 2 0 5001 1
1 32.67 9 1 9 8 5.25 1 0 0 1 2 154 1 1
1 22.33 11 2 9 4 2 1 1 1 0 2 80 279 1
0 51.92 6.5 2 3 5 3.085 0 0 0 1 2 73 1 0
1 26.75 2 2 2 4 0.75 0 0 0 1 2 80 1 0
0 24.75 12.5 2 6 4 1.5 1 1 12 1 2 120 568 1
0 25 12.33 2 13 8 3.5 1 1 6 0 2 400 459 1
1 21.67 1.16 1 4 4 2.5 1 1 1 0 2 180 21 0
0 24.08 0.5 2 11 8 1.25 1 1 1 0 2 0 679 1
1 23.25 1 2 8 4 0.835 1 0 0 0 1 300 1 1
1 76.75 22.29 2 10 9 12.75 1 1 1 1 2 0 110 1
1 45 8.5 2 13 8 14 1 1 1 1 2 88 2001 1
0 33.25 2.5 1 8 4 2.5 0 0 0 1 2 0 3 0
0 17.67 0 1 5 1 0 0 0 0 0 2 86 1 0
1 23.92 1.5 2 2 8 1.875 1 1 6 0 2 200 328 1
0 25.75 0.5 2 8 8 0.875 1 0 0 1 2 491 1 1
1 21.83 0.25 2 2 8 0.665 1 0 0 1 2 0 1 1
1 27.67 13.75 2 9 4 5.75 1 0 0 1 2 487 501 1
1 19.17 4 1 3 4 1 0 0 0 1 2 360 1001 0
0 50.25 0.83 2 6 4 0.5 0 0 0 1 2 240 118 0
1 29.92 1.83 2 8 8 4.335 1 0 0 0 2 260 201 1
0 50.08 12.54 2 6 4 2.29 1 1 3 1 2 156 1 1
0 24.75 3 2 11 8 1.835 1 1 19 0 2 0 501 1
1 33 2.5 1 9 4 7 0 0 0 1 2 280 1 0
0 19.75 0.75 2 8 4 0.795 1 1 5 1 2 140 6 0
1 28 2 2 4 8 4.165 1 1 2 1 2 181 1 1
0 40.83 3.5 2 3 5 0.5 0 0 0 0 1 1160 1 0
0 23.42 0.79 1 11 4 1.5 1 1 2 1 2 80 401 1
1 19.17 0 1 7 5 0 0 0 0 1 1 500 2 1
1 22.92 0.17 2 7 4 0.085 0 0 0 0 1 0 1 0
0 25.17 2.87 2 14 8 0.875 1 0 0 0 2 360 1 1
0 20.07 0.12 2 11 4 1 0 1 1 0 2 240 769 1
1 33.17 3.16 1 14 4 3.165 1 1 3 1 2 380 1 1
1 23.08 11.5 2 9 8 2.125 1 1 11 1 2 290 285 1
0 30.25 5.5 2 4 4 5.5 0 0 0 1 1 100 1 0
1 44 2 2 7 4 1.75 1 1 2 1 2 0 16 1
0 24.75 13.66 2 11 8 1.5 0 0 0 0 2 280 2 0
1 17.25 3 2 4 4 0.04 0 0 0 1 2 160 41 0
0 38.33 4.41 2 8 4 0.125 0 0 0 0 2 160 1 0
1 22.67 1.58 1 9 4 3.085 1 1 6 0 2 80 1 1
1 29.17 3.5 2 9 4 3.5 1 1 3 1 2 329 1 0
0 47.42 8 2 10 5 6.5 1 1 6 0 2 375 51101 1
1 43.17 2.25 2 3 5 0.75 1 0 0 0 2 560 1 0
1 47.33 6.5 2 8 4 1 0 0 0 1 2 0 229 0
1 36.33 2.12 1 9 4 0.085 1 1 1 0 2 50 1188 1
1 27.75 0.58 1 13 4 0.25 1 1 2 0 2 260 501 1
1 36.75 0.12 1 8 4 1.5 0 0 0 1 2 232 114 1
1 27.67 2 2 14 8 1 1 1 4 0 2 140 7545 1
0 28.58 1.66 2 11 4 2.415 1 0 0 1 2 440 1 0
0 39.08 4 2 8 4 3 0 0 0 0 2 480 1 0
0 19.5 0.16 2 11 4 0.04 0 0 0 1 2 380 1 0
0 19.57 0.66 2 9 4 1.665 0 0 0 0 2 220 6 0
1 16.5 0.12 2 8 4 0.165 0 0 0 0 2 132 1 0
0 49 1.5 2 5 3 0 1 0 0 1 2 100 28 0
1 47.17 5.83 2 9 4 5.5 0 0 0 0 2 465 151 0
1 29.83 2.04 1 14 8 0.04 0 0 0 0 2 128 2 0
1 36.5 4.25 2 11 4 3.5 0 0 0 0 2 454 51 0
1 18.17 10.25 2 8 8 1.085 0 0 0 0 2 320 14 0
1 32.75 1.5 2 13 8 5.5 1 1 3 1 2 0 1 1
1 26.67 14.58 2 3 5 0 0 0 0 1 2 178 1 0
1 25.58 0.33 2 4 8 3.5 0 0 0 1 2 340 1 0
1 20.75 5.08 1 5 4 0.29 0 0 0 0 2 140 185 0
1 25.67 12.5 2 13 4 1.21 1 1 67 1 2 140 259 1
1 39.25 9.5 2 7 4 6.5 1 1 14 0 2 240 4608 1
0 20.42 0.83 2 11 4 1.585 1 1 1 0 2 0 1 1
1 18.82 3.54 1 1 1 0 0 0 0 1 2 180 2 0
1 25.17 3.5 2 13 4 0.625 1 1 7 0 2 0 7060 1
1 43.17 5 2 3 5 2.25 0 0 0 1 2 141 1 0
1 21.17 0.25 1 8 8 0.25 0 0 0 0 2 280 205 0
1 41.75 0.96 2 14 4 2.5 1 0 0 0 2 510 601 1
1 37.17 4 2 8 5 5 1 0 0 1 1 280 1 0
0 24.5 2.41 1 8 4 0 0 0 0 0 2 120 1 0
1 39.5 1.62 2 8 4 1.5 0 0 0 0 2 0 317 0
1 32.33 2.5 2 8 4 1.25 0 0 0 1 2 280 1 0
1 48.08 6.04 2 4 4 0.04 0 0 0 0 2 0 2691 1
1 27.83 1.5 2 9 4 2.25 0 1 1 1 2 100 4 0
1 22.17 12.12 2 8 4 3.335 0 1 2 1 2 180 174 0
1 26.83 0.54 2 4 1 0 0 0 0 0 2 100 1 0
1 39.58 5 2 1 1 0 0 1 2 0 2 17 2 0
1 39.17 1.71 2 14 4 0.125 1 1 5 1 2 480 1 1
1 22.17 0.58 1 1 1 0 0 0 0 0 2 100 1 0
1 22 0.79 2 9 4 0.29 0 1 1 0 2 420 284 0
1 22.5 0.12 1 4 4 0.125 0 0 0 0 2 200 71 0
0 33.08 4.62 2 11 8 1.625 1 1 2 0 2 0 1 1
1 22.25 0.46 2 4 4 0.125 0 0 0 1 2 280 56 0
1 28.58 3.62 2 6 4 0.25 0 0 0 1 2 100 1 0
1 32 1.75 1 10 8 0.04 1 0 0 1 2 393 1 1
0 27.67 2.04 2 9 4 0.25 0 0 0 1 2 180 51 0
1 28.33 5 2 9 4 11 1 0 0 1 2 70 1 1
1 62.75 7 2 10 9 0 0 0 0 0 2 0 13 0
0 16.32 0.21 2 6 4 0.125 0 0 0 0 2 200 2 0
1 48.75 26.33 1 1 1 0 1 0 0 1 2 0 1 0
1 39 5 2 13 4 3.5 1 1 10 1 2 0 1 1
1 21.92 0.5 2 8 4 0.125 0 0 0 0 2 360 1 0
1 23.08 2.5 2 8 4 1.085 1 1 11 1 2 60 2185 1
1 20 0 2 2 4 0.5 0 0 0 0 2 144 1 0
1 42.75 4.08 2 6 4 0.04 0 0 0 0 2 108 101 0
0 20.42 10.5 1 14 8 0 0 0 0 1 2 154 33 0
1 27.58 2.04 1 6 4 2 1 1 3 1 2 370 561 1
1 40.92 0.5 1 7 4 0.5 0 0 0 1 2 130 1 0
0 16.92 0.5 2 3 4 0.165 0 1 6 1 2 240 36 0
1 16.32 4.08 2 3 8 0.415 0 0 0 1 2 120 1 0
1 19.32 9.5 2 11 4 1 1 0 0 1 2 60 401 1
1 27.67 0.75 2 11 8 0.165 0 0 0 1 2 220 252 0
1 36.33 3.79 2 9 4 1.165 1 0 0 1 2 200 1 0
1 40.58 5 2 8 4 5 1 1 7 0 2 0 3066 1
1 31.57 0.04 1 2 4 4.25 0 0 0 1 2 460 1 0
1 34.17 1.54 2 13 4 1.54 1 1 1 1 2 520 50001 1
1 24.33 6.62 1 2 4 5.5 1 0 0 1 1 100 1 1
1 21.25 1.5 2 9 4 1.5 0 0 0 0 2 150 9 1
0 25.25 12.5 2 2 4 1 0 0 0 1 2 180 1063 0
0 17.32 9.5 2 6 4 1.75 0 1 10 1 2 0 11 0
1 37.33 6.5 2 7 8 4.25 1 1 12 1 2 93 1 1
1 21.08 4.12 1 3 8 0.04 0 0 0 0 2 140 101 0
1 31.33 19.5 2 8 4 7 1 1 16 0 2 0 5001 1
0 21.08 5 1 1 1 0 0 0 0 0 2 0 1 0
0 38.58 5 2 13 4 13.5 1 0 0 1 2 980 1 0
1 41.92 0.42 2 8 8 0.21 1 1 6 0 2 220 949 1
1 27.25 1.58 2 13 8 1.835 1 1 12 1 2 583 714 1
1 18 0.16 2 11 7 0.21 0 0 0 0 2 200 41 1
0 49.83 13.58 2 4 8 8.5 1 0 0 1 2 0 1 1
1 54.58 9.41 2 1 1 14.415 1 1 11 1 2 30 301 1
0 22.42 5.66 2 11 4 2.585 1 1 7 0 2 129 3258 1
1 41.17 1.25 1 9 4 0.25 0 0 0 0 2 0 196 0
1 32.08 4 1 13 4 1.5 0 0 0 1 2 120 1 0
1 36.67 3.25 2 11 8 9 1 0 0 1 2 102 640 1
1.234 22.08 11.46 2 4 4 1.585 0 0 0 1 2 100 1213 0
0 32.17 1.46 2 9 4 1.085 1 1 16 0 2 120 2080 1
1 44.33 0.5 2 3 8 5 1 0 0 1 2 320 1 1
1 34.08 2.5 2 8 4 1 0 0 0 0 2 460 17 0
1 26.92 2.25 2 3 5 0.5 0 0 0 1 2 640 4001 0
0 52.83 15 2 8 4 5.5 1 1 14 0 2 0 2201 1
1 23.92 0.66 2 8 4 0.165 0 0 0 0 2 100 1 1
0 22.58 10.75 2 11 4 0.415 1 1 5 1 2 0 561 1
0 20.75 10.25 2 11 4 0.71 1 1 2 1 2 49 1 1
1 43.25 25.21 2 11 8 0.21 1 1 1 0 2 760 91 0
0 31.57 1.5 2 1 1 0 0 1 2 1 2 200 106 0
0 23.5 1.5 2 9 4 0.875 0 0 0 1 2 160 1 0
1 13.75 4 1 9 4 1.75 1 1 2 1 2 120 1001 1
1 17.07 0.25 2 11 4 0.335 0 1 4 0 2 160 9 0
1 21.83 11 2 14 4 0.29 1 1 6 0 2 121 1 1
1 42 0.2 2 3 8 5.125 1 0 0 0 2 400 1 1
1 38.92 1.75 2 4 4 0.5 0 0 0 1 2 300 3 0
0 23 11.75 2 14 8 0.5 1 1 2 1 2 300 552 1
0 27.42 14.5 2 14 8 3.085 1 1 1 0 2 120 12 1

