1 37.5 1.75 1 8 5 0.25 1 0 0 1 2 164 401 0
1 19.67 10 1 4 8 0.835 1 0 0 1 2 140 1 0
1 25.67 3.25 2 8 8 2.29 0 1 1 1 2 416 22 0
1 23.25 12.62 2 8 4 0.125 0 1 2 0 2 0 5553 0
1 32.67 9 1 9 8 5.25 1 0 0 1 2 154 1 1
0 18.82 9.5 2 9 4 1.625 1 1 6 1 2 40 601 1
1 33.17 3.16 1 14 4 3.165 1 1 3 1 2 380 1 1
1 32.33 2.5 2 8 4 1.25 0 0 0 1 2 280 1 0
1 25.17 3 2 8 4 1.25 0 1 1 0 2 0 23 0
1 37.17 4 2 8 5 5 1 0 0 1 1 280 1 0
1 48.5 4.25 2 7 4 0.125 1 0 0 1 2 225 1 1
1 28 3 2 9 4 0.75 0 0 0 1 2 300 68 0
0 24.33 2.5 1 3 5 4.5 0 0 0 0 2 200 457 0
1 23.5 2.75 2 1 1 4.5 0 0 0 0 2 160 26 0
1 25.17 3.5 2 13 4 0.625 1 1 7 0 2 0 7060 1
0 57.08 0.33 2 3 5 1 1 0 0 1 2 252 2198 0
0 26.5 2.71 1 8 4 0.085 0 0 0 0 1 80 1 0
0 38.75 1.5 2 1 1 0 0 0 0 0 2 76 1 0
1 20 7 2 8 4 0.5 0 0 0 0 2 0 1 0
1 33.58 2.75 2 7 4 4.25 1 1 6 0 2 204 1 1
1 36.5 4.25 2 11 4 3.5 0 0 0 0 2 454 51 0
1 19.67 0.37 2 11 4 2 1 1 2 1 2 80 1 1
1 27.83 1.54 2 9 4 3.75 1 1 5 1 2 100 4 1
1 20.25 9.96 2 10 2 0 1 0 0 0 2 0 1 1
0 29.5 1.08 1 14 4 1 0 0 0 0 2 280 14 0
1 19.57 0.58 2 1 1 0 0 1 3 0 2 350 770 0
1 25.67 12.5 2 13 4 1.21 1 1 67 1 2 140 259 1
0 18.07 0.37 3 13 1 10 0 0 0 1 1 300 1 1
1 22.67 10.5 2 11 8 1.335 1 0 0 0 2 100 1 1
1 24.58 13.5 1 1 1 0 0 0 0 0 2 184 1 0
1 17.07 3.29 2 3 4 0.335 0 0 0 1 2 140 3 0
0 38.58 5 2 13 4 13.5 1 0 0 1 2 980 1 0
1 47.67 0.28 2 8 5 15 1 1 20 0 2 0 15001 1
1 23.17 0 2 8 4 0 0 0 0 0 3 184 1 1
1 23.92 0.58 1 13 8 0.125 0 0 0 0 2 240 2 0
1 23.58 0.83 2 3 8 0.085 0 0 0 1 2 220 6 0
0 38.33 4.41 2 8 4 0.125 0 0 0 0 2 160 1 0
1 40 6.5 2 6 5 3.5 1 1 1 0 2 0 501 1
1 43 0.28 1 13 8 1.75 1 1 8 0 2 100 376 1
0 20.83 3 2 6 4 0.04 1 0 0 0 2 100 1 1
1 16.25 0 1 6 4 0.25 0 0 0 0 2 60 1 0
1 30.17 0.5 2 8 4 1.75 1 1 11 0 2 32 541 1
1 31.57 0.04 1 2 4 4.25 0 0 0 1 2 460 1 0
1 31 2.08 2 8 4 0.085 0 0 0 0 2 300 1 0
0 69.5 6 2 1 1 0 0 0 0 0 1 0 1 0
0 25.08 2.54 1 6 4 0.25 1 0 0 1 2 370 1 1
0 36.75 5.12 2 10 4 5 1 0 0 1 2 0 4001 1
1 21.08 4.12 1 3 8 0.04 0 0 0 0 2 140 101 0
1 47.83 4.16 2 14 5 0.085 0 0 0 1 2 520 1 0
1 37.75 7 2 11 8 11.5 1 1 7 1 2 300 6 0
1 31.08 3.08 2 8 4 2.5 0 1 2 1 2 160 42 0
0 45.33 1 2 11 4 0.125 0 0 0 1 2 263 1 0
1 26.17 0.25 2 3 5 0 1 0 0 1 2 0 1 1
1 48.75 26.33 1 1 1 0 1 0 0 1 2 0 1 0
0 17.92 10.21 2 1 1 0 0 0 0 0 2 0 51 0
0 22.5 8.5 2 11 4 1.75 1 1 10 0 2 80 991 0
0 35.17 3.75 2 1 1 0 0 1 6 0 2 0 201 0
1 41 0.04 2 10 4 0.04 0 1 1 0 1 560 1 1
0 28.17 0.37 2 11 4 0.585 1 1 4 0 2 80 1 1
1 42.17 5.04 2 11 8 12.75 1 0 0 1 2 92 1 1
1 37.5 0.83 2 10 4 0.04 0 0 0 0 2 120 6 0
0 35.42 12 2 11 8 14 1 1 8 0 2 0 6591 1
0 33.67 0.37 2 13 4 0.375 0 0 0 0 2 300 45 1
1 32 1.75 1 10 8 0.04 1 0 0 1 2 393 1 1
1 35.17 25.12 2 14 8 1.625 1 1 1 1 2 515 501 1
0 24.75 13.66 2 11 8 1.5 0 0 0 0 2 280 2 0
1 43.17 5 2 3 5 2.25 0 0 0 1 2 141 1 0
1 16.07 0.75 2 8 4 1.75 1 1 5 1 2 352 691 1
1 42 9.78 2 14 8 7.96 1 1 8 0 2 0 1 1
1 31.57 3 1 3 5 7 0 0 0 0 2 0 2 0
1 44.83 7 1 8 4 1.625 0 0 0 0 2 160 3 0
0 58.67 4.46 2 11 8 3.04 1 1 6 0 2 43 561 1
1 39.58 13.91 2 9 4 8.625 1 1 6 1 2 70 1 1
0 45 4.58 2 4 8 1 0 0 0 1 1 240 1 0
0 33.08 1.62 2 2 4 0.54 0 0 0 1 2 0 1 0
1 23 0.62 1 6 4 0.125 1 0 0 0 2 180 2 0
1 21.83 11 2 14 4 0.29 1 1 6 0 2 121 1 1
1 51.42 0.04 2 14 8 0.04 1 0 0 0 2 0 3001 1
1 27.67 13.75 2 9 4 5.75 1 0 0 1 2 487 501 1
1 16.25 0.83 2 7 4 0.085 1 0 0 0 1 200 1 0
1 32.75 1.5 2 13 8 5.5 1 1 3 1 2 0 1 1
1 31.57 5 1 6 4 8.5 1 0 0 0 2 0 1 0
1 24.58 1.25 2 8 4 0.25 0 0 0 0 2 110 1 0
0 32.17 1.46 2 9 4 1.085 1 1 16 0 2 120 2080 1
1 34.92 2.5 2 9 4 0 1 0 0 1 2 239 201 1
1 24.75 0.54 2 7 4 1 0 0 0 1 2 120 2 0
1 19 1.75 1 8 4 2.335 0 0 0 1 2 112 7 0
1 31.57 0.5 2 8 5 0.835 1 0 0 1 1 320 1 0
1 19.32 9.5 2 11 4 1 1 0 0 1 2 60 401 1
1 34 5.5 1 8 4 1.5 0 0 0 1 2 60 1 0
0 20.67 1.83 2 11 4 2.085 1 1 5 0 2 220 2504 1
0 29.5 0.46 2 4 4 0.54 1 1 4 0 2 380 501 1
1 37.33 2.66 2 13 4 0.165 0 0 0 1 2 0 502 0
1 53.92 9.62 2 10 4 8.665 1 1 5 0 2 0 1 1
1 25.08 1.71 2 14 4 1.665 1 1 1 1 2 395 21 1
0 53.33 0.16 2 1 1 0 0 0 0 1 1 62 28 0
1 41.33 0 2 8 5 15 1 0 0 0 2 0 1 1
0 19.57 0.66 2 9 4 1.665 0 0 0 0 2 220 6 0
1 20 1.25 1 4 4 0.125 0 0 0 0 2 140 5 0
1 34.83 4 2 2 5 12.5 1 0 0 1 2 184 1 0
0 36.75 4.71 2 1 1 0 0 0 0 0 2 160 1 0
1 39 5 2 13 4 3.5 1 1 10 1 2 0 1 1
1 39.42 1.71 1 7 4 0.165 0 0 0 0 1 400 1 0
0 31.75 3 1 5 3 0 0 0 0 0 2 160 21 0
1 31.57 4 1 3 4 0.085 0 0 0 1 2 411 1 0
1 27.25 1.66 2 13 8 5.085 1 1 9 0 2 399 828 1
0 25.33 2.08 2 8 8 2.75 1 0 0 1 2 360 2 0
0 21.25 2.33 2 3 5 0.5 1 1 4 0 1 80 1 1
0 23.42 0.79 1 11 4 1.5 1 1 2 1 2 80 401 1
1 27 1.5 1 9 4 0.375 1 0 0 1 2 260 1066 1
1 48.17 3.5 2 6 4 3.5 1 0 0 0 1 230 1 1
0 23.58 11.5 1 4 8 3 0 0 0 1 2 20 17 0
1 45.17 1.5 2 8 4 2.5 1 0 0 1 2 140 1 0
1 17.42 6.5 2 3 4 0.125 0 0 0 0 2 60 101 0
1 15.17 7 2 10 4 1 0 0 0 0 2 600 1 0
0 17.67 0 1 5 1 0 0 0 0 0 2 86 1 0
0 21.08 5 1 1 1 0 0 0 0 0 2 0 1 0
1 16.92 0.33 1 4 4 0.29 0 0 0 0 1 200 1 0
1 33.75 2.75 2 3 5 0 0 0 0 0 2 180 1 0
1 57.83 7.04 2 7 4 14 1 1 6 1 2 360 1333 1
1 39.25 9.5 2 7 4 6.5 1 1 14 0 2 240 4608 1
0 44.33 0 2 8 4 2.5 1 0 0 0 2 0 1 1
1 28.92 15 2 8 8 5.335 1 1 11 0 2 0 2284 1
0 46.08 3 2 8 4 2.375 1 1 8 1 2 396 4160 1
1 39.92 5 2 3 5 0.21 0 0 0 0 2 550 1 0
1 21 3 1 2 4 1.085 1 1 8 1 2 160 2 1
1 22.83 3 2 7 4 1.29 1 1 1 0 2 260 801 1
1 41.17 4.04 2 13 8 7 1 1 8 0 2 320 1 1
1 41.58 1.75 2 4 4 0.21 1 0 0 0 2 160 1 0
1 22.5 11.5 1 7 4 1.5 0 0 0 1 2 0 4001 0
0 23.25 5.87 2 11 4 3.17 1 1 10 0 2 120 246 1
0 19.17 5.41 2 3 8 0.29 0 0 0 0 2 80 485 0
0 22.67 0.79 2 3 4 0.085 0 0 0 0 2 144 1 0
1 29.83 2.04 1 14 8 0.04 0 0 0 0 2 128 2 0
0 17.92 0.54 2 8 4 1.75 0 1 1 1 2 80 6 0
1 34.08 2.5 2 8 4 1 0 0 0 0 2 460 17 0
1 18.07 6.75 1 7 4 0.04 0 0 0 0 2 140 1 0
0 20.42 0.83 2 11 4 1.585 1 1 1 0 2 0 1 1
1 40.58 5 2 8 4 5 1 1 7 0 2 0 3066 1
1 32.83 2.5 2 13 8 2.75 1 1 6 0 2 160 2073 1
0 27.67 1.5 2 7 4 2 1 0 0 0 1 368 1 0
1 17.5 22 3 1 7 0 0 0 0 1 3 450 100001 1
0 18.42 9.25 2 11 4 1.21 1 1 4 0 2 60 541 1
1 40.58 1.5 2 3 5 0 0 0 0 0 1 300 1 0
0 22.67 0.33 2 11 4 0.75 0 0 0 0 1 160 1 0
1 63.33 0.54 2 8 4 0.585 1 1 3 1 2 180 1 0
1 23.5 3.16 1 4 4 0.415 0 1 1 1 2 280 81 0
0 49.83 13.58 2 4 8 8.5 1 0 0 1 2 0 1 1
1 27.42 12.5 2 6 5 0.25 0 0 0 1 2 720 1 0
1 21.42 0.75 1 12 7 0.75 0 0 0 1 2 132 3 0
1 39.92 0.54 1 6 4 0.5 1 1 3 0 2 200 1001 1
1 24.42 12.33 2 11 8 1.585 1 0 0 1 2 120 1 1
1 39.33 5.87 2 13 8 10 1 1 14 1 2 399 1 1
1 24.17 0.87 2 11 4 4.625 1 1 2 1 2 520 2001 1
1 28.75 1.16 2 4 4 0.5 1 0 0 0 1 280 1 0
1 31.25 2.83 2 1 1 0 0 1 5 0 2 176 147 0
1 24.08 9 2 6 4 0.25 0 0 0 1 2 0 1 0
1 32.67 5.5 2 11 8 5.5 1 1 12 1 2 408 1001 1
1 43.17 2.25 2 3 5 0.75 1 0 0 0 2 560 1 0
1 29.58 4.5 2 9 4 7.5 1 1 2 1 2 330 1 1
1 31.33 19.5 2 8 4 7 1 1 16 0 2 0 5001 1
0 26.58 2.54 1 1 1 0 0 0 0 1 2 180 61 0
0 39.08 4 2 8 4 3 0 0 0 0 2 480 1 0
1 52.42 1.5 2 2 4 3.75 0 0 0 1 2 0 351 0
1 31.25 1.12 2 1 1 0 0 1 1 0 2 96 20 0
0 33.17 2.25 1 13 4 3.5 0 0 0 1 2 200 142 0
1 59.5 2.75 2 9 4 1.75 1 1 5 1 2 60 59 1
1 25.83 12.83 2 13 4 0.5 0 0 0 0 2 0 3 0
0 52.83 15 2 8 4 5.5 1 1 14 0 2 0 2201 1
1 25.75 0.75 2 8 5 0.25 1 0 0 0 2 349 24 1
0 24.5 1.04 1 1 1 0.5 1 1 3 0 2 180 148 0
0 22.92 1.25 2 11 4 0.25 0 0 0 1 2 120 810 0
1 48.33 12 2 7 4 16 1 0 0 0 1 110 1 1
1 41.75 0.96 2 14 4 2.5 1 0 0 0 2 510 601 1
1 29.83 3.5 2 8 4 0.165 0 0 0 0 2 216 1 0
1 51.83 3 1 1 1 1.5 0 0 0 0 2 180 5 0
1 19.17 4 1 3 4 1 0 0 0 1 2 360 1001 0
0 52.17 0 1 1 1 0 0 0 0 0 2 0 1 0
1 34 5.08 1 3 5 1.085 0 0 0 1 2 480 1 0
1 47.33 6.5 2 8 4 1 0 0 0 1 2 0 229 0
0 19.17 0.58 1 6 4 0.585 1 0 0 1 2 160 1 0
1 22.17 2.25 2 3 4 0.125 0 0 0 0 2 160 11 0
0 18.17 10 1 11 8 0.165 0 0 0 0 2 340 1 0
1 18.67 5 2 11 4 0.375 1 1 2 0 2 0 39 0
1 30.83 0 2 9 4 1.25 1 1 1 0 2 202 1 1
1 18.82 3.54 1 1 1 0 0 0 0 1 2 180 2 0
0 19.57 0.66 1 8 4 1 0 1 1 0 2 2000 3 0
1 39.17 1.62 2 8 4 1.5 1 1 10 0 2 186 4701 1
1 32.92 2.5 2 6 4 1.75 0 1 2 1 2 720 1 0
1 43.25 3 2 11 8 6 1 1 11 0 2 80 1 1
1 17.07 0.25 2 11 4 0.335 0 1 4 0 2 160 9 0
0 23.58 0.83 2 11 4 0.415 0 1 1 1 2 200 12 0
0 38.92 1.66 2 6 4 0.25 0 0 0 0 2 0 391 0
0 65.17 14 2 1 1 0 1 1 11 1 2 0 1401 1
0 56.83 4.25 1 1 1 5 0 0 0 1 2 0 5 0
1 36.33 3.79 2 9 4 1.165 1 0 0 1 2 200 1 0
0 24.75 12.5 2 6 4 1.5 1 1 12 1 2 120 568 1
1 33.58 0.33 1 13 4 0.085 0 0 0 0 2 180 1 0
1 35.25 16.5 1 8 4 4 1 0 0 0 2 80 1 0
1 30.67 2.5 2 13 8 2.25 0 0 0 1 1 340 1 0
0 23 11.75 2 14 8 0.5 1 1 2 1 2 300 552 1
0 23.58 0.58 1 1 1 0.125 0 0 0 0 2 120 88 0
1 22.75 11.5 2 3 4 0.415 0 0 0 0 2 0 1 0
1 28.67 9.33 2 11 8 5.665 1 1 6 0 2 381 169 1
0 30.25 5.5 2 4 4 5.5 0 0 0 1 1 100 1 0
1 24.42 2 2 10 2 0.165 0 1 2 0 2 320 1301 0
1 51.33 10 2 3 5 0 1 1 11 0 2 0 1250 1
1 31.83 2.5 2 6 4 7.5 1 0 0 1 2 523 1 0
1 22.08 2.33 2 4 4 0.75 0 0 0 0 2 180 1 0
0 28.58 3.75 2 8 4 0.25 0 1 1 1 2 40 155 0
0 25 12.33 2 13 8 3.5 1 1 6 0 2 400 459 1
1 21.33 10.5 2 8 4 3 1 0 0 1 2 0 1 1
1 35.58 0.75 2 4 4 1.5 0 0 0 1 2 231 1 0
1 30.58 2.71 1 7 4 0.125 0 0 0 1 1 80 1 0
1 36.67 3.25 2 11 8 9 1 0 0 1 2 102 640 1
1 38.25 10.12 1 4 4 0.125 0 0 0 0 2 160 1 0
1 25.75 0.5 2 8 4 1.46 1 1 5 1 2 312 1 1
0 17.32 9.5 2 6 4 1.75 0 1 10 1 2 0 11 0
1 30.33 0.5 2 2 8 0.085 0 0 0 1 1 252 1 0
0 37.75 5.5 2 11 4 0.125 1 0 0 1 2 228 1 1
1 44.25 11 1 2 4 1.5 1 0 0 0 1 0 1 0
1 31.42 15.5 2 8 4 0.5 1 0 0 0 2 120 1 0
1 21.25 1.5 2 9 4 1.5 0 0 0 0 2 150 9 1
1 18.42 10.41 1 6 4 0.125 1 0 0 0 2 120 376 0
1 22.17 12.12 2 8 4 3.335 0 1 2 1 2 180 174 0
1 21.92 0.5 2 8 4 0.125 0 0 0 0 2 360 1 0
1 36.17 18.12 2 9 4 0.085 0 0 0 0 2 320 3553 0
1 32.08 4 1 13 4 1.5 0 0 0 1 2 120 1 0
1 23.08 11.5 2 9 8 2.125 1 1 11 1 2 290 285 1
0 20.5 11.83 2 8 8 6 1 0 0 0 2 340 1 1
1 48.58 0.2 1 4 4 0.25 1 1 11 0 2 380 2733 1
0 32.25 1.5 2 8 4 0.25 0 0 0 1 2 372 123 0
1 23.25 4 2 8 5 0.25 1 0 0 1 2 160 1 1
1 19.17 0 1 7 5 0 0 0 0 1 1 500 2 1
1 22.75 11 2 11 4 2.5 1 1 7 1 2 100 810 1
1 29.5 0.57 2 9 4 0.29 0 1 1 0 2 340 2804 0
1 22 7.83 1 3 5 0.165 0 0 0 1 2 184 1 0
1 56.75 12.25 2 7 4 1.25 1 1 4 1 2 200 1 1
1 20.42 0 2 8 4 0 0 0 0 0 3 184 1 0
0 24.5 1.75 1 8 4 0.165 0 0 0 0 2 132 1 0
1 47.67 2.5 2 7 5 2.5 1 1 12 1 2 410 2511 1
1 22.92 0.17 2 7 4 0.085 0 0 0 0 1 0 1 0
0 25.25 12.5 2 2 4 1 0 0 0 1 2 180 1063 0
1 42.08 1.04 2 9 4 5 1 1 6 1 2 500 10001 1
1 21.17 0 2 8 4 0.5 0 0 0 1 1 0 1 0
1 67.75 5.5 2 10 9 13 1 1 1 1 2 0 1 1
0 15.75 0.37 2 8 4 1 0 0 0 0 2 120 19 0
1 34.17 1.54 2 13 4 1.54 1 1 1 1 2 520 50001 1
0 27.33 1.66 2 1 1 0 0 0 0 0 2 340 2 0
1 32.08 4 2 7 4 2.5 1 0 0 1 2 360 1 1
1 25.33 0.57 2 8 4 0.29 1 1 7 1 2 96 5125 1
0 24.83 4.5 2 9 4 1 0 0 0 1 2 360 7 0
0 28.67 1.04 2 8 4 2.5 1 1 5 1 2 300 1431 1
0 18.75 7.5 2 11 4 2.71 1 1 5 0 2 184 26727 1
1 44.33 0.5 2 3 8 5 1 0 0 1 2 320 1 1
1 27.67 0.75 2 11 8 0.165 0 0 0 1 2 220 252 0
1 34.08 0.08 1 7 5 0.04 1 1 1 1 2 280 2001 1
0 26.08 8.66 2 6 4 1.415 1 0 0 0 2 160 151 1
0 42.25 1.75 1 8 4 0 0 0 0 1 2 150 2 0
1 36.33 2.12 1 9 4 0.085 1 1 1 0 2 50 1188 1
0 40.33 8.12 1 4 4 0.165 0 1 2 0 2 184 19 0
1 59.67 1.54 2 11 4 0.125 1 0 0 1 2 260 1 1
1 28.25 5.12 2 14 4 4.75 1 1 2 0 2 420 8 1
0 33.25 3 1 6 4 2 0 0 0 0 2 180 1 0
0 24.5 0.5 2 11 8 1.5 1 0 0 0 2 280 825 1
0 16 0.16 2 6 4 1 0 1 2 1 2 320 2 0
0 22.5 0.41 2 3 4 0.335 0 0 0 1 1 144 1 0
0 47.42 8 2 10 5 6.5 1 1 6 0 2 375 51101 1
1 23.58 1.79 2 8 4 0.54 0 0 0 1 2 136 2 0
1 39.08 6 2 7 4 1.29 1 1 5 1 2 108 1098 1
1 23.75 12 2 8 4 2.085 0 0 0 0 1 80 1 0
0 41.58 1.04 2 6 4 0.665 0 0 0 0 2 240 238 0
1 29.42 1.25 2 8 8 0.25 0 1 2 1 2 400 109 0
1 31.57 0.37 2 2 4 0.875 1 0 0 1 1 928 1 0
0 29.75 0.66 2 9 4 0.25 0 0 0 1 2 300 1 0
0 20.83 8.5 2 8 4 0.165 0 0 0 0 2 0 352 0
1 49.17 2.29 2 1 1 0.29 0 0 0 0 2 200 4 0
1 35.17 4.5 2 14 8 5.75 0 0 0 1 1 711 1 1
1 22.5 0.12 1 4 4 0.125 0 0 0 0 2 200 71 0
1 27.58 3.25 1 11 8 5.085 0 1 2 1 2 369 2 0
1 20.17 8.17 2 6 4 1.96 1 1 14 0 2 60 159 1
1 13.75 4 1 9 4 1.75 1 1 2 1 2 120 1001 1
1 34.25 1.75 2 9 5 0.25 1 0 0 1 2 163 1 0
1 21.92 0.54 1 14 4 0.04 1 1 1 1 2 840 60 1
1 51.83 2.04 1 1 1 1.5 0 0 0 0 2 120 2 0
0 27.17 1.25 2 1 1 0 0 1 1 0 2 92 301 0
1 18.07 5.5 2 4 4 0.5 1 0 0 0 2 80 1 1
0 16.5 1.25 2 11 4 0.25 0 1 1 0 2 108 99 0
0 30.67 12 2 8 4 2 1 1 1 0 2 220 20 1
1 23.17 0 2 13 4 0.085 1 0 0 0 2 0 1 1
1 21.33 7.5 2 6 4 1.415 1 1 1 0 2 80 9801 1
0 24.75 3 2 11 8 1.835 1 1 19 0 2 0 501 1
1 22.67 0.16 2 8 3 2.25 0 0 0 1 1 0 1 1
1 36.42 0.75 1 2 4 0.585 0 0 0 0 2 240 4 0
1 41.92 0.42 2 8 8 0.21 1 1 6 0 2 220 949 1
0 25.42 1.12 2 11 4 1.29 1 1 2 0 2 200 1 0
0 18.82 9.53 2 6 4 0.085 1 0 0 0 2 100 1 1
1 54.83 15.5 2 10 9 0 1 1 20 0 2 152 131 0
1 26.92 2.25 2 3 5 0.5 0 0 0 1 2 640 4001 0
1 24.83 2.75 2 8 4 2.25 1 1 6 0 2 184 601 1
0 21.67 11.5 1 5 3 0 1 1 11 1 2 0 1 1
1 21.67 1.16 1 4 4 2.5 1 1 1 0 2 180 21 0
0 44.17 6.66 2 11 4 7.375 1 1 3 1 2 0 1 1
1 73.42 17.75 2 1 1 0 1 0 0 1 2 0 1 1
1 28.25 5.04 1 8 5 1.5 1 1 8 1 2 144 8 1
1 26.67 4.25 2 13 4 4.29 1 1 1 1 2 120 1 1
1 25.58 0.33 2 4 8 3.5 0 0 0 1 2 340 1 0
1 39.17 1.71 2 14 4 0.125 1 1 5 1 2 480 1 1
1 40.58 3.29 2 7 4 3.5 0 0 0 1 1 400 1 0
0 21.92 11.66 2 4 8 0.085 0 0 0 0 2 320 6 0
1 31.92 4.46 2 13 8 6.04 1 1 3 0 2 311 301 1
0 28.75 3.75 2 8 4 1.085 1 1 1 1 2 371 1 1
1 48.58 6.5 2 11 8 6 1 0 0 1 2 350 1 1
1 32.75 2.33 2 2 8 5.75 0 0 0 1 2 292 1 0
1 23.33 1.5 2 8 8 1.415 1 0 0 0 2 422 201 1
0 34.83 1.25 1 3 8 0.5 0 0 0 1 2 160 1 0
1 20.42 1.83 2 8 4 2.25 1 1 1 0 2 100 151 1
1 25.17 6 2 8 4 1 1 1 3 0 2 0 1 1
1 30.08 1.04 1 3 5 0.5 1 1 10 1 2 132 29 0
0 18.57 10 2 2 4 0.415 0 0 0 0 2 80 43 0
1 32.33 3.5 2 4 4 0.5 0 0 0 1 2 232 1 0
1 23.25 1 2 8 4 0.835 1 0 0 0 1 300 1 1
0 15.83 0.58 2 8 8 1.5 1 1 2 0 2 100 1 1
1 22.33 11 2 9 4 2 1 1 1 0 2 80 279 1
0 15.92 2.87 2 11 4 0.085 0 0 0 0 2 120 1 0
0 18.92 9.25 1 8 4 1 1 1 4 1 2 80 501 1
1 28 2 2 4 8 4.165 1 1 2 1 2 181 1 1
1 26.17 0.83 2 13 4 1.165 0 0 0 0 2 100 1 0
1 23.08 0 2 4 4 1 0 1 11 0 1 0 1 0
1 26.67 1.75 1 8 4 1 1 1 5 1 2 160 5778 1
1 25 11.25 2 8 4 2.5 1 1 17 0 2 200 1209 1

