1 22.67 2.54 1 8 8 2.585 1 0 0 0 2 0 1 1
1 29.58 4.5 2 9 4 7.5 1 1 2 1 2 330 1 1
0 28.5 1 2 11 4 1 1 1 2 1 2 167 501 0
1 16 3.12 2 9 4 0.085 0 1 1 0 2 0 7 0
1 41 0.04 2 10 4 0.04 0 1 1 0 1 560 1 1
0 38.58 5 2 13 4 13.5 1 0 0 1 2 980 1 0
0 52.17 0 1 1 1 0 0 0 0 0 2 0 1 0
1 25.08 1.71 2 14 4 1.665 1 1 1 1 2 395 21 1
1 64.08 20 2 14 8 17.5 1 1 9 1 2 0 1001 1
1 33.5 1.75 2 14 8 4.5 1 1 4 1 2 253 858 1
1 56.42 28 1 8 4 28.5 1 1 40 0 2 0 16 1
0 46.67 0.46 2 13 8 0.415 1 1 11 1 2 440 7 1
1 35.17 4.5 2 14 8 5.75 0 0 0 1 1 711 1 1
1 35.25 16.5 1 8 4 4 1 0 0 0 2 80 1 0
0 22.5 8.5 2 11 4 1.75 1 1 10 0 2 80 991 0
0 24.75 13.66 2 11 8 1.5 0 0 0 0 2 280 2 0
1 15.17 7 2 10 4 1 0 0 0 0 2 600 1 0
1 59.5 2.75 2 9 4 1.75 1 1 5 1 2 60 59 1
1 31.33 19.5 2 8 4 7 1 1 16 0 2 0 5001 1
0 27.67 2.04 2 9 4 0.25 0 0 0 1 2 180 51 0
0 58.67 4.46 2 11 8 3.04 1 1 6 0 2 43 561 1
1 22.58 10.03 2 14 4 0.04 1 1 9 0 2 60 397 1
1 21.25 1.5 2 9 4 1.5 0 0 0 0 2 150 9 1
1 39.17 1.71 2 14 4 0.125 1 1 5 1 2 480 1 1
1 36.67 3.25 2 11 8 9 1 0 0 1 2 102 640 1
1 41 0.04 2 10 4 0.04 0 1 1 0 1 560 1 1
1 27.25 1.66 2 13 8 5.085 1 1 9 0 2 399 828 1
1 47.17 5.83 2 9 4 5.5 0 0 0 0 2 465 151 0
1 37.75 7 2 11 8 11.5 1 1 7 1 2 300 6 0
0 17.32 9.5 2 6 4 1.75 0 1 10 1 2 0 11 0
1 17.07 3.29 2 3 4 0.335 0 0 0 1 2 140 3 0
1 28.58 3.62 2 6 4 0.25 0 0 0 1 2 100 1 0
0 21.75 1.75 1 5 3 0 0 0 0 0 2 160 1 0
1 31.57 0.5 2 8 5 0.835 1 0 0 1 1 320 1 0
0 22.83 2.29 2 11 8 2.29 1 1 7 1 2 140 2385 1
1 21.17 0.25 1 8 8 0.25 0 0 0 0 2 280 205 0
0 24.75 13.66 2 11 8 1.5 0 0 0 0 2 280 2 0
0 45 4.58 2 4 8 1 0 0 0 1 1 240 1 0
1 54.83 15.5 2 10 9 0 1 1 20 0 2 152 131 0
1 27.25 0.62 2 6 4 0.455 1 0 0 1 2 200 1 0
1 51.83 2.04 1 1 1 1.5 0 0 0 0 2 120 2 0
0 22.58 10.75 2 11 4 0.415 1 1 5 1 2 0 561 1
0 25.58 0 2 8 4 0 0 0 0 0 3 184 1 1
1 21.17 0.87 1 8 8 0.25 0 0 0 0 2 280 205 0
0 33.92 1.58 1 1 1 0 1 0 0 0 2 320 1 0
0 22.5 0.41 2 3 4 0.335 0 0 0 1 1 144 1 0
1 57.42 8.5 2 10 8 7 1 1 3 0 2 0 1 1
0 20.83 0.5 1 10 2 1 0 0 0 0 2 260 1 0
1 20.5 2.41 2 8 4 2 1 1 11 1 2 200 3001 1
1 19 1.75 1 8 4 2.335 0 0 0 1 2 112 7 0
1 54.42 0.5 1 4 8 3.96 1 0 0 0 2 180 315 1
1 18.82 0.41 1 8 4 0.165 0 1 1 0 2 200 2 0
0 16.5 1.25 2 11 4 0.25 0 1 1 0 2 108 99 0
1 19.42 1.5 1 13 4 2 1 0 0 1 2 100 21 0
1 22.17 2.25 2 3 4 0.125 0 0 0 0 2 160 11 0
1 43.17 5 2 3 5 2.25 0 0 0 1 2 141 1 0
1 19.17 4 1 3 4 1 0 0 0 1 2 360 1001 0
1 32.08 4 2 7 4 2.5 1 0 0 1 2 360 1 1
1 48.08 6.04 2 4 4 0.04 0 0 0 0 2 0 2691 1
0 41 2.04 1 11 8 0.125 1 1 23 1 2 455 1237 1
1 28.75 1.16 2 4 4 0.5 1 0 0 0 1 280 1 0
1 23.08 2.5 2 1 1 0.085 0 0 0 1 2 100 4209 0
0 28.5 1 2 11 4 1 1 1 2 1 2 167 501 0
1 27.83 1 1 2 8 3 0 0 0 0 2 176 538 0
1 42.83 1.25 2 7 4 13.875 0 1 1 1 2 352 113 0
0 32.25 1.5 2 8 4 0.25 0 0 0 1 2 372 123 0
0 36.75 5.12 2 10 4 5 1 0 0 1 2 0 4001 1
1 21.92 0.54 1 14 4 0.04 1 1 1 1 2 840 60 1
1 23.92 0.58 1 13 8 0.125 0 0 0 0 2 240 2 0
1 20.5 2.41 2 8 4 2 1 1 11 1 2 200 3001 1
1 29.58 4.5 2 9 4 7.5 1 1 2 1 2 330 1 1
0 24.83 4.5 2 9 4 1 0 0 0 1 2 360 7 0
1 31.58 0.75 1 6 4 3.5 0 0 0 1 2 320 1 0
1 41.5 1.54 2 3 5 3.5 0 0 0 0 2 216 1 1
1 31.08 1.5 1 9 4 0.04 0 0 0 0 1 160 1 0
1 36.17 18.12 2 9 4 0.085 0 0 0 0 2 320 3553 0
1 22.08 0.83 2 8 8 2.165 0 0 0 1 2 128 1 1
0 56.83 4.25 1 1 1 5 0 0 0 1 2 0 5 0
1 25 12 2 4 4 2.25 1 1 2 1 2 120 6 0
0 23.25 5.87 2 11 4 3.17 1 1 10 0 2 120 246 1
1 37.75 7 2 11 8 11.5 1 1 7 1 2 300 6 0
1 31.57 3 1 3 5 7 0 0 0 0 2 0 2 0
1 22.92 3.16 1 8 4 0.165 0 0 0 0 2 160 1059 0
1 40.58 3.29 2 7 4 3.5 0 0 0 1 1 400 1 0
1 29.83 3.5 2 8 4 0.165 0 0 0 0 2 216 1 0
1 22.58 10.03 2 14 4 0.04 1 1 9 0 2 60 397 1
1 35.17 2.5 2 4 4 4.5 1 1 7 0 2 150 1271 1
1 31.25 1.12 2 1 1 0 0 1 1 0 2 96 20 0
1 28 2 2 4 8 4.165 1 1 2 1 2 181 1 1
1 29.67 0.75 1 8 4 0.04 0 0 0 0 2 240 1 0
1 31.83 0.04 1 7 4 0.04 0 0 0 0 2 0 1 0
1 41.92 0.42 2 8 8 0.21 1 1 6 0 2 220 949 1
0 27.67 1.5 2 7 4 2 1 0 0 0 1 368 1 0
1 33.67 2.16 2 8 4 1.5 0 0 0 0 3 120 1 0
1 43.08 0.37 1 8 4 0.375 1 1 8 1 2 300 163 1
1 21.33 10.5 2 8 4 3 1 0 0 1 2 0 1 1
1 19.57 0.58 2 1 1 0 0 1 3 0 2 350 770 0
0 55.75 7.08 2 4 8 6.75 1 1 3 1 2 100 51 0
1 18.67 5 2 11 4 0.375 1 1 2 0 2 0 39 0
0 21.75 1.75 1 5 3 0 0 0 0 0 2 160 1 0
0 22.5 0.41 2 3 4 0.335 0 0 0 1 1 144 1 0
0 58.33 10 2 11 4 4 1 1 14 0 2 0 1603 1
1 39.17 1.71 2 14 4 0.125 1 1 5 1 2 480 1 1
1 19.67 10 1 4 8 0.835 1 0 0 1 2 140 1 0
1 28.58 3.62 2 6 4 0.25 0 0 0 1 2 100 1 0
0 30 5.29 2 10 2 2.25 1 1 5 1 2 99 501 1
0 29.5 2 1 10 8 2 0 0 0 0 2 256 18 0
1 23.75 12 2 8 4 2.085 0 0 0 0 1 80 1 0
1 29.83 2.04 1 14 8 0.04 0 0 0 0 2 128 2 0
1 52.5 6.5 2 4 4 6.29 1 1 15 0 2 0 11203 1
0 28.67 1.04 2 8 4 2.5 1 1 5 1 2 300 1431 1
1 23 0.62 1 6 4 0.125 1 0 0 0 2 180 2 0
1 27.25 1.58 2 13 8 1.835 1 1 12 1 2 583 714 1
1 31.57 0.5 2 8 5 0.835 1 0 0 1 1 320 1 0
0 20.83 0.5 1 10 2 1 0 0 0 0 2 260 1 0
1 25 12 2 4 4 2.25 1 1 2 1 2 120 6 0
0 24.5 1.04 1 1 1 0.5 1 1 3 0 2 180 148 0
1 25.33 0.57 2 8 4 0.29 1 1 7 1 2 96 5125 1
1 19.17 9.5 2 9 4 1.5 1 0 0 0 2 120 2207 1
0 33.17 2.25 1 13 4 3.5 0 0 0 1 2 200 142 0
1 27.58 2.04 1 6 4 2 1 1 3 1 2 370 561 1
1 41.17 1.25 1 9 4 0.25 0 0 0 0 2 0 196 0
0 25 12.33 2 13 8 3.5 1 1 6 0 2 400 459 1
1 15.17 7 2 10 4 1 0 0 0 0 2 600 1 0
1 36.67 2 2 3 4 0.25 0 0 0 1 2 221 1 0
0 20.32 10 2 8 8 1 1 1 4 0 2 50 1466 1
1 21 4.79 1 9 4 2.25 1 1 1 1 2 80 301 1
1 34.92 5 2 14 8 7.5 1 1 6 1 2 0 1001 1
1 22 7.83 1 3 5 0.165 0 0 0 1 2 184 1 0
1 26.67 1.75 1 8 4 1 1 1 5 1 2 160 5778 1
0 20.67 1.83 2 11 4 2.085 1 1 5 0 2 220 2504 1
1 47.17 5.83 2 9 4 5.5 0 0 0 0 2 465 151 0
1 21.33 10.5 2 8 4 3 1 0 0 1 2 0 1 1
1 23.17 0 2 8 4 0 0 0 0 0 3 184 1 1
1 39.42 1.71 1 7 4 0.165 0 0 0 0 1 400 1 0
0 28.58 1.66 2 11 4 2.415 1 0 0 1 2 440 1 0
1 36.17 0.42 1 9 4 0.29 0 0 0 1 2 309 3 0
1 40.58 5 2 8 4 5 1 1 7 0 2 0 3066 1
0 28.58 3.54 2 3 5 0.5 1 0 0 1 2 171 1 0
1 31 2.08 2 8 4 0.085 0 0 0 0 2 300 1 0
1 32.42 3 2 2 4 0.165 0 0 0 1 2 120 1 0
0 36.75 4.71 2 1 1 0 0 0 0 0 2 160 1 0
1 59.5 2.75 2 9 4 1.75 1 1 5 1 2 60 59 1
0 20.42 10.5 1 14 8 0 0 0 0 1 2 154 33 0
1 36.25 5 2 8 5 2.5 1 1 6 0 2 0 368 1
0 16.07 0.33 2 1 1 0 0 1 1 0 2 160 127 0
1 16.92 0.33 1 4 4 0.29 0 0 0 0 1 200 1 0
1 42.83 1.25 2 7 4 13.875 0 1 1 1 2 352 113 0
1 21.83 0.25 2 2 8 0.665 1 0 0 1 2 0 1 1
0 18.92 9.25 1 8 4 1 1 1 4 1 2 80 501 1
1 24.58 1.25 2 8 4 0.25 0 0 0 0 2 110 1 0
1 34.83 2.5 1 9 4 3 0 0 0 0 1 200 1 0
0 28.17 0.37 2 11 4 0.585 1 1 4 0 2 80 1 1
1 74.83 19 1 1 1 0.04 0 1 2 0 2 0 352 0
1 16.17 0.04 2 8 4 0.04 0 0 0 0 2 0 1 1
1 27.75 0.58 1 13 4 0.25 1 1 2 0 2 260 501 1
1 25.67 3.25 2 8 8 2.29 0 1 1 1 2 416 22 0
1 43.17 2.25 2 3 5 0.75 1 0 0 0 2 560 1 0
1 17.07 0.08 1 8 4 0.04 0 0 0 0 2 140 723 0
0 37.75 5.5 2 11 4 0.125 1 0 0 1 2 228 1 1
1 32.33 7.5 2 10 5 1.585 1 0 0 1 1 420 1 0
0 22.67 3.8 2 8 4 0.165 0 0 0 0 2 160 1 0
0 25.42 1.12 2 11 4 1.29 1 1 2 0 2 200 1 0
1 39.83 0.5 2 7 4 0.25 1 0 0 0 1 288 1 0
1 16.25 0 1 6 4 0.25 0 0 0 0 2 60 1 0
1 52.5 6.5 2 4 4 6.29 1 1 15 0 2 0 11203 1
0 18.25 10 2 9 4 1 0 1 1 0 2 120 2 0
0 41.58 1.04 2 6 4 0.665 0 0 0 0 2 240 238 0
0 28.17 0.37 2 11 4 0.585 1 1 4 0 2 80 1 1
0 20.42 0.83 2 11 4 1.585 1 1 1 0 2 0 1 1
1 25.92 0.87 2 4 4 0.375 0 1 2 1 2 174 4 0
0 17.92 10.21 2 1 1 0 0 0 0 0 2 0 51 0
1 18.07 6.75 1 7 4 0.04 0 0 0 0 2 140 1 0
1 19.57 0.58 2 1 1 0 0 1 3 0 2 350 770 0
1 49.58 19 2 1 1 0 1 1 1 0 2 94 1 0
1 23.25 4 2 8 5 0.25 1 0 0 1 2 160 1 1
1 21.08 10.08 1 10 8 1.25 0 0 0 0 2 260 1 0
0 69.5 6 2 1 1 0 0 0 0 0 1 0 1 0
1 36.33 2.12 1 9 4 0.085 1 1 1 0 2 50 1188 1
1 37.5 0.83 2 10 4 0.04 0 0 0 0 2 120 6 0
1 27 0.75 2 8 8 4.25 1 1 3 1 2 312 151 1
1 42 9.78 2 14 8 7.96 1 1 8 0 2 0 1 1
1 39.92 5 2 3 5 0.21 0 0 0 0 2 550 1 0
1 27.25 0.62 2 6 4 0.455 1 0 0 1 2 200 1 0
0 25 11 1 6 4 4.5 1 0 0 0 2 120 1 0
0 18.75 7.5 2 11 4 2.71 1 1 5 0 2 184 26727 1
0 38.25 6 2 4 4 1 1 0 0 1 2 0 1 1
0 22.42 11.25 1 14 8 0.75 1 1 4 0 2 0 322 1
0 18.42 9.25 2 11 4 1.21 1 1 4 0 2 60 541 1
1 29.58 4.5 2 9 4 7.5 1 1 2 1 2 330 1 1
1 34.08 0.08 1 7 5 0.04 1 1 1 1 2 280 2001 1
0 36.58 0.28 2 1 1 0 0 1 10 0 2 200 19 0
1 36.67 2 2 3 4 0.25 0 0 0 1 2 221 1 0
1 41 0.04 2 10 4 0.04 0 1 1 0 1 560 1 1
1 23.92 0.66 2 8 4 0.165 0 0 0 0 2 100 1 1
0 24.33 2.5 1 3 5 4.5 0 0 0 0 2 200 457 0
1 24.5 13.33 1 6 4 0.04 0 0 0 1 2 120 476 0
0 31.75 3 1 5 3 0 0 0 0 0 2 160 21 0
1 26.83 0.54 2 4 1 0 0 0 0 0 2 100 1 0
1 35.25 16.5 1 8 4 4 1 0 0 0 2 80 1 0
0 18.82 4.41 1 8 8 3 1 0 0 0 2 240 1 1
0 37.75 5.5 2 11 4 0.125 1 0 0 1 2 228 1 1
1 21.83 0.25 2 2 8 0.665 1 0 0 1 2 0 1 1
0 25.58 0 2 8 4 0 0 0 0 0 3 184 1 1
1 28.75 1.16 2 4 4 0.5 1 0 0 0 1 280 1 0
0 24.5 2.41 1 8 4 0 0 0 0 0 2 120 1 0
1 34 5.08 1 3 5 1.085 0 0 0 1 2 480 1 0
1 32.33 2.5 2 8 4 1.25 0 0 0 1 2 280 1 0
1 55.92 11.5 2 1 1 5 1 1 5 0 2 0 8852 1
1 39.33 5.87 2 13 8 10 1 1 14 1 2 399 1 1
1 29.5 0.57 2 9 4 0.29 0 1 1 0 2 340 2804 0
0 18.42 9.25 2 11 4 1.21 1 1 4 0 2 60 541 1
0 58.67 4.46 2 11 8 3.04 1 1 6 0 2 43 561 1
1 42.75 4.08 2 6 4 0.04 0 0 0 0 2 108 101 0
0 21.67 11.5 1 5 3 0 1 1 11 1 2 0 1 1
0 36.75 5.12 2 10 4 5 1 0 0 1 2 0 4001 1
1 40.58 5 2 8 4 5 1 1 7 0 2 0 3066 1
1 30.17 0.5 2 8 4 1.75 1 1 11 0 2 32 541 1
1 54.33 6.75 2 8 8 2.625 1 1 11 1 2 0 285 1
1 69.17 9 2 1 1 4 0 1 1 0 2 70 7 0

