0 33.67 0.37 2 13 4 0.375 0 0 0 0 2 300 45 1
0 22.92 1.25 2 11 4 0.25 0 0 0 1 2 120 810 0
1 36.33 3.79 2 9 4 1.165 1 0 0 1 2 200 1 0
0 58.67 4.46 2 11 8 3.04 1 1 6 0 2 43 561 1
0 35.75 0.91 2 6 4 0.75 1 1 4 0 2 0 1584 1
0 19.17 5.41 2 3 8 0.29 0 0 0 0 2 80 485 0
1 35.75 2.41 2 9 4 0.125 0 1 2 0 2 220 2 0
1 41.17 1.25 1 9 4 0.25 0 0 0 0 2 0 196 0
0 40.83 10 2 11 8 1.75 1 0 0 0 2 29 838 1
1 33.67 1.25 2 9 4 1.165 0 0 0 0 2 120 1 0
1 40.25 21.5 2 10 9 20 1 1 11 0 2 0 1201 1
1 29.25 13 2 2 8 0.5 0 0 0 0 2 228 1 0
1 22.67 0.16 2 8 3 2.25 0 0 0 1 1 0 1 1
1 26.67 1.75 1 8 4 1 1 1 5 1 2 160 5778 1
1 33.75 2.75 2 3 5 0 0 0 0 0 2 180 1 0
1 52.33 1.37 1 8 8 9.46 1 0 0 1 2 200 101 0
0 21.5 6 2 6 4 2.5 1 1 3 0 2 80 919 1
1 60.08 14.5 2 1 1 18 1 1 15 1 2 0 1001 1
1 26.83 0.54 2 4 1 0 0 0 0 0 2 100 1 0
1 31.83 0.04 1 7 4 0.04 0 0 0 0 2 0 1 0
1 44.25 11 1 2 4 1.5 1 0 0 0 1 0 1 0
0 58.33 10 2 11 4 4 1 1 14 0 2 0 1603 1
0 21.75 1.75 1 5 3 0 0 0 0 0 2 160 1 0
1 34.92 2.5 2 9 4 0 1 0 0 1 2 239 201 1
1 19.42 7.25 2 7 4 0.04 0 1 1 0 2 100 2 0
1 33.58 0.25 2 3 5 4 0 0 0 1 1 420 1 0
1 30.33 0.5 2 2 8 0.085 0 0 0 1 1 252 1 0
1 25.42 0.54 2 9 4 0.165 0 1 1 0 2 272 445 0
1 43.08 0.37 1 8 4 0.375 1 1 8 1 2 300 163 1
1 26 1 2 11 4 1.75 1 0 0 1 2 280 1 1
1 15.17 7 2 10 4 1 0 0 0 0 2 600 1 0
0 35.42 12 2 11 8 14 1 1 8 0 2 0 6591 1
1 39.92 6.21 2 11 4 0.04 1 1 1 0 2 200 301 1
0 33.08 1.62 2 2 4 0.54 0 0 0 1 2 0 1 0
0 58.67 4.46 2 11 8 3.04 1 1 6 0 2 43 561 1
1 20.67 0.41 2 8 4 0.125 0 0 0 0 2 0 45 0
0 20.83 0.5 1 10 2 1 0 0 0 0 2 260 1 0
1 24.42 12.33 2 11 8 1.585 1 0 0 1 2 120 1 1
0 23.42 0.79 1 11 4 1.5 1 1 2 1 2 80 401 1
1 34.75 15 2 12 7 5.375 1 1 9 1 2 0 135 1
1 22.67 2.54 1 8 8 2.585 1 0 0 0 2 0 1 1
1 32.25 14 1 1 1 0 0 1 2 0 2 160 2 0
1 39.92 0.54 1 6 4 0.5 1 1 3 0 2 200 1001 1
0 47.42 8 2 10 5 6.5 1 1 6 0 2 375 51101 1
0 35.75 0.91 2 6 4 0.75 1 1 4 0 2 0 1584 1
1 18.07 6.75 1 7 4 0.04 0 0 0 0 2 140 1 0
1 34.83 4 2 2 5 12.5 1 0 0 1 2 184 1 0
1 25.75 0.75 2 8 5 0.25 1 0 0 0 2 349 24 1
1 39.17 1.71 2 14 4 0.125 1 1 5 1 2 480 1 1
0 24.92 1.25 2 1 1 0 1 0 0 0 2 80 1 0
1 25.67 2.21 1 6 4 4 1 0 0 0 2 188 1 0
1 39.17 1.71 2 14 4 0.125 1 1 5 1 2 480 1 1
1 18.82 0.41 1 8 4 0.165 0 1 1 0 2 200 2 0
1 23 0.62 1 6 4 0.125 1 0 0 0 2 180 2 0
0 17.92 0.54 2 8 4 1.75 0 1 1 1 2 80 6 0
1 18.07 5.5 2 4 4 0.5 1 0 0 0 2 80 1 1
1 22.75 11 2 11 4 2.5 1 1 7 1 2 100 810 1
1 27.67 0.75 2 11 8 0.165 0 0 0 1 2 220 252 0
1 26.17 12.5 1 4 8 1.25 0 0 0 1 2 0 18 0
1 47.17 5.83 2 9 4 5.5 0 0 0 0 2 465 151 0
0 28.58 1.66 2 11 4 2.415 1 0 0 1 2 440 1 0
1 21 3 1 2 4 1.085 1 1 8 1 2 160 2 1
1 48.75 26.33 1 1 1 0 1 0 0 1 2 0 1 0
1 32.42 3 2 2 4 0.165 0 0 0 1 2 120 1 0
1 37.42 2.04 2 9 4 0.04 1 0 0 1 2 400 5801 1
1 31.57 5 1 6 4 8.5 1 0 0 0 2 0 1 0
1 24.58 13.5 1 1 1 0 0 0 0 0 2 184 1 0
0 18.92 9.25 1 8 4 1 1 1 4 1 2 80 501 1
1 26.75 2 2 2 4 0.75 0 0 0 1 2 80 1 0
0 25.25 13.5 1 1 1 2 0 1 1 1 2 200 2 0
1 23 0.75 2 7 4 0.5 0 0 0 1 1 320 1 0
1 58.58 2.71 2 8 4 2.415 0 0 0 1 2 320 1 0
1 42.75 3 2 3 5 1 1 0 0 0 2 0 201 0
0 28.5 3.04 1 14 8 2.54 1 1 1 0 2 70 1 1
0 23.42 0.79 1 11 4 1.5 1 1 2 1 2 80 401 1
1 48.33 12 2 7 4 16 1 0 0 0 1 110 1 1
1 31.08 1.5 1 9 4 0.04 0 0 0 0 1 160 1 0
0 27.67 1.5 2 7 4 2 1 0 0 0 1 368 1 0
0 19.17 0.58 1 6 4 0.585 1 0 0 1 2 160 1 0
1 23.25 12.62 2 8 4 0.125 0 1 2 0 2 0 5553 0
1 29.67 1.41 2 9 8 0.75 1 1 1 0 2 240 101 1
1 29.25 14.79 2 6 4 5.04 1 1 5 1 2 168 1 1
0 16.5 1.25 2 11 4 0.25 0 1 1 0 2 108 99 0
0 24.5 2.41 1 8 4 0 0 0 0 0 2 120 1 0
1 49.58 19 2 1 1 0 1 1 1 0 2 94 1 0
1 36.08 2.54 2 1 1 0 0 0 0 0 2 0 1001 0
1 23 0.75 2 7 4 0.5 1 0 0 1 1 320 1 0
1 20.5 2.41 2 8 4 2 1 1 11 1 2 200 3001 1
1 22.92 0.17 2 7 4 0.085 0 0 0 0 1 0 1 0
0 18.82 9.53 2 6 4 0.085 1 0 0 0 2 100 1 1
0 32 6 2 2 4 1.25 0 0 0 0 2 272 1 0
1 39.83 0.5 2 7 4 0.25 1 0 0 0 1 288 1 0
0 58.67 4.46 2 11 8 3.04 1 1 6 0 2 43 561 1
0 58.33 10 2 11 4 4 1 1 14 0 2 0 1603 1
0 24.75 3 2 11 8 1.835 1 1 19 0 2 0 501 1
0 68.67 15 2 10 9 0 1 1 14 0 2 0 3377 1
0 15.83 7.62 2 11 4 0.125 0 1 1 1 2 0 161 0
1 21.83 11 2 14 4 0.29 1 1 6 0 2 121 1 1
0 22.67 0.75 2 8 4 2 0 1 2 1 2 200 395 0
1 20 7 2 8 4 0.5 0 0 0 0 2 0 1 0
1 28.75 1.16 2 4 4 0.5 1 0 0 0 1 280 1 0
1 28.75 1.16 2 4 4 0.5 1 0 0 0 1 280 1 0
1 16.07 0.75 2 8 4 1.75 1 1 5 1 2 352 691 1
1 23.17 0 2 13 4 0.085 1 0 0 0 2 0 1 1
0 46.67 0.46 2 13 8 0.415 1 1 11 1 2 440 7 1
1 18.82 3.54 1 1 1 0 0 0 0 1 2 180 2 0
1 65.42 11 2 10 9 20 1 1 7 1 2 22 1 1
0 45 4.58 2 4 8 1 0 0 0 1 1 240 1 0
1 30.33 0.5 2 2 8 0.085 0 0 0 1 1 252 1 0
1 29.92 1.83 2 8 8 4.335 1 0 0 0 2 260 201 1
0 23 11.75 2 14 8 0.5 1 1 2 1 2 300 552 1
1 28.58 3.62 2 6 4 0.25 0 0 0 1 2 100 1 0
1 28.58 3.62 2 6 4 0.25 0 0 0 1 2 100 1 0
1 28.58 3.62 2 6 4 0.25 0 0 0 1 2 100 1 0
1 23.5 3.16 1 4 4 0.415 0 1 1 1 2 280 81 0
1 22.08 2.33 2 4 4 0.75 0 0 0 0 2 180 1 0
1 21 3 1 2 4 1.085 1 1 8 1 2 160 2 1
0 33.25 3 1 6 4 2 0 0 0 0 2 180 1 0
1 21.17 0.87 1 8 8 0.25 0 0 0 0 2 280 205 0
0 23 1.83 2 5 3 0 0 1 1 0 2 200 54 0
0 23.58 0.58 1 1 1 0.125 0 0 0 0 2 120 88 0
1 41.17 4.04 2 13 8 7 1 1 8 0 2 320 1 1
1 36.17 18.12 2 9 4 0.085 0 0 0 0 2 320 3553 0
1 34.92 5 2 14 8 7.5 1 1 6 1 2 0 1001 1
1 22.17 2.25 2 3 4 0.125 0 0 0 0 2 160 11 0
0 24.5 1.75 1 8 4 0.165 0 0 0 0 2 132 1 0
1 21.08 10.08 1 10 8 1.25 0 0 0 0 2 260 1 0
1 35.75 2.41 2 9 4 0.125 0 1 2 0 2 220 2 0
0 42.25 1.75 1 8 4 0 0 0 0 1 2 150 2 0
0 51.92 6.5 2 3 5 3.085 0 0 0 1 2 73 1 0
1 51.58 15 2 8 4 8.5 1 1 9 0 2 0 1 1
1 35.17 2.5 2 4 4 4.5 1 1 7 0 2 150 1271 1
1 49.58 19 2 1 1 0 1 1 1 0 2 94 1 0
1 26 1 2 11 4 1.75 1 0 0 1 2 280 1 1
1 18.82 0.41 1 8 4 0.165 0 1 1 0 2 200 2 0
1 16.32 2.75 2 6 4 0.665 0 1 1 0 2 80 22 0
1 48.75 8.5 2 8 8 12.5 1 1 9 0 2 181 1656 1
0 20.32 10 2 8 8 1 1 1 4 0 2 50 1466 1
1 26.17 0.83 2 13 4 1.165 0 0 0 0 2 100 1 0
0 32.33 0.54 2 13 4 0.04 1 0 0 0 2 440 11178 1
0 24.83 4.5 2 9 4 1 0 0 0 1 2 360 7 0
1 22.92 0.17 2 7 4 0.085 0 0 0 0 1 0 1 0
1 80.25 5.5 2 8 4 0.54 1 0 0 0 2 0 341 0
1 34.92 2.5 2 9 4 0 1 0 0 1 2 239 201 1
1 48.17 3.5 2 6 4 3.5 1 0 0 0 1 230 1 1
1 31.57 0.04 1 2 4 4.25 0 0 0 1 2 460 1 0
1 37.33 2.66 2 13 4 0.165 0 0 0 1 2 0 502 0
0 46.67 0.46 2 13 8 0.415 1 1 11 1 2 440 7 1
1 20.17 5.62 2 9 4 1.71 1 0 0 0 1 120 1 1
1 74.83 19 1 1 1 0.04 0 1 2 0 2 0 352 0
1 20.5 10 1 8 4 2.5 1 0 0 0 1 40 1 1
0 52.83 15 2 8 4 5.5 1 1 14 0 2 0 2201 1
1 25.17 3 2 8 4 1.25 0 1 1 0 2 0 23 0
1 37.33 2.66 2 13 4 0.165 0 0 0 1 2 0 502 0
0 33.25 2.5 1 8 4 2.5 0 0 0 1 2 0 3 0
1 26.17 0.83 2 13 4 1.165 0 0 0 0 2 100 1 0
0 28.5 1 2 11 4 1 1 1 2 1 2 167 501 0
1 24.58 13.5 1 1 1 0 0 0 0 0 2 184 1 0
1 27.58 3.25 1 11 8 5.085 0 1 2 1 2 369 2 0
1 28.33 5 2 9 4 11 1 0 0 1 2 70 1 1
0 28.42 3.5 2 9 4 0.835 1 0 0 0 1 280 1 1
1 31.33 19.5 2 8 4 7 1 1 16 0 2 0 5001 1
1 25.25 1 2 6 4 0.5 0 0 0 0 2 200 1 0
1 30.17 6.5 2 13 4 3.125 1 1 8 0 2 330 1201 1
1 18.42 10.41 1 6 4 0.125 1 0 0 0 2 120 376 0
0 40.83 10 2 11 8 1.75 1 0 0 0 2 29 838 1
0 20.75 10.25 2 11 4 0.71 1 1 2 1 2 49 1 1
1 59.67 1.54 2 11 4 0.125 1 0 0 1 2 260 1 1
1 25.67 0.28 1 8 4 1.5 0 0 0 1 2 160 1 0
1 19.42 7.25 2 7 4 0.04 0 1 1 0 2 100 2 0
0 16.32 0.21 2 6 4 0.125 0 0 0 0 2 200 2 0
1 23.17 0 2 8 4 0 0 0 0 0 3 184 1 1
1 34 5.08 1 3 5 1.085 0 0 0 1 2 480 1 0
0 20.5 11.83 2 8 8 6 1 0 0 0 2 340 1 1
1 23.42 1 2 8 4 0.5 0 0 0 1 1 280 1 0
0 20.83 0.5 1 10 2 1 0 0 0 0 2 260 1 0
0 46.67 0.46 2 13 8 0.415 1 1 11 1 2 440 7 1
1 47.67 2.5 2 7 5 2.5 1 1 12 1 2 410 2511 1
1 23.92 1.5 2 2 8 1.875 1 1 6 0 2 200 328 1
1 31.57 10.5 2 14 4 6.5 1 0 0 0 2 0 1 1
1 23.25 4 2 8 5 0.25 1 0 0 1 2 160 1 1
1 56.75 12.25 2 7 4 1.25 1 1 4 1 2 200 1 1
1 38.92 1.75 2 4 4 0.5 0 0 0 1 2 300 3 0
1 22.75 11.5 2 3 4 0.415 0 0 0 0 2 0 1 0
1 30.75 1.58 2 2 4 0.585 0 0 0 1 1 0 1 0
1 25.08 1.71 2 14 4 1.665 1 1 1 1 2 395 21 1
1 57.83 7.04 2 7 4 14 1 1 6 1 2 360 1333 1
1 30.33 0.5 2 2 8 0.085 0 0 0 1 1 252 1 0
1 21.83 11 2 14 4 0.29 1 1 6 0 2 121 1 1
1 28.25 0.87 2 7 4 0.96 1 1 3 1 2 396 1 1
1 28.75 1.16 2 4 4 0.5 1 0 0 0 1 280 1 0
0 36 1 2 8 4 2 1 1 11 0 2 0 457 1
1 69.17 9 2 1 1 4 0 1 1 0 2 70 7 0
0 24.5 2.41 1 8 4 0 0 0 0 0 2 120 1 0
0 24.5 1.75 1 8 4 0.165 0 0 0 0 2 132 1 0
1 19.5 9.58 2 6 4 0.79 0 0 0 0 2 80 351 0
0 36.75 4.71 2 1 1 0 0 0 0 0 2 160 1 0
1 29.42 1.25 2 8 8 0.25 0 1 2 1 2 400 109 0
1 26.83 0.54 2 4 1 0 0 0 0 0 2 100 1 0
0 68.67 15 2 10 9 0 1 1 14 0 2 0 3377 1
1 23 0.62 1 6 4 0.125 1 0 0 0 2 180 2 0
1 44.83 7 1 8 4 1.625 0 0 0 0 2 160 3 0
1 27.83 1.54 2 9 4 3.75 1 1 5 1 2 100 4 1
1 19.5 0.28 2 4 4 0.29 0 0 0 0 2 280 365 0
0 25.33 2.08 2 8 8 2.75 1 0 0 1 2 360 2 0
1 24.58 1.25 2 8 4 0.25 0 0 0 0 2 110 1 0
1 35 3.37 2 8 8 8.29 0 0 0 1 2 0 1 0
1 28.25 5.04 1 8 5 1.5 1 1 8 1 2 144 8 1
1 24.5 13.33 1 6 4 0.04 0 0 0 1 2 120 476 0
1 38.42 0.7 2 8 4 0.375 0 1 2 0 2 225 501 0
1 38.25 10.12 1 4 4 0.125 0 0 0 0 2 160 1 0
0 22.5 0.41 2 3 4 0.335 0 0 0 1 1 144 1 0
0 30.58 10.66 2 11 8 0.085 0 1 12 1 2 129 4 0
1 41.17 4.04 2 13 8 7 1 1 8 0 2 320 1 1
1 31.57 4 2 14 4 5 1 1 3 1 2 290 2280 1
1 40 6.5 2 6 5 3.5 1 1 1 0 2 0 501 1
1 23.42 1 2 8 4 0.5 0 0 0 1 1 280 1 0
0 33.92 1.58 1 1 1 0 1 0 0 0 2 320 1 0
1 31.57 5 1 6 4 8.5 1 0 0 0 2 0 1 0
1 23.08 11.5 2 3 4 3.5 1 1 9 0 2 56 743 1

