1 60.08 14.5 2 1 1 18 1 1 15 1 2 0 1001 1
0 22.42 11.25 1 14 8 0.75 1 1 4 0 2 0 322 1
0 52.17 0 1 1 1 0 0 0 0 0 2 0 1 0
0 20.07 0.12 2 11 4 1 0 1 1 0 2 240 769 1
1 34.42 1.33 2 3 5 0.125 0 0 0 1 2 440 4501 0
1 17.07 0.08 1 8 4 0.04 0 0 0 0 2 140 723 0
1 31.67 0.83 2 14 4 1.335 1 1 8 1 2 303 3291 1
1 28.58 3.62 2 6 4 0.25 0 0 0 1 2 100 1 0
0 41.58 1.04 2 6 4 0.665 0 0 0 0 2 240 238 0
1 39.17 1.71 2 14 4 0.125 1 1 5 1 2 480 1 1
0 44.17 6.66 2 11 4 7.375 1 1 3 1 2 0 1 1
1 13.75 4 1 9 4 1.75 1 1 2 1 2 120 1001 1
1 22.67 1.58 1 9 4 3.085 1 1 6 0 2 80 1 1
0 24.5 12.75 2 8 5 4.75 1 1 2 0 2 73 445 1
1 27.25 0.62 2 6 4 0.455 1 0 0 1 2 200 1 0
1 22 0.79 2 9 4 0.29 0 1 1 0 2 420 284 0
1 22.25 0.46 2 4 4 0.125 0 0 0 1 2 280 56 0
1 49.58 19 2 1 1 0 1 1 1 0 2 94 1 0
1 28.33 5 2 9 4 11 1 0 0 1 2 70 1 1
0 25 11 1 6 4 4.5 1 0 0 0 2 120 1 0
0 28.5 3.04 1 14 8 2.54 1 1 1 0 2 70 1 1
1 19.42 1.5 1 13 4 2 1 0 0 1 2 100 21 0
1 19.57 0.58 2 1 1 0 0 1 3 0 2 350 770 0
0 24.5 1.04 1 1 1 0.5 1 1 3 0 2 180 148 0
1 59.67 1.54 2 11 4 0.125 1 0 0 1 2 260 1 1
0 32 6 2 2 4 1.25 0 0 0 0 2 272 1 0
1 31.58 0.75 1 6 4 3.5 0 0 0 1 2 320 1 0
1 57.42 8.5 2 10 8 7 1 1 3 0 2 0 1 1
1 25.17 3 2 8 4 1.25 0 1 1 0 2 0 23 0
1 23.42 1 2 8 4 0.5 0 0 0 1 1 280 1 0
1 44.25 0.5 2 7 4 10.75 1 0 0 0 1 400 1 0
0 24.5 12.75 2 8 5 4.75 1 1 2 0 2 73 445 1
1 22.92 3.16 1 8 4 0.165 0 0 0 0 2 160 1059 0
1 39.17 1.62 2 8 4 1.5 1 1 10 0 2 186 4701 1
0 23.25 5.87 2 11 4 3.17 1 1 10 0 2 120 246 1
0 46 4 2 5 3 0 1 0 0 0 2 100 961 1
1 41.92 0.42 2 8 8 0.21 1 1 6 0 2 220 949 1
0 64.08 0.16 2 1 1 0 1 1 1 0 2 232 101 1
0 22.92 11.58 2 13 4 0.04 1 0 0 0 2 80 1350 1
1 21.08 10.08 1 10 8 1.25 0 0 0 0 2 260 1 0
1 18.82 0 2 11 4 0.665 0 0 0 0 2 160 2 0
1 20.67 5.29 2 11 4 0.375 1 1 1 0 2 160 1 0
1 31 2.08 2 8 4 0.085 0 0 0 0 2 300 1 0
1 34.92 2.5 2 9 4 0 1 0 0 1 2 239 201 1
1 38.25 10.12 1 4 4 0.125 0 0 0 0 2 160 1 0
1 39.83 0.5 2 7 4 0.25 1 0 0 0 1 288 1 0
0 20.75 10.25 2 11 4 0.71 1 1 2 1 2 49 1 1
0 37.75 5.5 2 11 4 0.125 1 0 0 1 2 228 1 1
1 39.17 1.62 2 8 4 1.5 1 1 10 0 2 186 4701 1
0 23.58 11.5 1 4 8 3 0 0 0 1 2 20 17 0
1 26.33 13 2 10 2 0 0 0 0 1 2 140 1111 0
1 80.25 5.5 2 8 4 0.54 1 0 0 0 2 0 341 0
0 32.33 0.54 2 13 4 0.04 1 0 0 0 2 440 11178 1
1 41.92 0.42 2 8 8 0.21 1 1 6 0 2 220 949 1
0 21.5 6 2 6 4 2.5 1 1 3 0 2 80 919 1
1 42.75 3 2 3 5 1 1 0 0 0 2 0 201 0
1 42.83 4.62 2 11 4 4.58 1 0 0 0 1 0 1 1
1.234 22.08 11.46 2 4 4 1.585 0 0 0 1 2 100 1213 0
1 51.33 10 2 3 5 0 1 1 11 0 2 0 1250 1
0 64.08 0.16 2 1 1 0 1 1 1 0 2 232 101 1
1 40 6.5 2 6 5 3.5 1 1 1 0 2 0 501 1
0 33.67 0.37 2 13 4 0.375 0 0 0 0 2 300 45 1
1 57.42 8.5 2 10 8 7 1 1 3 0 2 0 1 1
0 18.25 10 2 9 4 1 0 1 1 0 2 120 2 0
0 18.42 9.25 2 11 4 1.21 1 1 4 0 2 60 541 1
1 25.75 0.75 2 8 5 0.25 1 0 0 0 2 349 24 1
1 22.67 0.16 2 8 3 2.25 0 0 0 1 1 0 1 1
1 35 3.37 2 8 8 8.29 0 0 0 1 2 0 1 0
0 45.83 10.5 2 11 4 5 1 1 7 1 2 0 1 1
1 22.92 3.16 1 8 4 0.165 0 0 0 0 2 160 1059 0
1 22.75 11.5 2 3 4 0.415 0 0 0 0 2 0 1 0
0 46 4 2 5 3 0 1 0 0 0 2 100 961 1
1 35 3.37 2 8 8 8.29 0 0 0 1 2 0 1 0
1 26.67 4.25 2 13 4 4.29 1 1 1 1 2 120 1 1
0 29.5 2 1 10 8 2 0 0 0 0 2 256 18 0
1 36.67 3.25 2 11 8 9 1 0 0 1 2 102 640 1
1 48.33 12 2 7 4 16 1 0 0 0 1 110 1 1
0 21.5 6 2 6 4 2.5 1 1 3 0 2 80 919 1
1 25.83 12.83 2 13 4 0.5 0 0 0 0 2 0 3 0
0 15.83 7.62 2 11 4 0.125 0 1 1 1 2 0 161 0
1 16 3.12 2 9 4 0.085 0 1 1 0 2 0 7 0
0 25.58 0 2 8 4 0 0 0 0 0 3 184 1 1
1 30.75 1.58 2 2 4 0.585 0 0 0 1 1 0 1 0
1 33.17 1.04 2 12 8 6.5 1 0 0 1 2 164 31286 1
1 41 0.04 2 10 4 0.04 0 1 1 0 1 560 1 1
1 27 1.5 1 9 4 0.375 1 0 0 1 2 260 1066 1
0 20.42 7.5 2 4 4 1.5 1 1 1 0 2 160 235 1
1 35.75 2.41 2 9 4 0.125 0 1 2 0 2 220 2 0
0 45.83 10.5 2 11 4 5 1 1 7 1 2 0 1 1
1 33.58 0.25 2 3 5 4 0 0 0 1 1 420 1 0
0 15.83 7.62 2 11 4 0.125 0 1 1 1 2 0 161 0
0 26.92 13.5 2 11 8 5 1 1 2 0 2 0 5001 1
1 39.5 1.62 2 8 4 1.5 0 0 0 0 2 0 317 0
0 35.75 0.91 2 6 4 0.75 1 1 4 0 2 0 1584 1
0 23.5 9 2 11 4 8.5 1 1 5 1 2 120 1 1
0 21.75 11.75 2 8 4 0.25 0 0 0 1 2 180 1 0
1 21 3 1 2 4 1.085 1 1 8 1 2 160 2 1
1 51.83 3 1 1 1 1.5 0 0 0 0 2 180 5 0
0 31.57 11.25 2 1 1 0 0 0 0 0 2 184 5201 0
0 22.67 0.33 2 11 4 0.75 0 0 0 0 1 160 1 0
1 23.58 0.46 1 9 4 2.625 1 1 6 1 2 208 348 0
1 33.67 1.25 2 9 4 1.165 0 0 0 0 2 120 1 0
1 29.25 13 2 2 8 0.5 0 0 0 0 2 228 1 0
0 20.75 10.25 2 11 4 0.71 1 1 2 1 2 49 1 1
1 26.92 2.25 2 3 5 0.5 0 0 0 1 2 640 4001 0
0 49.83 13.58 2 4 8 8.5 1 0 0 1 2 0 1 1
0 31.57 11.25 2 1 1 0 0 0 0 0 2 184 5201 0
0 23.58 11.5 1 4 8 3 0 0 0 1 2 20 17 0
1 22.67 0.16 2 8 3 2.25 0 0 0 1 1 0 1 1
1 22.92 0.17 2 7 4 0.085 0 0 0 0 1 0 1 0
1 31.57 10.5 2 14 4 6.5 1 0 0 0 2 0 1 1
1 19.67 0.37 2 11 4 2 1 1 2 1 2 80 1 1
1 29.58 4.75 2 7 4 2 0 1 1 1 2 460 69 0
1.234 22.08 11.46 2 4 4 1.585 0 0 0 1 2 100 1213 0
1 34.92 5 2 14 8 7.5 1 1 6 1 2 0 1001 1
1 53.92 9.62 2 10 4 8.665 1 1 5 0 2 0 1 1
1 25 12 2 4 4 2.25 1 1 2 1 2 120 6 0
1 22 0.79 2 9 4 0.29 0 1 1 0 2 420 284 0
0 36.75 5.12 2 10 4 5 1 0 0 1 2 0 4001 1
1 41.17 1.25 1 9 4 0.25 0 0 0 0 2 0 196 0
1 36.25 5 2 8 5 2.5 1 1 6 0 2 0 368 1
0 20.32 10 2 8 8 1 1 1 4 0 2 50 1466 1
1 26.75 4.5 1 8 5 2.5 0 0 0 0 2 200 1211 0
0 17.32 9.5 2 6 4 1.75 0 1 10 1 2 0 11 0
1 24.58 1.25 2 8 4 0.25 0 0 0 0 2 110 1 0
1 36.67 3.25 2 11 8 9 1 0 0 1 2 102 640 1
1 20.5 2.41 2 8 4 2 1 1 11 1 2 200 3001 1
0 20.07 1.25 2 8 4 0 0 0 0 0 2 0 1 0
1 36.33 2.12 1 9 4 0.085 1 1 1 0 2 50 1188 1
0 22.42 11.25 1 14 8 0.75 1 1 4 0 2 0 322 1
1 29.67 0.75 1 8 4 0.04 0 0 0 0 2 240 1 0
0 25.58 0 2 8 4 0 0 0 0 0 3 184 1 1
1 39.17 1.62 2 8 4 1.5 1 1 10 0 2 186 4701 1
1 34.08 6.5 2 6 4 0.125 1 0 0 1 2 443 1 0
1 40.92 0.83 2 1 1 0 1 0 0 0 2 130 2 0
1 25.67 2.21 1 6 4 4 1 0 0 0 2 188 1 0
1 23.17 11.12 2 14 8 0.46 1 1 1 0 2 100 1 1
1 16.25 0.83 2 7 4 0.085 1 0 0 0 1 200 1 0
1 32.42 3 2 2 4 0.165 0 0 0 1 2 120 1 0
0 22.67 0.75 2 8 4 2 0 1 2 1 2 200 395 0
1 22.75 11 2 11 4 2.5 1 1 7 1 2 100 810 1
1 19.17 4 1 3 4 1 0 0 0 1 2 360 1001 0
1 33.67 2.16 2 8 4 1.5 0 0 0 0 3 120 1 0
1 43.08 0.37 1 8 4 0.375 1 1 8 1 2 300 163 1
0 55.75 7.08 2 4 8 6.75 1 1 3 1 2 100 51 0
1 25.08 1.71 2 14 4 1.665 1 1 1 1 2 395 21 1
1 36.67 2 2 3 4 0.25 0 0 0 1 2 221 1 0
0 18.42 9.25 2 11 4 1.21 1 1 4 0 2 60 541 1
1 23.92 1.5 2 2 8 1.875 1 1 6 0 2 200 328 1
1 23 0.75 2 7 4 0.5 1 0 0 1 1 320 1 0
1 29.58 4.75 2 7 4 2 0 1 1 1 2 460 69 0
1 31.58 0.75 1 6 4 3.5 0 0 0 1 2 320 1 0
1 16.17 0.04 2 8 4 0.04 0 0 0 0 2 0 1 1
0 26.5 2.71 1 8 4 0.085 0 0 0 0 1 80 1 0
1 23.75 12 2 8 4 2.085 0 0 0 0 1 80 1 0
0 21.75 11.75 2 8 4 0.25 0 0 0 1 2 180 1 0
0 19.5 0.16 2 11 4 0.04 0 0 0 1 2 380 1 0
1 23.17 0 2 13 4 0.085 1 0 0 0 2 0 1 1
1 19.5 0.28 2 4 4 0.29 0 0 0 0 2 280 365 0
1 18.07 5.5 2 4 4 0.5 1 0 0 0 2 80 1 1
0 23.75 0.71 2 9 4 0.25 0 1 1 1 2 240 5 0
0 28.17 0.58 2 6 4 0.04 0 0 0 0 2 260 1005 0
0 19.75 0.75 2 8 4 0.795 1 1 5 1 2 140 6 0
1 18.82 0.41 1 8 4 0.165 0 1 1 0 2 200 2 0
1 22.58 10.03 2 14 4 0.04 1 1 9 0 2 60 397 1
0 36.75 5.12 2 10 4 5 1 0 0 1 2 0 4001 1
0 21.67 11.5 1 5 3 0 1 1 11 1 2 0 1 1
1 42.83 4.62 2 11 4 4.58 1 0 0 0 1 0 1 1
0 36.75 4.71 2 1 1 0 0 0 0 0 2 160 1 0
1 34.25 1.75 2 9 5 0.25 1 0 0 1 2 163 1 0
1 32.33 2.5 2 8 4 1.25 0 0 0 1 2 280 1 0
1 23.08 2.5 2 1 1 0.085 0 0 0 1 2 100 4209 0
1 36.75 0.12 1 8 4 1.5 0 0 0 1 2 232 114 1
1 35.75 2.41 2 9 4 0.125 0 1 2 0 2 220 2 0
0 71.58 0 2 8 4 0 0 0 0 0 3 184 1 1
1 23.42 1 2 8 4 0.5 0 0 0 1 1 280 1 0
1 23.42 0.58 2 8 8 0.085 1 0 0 0 2 180 1 0
1 40.58 3.29 2 7 4 3.5 0 0 0 1 1 400 1 0
0 23.58 0.58 1 1 1 0.125 0 0 0 0 2 120 88 0
1 21.92 0.5 2 8 4 0.125 0 0 0 0 2 360 1 0
0 55.75 7.08 2 4 8 6.75 1 1 3 1 2 100 51 0
0 23.5 9 2 11 4 8.5 1 1 5 1 2 120 1 1
0 31.75 3 1 5 3 0 0 0 0 0 2 160 21 0
1 19.17 4 1 3 4 1 0 0 0 1 2 360 1001 0
1 21.92 0.54 1 14 4 0.04 1 1 1 1 2 840 60 1
1 21.25 1.5 2 9 4 1.5 0 0 0 0 2 150 9 1
0 47.42 8 2 10 5 6.5 1 1 6 0 2 375 51101 1
1 20.67 0.83 1 8 4 2 0 0 0 1 1 240 1 0
1 24.42 12.33 2 11 8 1.585 1 0 0 1 2 120 1 1
0 22.92 11.58 2 13 4 0.04 1 0 0 0 2 80 1350 1
1 24.33 6.62 1 2 4 5.5 1 0 0 1 1 100 1 1
1 29.58 4.75 2 7 4 2 0 1 1 1 2 460 69 0
1 36.75 0.12 1 8 4 1.5 0 0 0 1 2 232 114 1
0 23.42 0.79 1 11 4 1.5 1 1 2 1 2 80 401 1
0 57.58 2 2 1 1 6.5 0 1 1 0 2 0 11 0
0 22.42 5.66 2 11 4 2.585 1 1 7 0 2 129 3258 1
1 16.32 2.75 2 6 4 0.665 0 1 1 0 2 80 22 0
1 21.08 10.08 1 10 8 1.25 0 0 0 0 2 260 1 0
0 18.92 9.25 1 8 4 1 1 1 4 1 2 80 501 1
1 28.25 0.87 2 7 4 0.96 1 1 3 1 2 396 1 1
1 63.33 0.54 2 8 4 0.585 1 1 3 1 2 180 1 0
0 20.67 1.83 2 11 4 2.085 1 1 5 0 2 220 2504 1
1 31.83 2.5 2 6 4 7.5 1 0 0 1 2 523 1 0
0 41.58 1.04 2 6 4 0.665 0 0 0 0 2 240 238 0
1 31.83 2.5 2 6 4 7.5 1 0 0 1 2 523 1 0
1 21.25 1.5 2 9 4 1.5 0 0 0 0 2 150 9 1
0 55.75 7.08 2 4 8 6.75 1 1 3 1 2 100 51 0
1 31.57 4 2 14 4 5 1 1 3 1 2 290 2280 1
1 32.83 2.5 2 13 8 2.75 1 1 6 0 2 160 2073 1
0 44.17 6.66 2 11 4 7.375 1 1 3 1 2 0 1 1
1 29.58 4.75 2 7 4 2 0 1 1 1 2 460 69 0
1 22.17 12.12 2 8 4 3.335 0 1 2 1 2 180 174 0
0 57.58 2 2 1 1 6.5 0 1 1 0 2 0 11 0
1 25.5 0.37 2 7 4 0.25 1 1 3 0 2 260 15109 1
0 22.67 0.75 2 8 4 2 0 1 2 1 2 200 395 0
1 34.75 15 2 12 7 5.375 1 1 9 1 2 0 135 1
1 40.58 3.29 2 7 4 3.5 0 0 0 1 1 400 1 0
1 18.07 6.75 1 7 4 0.04 0 0 0 0 2 140 1 0
1 38.42 0.7 2 8 4 0.375 0 1 2 0 2 225 501 0
1 16.25 0 1 6 4 0.25 0 0 0 0 2 60 1 0

