1 20.17 9.25 2 8 4 1.665 1 1 3 1 2 40 29 1
0 23.25 5.87 2 11 4 3.17 1 1 10 0 2 120 246 1
0 32.33 0.54 2 13 4 0.04 1 0 0 0 2 440 11178 1
1 27.25 0.62 2 6 4 0.455 1 0 0 1 2 200 1 0
1 19.57 0.58 2 1 1 0 0 1 3 0 2 350 770 0
0 22.5 8.5 2 11 4 1.75 1 1 10 0 2 80 991 0
0 19.17 5.41 2 3 8 0.29 0 0 0 0 2 80 485 0
1 26.75 2 2 2 4 0.75 0 0 0 1 2 80 1 0
0 15.83 0.58 2 8 8 1.5 1 1 2 0 2 100 1 1
1 42 0.2 2 3 8 5.125 1 0 0 0 2 400 1 1
1 20 0 2 2 4 0.5 0 0 0 0 2 144 1 0
1 23.08 2.5 2 1 1 0.085 0 0 0 1 2 100 4209 0
1 28.67 14.5 2 2 4 0.125 0 0 0 0 2 0 287 0
1 54.42 0.5 1 4 8 3.96 1 0 0 0 2 180 315 1
1 48.08 6.04 2 4 4 0.04 0 0 0 0 2 0 2691 1
0 18.07 0.37 3 13 1 10 0 0 0 1 1 300 1 1
1 25.83 12.83 2 13 4 0.5 0 0 0 0 2 0 3 0
1 24.5 13.33 1 6 4 0.04 0 0 0 1 2 120 476 0
1 36.67 3.25 2 11 8 9 1 0 0 1 2 102 640 1
1 31.83 2.5 2 6 4 7.5 1 0 0 1 2 523 1 0
0 39.08 4 2 8 4 3 0 0 0 0 2 480 1 0
1 43.17 2.25 2 3 5 0.75 1 0 0 0 2 560 1 0
0 25.33 2.08 2 8 8 2.75 1 0 0 1 2 360 2 0
1 35.75 2.41 2 9 4 0.125 0 1 2 0 2 220 2 0
0 36 1 2 8 4 2 1 1 11 0 2 0 457 1
1 16.32 4.08 2 3 8 0.415 0 0 0 1 2 120 1 0
1 39.42 1.71 1 7 4 0.165 0 0 0 0 1 400 1 0
1 29.5 0.57 2 9 4 0.29 0 1 1 0 2 340 2804 0
1 27.67 0.75 2 11 8 0.165 0 0 0 1 2 220 252 0
0 33.17 2.25 1 13 4 3.5 0 0 0 1 2 200 142 0
1 27.25 1.58 2 13 8 1.835 1 1 12 1 2 583 714 1
0 17.32 9.5 2 6 4 1.75 0 1 10 1 2 0 11 0
0 20.07 1.25 2 8 4 0 0 0 0 0 2 0 1 0
1 31.33 19.5 2 8 4 7 1 1 16 0 2 0 5001 1
1 29.92 1.83 2 8 8 4.335 1 0 0 0 2 260 201 1
1 26.75 4.5 1 8 5 2.5 0 0 0 0 2 200 1211 0
0 25.75 0.5 2 8 8 0.875 1 0 0 1 2 491 1 1
1 28.75 1.5 1 8 4 1.5 1 0 0 1 2 0 226 0
1 27.25 0.62 2 6 4 0.455 1 0 0 1 2 200 1 0
1 35.25 16.5 1 8 4 4 1 0 0 0 2 80 1 0
1 23.92 1.5 2 2 8 1.875 1 1 6 0 2 200 328 1
1 48.58 6.5 2 11 8 6 1 0 0 1 2 350 1 1
0 40.83 3.5 2 3 5 0.5 0 0 0 0 1 1160 1 0
0 26.92 13.5 2 11 8 5 1 1 2 0 2 0 5001 1
1 20.67 0.41 2 8 4 0.125 0 0 0 0 2 0 45 0
1 36.17 0.42 1 9 4 0.29 0 0 0 1 2 309 3 0
0 58.67 4.46 2 11 8 3.04 1 1 6 0 2 43 561 1
0 30.58 10.66 2 11 8 0.085 0 1 12 1 2 129 4 0
1 23.25 4 2 8 5 0.25 1 0 0 1 2 160 1 1
1 25.67 2.21 1 6 4 4 1 0 0 0 2 188 1 0
0 18.25 10 2 9 4 1 0 1 1 0 2 120 2 0
1 23.42 0.58 2 8 8 0.085 1 0 0 0 2 180 1 0
1 19.57 0.58 2 1 1 0 0 1 3 0 2 350 770 0
0 24.08 0.5 2 11 8 1.25 1 1 1 0 2 0 679 1
1 43.17 5 2 3 5 2.25 0 0 0 1 2 141 1 0
1 18.07 5.5 2 4 4 0.5 1 0 0 0 2 80 1 1
1 32.75 1.5 2 13 8 5.5 1 1 3 1 2 0 1 1
0 47 13 2 3 5 5.165 1 1 9 1 2 0 1 1
1 28.67 14.5 2 2 4 0.125 0 0 0 0 2 0 287 0
1 21.08 10.08 1 10 8 1.25 0 0 0 0 2 260 1 0
0 21.75 11.75 2 8 4 0.25 0 0 0 1 2 180 1 0
1 20 1.25 1 4 4 0.125 0 0 0 0 2 140 5 0
0 28.5 1 2 11 4 1 1 1 2 1 2 167 501 0
1 34.42 1.33 2 3 5 0.125 0 0 0 1 2 440 4501 0
1 24.83 2.75 2 8 4 2.25 1 1 6 0 2 184 601 1
1 32.33 2.5 2 8 4 1.25 0 0 0 1 2 280 1 0
1 29.67 0.75 1 8 4 0.04 0 0 0 0 2 240 1 0
1 31.42 15.5 2 8 4 0.5 1 0 0 0 2 120 1 0
1 37.5 1.12 1 2 4 1.5 0 0 0 1 2 431 1 1
1 42.83 1.25 2 7 4 13.875 0 1 1 1 2 352 113 0
0 27.58 3 2 7 4 2.79 0 1 1 1 2 280 11 0
1 23 0.62 1 6 4 0.125 1 0 0 0 2 180 2 0
1 64.08 20 2 14 8 17.5 1 1 9 1 2 0 1001 1
1 27.25 1.58 2 13 8 1.835 1 1 12 1 2 583 714 1
1 28 2 2 4 8 4.165 1 1 2 1 2 181 1 1
0 40.83 10 2 11 8 1.75 1 0 0 0 2 29 838 1
1 80.25 5.5 2 8 4 0.54 1 0 0 0 2 0 341 0
1 39.42 1.71 1 7 4 0.165 0 0 0 0 1 400 1 0
1 36.67 4.41 1 4 4 0.25 1 1 10 1 2 320 1 1
1 21.83 0.25 2 2 8 0.665 1 0 0 1 2 0 1 1
1 21.92 0.5 2 8 4 0.125 0 0 0 0 2 360 1 0
1 36.17 0.42 1 9 4 0.29 0 0 0 1 2 309 3 0
0 38.25 6 2 4 4 1 1 0 0 1 2 0 1 1
1 24.83 2.75 2 8 4 2.25 1 1 6 0 2 184 601 1
0 24.08 0.5 2 11 8 1.25 1 1 1 0 2 0 679 1
1 21.83 0.25 2 2 8 0.665 1 0 0 1 2 0 1 1
1 35.25 3.16 2 14 8 3.75 1 0 0 1 2 680 1 0
1 20 0 2 2 4 0.5 0 0 0 0 2 144 1 0
1 43.17 2.25 2 3 5 0.75 1 0 0 0 2 560 1 0
1 48.75 26.33 1 1 1 0 1 0 0 1 2 0 1 0
0 18.92 9.25 1 8 4 1 1 1 4 1 2 80 501 1
1 73.42 17.75 2 1 1 0 1 0 0 1 2 0 1 1
1 27 1.5 1 9 4 0.375 1 0 0 1 2 260 1066 1
0 36.75 4.71 2 1 1 0 0 0 0 0 2 160 1 0
0 17.32 9.5 2 6 4 1.75 0 1 10 1 2 0 11 0
0 46 4 2 5 3 0 1 0 0 0 2 100 961 1
1 41.42 5 2 11 8 5 1 1 6 1 2 470 1 1
1 25.42 0.54 2 9 4 0.165 0 1 1 0 2 272 445 0
1 37.75 7 2 11 8 11.5 1 1 7 1 2 300 6 0
0 23.5 9 2 11 4 8.5 1 1 5 1 2 120 1 1
0 28.08 15 1 10 9 0 1 0 0 0 2 0 13213 1
1 34.92 5 2 14 8 7.5 1 1 6 1 2 0 1001 1
1 32.83 2.5 2 13 8 2.75 1 1 6 0 2 160 2073 1
1 31.83 2.5 2 6 4 7.5 1 0 0 1 2 523 1 0
1 16.32 4.08 2 3 8 0.415 0 0 0 1 2 120 1 0
1 21.58 0.79 1 13 4 0.665 0 0 0 0 2 160 1 0
0 29.58 1.75 1 4 4 1.25 0 0 0 1 2 280 1 0
1 19 1.75 1 8 4 2.335 0 0 0 1 2 112 7 0
0 20.32 10 2 8 8 1 1 1 4 0 2 50 1466 1
0 58.42 21 2 3 5 10 1 1 13 0 2 0 6701 1
1 32.08 4 1 13 4 1.5 0 0 0 1 2 120 1 0
1 51.83 2.04 1 1 1 1.5 0 0 0 0 2 120 2 0
0 26.17 2 2 5 3 0 0 0 0 1 2 276 2 0
1 18.42 10.41 1 6 4 0.125 1 0 0 0 2 120 376 0
0 40.33 7.54 1 11 8 8 1 1 14 0 2 0 2301 1
0 34.83 1.25 1 3 8 0.5 0 0 0 1 2 160 1 0
1 30.17 1.08 1 8 4 0.04 0 0 0 0 2 170 180 0
1 25.58 0.33 2 4 8 3.5 0 0 0 1 2 340 1 0
1 19.57 0.58 2 1 1 0 0 1 3 0 2 350 770 0
1 74.83 19 1 1 1 0.04 0 1 2 0 2 0 352 0
0 33.08 4.62 2 11 8 1.625 1 1 2 0 2 0 1 1
0 22.92 1.25 2 11 4 0.25 0 0 0 1 2 120 810 0
1 21.25 1.5 2 9 4 1.5 0 0 0 0 2 150 9 1
0 28.17 0.37 2 11 4 0.585 1 1 4 0 2 80 1 1
0 32.33 0.54 2 13 4 0.04 1 0 0 0 2 440 11178 1
1 32.25 0.16 1 8 8 3.25 1 1 1 1 2 432 8001 1
1 25.25 1 2 6 4 0.5 0 0 0 0 2 200 1 0
1 59.5 2.75 2 9 4 1.75 1 1 5 1 2 60 59 1
1 43.25 25.21 2 11 8 0.21 1 1 1 0 2 760 91 0
0 24.75 12.5 2 6 4 1.5 1 1 12 1 2 120 568 1
1 37.5 1.12 1 2 4 1.5 0 0 0 1 2 431 1 1
1 25.25 1 2 6 4 0.5 0 0 0 0 2 200 1 0
0 22.83 2.29 2 11 8 2.29 1 1 7 1 2 140 2385 1
0 36.75 5.12 2 10 4 5 1 0 0 1 2 0 4001 1
1 33.17 3.16 1 14 4 3.165 1 1 3 1 2 380 1 1
1 22.92 0.17 2 7 4 0.085 0 0 0 0 1 0 1 0
1 47.17 5.83 2 9 4 5.5 0 0 0 0 2 465 151 0
1 26.83 0.54 2 4 1 0 0 0 0 0 2 100 1 0
0 57.58 2 2 1 1 6.5 0 1 1 0 2 0 11 0
1 32 1.75 1 10 8 0.04 1 0 0 1 2 393 1 1
1 22.08 2.33 2 4 4 0.75 0 0 0 0 2 180 1 0
1 32.08 4 2 7 4 2.5 1 0 0 1 2 360 1 1
1 19.17 0 1 7 5 0 0 0 0 1 1 500 2 1
0 20.75 9.53 2 3 4 0.04 0 0 0 0 2 200 1001 0
1 33.17 1.04 2 12 8 6.5 1 0 0 1 2 164 31286 1
0 22.92 1.25 2 11 4 0.25 0 0 0 1 2 120 810 0
0 23.25 5.87 2 11 4 3.17 1 1 10 0 2 120 246 1
1 36.75 0.12 1 8 4 1.5 0 0 0 1 2 232 114 1
1 20 7 2 8 4 0.5 0 0 0 0 2 0 1 0
1 20.5 10 1 8 4 2.5 1 0 0 0 1 40 1 1
1 25.92 0.87 2 4 4 0.375 0 1 2 1 2 174 4 0
1 28.75 1.16 2 4 4 0.5 1 0 0 0 1 280 1 0
1 23.5 3.16 1 4 4 0.415 0 1 1 1 2 280 81 0
1 32.25 14 1 1 1 0 0 1 2 0 2 160 2 0
1 39.83 0.5 2 7 4 0.25 1 0 0 0 1 288 1 0
0 47.75 8 2 8 4 7.875 1 1 6 1 2 0 1261 1
0 21.75 11.75 2 8 4 0.25 0 0 0 1 2 180 1 0
1 22.17 12.12 2 8 4 3.335 0 1 2 1 2 180 174 0
1 22.92 3.16 1 8 4 0.165 0 0 0 0 2 160 1059 0
0 15.75 0.37 2 8 4 1 0 0 0 0 2 120 19 0
1 25 11.25 2 8 4 2.5 1 1 17 0 2 200 1209 1
1 32.33 2.5 2 8 4 1.25 0 0 0 1 2 280 1 0
1 42.83 1.25 2 7 4 13.875 0 1 1 1 2 352 113 0
1 21.08 10.08 1 10 8 1.25 0 0 0 0 2 260 1 0
0 30.42 1.37 2 9 8 0.04 0 1 3 0 2 0 34 0
1 20.17 9.25 2 8 4 1.665 1 1 3 1 2 40 29 1
1 21.33 7.5 2 6 4 1.415 1 1 1 0 2 80 9801 1
1 35.25 16.5 1 8 4 4 1 0 0 0 2 80 1 0
0 60.58 16.5 2 11 4 11 1 0 0 1 2 21 10562 1
1 22.67 1.58 1 9 4 3.085 1 1 6 0 2 80 1 1
0 40.83 10 2 11 8 1.75 1 0 0 0 2 29 838 1
1 48.17 3.5 2 6 4 3.5 1 0 0 0 1 230 1 1
1 18.07 5.5 2 4 4 0.5 1 0 0 0 2 80 1 1
0 19.17 0.58 1 6 4 0.585 1 0 0 1 2 160 1 0
1 57.42 8.5 2 10 8 7 1 1 3 0 2 0 1 1
1 34.42 1.33 2 3 5 0.125 0 0 0 1 2 440 4501 0
1 19.67 10 1 4 8 0.835 1 0 0 1 2 140 1 0
1 20.67 0.83 1 8 4 2 0 0 0 1 1 240 1 0
0 20.42 7.5 2 4 4 1.5 1 1 1 0 2 160 235 1
1 31.42 15.5 2 8 4 0.5 1 0 0 0 2 120 1 0
1 36.5 4.25 2 11 4 3.5 0 0 0 0 2 454 51 0
0 36.58 0.28 2 1 1 0 0 1 10 0 2 200 19 0
0 47 13 2 3 5 5.165 1 1 9 1 2 0 1 1
1 30.33 0.5 2 2 8 0.085 0 0 0 1 1 252 1 0
0 28.75 3.75 2 8 4 1.085 1 1 1 1 2 371 1 1
1 36.25 5 2 8 5 2.5 1 1 6 0 2 0 368 1
1 19.67 0.37 2 11 4 2 1 1 2 1 2 80 1 1
1 38.25 10.12 1 4 4 0.125 0 0 0 0 2 160 1 0
0 47.42 8 2 10 5 6.5 1 1 6 0 2 375 51101 1
0 58.33 10 2 11 4 4 1 1 14 0 2 0 1603 1
0 20.67 1.83 2 11 4 2.085 1 1 5 0 2 220 2504 1
1 56.42 28 1 8 4 28.5 1 1 40 0 2 0 16 1
1 20.5 2.41 2 8 4 2 1 1 11 1 2 200 3001 1
1 19.5 0.28 2 4 4 0.29 0 0 0 0 2 280 365 0
1 35.25 16.5 1 8 4 4 1 0 0 0 2 80 1 0
0 33.25 2.5 1 8 4 2.5 0 0 0 1 2 0 3 0
1 59.5 2.75 2 9 4 1.75 1 1 5 1 2 60 59 1
0 30.42 1.37 2 9 8 0.04 0 1 3 0 2 0 34 0
1 21.33 7.5 2 6 4 1.415 1 1 1 0 2 80 9801 1
1 32.08 4 2 7 4 2.5 1 0 0 1 2 360 1 1
0 55.75 7.08 2 4 8 6.75 1 1 3 1 2 100 51 0
0 23 1.83 2 5 3 0 0 1 1 0 2 200 54 0
1 31.57 0.62 2 4 4 0.25 0 0 0 0 2 380 2011 0
1 18.67 5 2 11 4 0.375 1 1 2 0 2 0 39 0
0 23 1.83 2 5 3 0 0 1 1 0 2 200 54 0
1 39.17 2.5 1 3 8 10 0 0 0 1 1 200 1 0
1 32.33 2.5 2 8 4 1.25 0 0 0 1 2 280 1 0
1 26.67 2.71 1 13 4 5.25 1 1 1 0 2 211 1 1
1 33.17 1.04 2 12 8 6.5 1 0 0 1 2 164 31286 1
0 31.57 11.25 2 1 1 0 0 0 0 0 2 184 5201 0
1 56.42 28 1 8 4 28.5 1 1 40 0 2 0 16 1
1 32.33 7.5 2 10 5 1.585 1 0 0 1 1 420 1 0
0 45 4.58 2 4 8 1 0 0 0 1 1 240 1 0
1 34.17 2.75 2 3 5 2.5 0 0 0 1 2 232 201 0
1 43.25 3 2 11 8 6 1 1 11 0 2 80 1 1
1 28.25 0.87 2 7 4 0.96 1 1 3 1 2 396 1 1
1 39.42 1.71 1 7 4 0.165 0 0 0 0 1 400 1 0
1 40.58 1.5 2 3 5 0 0 0 0 0 1 300 1 0
0 24.33 2.5 1 3 5 4.5 0 0 0 0 2 200 457 0
1 26.75 2 2 2 4 0.75 0 0 0 1 2 80 1 0

