1 34.25 1.75 2 9 5 0.25 1 0 0 1 2 163 1 0
0 21.5 6 2 6 4 2.5 1 1 3 0 2 80 919 1
0 20.32 10 2 8 8 1 1 1 4 0 2 50 1466 1
1 24.17 0.87 2 11 4 4.625 1 1 2 1 2 520 2001 1
1 29.25 14.79 2 6 4 5.04 1 1 5 1 2 168 1 1
1 42.75 3 2 3 5 1 1 0 0 0 2 0 201 0
1 16.17 0.04 2 8 4 0.04 0 0 0 0 2 0 1 1
1 44.33 0.5 2 3 8 5 1 0 0 1 2 320 1 1
1 30.17 0.5 2 8 4 1.75 1 1 11 0 2 32 541 1
1 41.5 1.54 2 3 5 3.5 0 0 0 0 2 216 1 1
0 21.75 1.75 1 5 3 0 0 0 0 0 2 160 1 0
1 27.75 0.58 1 13 4 0.25 1 1 2 0 2 260 501 1
1 47.17 5.83 2 9 4 5.5 0 0 0 0 2 465 151 0
1 25.17 3 2 8 4 1.25 0 1 1 0 2 0 23 0
0 28.5 1 2 11 4 1 1 1 2 1 2 167 501 0
1 29.58 4.5 2 9 4 7.5 1 1 2 1 2 330 1 1
1 34.92 5 2 14 8 7.5 1 1 6 1 2 0 1001 1
1 23.25 1 2 8 4 0.835 1 0 0 0 1 300 1 1
1 27.25 0.62 2 6 4 0.455 1 0 0 1 2 200 1 0
1 24.17 0.87 2 11 4 4.625 1 1 2 1 2 520 2001 1
0 24.33 2.5 1 3 5 4.5 0 0 0 0 2 200 457 0
0 28.08 15 1 10 9 0 1 0 0 0 2 0 13213 1
1 21.08 10.08 1 10 8 1.25 0 0 0 0 2 260 1 0
1 23.08 0 2 4 4 1 0 1 11 0 1 0 1 0
1 31.57 3 1 3 5 7 0 0 0 0 2 0 2 0
1 25.5 0.37 2 7 4 0.25 1 1 3 0 2 260 15109 1
1 59.67 1.54 2 11 4 0.125 1 0 0 1 2 260 1 1
1 39.42 1.71 1 7 4 0.165 0 0 0 0 1 400 1 0
1 19.57 0.58 2 1 1 0 0 1 3 0 2 350 770 0
1 21.58 0.79 1 13 4 0.665 0 0 0 0 2 160 1 0
0 31.57 11.25 2 1 1 0 0 0 0 0 2 184 5201 0
0 20.67 1.83 2 11 4 2.085 1 1 5 0 2 220 2504 1
1 31.57 4 2 14 4 5 1 1 3 1 2 290 2280 1
0 24.75 13.66 2 11 8 1.5 0 0 0 0 2 280 2 0
0 27.67 1.5 2 7 4 2 1 0 0 0 1 368 1 0
1 23.17 0 2 8 4 0 0 0 0 0 3 184 1 1
1 31.57 5 1 6 4 8.5 1 0 0 0 2 0 1 0
0 15.83 7.62 2 11 4 0.125 0 1 1 1 2 0 161 0
1 33.17 3.04 1 8 8 2.04 1 1 1 1 2 180 18028 1
0 17.82 11 2 14 8 1 1 1 11 0 2 0 3001 1
0 30.42 1.37 2 9 8 0.04 0 1 3 0 2 0 34 0
0 25 11 1 6 4 4.5 1 0 0 0 2 120 1 0
0 29.58 1.75 1 4 4 1.25 0 0 0 1 2 280 1 0
1 48.08 6.04 2 4 4 0.04 0 0 0 0 2 0 2691 1
1 27.42 12.5 2 6 5 0.25 0 0 0 1 2 720 1 0
1 42.17 5.04 2 11 8 12.75 1 0 0 1 2 92 1 1
1 28.67 9.33 2 11 8 5.665 1 1 6 0 2 381 169 1
1 37.33 6.5 2 7 8 4.25 1 1 12 1 2 93 1 1
0 35.75 0.91 2 6 4 0.75 1 1 4 0 2 0 1584 1
1 22.92 3.16 1 8 4 0.165 0 0 0 0 2 160 1059 0
1 35.25 16.5 1 8 4 4 1 0 0 0 2 80 1 0
1 22.75 11.5 2 3 4 0.415 0 0 0 0 2 0 1 0
0 35.75 0.91 2 6 4 0.75 1 1 4 0 2 0 1584 1
1 28.25 5.12 2 14 4 4.75 1 1 2 0 2 420 8 1
0 56.83 4.25 1 1 1 5 0 0 0 1 2 0 5 0
0 45.83 10.5 2 11 4 5 1 1 7 1 2 0 1 1
1 18.42 10.41 1 6 4 0.125 1 0 0 0 2 120 376 0
1 28.25 5.12 2 14 4 4.75 1 1 2 0 2 420 8 1
1 34.67 1.08 2 7 4 1.165 0 0 0 0 1 28 1 0
1 20.67 0.83 1 8 4 2 0 0 0 1 1 240 1 0
1 21.08 10.08 1 10 8 1.25 0 0 0 0 2 260 1 0
1 36.33 3.79 2 9 4 1.165 1 0 0 1 2 200 1 0
0 33.92 1.58 1 1 1 0 1 0 0 0 2 320 1 0
0 19.75 0.75 2 8 4 0.795 1 1 5 1 2 140 6 0
1 42 0.2 2 3 8 5.125 1 0 0 0 2 400 1 1
1 38.92 1.75 2 4 4 0.5 0 0 0 1 2 300 3 0
0 28.58 3.54 2 3 5 0.5 1 0 0 1 2 171 1 0
1 19.17 0 1 7 5 0 0 0 0 1 1 500 2 1
1 37.5 1.75 1 8 5 0.25 1 0 0 1 2 164 401 0
1 36.42 0.75 1 2 4 0.585 0 0 0 0 2 240 4 0
1 40.58 5 2 8 4 5 1 1 7 0 2 0 3066 1
0 27.25 0.28 2 7 8 0.125 0 1 1 1 2 272 109 0
1 28 3 2 9 4 0.75 0 0 0 1 2 300 68 0
1 17.07 3.29 2 3 4 0.335 0 0 0 1 2 140 3 0
1 31.08 3.08 2 8 4 2.5 0 1 2 1 2 160 42 0
0 58.33 10 2 11 4 4 1 1 14 0 2 0 1603 1
1 25 12.5 2 6 4 3 1 0 0 1 1 20 1 1
1 42.75 4.08 2 6 4 0.04 0 0 0 0 2 108 101 0
1 21.92 0.54 1 14 4 0.04 1 1 1 1 2 840 60 1
1 20.67 5.29 2 11 4 0.375 1 1 1 0 2 160 1 0
0 37.33 2.5 2 3 8 0.21 0 0 0 0 2 260 247 0
1 23.08 2.5 2 1 1 0.085 0 0 0 1 2 100 4209 0
0 24.75 3 2 11 8 1.835 1 1 19 0 2 0 501 1
0 17.32 9.5 2 6 4 1.75 0 1 10 1 2 0 11 0
0 29.5 1.08 1 14 4 1 0 0 0 0 2 280 14 0
1 60.08 14.5 2 1 1 18 1 1 15 1 2 0 1001 1
1 18.07 5.5 2 4 4 0.5 1 0 0 0 2 80 1 1
1 21.17 0.87 1 8 8 0.25 0 0 0 0 2 280 205 0
1 21.67 1.16 1 4 4 2.5 1 1 1 0 2 180 21 0
1 36.42 0.75 1 2 4 0.585 0 0 0 0 2 240 4 0
1 30.75 1.58 2 2 4 0.585 0 0 0 1 1 0 1 0
1 20.17 5.62 2 9 4 1.71 1 0 0 0 1 120 1 1
1 25 11.25 2 8 4 2.5 1 1 17 0 2 200 1209 1
0 38.58 5 2 13 4 13.5 1 0 0 1 2 980 1 0
1 23.25 1.5 2 11 4 2.375 1 1 3 1 2 0 583 1
1 33.67 1.25 2 9 4 1.165 0 0 0 0 2 120 1 0
1 20.5 2.41 2 8 4 2 1 1 11 1 2 200 3001 1
0 20.75 9.53 2 3 4 0.04 0 0 0 0 2 200 1001 0
1 26.67 1.75 1 8 4 1 1 1 5 1 2 160 5778 1
1 37.5 0.83 2 10 4 0.04 0 0 0 0 2 120 6 0
0 25 11 1 6 4 4.5 1 0 0 0 2 120 1 0
1 23.25 1 2 8 4 0.835 1 0 0 0 1 300 1 1
1 23.42 1 2 8 4 0.5 0 0 0 1 1 280 1 0
1 24.17 0.87 2 11 4 4.625 1 1 2 1 2 520 2001 1
1 35.17 2.5 2 4 4 4.5 1 1 7 0 2 150 1271 1
1 40.58 3.29 2 7 4 3.5 0 0 0 1 1 400 1 0
1 31.57 5 1 6 4 8.5 1 0 0 0 2 0 1 0
1 41.5 1.54 2 3 5 3.5 0 0 0 0 2 216 1 1
1 20.42 0 2 8 4 0 0 0 0 0 3 184 1 0
1 31.42 15.5 2 8 4 0.5 1 0 0 0 2 120 1 0
1 21 4.79 1 9 4 2.25 1 1 1 1 2 80 301 1
1 31.57 3 1 3 5 7 0 0 0 0 2 0 2 0
1 23.17 11.12 2 14 8 0.46 1 1 1 0 2 100 1 1
1 37.33 2.66 2 13 4 0.165 0 0 0 1 2 0 502 0
1 35.25 16.5 1 8 4 4 1 0 0 0 2 80 1 0
0 24.08 0.5 2 11 8 1.25 1 1 1 0 2 0 679 1
1 26.92 2.25 2 3 5 0.5 0 0 0 1 2 640 4001 0
1 21.67 1.16 1 4 4 2.5 1 1 1 0 2 180 21 0
1 34.08 0.08 1 7 5 0.04 1 1 1 1 2 280 2001 1
1 25.67 3.25 2 8 8 2.29 0 1 1 1 2 416 22 0
1 23.08 2.5 2 1 1 0.085 0 0 0 1 2 100 4209 0
1 56.75 12.25 2 7 4 1.25 1 1 4 1 2 200 1 1
1 18.82 0.41 1 8 4 0.165 0 1 1 0 2 200 2 0
1 34.25 3 2 13 8 7.415 1 0 0 1 2 0 1 1
0 26.92 13.5 2 11 8 5 1 1 2 0 2 0 5001 1
1 22.17 0.58 1 1 1 0 0 0 0 0 2 100 1 0
1 36.17 5.5 2 3 5 5 0 0 0 0 2 210 688 0
0 15.83 7.62 2 11 4 0.125 0 1 1 1 2 0 161 0
0 52.5 7 2 6 8 3 0 0 0 0 2 0 1 0
1 20.42 7 2 8 4 1.625 1 1 3 0 2 200 1392 1
1 16.92 0.33 1 4 4 0.29 0 0 0 0 1 200 1 0
0 18.42 9.25 2 11 4 1.21 1 1 4 0 2 60 541 1
0 52.17 0 1 1 1 0 0 0 0 0 2 0 1 0
1 24.58 1.25 2 8 4 0.25 0 0 0 0 2 110 1 0
0 20.83 0.5 1 10 2 1 0 0 0 0 2 260 1 0
0 46 4 2 5 3 0 1 0 0 0 2 100 961 1
1 34.75 2.5 2 13 5 0.5 0 0 0 0 2 348 1 0
0 27.17 1.25 2 1 1 0 0 1 1 0 2 92 301 0
1 23.58 1.79 2 8 4 0.54 0 0 0 1 2 136 2 0
0 22.25 1.25 1 1 1 3.25 0 0 0 0 2 280 1 0
0 23 11.75 2 14 8 0.5 1 1 2 1 2 300 552 1
1 25.67 12.5 2 13 4 1.21 1 1 67 1 2 140 259 1
1 16.25 0.83 2 7 4 0.085 1 0 0 0 1 200 1 0
1 23.08 2.5 2 1 1 0.085 0 0 0 1 2 100 4209 0
1 36.17 18.12 2 9 4 0.085 0 0 0 0 2 320 3553 0
1 23 0.62 1 6 4 0.125 1 0 0 0 2 180 2 0
0 20.75 9.53 2 3 4 0.04 0 0 0 0 2 200 1001 0
1 23.92 0.66 2 8 4 0.165 0 0 0 0 2 100 1 1
1 25.67 12.5 2 13 4 1.21 1 1 67 1 2 140 259 1
1 34.25 3 2 13 8 7.415 1 0 0 1 2 0 1 1
1 30.33 0.5 2 2 8 0.085 0 0 0 1 1 252 1 0
1 23.42 0.58 2 8 8 0.085 1 0 0 0 2 180 1 0
0 45 4.58 2 4 8 1 0 0 0 1 1 240 1 0
1 34.83 2.5 1 9 4 3 0 0 0 0 1 200 1 0
1 29.58 4.5 2 9 4 7.5 1 1 2 1 2 330 1 1
0 22.67 3.8 2 8 4 0.165 0 0 0 0 2 160 1 0
0 35.75 0.91 2 6 4 0.75 1 1 4 0 2 0 1584 1
1 36.5 4.25 2 11 4 3.5 0 0 0 0 2 454 51 0
1 19.42 7.25 2 7 4 0.04 0 1 1 0 2 100 2 0
0 25.75 0.5 2 8 8 0.875 1 0 0 1 2 491 1 1
1 57.42 8.5 2 10 8 7 1 1 3 0 2 0 1 1
1 23 0.75 2 7 4 0.5 1 0 0 1 1 320 1 0
1 16.07 0.75 2 8 4 1.75 1 1 5 1 2 352 691 1
0 57.58 2 2 1 1 6.5 0 1 1 0 2 0 11 0
0 58.33 10 2 11 4 4 1 1 14 0 2 0 1603 1
1 20.67 1.25 1 8 8 1.375 1 1 3 1 2 140 211 0
0 28.75 3.75 2 8 4 1.085 1 1 1 1 2 371 1 1
1 47.33 6.5 2 8 4 1 0 0 0 1 2 0 229 0
1 32.25 14 1 1 1 0 0 1 2 0 2 160 2 0
1 26.17 0.25 2 3 5 0 1 0 0 1 2 0 1 1
1 33.75 2.75 2 3 5 0 0 0 0 0 2 180 1 0
1 32.08 4 1 13 4 1.5 0 0 0 1 2 120 1 0
1 24.5 13.33 1 6 4 0.04 0 0 0 1 2 120 476 0
1 22.25 0.46 2 4 4 0.125 0 0 0 1 2 280 56 0
0 49 1.5 2 5 3 0 1 0 0 1 2 100 28 0
0 64.08 0.16 2 1 1 0 1 1 1 0 2 232 101 1
1 22.92 3.16 1 8 4 0.165 0 0 0 0 2 160 1059 0
1 41.5 1.54 2 3 5 3.5 0 0 0 0 2 216 1 1
1 39.17 2.5 1 3 8 10 0 0 0 1 1 200 1 0
1 34.17 1.54 2 13 4 1.54 1 1 1 1 2 520 50001 1
1 23.17 0 2 13 4 0.085 1 0 0 0 2 0 1 1
0 33.75 0.75 2 4 5 1 1 1 3 1 2 212 1 0
1 36.25 5 2 8 5 2.5 1 1 6 0 2 0 368 1
0 22.67 3.8 2 8 4 0.165 0 0 0 0 2 160 1 0
1 27.75 1.29 2 4 8 0.25 0 0 0 1 1 140 1 0
1 27.58 2.04 1 6 4 2 1 1 3 1 2 370 561 1
0 52.5 7 2 6 8 3 0 0 0 0 2 0 1 0
1 28 3 2 9 4 0.75 0 0 0 1 2 300 68 0
1 22.67 2.54 1 8 8 2.585 1 0 0 0 2 0 1 1
1 42.75 3 2 3 5 1 1 0 0 0 2 0 201 0
1 23.42 0.58 2 8 8 0.085 1 0 0 0 2 180 1 0
1 40 6.5 2 6 5 3.5 1 1 1 0 2 0 501 1
1 18.32 1.21 1 10 2 0 0 0 0 0 2 100 1 0
1 37.33 2.66 2 13 4 0.165 0 0 0 1 2 0 502 0
1 29.67 1.41 2 9 8 0.75 1 1 1 0 2 240 101 1
1 34.17 9.17 2 8 4 4.5 1 1 12 1 2 0 222 1
1 67.75 5.5 2 10 9 13 1 1 1 1 2 0 1 1
1 20.67 5.29 2 11 4 0.375 1 1 1 0 2 160 1 0
0 33.17 2.25 1 13 4 3.5 0 0 0 1 2 200 142 0
0 36 1 2 8 4 2 1 1 11 0 2 0 457 1
0 44.33 0 2 8 4 2.5 1 0 0 0 2 0 1 1
0 24.83 4.5 2 9 4 1 0 0 0 1 2 360 7 0
1 40.92 0.5 1 7 4 0.5 0 0 0 1 2 130 1 0
1 16.07 0.75 2 8 4 1.75 1 1 5 1 2 352 691 1
0 50.25 0.83 2 6 4 0.5 0 0 0 1 2 240 118 0
1 26.92 2.25 2 3 5 0.5 0 0 0 1 2 640 4001 0
0 28.5 1 2 11 4 1 1 1 2 1 2 167 501 0
0 24.5 1.75 1 8 4 0.165 0 0 0 0 2 132 1 0
1 30.17 1.08 1 8 4 0.04 0 0 0 0 2 170 180 0
0 24.83 4.5 2 9 4 1 0 0 0 1 2 360 7 0
1 44.25 11 1 2 4 1.5 1 0 0 0 1 0 1 0
1 19.42 1.5 1 13 4 2 1 0 0 1 2 100 21 0
1 20.67 5.29 2 11 4 0.375 1 1 1 0 2 160 1 0
1 16.25 0 1 6 4 0.25 0 0 0 0 2 60 1 0
0 42.25 1.75 1 8 4 0 0 0 0 1 2 150 2 0
1 33.67 2.16 2 8 4 1.5 0 0 0 0 3 120 1 0
0 58.67 4.46 2 11 8 3.04 1 1 6 0 2 43 561 1
1 22.75 11.5 2 3 4 0.415 0 0 0 0 2 0 1 0
1 20.17 5.62 2 9 4 1.71 1 0 0 0 1 120 1 1
1 18.67 5 2 11 4 0.375 1 1 2 0 2 0 39 0

