1 19.67 0.37 2 11 4 2 1 1 2 1 2 80 1 1
0 35.42 12 2 11 8 14 1 1 8 0 2 0 6591 1
1 22.67 2.54 1 8 8 2.585 1 0 0 0 2 0 1 1
1 59.5 2.75 2 9 4 1.75 1 1 5 1 2 60 59 1
1 31.92 4.46 2 13 8 6.04 1 1 3 0 2 311 301 1
1 23.42 0.58 2 8 8 0.085 1 0 0 0 2 180 1 0
1 48.08 6.04 2 4 4 0.04 0 0 0 0 2 0 2691 1
1 29.5 0.57 2 9 4 0.29 0 1 1 0 2 340 2804 0
1 51.58 15 2 8 4 8.5 1 1 9 0 2 0 1 1
1 63.33 0.54 2 8 4 0.585 1 1 3 1 2 180 1 0
1 32.42 3 2 2 4 0.165 0 0 0 1 2 120 1 0
1 21.33 10.5 2 8 4 3 1 0 0 1 2 0 1 1
0 35.42 12 2 11 8 14 1 1 8 0 2 0 6591 1
0 23 1.83 2 5 3 0 0 1 1 0 2 200 54 0
1 26.17 0.25 2 3 5 0 1 0 0 1 2 0 1 1
1 35.17 4.5 2 14 8 5.75 0 0 0 1 1 711 1 1
1 15.17 7 2 10 4 1 0 0 0 0 2 600 1 0
1 43.25 25.21 2 11 8 0.21 1 1 1 0 2 760 91 0
1 33.58 2.75 2 7 4 4.25 1 1 6 0 2 204 1 1
0 22.92 1.25 2 11 4 0.25 0 0 0 1 2 120 810 0
0 37.33 2.5 2 3 8 0.21 0 0 0 0 2 260 247 0
1 43.08 0.37 1 8 4 0.375 1 1 8 1 2 300 163 1
1 37.17 4 2 8 5 5 1 0 0 1 1 280 1 0
0 20.42 10.5 1 14 8 0 0 0 0 1 2 154 33 0
0 49.83 13.58 2 4 8 8.5 1 0 0 1 2 0 1 1
0 36.75 5.12 2 10 4 5 1 0 0 1 2 0 4001 1
1 26.75 4.5 1 8 5 2.5 0 0 0 0 2 200 1211 0
1 37.5 1.75 1 8 5 0.25 1 0 0 1 2 164 401 0
1 25.67 3.25 2 8 8 2.29 0 1 1 1 2 416 22 0
1 31.83 0.04 1 7 4 0.04 0 0 0 0 2 0 1 0
0 23.25 5.87 2 11 4 3.17 1 1 10 0 2 120 246 1
0 33.25 2.5 1 8 4 2.5 0 0 0 1 2 0 3 0
1 54.83 15.5 2 10 9 0 1 1 20 0 2 152 131 0
1 29.83 3.5 2 8 4 0.165 0 0 0 0 2 216 1 0
1 23 0.75 2 7 4 0.5 0 0 0 1 1 320 1 0
1 24.58 1.25 2 8 4 0.25 0 0 0 0 2 110 1 0
1 36.25 5 2 8 5 2.5 1 1 6 0 2 0 368 1
0 21.08 5 1 1 1 0 0 0 0 0 2 0 1 0
0 25.25 13.5 1 1 1 2 0 1 1 1 2 200 2 0
1 26.67 4.25 2 13 4 4.29 1 1 1 1 2 120 1 1
1 43 0.28 1 13 8 1.75 1 1 8 0 2 100 376 1
0 33.08 1.62 2 2 4 0.54 0 0 0 1 2 0 1 0
1 21.92 0.54 1 14 4 0.04 1 1 1 1 2 840 60 1
0 41 2.04 1 11 8 0.125 1 1 23 1 2 455 1237 1
1 32.75 2.33 2 2 8 5.75 0 0 0 1 2 292 1 0
1 15.17 7 2 10 4 1 0 0 0 0 2 600 1 0
1 21.5 9.75 2 8 4 0.25 1 0 0 0 2 140 1 0
1 36.33 3.79 2 9 4 1.165 1 0 0 1 2 200 1 0
1 27 1.5 1 9 4 0.375 1 0 0 1 2 260 1066 1
1 56.42 28 1 8 4 28.5 1 1 40 0 2 0 16 1
0 25.08 2.54 1 6 4 0.25 1 0 0 1 2 370 1 1
0 36 1 2 8 4 2 1 1 11 0 2 0 457 1
1 28.33 5 2 9 4 11 1 0 0 1 2 70 1 1
1 23 0.62 1 6 4 0.125 1 0 0 0 2 180 2 0
1 36.75 0.12 1 8 4 1.5 0 0 0 1 2 232 114 1
1 20.17 5.62 2 9 4 1.71 1 0 0 0 1 120 1 1
1 25 11.25 2 8 4 2.5 1 1 17 0 2 200 1209 1
1 47.33 6.5 2 8 4 1 0 0 0 1 2 0 229 0
0 20.42 10.5 1 14 8 0 0 0 0 1 2 154 33 0
1 20 7 2 8 4 0.5 0 0 0 0 2 0 1 0
1 32.75 2.33 2 2 8 5.75 0 0 0 1 2 292 1 0
0 33.08 4.62 2 11 8 1.625 1 1 2 0 2 0 1 1
1 32.75 1.5 2 13 8 5.5 1 1 3 1 2 0 1 1
1 25.67 2.21 1 6 4 4 1 0 0 0 2 188 1 0
1 27.83 1.5 2 9 4 2.25 0 1 1 1 2 100 4 0
1 17.67 4.46 2 8 4 0.25 0 0 0 0 1 80 1 0
0 18.75 7.5 2 11 4 2.71 1 1 5 0 2 184 26727 1
0 33.08 4.62 2 11 8 1.625 1 1 2 0 2 0 1 1
1 31.57 0.62 2 4 4 0.25 0 0 0 0 2 380 2011 0
1 59.67 1.54 2 11 4 0.125 1 0 0 1 2 260 1 1
1 32.25 14 1 1 1 0 0 1 2 0 2 160 2 0
0 23.58 0.83 2 11 4 0.415 0 1 1 1 2 200 12 0
1 40.58 5 2 8 4 5 1 1 7 0 2 0 3066 1
1 31.67 0.83 2 14 4 1.335 1 1 8 1 2 303 3291 1
0 56.83 4.25 1 1 1 5 0 0 0 1 2 0 5 0
1 27.67 0.75 2 11 8 0.165 0 0 0 1 2 220 252 0
0 17.57 9 2 6 4 1.375 1 0 0 1 2 0 1 1
1 49.58 19 2 1 1 0 1 1 1 0 2 94 1 0
1 27.25 1.66 2 13 8 5.085 1 1 9 0 2 399 828 1
1 43.17 2.25 2 3 5 0.75 1 0 0 0 2 560 1 0
1 20.42 7 2 8 4 1.625 1 1 3 0 2 200 1392 1
1 21.92 0.54 1 14 4 0.04 1 1 1 1 2 840 60 1
0 30 5.29 2 10 2 2.25 1 1 5 1 2 99 501 1
0 20.07 1.25 2 8 4 0 0 0 0 0 2 0 1 0
1 36.67 2 2 3 4 0.25 0 0 0 1 2 221 1 0
0 17.92 10.21 2 1 1 0 0 0 0 0 2 0 51 0
0 21.75 11.75 2 8 4 0.25 0 0 0 1 2 180 1 0
1 33.67 2.16 2 8 4 1.5 0 0 0 0 3 120 1 0
0 23.58 11.5 1 4 8 3 0 0 0 1 2 20 17 0
0 17.82 11 2 14 8 1 1 1 11 0 2 0 3001 1
0 20.07 1.25 2 8 4 0 0 0 0 0 2 0 1 0
1 51.58 15 2 8 4 8.5 1 1 9 0 2 0 1 1
1 36.42 0.75 1 2 4 0.585 0 0 0 0 2 240 4 0
1 47.67 2.5 2 7 5 2.5 1 1 12 1 2 410 2511 1
1 37.17 4 2 8 5 5 1 0 0 1 1 280 1 0
1 49.17 2.29 2 1 1 0.29 0 0 0 0 2 200 4 0
1 55.92 11.5 2 1 1 5 1 1 5 0 2 0 8852 1
1 31.83 0.04 1 7 4 0.04 0 0 0 0 2 0 1 0
0 23.42 0.79 1 11 4 1.5 1 1 2 1 2 80 401 1
0 64.08 0.16 2 1 1 0 1 1 1 0 2 232 101 1
1 28.75 1.5 1 8 4 1.5 1 0 0 1 2 0 226 0
1 36.5 4.25 2 11 4 3.5 0 0 0 0 2 454 51 0
1 29.92 1.83 2 8 8 4.335 1 0 0 0 2 260 201 1
1 25.5 0.37 2 7 4 0.25 1 1 3 0 2 260 15109 1
1 30.17 6.5 2 13 4 3.125 1 1 8 0 2 330 1201 1
1 22 0.79 2 9 4 0.29 0 1 1 0 2 420 284 0
0 24.5 1.04 1 1 1 0.5 1 1 3 0 2 180 148 0
1 18.07 5.5 2 4 4 0.5 1 0 0 0 2 80 1 1
1 28.58 3.62 2 6 4 0.25 0 0 0 1 2 100 1 0
0 57.58 2 2 1 1 6.5 0 1 1 0 2 0 11 0
1 31.57 0.04 1 2 4 4.25 0 0 0 1 2 460 1 0
1 37.58 0 2 8 4 0 0 0 0 0 3 184 1 1
1 31.57 4 1 3 4 0.085 0 0 0 1 2 411 1 0
1 18.5 2 2 3 4 1.5 1 1 2 0 2 120 301 1
1 20 11.04 2 8 4 2 0 0 0 1 2 136 1 0
1 39 5 2 13 4 3.5 1 1 10 1 2 0 1 1
1 23.42 0.58 2 8 8 0.085 1 0 0 0 2 180 1 0
1 62.75 7 2 10 9 0 0 0 0 0 2 0 13 0
1 54.33 6.75 2 8 8 2.625 1 1 11 1 2 0 285 1
1 30.75 1.58 2 2 4 0.585 0 0 0 1 1 0 1 0
1 34 5.08 1 3 5 1.085 0 0 0 1 2 480 1 0
0 58.67 4.46 2 11 8 3.04 1 1 6 0 2 43 561 1
0 33.25 2.5 1 8 4 2.5 0 0 0 1 2 0 3 0
0 58.33 10 2 11 4 4 1 1 14 0 2 0 1603 1
1 18.82 0.41 1 8 4 0.165 0 1 1 0 2 200 2 0
0 24.75 3 2 11 8 1.835 1 1 19 0 2 0 501 1
1 31.08 1.5 1 9 4 0.04 0 0 0 0 1 160 1 0
1 20.67 0.41 2 8 4 0.125 0 0 0 0 2 0 45 0
1 56.42 28 1 8 4 28.5 1 1 40 0 2 0 16 1
1 36.17 5.5 2 3 5 5 0 0 0 0 2 210 688 0
1 42.83 4.62 2 11 4 4.58 1 0 0 0 1 0 1 1
1 43.08 0.37 1 8 4 0.375 1 1 8 1 2 300 163 1
1 35.17 2.5 2 4 4 4.5 1 1 7 0 2 150 1271 1
0 17.92 10.21 2 1 1 0 0 0 0 0 2 0 51 0
1 41.17 4.04 2 13 8 7 1 1 8 0 2 320 1 1
1 26.33 13 2 10 2 0 0 0 0 1 2 140 1111 0
0 21.08 5 1 1 1 0 0 0 0 0 2 0 1 0
1 19.32 10.91 2 8 5 0.585 0 1 2 1 2 200 8 0
1 20.67 0.83 1 8 4 2 0 0 0 1 1 240 1 0
1 44.25 0.5 2 7 4 10.75 1 0 0 0 1 400 1 0
1 23.42 1 2 8 4 0.5 0 0 0 1 1 280 1 0
0 23.25 5.87 2 11 4 3.17 1 1 10 0 2 120 246 1
0 40.33 7.54 1 11 8 8 1 1 14 0 2 0 2301 1
1 27.67 0.75 2 11 8 0.165 0 0 0 1 2 220 252 0
1 45 8.5 2 13 8 14 1 1 1 1 2 88 2001 1
1 25.67 12.5 2 13 4 1.21 1 1 67 1 2 140 259 1
1 23.42 1 2 8 4 0.5 0 0 0 1 1 280 1 0
1 18.82 0 2 11 4 0.665 0 0 0 0 2 160 2 0
1 35.25 16.5 1 8 4 4 1 0 0 0 2 80 1 0
0 50.25 0.83 2 6 4 0.5 0 0 0 1 2 240 118 0
1 39.92 0.54 1 6 4 0.5 1 1 3 0 2 200 1001 1
1 21.17 0.25 1 8 8 0.25 0 0 0 0 2 280 205 0
1 54.42 0.5 1 4 8 3.96 1 0 0 0 2 180 315 1
1 20 11.04 2 8 4 2 0 0 0 1 2 136 1 0
0 17.32 9.5 2 6 4 1.75 0 1 10 1 2 0 11 0
1 23.25 12.62 2 8 4 0.125 0 1 2 0 2 0 5553 0
1 40.58 3.29 2 7 4 3.5 0 0 0 1 1 400 1 0
0 32.25 1.5 2 8 4 0.25 0 0 0 1 2 372 123 0
1 27.75 1.29 2 4 8 0.25 0 0 0 1 1 140 1 0
1 48.75 26.33 1 1 1 0 1 0 0 1 2 0 1 0
1 22.67 2.54 1 8 8 2.585 1 0 0 0 2 0 1 1
1 35.17 4.5 2 14 8 5.75 0 0 0 1 1 711 1 1
0 33.92 1.58 1 1 1 0 1 0 0 0 2 320 1 0
1 49.17 2.29 2 1 1 0.29 0 0 0 0 2 200 4 0
1 22.67 1.58 1 9 4 3.085 1 1 6 0 2 80 1 1
1 43.25 3 2 11 8 6 1 1 11 0 2 80 1 1
1 40.58 5 2 8 4 5 1 1 7 0 2 0 3066 1
1 42.17 5.04 2 11 8 12.75 1 0 0 1 2 92 1 1
0 49 1.5 2 5 3 0 1 0 0 1 2 100 28 0
1 26.67 1.75 1 8 4 1 1 1 5 1 2 160 5778 1
0 23 11.75 2 14 8 0.5 1 1 2 1 2 300 552 1
1 22.08 0.83 2 8 8 2.165 0 0 0 1 2 128 1 1
0 29.5 1.08 1 14 4 1 0 0 0 0 2 280 14 0
0 34.83 1.25 1 3 8 0.5 0 0 0 1 2 160 1 0
1 40.58 3.29 2 7 4 3.5 0 0 0 1 1 400 1 0
1 24.17 0.87 2 11 4 4.625 1 1 2 1 2 520 2001 1
0 16.32 0.21 2 6 4 0.125 0 0 0 0 2 200 2 0
1 28.58 3.62 2 6 4 0.25 0 0 0 1 2 100 1 0
1 28 2 2 4 8 4.165 1 1 2 1 2 181 1 1
1 39.5 1.62 2 8 4 1.5 0 0 0 0 2 0 317 0
1 27.42 12.5 2 6 5 0.25 0 0 0 1 2 720 1 0
0 19.67 0.21 2 11 8 0.29 1 1 11 0 2 80 100 1
1 25.83 12.83 2 13 4 0.5 0 0 0 0 2 0 3 0
1 59.5 2.75 2 9 4 1.75 1 1 5 1 2 60 59 1
1 34.92 5 2 14 8 7.5 1 1 6 1 2 0 1001 1
0 25.25 13.5 1 1 1 2 0 1 1 1 2 200 2 0
0 21.75 1.75 1 5 3 0 0 0 0 0 2 160 1 0
0 29.5 1.08 1 14 4 1 0 0 0 0 2 280 14 0
1 32.75 2.33 2 2 8 5.75 0 0 0 1 2 292 1 0
0 34.83 1.25 1 3 8 0.5 0 0 0 1 2 160 1 0
0 28.5 1 2 11 4 1 1 1 2 1 2 167 501 0
1 67.75 5.5 2 10 9 13 1 1 1 1 2 0 1 1
0 39.08 4 2 8 4 3 0 0 0 0 2 480 1 0
0 15.83 7.62 2 11 4 0.125 0 1 1 1 2 0 161 0
0 20.42 10.5 1 14 8 0 0 0 0 1 2 154 33 0
1 32.75 2.33 2 2 8 5.75 0 0 0 1 2 292 1 0
1 27.58 2.04 1 6 4 2 1 1 3 1 2 370 561 1
1 36.67 3.25 2 11 8 9 1 0 0 1 2 102 640 1
1 47.67 0.28 2 8 5 15 1 1 20 0 2 0 15001 1
1 48.75 8.5 2 8 8 12.5 1 1 9 0 2 181 1656 1
0 33.25 2.5 1 8 4 2.5 0 0 0 1 2 0 3 0
0 49 1.5 2 5 3 0 1 0 0 1 2 100 28 0
0 28.58 1.66 2 11 4 2.415 1 0 0 1 2 440 1 0
1 36.17 5.5 2 3 5 5 0 0 0 0 2 210 688 0
1 35.17 2.5 2 4 4 4.5 1 1 7 0 2 150 1271 1
1 19 0 1 1 1 0 0 1 4 0 2 45 2 0
1 38.42 0.7 2 8 4 0.375 0 1 2 0 2 225 501 0
1 20.17 5.62 2 9 4 1.71 1 0 0 0 1 120 1 1
1 22.92 0.17 2 7 4 0.085 0 0 0 0 1 0 1 0
1 58.58 2.71 2 8 4 2.415 0 0 0 1 2 320 1 0
0 26.17 2 2 5 3 0 0 0 0 1 2 276 2 0
1 27.58 3.25 1 11 8 5.085 0 1 2 1 2 369 2 0
1 26.17 12.5 1 4 8 1.25 0 0 0 1 2 0 18 0
1 54.83 15.5 2 10 9 0 1 1 20 0 2 152 131 0
1 31.92 4.46 2 13 8 6.04 1 1 3 0 2 311 301 1
1 27.42 12.5 2 6 5 0.25 0 0 0 1 2 720 1 0
1 41 0.04 2 10 4 0.04 0 1 1 0 1 560 1 1
1 37.33 2.66 2 13 4 0.165 0 0 0 1 2 0 502 0
0 26.17 2 2 5 3 0 0 0 0 1 2 276 2 0
1 25.67 2.21 1 6 4 4 1 0 0 0 2 188 1 0

