0 18.82 9.53 2 6 4 0.085 1 0 0 0 2 100 1 1
0 47.75 8 2 8 4 7.875 1 1 6 1 2 0 1261 1
1 36.75 0.12 1 8 4 1.5 0 0 0 1 2 232 114 1
1 29.25 13 2 2 8 0.5 0 0 0 0 2 228 1 0
1 43.25 25.21 2 11 8 0.21 1 1 1 0 2 760 91 0
0 36.75 4.71 2 1 1 0 0 0 0 0 2 160 1 0
0 25.08 2.54 1 6 4 0.25 1 0 0 1 2 370 1 1
1 44 2 2 7 4 1.75 1 1 2 1 2 0 16 1
0 18.82 9.53 2 6 4 0.085 1 0 0 0 2 100 1 1
1 56.75 12.25 2 7 4 1.25 1 1 4 1 2 200 1 1
1 23.17 0 2 13 4 0.085 1 0 0 0 2 0 1 1
0 22.92 11.58 2 13 4 0.04 1 0 0 0 2 80 1350 1
0 52.5 7 2 6 8 3 0 0 0 0 2 0 1 0
0 23.58 0.58 1 1 1 0.125 0 0 0 0 2 120 88 0
0 25.25 13.5 1 1 1 2 0 1 1 1 2 200 2 0
1 35.25 3.16 2 14 8 3.75 1 0 0 1 2 680 1 0
0 17.92 0.54 2 8 4 1.75 0 1 1 1 2 80 6 0
0 15.83 7.62 2 11 4 0.125 0 1 1 1 2 0 161 0
1 36.33 3.79 2 9 4 1.165 1 0 0 1 2 200 1 0
0 47 13 2 3 5 5.165 1 1 9 1 2 0 1 1
0 21.75 11.75 2 8 4 0.25 0 0 0 1 2 180 1 0
1 31.58 0.75 1 6 4 3.5 0 0 0 1 2 320 1 0
1 29.58 4.5 2 9 4 7.5 1 1 2 1 2 330 1 1
1 23.25 4 2 8 5 0.25 1 0 0 1 2 160 1 1
1 37.17 4 2 8 5 5 1 0 0 1 1 280 1 0
1 22.92 0.17 2 7 4 0.085 0 0 0 0 1 0 1 0
0 27.17 1.25 2 1 1 0 0 1 1 0 2 92 301 0
1 22.67 2.54 1 8 8 2.585 1 0 0 0 2 0 1 1
1 19.17 9.5 2 9 4 1.5 1 0 0 0 2 120 2207 1
0 40.83 10 2 11 8 1.75 1 0 0 0 2 29 838 1
0 33.67 0.37 2 13 4 0.375 0 0 0 0 2 300 45 1
0 23 1.83 2 5 3 0 0 1 1 0 2 200 54 0
0 20.07 1.25 2 8 4 0 0 0 0 0 2 0 1 0
1 65.42 11 2 10 9 20 1 1 7 1 2 22 1 1
1 26.17 0.83 2 13 4 1.165 0 0 0 0 2 100 1 0
1 27.58 3.25 1 11 8 5.085 0 1 2 1 2 369 2 0
1 27.25 0.62 2 6 4 0.455 1 0 0 1 2 200 1 0
1 23.08 0 2 4 4 1 0 1 11 0 1 0 1 0
1 20 7 2 8 4 0.5 0 0 0 0 2 0 1 0
1 20.07 0.25 2 11 4 0.125 0 0 0 0 2 200 1 0
1 36.67 4.41 1 4 4 0.25 1 1 10 1 2 320 1 1
0 22.58 10.75 2 11 4 0.415 1 1 5 1 2 0 561 1
1 22.67 1.58 1 9 4 3.085 1 1 6 0 2 80 1 1
1 34.5 4.04 1 3 5 8.5 1 1 7 1 2 195 1 1
1 33.17 1 2 14 4 0.75 1 1 7 1 2 340 4072 1
0 18.07 0.37 3 13 1 10 0 0 0 1 1 300 1 1
1 33.17 3.04 1 8 8 2.04 1 1 1 1 2 180 18028 1
0 40.33 7.54 1 11 8 8 1 1 14 0 2 0 2301 1
1 54.42 0.5 1 4 8 3.96 1 0 0 0 2 180 315 1
1 21.92 0.5 2 8 4 0.125 0 0 0 0 2 360 1 0
1 43 0.28 1 13 8 1.75 1 1 8 0 2 100 376 1
0 50.25 0.83 2 6 4 0.5 0 0 0 1 2 240 118 0
0 33.08 4.62 2 11 8 1.625 1 1 2 0 2 0 1 1
1 42 0.2 2 3 8 5.125 1 0 0 0 2 400 1 1
1 33.17 1.04 2 12 8 6.5 1 0 0 1 2 164 31286 1
0 18.82 4.41 1 8 8 3 1 0 0 0 2 240 1 1
1 41.42 5 2 11 8 5 1 1 6 1 2 470 1 1
1 34.92 5 2 14 8 7.5 1 1 6 1 2 0 1001 1
0 18.92 9.25 1 8 4 1 1 1 4 1 2 80 501 1
0 27.67 2.04 2 9 4 0.25 0 0 0 1 2 180 51 0
1 45 8.5 2 13 8 14 1 1 1 1 2 88 2001 1
1 27.25 0.62 2 6 4 0.455 1 0 0 1 2 200 1 0
1 26.75 2 2 2 4 0.75 0 0 0 1 2 80 1 0
1 42.75 4.08 2 6 4 0.04 0 0 0 0 2 108 101 0
0 24.75 12.5 2 6 4 1.5 1 1 12 1 2 120 568 1
1 29.42 1.25 2 8 8 0.25 0 1 2 1 2 400 109 0
0 26.08 8.66 2 6 4 1.415 1 0 0 0 2 160 151 1
1 42.83 4.62 2 11 4 4.58 1 0 0 0 1 0 1 1
1 27.75 1.29 2 4 8 0.25 0 0 0 1 1 140 1 0
1 34.25 1.75 2 9 5 0.25 1 0 0 1 2 163 1 0
1 33.17 1.04 2 12 8 6.5 1 0 0 1 2 164 31286 1
1 29.67 1.41 2 9 8 0.75 1 1 1 0 2 240 101 1
1 45 8.5 2 13 8 14 1 1 1 1 2 88 2001 1
1 49.58 19 2 1 1 0 1 1 1 0 2 94 1 0
1 56.75 12.25 2 7 4 1.25 1 1 4 1 2 200 1 1
0 28.5 3.04 1 14 8 2.54 1 1 1 0 2 70 1 1
1 34.92 2.5 2 9 4 0 1 0 0 1 2 239 201 1
1 38.92 1.75 2 4 4 0.5 0 0 0 1 2 300 3 0
1 34.08 6.5 2 6 4 0.125 1 0 0 1 2 443 1 0
0 18.42 9.25 2 11 4 1.21 1 1 4 0 2 60 541 1
0 38.75 1.5 2 1 1 0 0 0 0 0 2 76 1 0
0 22.67 3.8 2 8 4 0.165 0 0 0 0 2 160 1 0
0 19.5 0.16 2 11 4 0.04 0 0 0 1 2 380 1 0
1 29.42 1.25 2 8 8 0.25 0 1 2 1 2 400 109 0
1 48.75 26.33 1 1 1 0 1 0 0 1 2 0 1 0
1 21.25 1.5 2 9 4 1.5 0 0 0 0 2 150 9 1
1 39.92 0.54 1 6 4 0.5 1 1 3 0 2 200 1001 1
1 34.83 2.5 1 9 4 3 0 0 0 0 1 200 1 0
0 33.08 4.62 2 11 8 1.625 1 1 2 0 2 0 1 1
0 20.42 0.83 2 11 4 1.585 1 1 1 0 2 0 1 1
1 32.25 0.16 1 8 8 3.25 1 1 1 1 2 432 8001 1
0 36.58 0.28 2 1 1 0 0 1 10 0 2 200 19 0
1 35.75 2.41 2 9 4 0.125 0 1 2 0 2 220 2 0
1 23.17 0 2 13 4 0.085 1 0 0 0 2 0 1 1
1 47.17 5.83 2 9 4 5.5 0 0 0 0 2 465 151 0
1 51.33 10 2 3 5 0 1 1 11 0 2 0 1250 1
1 34.92 5 2 14 8 7.5 1 1 6 1 2 0 1001 1
1 13.75 4 1 9 4 1.75 1 1 2 1 2 120 1001 1
1 38.25 10.12 1 4 4 0.125 0 0 0 0 2 160 1 0
1 34.83 4 2 2 5 12.5 1 0 0 1 2 184 1 0
1 23.75 12 2 8 4 2.085 0 0 0 0 1 80 1 0
1 22.08 11 2 13 4 0.665 1 0 0 0 2 100 1 1
0 47 13 2 3 5 5.165 1 1 9 1 2 0 1 1
1 29.58 4.5 2 9 4 7.5 1 1 2 1 2 330 1 1
1 31.83 0.04 1 7 4 0.04 0 0 0 0 2 0 1 0
1 22.92 3.16 1 8 4 0.165 0 0 0 0 2 160 1059 0
1 31.57 0.5 2 8 5 0.835 1 0 0 1 1 320 1 0
0 28.42 3.5 2 9 4 0.835 1 0 0 0 1 280 1 1
1 20.5 10 1 8 4 2.5 1 0 0 0 1 40 1 1
0 22.42 5.66 2 11 4 2.585 1 1 7 0 2 129 3258 1
1 43.25 3 2 11 8 6 1 1 11 0 2 80 1 1
1 30.58 2.71 1 7 4 0.125 0 0 0 1 1 80 1 0
1 20.67 1.25 1 8 8 1.375 1 1 3 1 2 140 211 0
1 42 0.2 2 3 8 5.125 1 0 0 0 2 400 1 1
1 21.58 0.79 1 13 4 0.665 0 0 0 0 2 160 1 0
0 19.67 0.21 2 11 8 0.29 1 1 11 0 2 80 100 1
1 33.17 3.04 1 8 8 2.04 1 1 1 1 2 180 18028 1
0 38.75 1.5 2 1 1 0 0 0 0 0 2 76 1 0
1 32.33 2.5 2 8 4 1.25 0 0 0 1 2 280 1 0
0 20.07 0.12 2 11 4 1 0 1 1 0 2 240 769 1
1 56 12.5 2 4 8 8 1 0 0 1 2 24 2029 1
0 27.67 2.04 2 9 4 0.25 0 0 0 1 2 180 51 0
0 40.83 10 2 11 8 1.75 1 0 0 0 2 29 838 1
0 18.75 7.5 2 11 4 2.71 1 1 5 0 2 184 26727 1
1 20.42 7 2 8 4 1.625 1 1 3 0 2 200 1392 1
1 31.67 16.16 2 2 4 3 1 1 9 0 2 250 731 1
1 31.67 0.83 2 14 4 1.335 1 1 8 1 2 303 3291 1
0 28.5 1 2 11 4 1 1 1 2 1 2 167 501 0
0 16.07 0.33 2 1 1 0 0 1 1 0 2 160 127 0
0 29.58 1.75 1 4 4 1.25 0 0 0 1 2 280 1 0
1 19.67 0.37 2 11 4 2 1 1 2 1 2 80 1 1
1 32.08 4 1 13 4 1.5 0 0 0 1 2 120 1 0
1 18.82 0.41 1 8 4 0.165 0 1 1 0 2 200 2 0
1 25.92 0.87 2 4 4 0.375 0 1 2 1 2 174 4 0
1 23.25 4 2 8 5 0.25 1 0 0 1 2 160 1 1
0 17.82 11 2 14 8 1 1 1 11 0 2 0 3001 1
1 62.75 7 2 10 9 0 0 0 0 0 2 0 13 0
1 20.5 10 1 8 4 2.5 1 0 0 0 1 40 1 1
0 29.5 2 1 10 8 2 0 0 0 0 2 256 18 0
1 28.33 5 2 9 4 11 1 0 0 1 2 70 1 1
1 31.83 0.04 1 7 4 0.04 0 0 0 0 2 0 1 0
1 21.33 10.5 2 8 4 3 1 0 0 1 2 0 1 1
1 24.58 1.25 2 8 4 0.25 0 0 0 0 2 110 1 0
1 23.75 12 2 8 4 2.085 0 0 0 0 1 80 1 0
1 63.33 0.54 2 8 4 0.585 1 1 3 1 2 180 1 0
0 27.25 0.28 2 7 8 0.125 0 1 1 1 2 272 109 0
1 20 0 2 2 4 0.5 0 0 0 0 2 144 1 0
0 34.83 1.25 1 3 8 0.5 0 0 0 1 2 160 1 0
1 34.08 6.5 2 6 4 0.125 1 0 0 1 2 443 1 0
0 15.75 0.37 2 8 4 1 0 0 0 0 2 120 19 0
1 25.67 0.28 1 8 4 1.5 0 0 0 1 2 160 1 0
0 19.17 0.58 1 6 4 0.585 1 0 0 1 2 160 1 0
0 45.83 10.5 2 11 4 5 1 1 7 1 2 0 1 1
1 27.83 1.5 2 9 4 2.25 0 1 1 1 2 100 4 0
1 23.25 4 2 8 5 0.25 1 0 0 1 2 160 1 1
1 16.17 0.04 2 8 4 0.04 0 0 0 0 2 0 1 1
1 13.75 4 1 9 4 1.75 1 1 2 1 2 120 1001 1
1 29.5 0.57 2 9 4 0.29 0 1 1 0 2 340 2804 0
1 23.92 0.58 1 13 8 0.125 0 0 0 0 2 240 2 0
1 37.17 4 2 8 5 5 1 0 0 1 1 280 1 0
1 19.17 9.5 2 9 4 1.5 1 0 0 0 2 120 2207 1
0 24.08 0.5 2 11 8 1.25 1 1 1 0 2 0 679 1
1 27 1.5 1 9 4 0.375 1 0 0 1 2 260 1066 1
0 34.83 1.25 1 3 8 0.5 0 0 0 1 2 160 1 0
0 22.25 1.25 1 1 1 3.25 0 0 0 0 2 280 1 0
0 50.25 0.83 2 6 4 0.5 0 0 0 1 2 240 118 0
0 25.33 2.08 2 8 8 2.75 1 0 0 1 2 360 2 0
1 43.17 2.25 2 3 5 0.75 1 0 0 0 2 560 1 0
1 27.75 0.58 1 13 4 0.25 1 1 2 0 2 260 501 1
1 42.83 4.62 2 11 4 4.58 1 0 0 0 1 0 1 1
1 29.58 4.75 2 7 4 2 0 1 1 1 2 460 69 0
1 24.58 1.25 2 8 4 0.25 0 0 0 0 2 110 1 0
1 41.5 1.54 2 3 5 3.5 0 0 0 0 2 216 1 1
1 17.07 0.08 1 8 4 0.04 0 0 0 0 2 140 723 0
0 36 1 2 8 4 2 1 1 11 0 2 0 457 1
0 22.67 0.33 2 11 4 0.75 0 0 0 0 1 160 1 0
1 29.42 1.25 2 8 8 0.25 0 1 2 1 2 400 109 0
1 43.25 25.21 2 11 8 0.21 1 1 1 0 2 760 91 0
1 29.83 3.5 2 8 4 0.165 0 0 0 0 2 216 1 0
1 21.83 11 2 14 4 0.29 1 1 6 0 2 121 1 1
1 25.25 1 2 6 4 0.5 0 0 0 0 2 200 1 0
1 39.92 6.21 2 11 4 0.04 1 1 1 0 2 200 301 1
0 30.58 10.66 2 11 8 0.085 0 1 12 1 2 129 4 0
1 18.5 2 2 3 4 1.5 1 1 2 0 2 120 301 1
0 33.08 4.62 2 11 8 1.625 1 1 2 0 2 0 1 1
0 25.08 2.54 1 6 4 0.25 1 0 0 1 2 370 1 1
0 23.75 0.71 2 9 4 0.25 0 1 1 1 2 240 5 0
0 33.17 2.25 1 13 4 3.5 0 0 0 1 2 200 142 0
1 44.25 0.5 2 7 4 10.75 1 0 0 0 1 400 1 0
1 23.58 1.79 2 8 4 0.54 0 0 0 1 2 136 2 0
1 23.17 11.12 2 14 8 0.46 1 1 1 0 2 100 1 1
0 16.32 0.21 2 6 4 0.125 0 0 0 0 2 200 2 0
1 42.83 1.25 2 7 4 13.875 0 1 1 1 2 352 113 0
0 19.17 8.58 2 13 8 0.75 1 1 7 0 2 96 1 1
1 20.17 5.62 2 9 4 1.71 1 0 0 0 1 120 1 1
1 57.42 8.5 2 10 8 7 1 1 3 0 2 0 1 1
1 22.08 0.83 2 8 8 2.165 0 0 0 1 2 128 1 1
1 18.17 2.46 2 8 7 0.96 0 1 2 1 2 160 588 0
0 23.42 0.79 1 11 4 1.5 1 1 2 1 2 80 401 1
1 21 3 1 2 4 1.085 1 1 8 1 2 160 2 1
1 40.25 21.5 2 10 9 20 1 1 11 0 2 0 1201 1
0 25.08 2.54 1 6 4 0.25 1 0 0 1 2 370 1 1
1 28.25 0.87 2 7 4 0.96 1 1 3 1 2 396 1 1
1 20.67 0.41 2 8 4 0.125 0 0 0 0 2 0 45 0
0 16.5 1.25 2 11 4 0.25 0 1 1 0 2 108 99 0
0 52.5 7 2 6 8 3 0 0 0 0 2 0 1 0
1 51.83 3 1 1 1 1.5 0 0 0 0 2 180 5 0
1 43 0.28 1 13 8 1.75 1 1 8 0 2 100 376 1
1 32.33 2.5 2 8 4 1.25 0 0 0 1 2 280 1 0
1 23.42 1 2 8 4 0.5 0 0 0 1 1 280 1 0
1 58.58 2.71 2 8 4 2.415 0 0 0 1 2 320 1 0
1 34.08 0.08 1 7 5 0.04 1 1 1 1 2 280 2001 1
0 47.42 8 2 10 5 6.5 1 1 6 0 2 375 51101 1
1 32 1.75 1 10 8 0.04 1 0 0 1 2 393 1 1
1 43.08 0.37 1 8 4 0.375 1 1 8 1 2 300 163 1
1 33.67 2.16 2 8 4 1.5 0 0 0 0 3 120 1 0
0 21.75 1.75 1 5 3 0 0 0 0 0 2 160 1 0
0 36.75 4.71 2 1 1 0 0 0 0 0 2 160 1 0
1 24.17 0.87 2 11 4 4.625 1 1 2 1 2 520 2001 1
1 27.58 2.04 1 6 4 2 1 1 3 1 2 370 561 1

