1 19.17 0 1 7 5 0 0 0 0 1 1 500 2 1
1 54.42 0.5 1 4 8 3.96 1 0 0 0 2 180 315 1
1 47.17 5.83 2 9 4 5.5 0 0 0 0 2 465 151 0
1 34.5 4.04 1 3 5 8.5 1 1 7 1 2 195 1 1
1 33.67 1.25 2 9 4 1.165 0 0 0 0 2 120 1 0
0 20.42 10.5 1 14 8 0 0 0 0 1 2 154 33 0
0 22.83 2.29 2 11 8 2.29 1 1 7 1 2 140 2385 1
1 21.92 0.54 1 14 4 0.04 1 1 1 1 2 840 60 1
1 18.32 1.21 1 10 2 0 0 0 0 0 2 100 1 0
1 25 11.25 2 8 4 2.5 1 1 17 0 2 200 1209 1
0 19.5 0.16 2 11 4 0.04 0 0 0 1 2 380 1 0
1 25.67 0.28 1 8 4 1.5 0 0 0 1 2 160 1 0
1 29.83 3.5 2 8 4 0.165 0 0 0 0 2 216 1 0
1 31.25 1.12 2 1 1 0 0 1 1 0 2 96 20 0
1 19.5 9.58 2 6 4 0.79 0 0 0 0 2 80 351 0
1 32.42 3 2 2 4 0.165 0 0 0 1 2 120 1 0
1 42.83 1.25 2 7 4 13.875 0 1 1 1 2 352 113 0
1 74.83 19 1 1 1 0.04 0 1 2 0 2 0 352 0
0 23.58 0.83 2 11 4 0.415 0 1 1 1 2 200 12 0
0 15.83 7.62 2 11 4 0.125 0 1 1 1 2 0 161 0
1 23.92 1.5 2 2 8 1.875 1 1 6 0 2 200 328 1
0 52.17 0 1 1 1 0 0 0 0 0 2 0 1 0
0 30.25 5.5 2 4 4 5.5 0 0 0 1 1 100 1 0
1 37.58 0 2 8 4 0 0 0 0 0 3 184 1 1
1 19.32 10.91 2 8 5 0.585 0 1 2 1 2 200 8 0
1 32.92 2.5 2 6 4 1.75 0 1 2 1 2 720 1 0
0 19.17 5.41 2 3 8 0.29 0 0 0 0 2 80 485 0
1 20.67 5.29 2 11 4 0.375 1 1 1 0 2 160 1 0
0 52.5 7 2 6 8 3 0 0 0 0 2 0 1 0
1 41 0.04 2 10 4 0.04 0 1 1 0 1 560 1 1
1 21.83 11 2 14 4 0.29 1 1 6 0 2 121 1 1
1 36.5 4.25 2 11 4 3.5 0 0 0 0 2 454 51 0
1 32.33 7.5 2 10 5 1.585 1 0 0 1 1 420 1 0
1 23.17 0 2 13 4 0.085 1 0 0 0 2 0 1 1
1 19.42 7.25 2 7 4 0.04 0 1 1 0 2 100 2 0
0 36.75 4.71 2 1 1 0 0 0 0 0 2 160 1 0
1 26.67 2.71 1 13 4 5.25 1 1 1 0 2 211 1 1
1 36.42 0.75 1 2 4 0.585 0 0 0 0 2 240 4 0
1 17.07 0.08 1 8 4 0.04 0 0 0 0 2 140 723 0
0 19.17 8.58 2 13 8 0.75 1 1 7 0 2 96 1 1
1 45 8.5 2 13 8 14 1 1 1 1 2 88 2001 1
1 19.5 9.58 2 6 4 0.79 0 0 0 0 2 80 351 0
0 44.17 6.66 2 11 4 7.375 1 1 3 1 2 0 1 1
1 24.5 13.33 1 6 4 0.04 0 0 0 1 2 120 476 0
1 40.58 5 2 8 4 5 1 1 7 0 2 0 3066 1
0 45.33 1 2 11 4 0.125 0 0 0 1 2 263 1 0
1 32.33 7.5 2 10 5 1.585 1 0 0 1 1 420 1 0
0 30.58 10.66 2 11 8 0.085 0 1 12 1 2 129 4 0
1 39.33 5.87 2 13 8 10 1 1 14 1 2 399 1 1
0 16.5 1.25 2 11 4 0.25 0 1 1 0 2 108 99 0
1 56 12.5 2 4 8 8 1 0 0 1 2 24 2029 1
0 18.57 10 2 2 4 0.415 0 0 0 0 2 80 43 0
1 21.33 7.5 2 6 4 1.415 1 1 1 0 2 80 9801 1
1 29.92 1.83 2 8 8 4.335 1 0 0 0 2 260 201 1
1 23.08 0 2 4 4 1 0 1 11 0 1 0 1 0
1 20.67 5.29 2 11 4 0.375 1 1 1 0 2 160 1 0
0 18.75 7.5 2 11 4 2.71 1 1 5 0 2 184 26727 1
1 60.08 14.5 2 1 1 18 1 1 15 1 2 0 1001 1
0 20.5 11.83 2 8 8 6 1 0 0 0 2 340 1 1
1 31.42 15.5 2 8 4 0.5 1 0 0 0 2 120 1 0
0 22.92 1.25 2 11 4 0.25 0 0 0 1 2 120 810 0
1 33.58 0.25 2 3 5 4 0 0 0 1 1 420 1 0
0 30.42 1.37 2 9 8 0.04 0 1 3 0 2 0 34 0
1 33.17 3.04 1 8 8 2.04 1 1 1 1 2 180 18028 1
1 37.17 4 2 8 5 5 1 0 0 1 1 280 1 0
0 17.82 11 2 14 8 1 1 1 11 0 2 0 3001 1
0 23.5 9 2 11 4 8.5 1 1 5 1 2 120 1 1
1 24.58 12.5 2 9 4 0.875 1 0 0 1 2 260 1 0
1 21.5 9.75 2 8 4 0.25 1 0 0 0 2 140 1 0
1 18.82 0 2 11 4 0.665 0 0 0 0 2 160 2 0
1 41 0.04 2 10 4 0.04 0 1 1 0 1 560 1 1
1 38.42 0.7 2 8 4 0.375 0 1 2 0 2 225 501 0
0 64.08 0.16 2 1 1 0 1 1 1 0 2 232 101 1
0 25.75 0.5 2 8 8 0.875 1 0 0 1 2 491 1 1
0 20.42 7.5 2 4 4 1.5 1 1 1 0 2 160 235 1
1 16.07 0.75 2 8 4 1.75 1 1 5 1 2 352 691 1
0 23.58 0.58 1 1 1 0.125 0 0 0 0 2 120 88 0
1 26.92 2.25 2 3 5 0.5 0 0 0 1 2 640 4001 0
0 60.58 16.5 2 11 4 11 1 0 0 1 2 21 10562 1
0 52.83 15 2 8 4 5.5 1 1 14 0 2 0 2201 1
1 39.17 2.5 1 3 8 10 0 0 0 1 1 200 1 0
1 19.32 10.91 2 8 5 0.585 0 1 2 1 2 200 8 0
0 36.75 4.71 2 1 1 0 0 0 0 0 2 160 1 0
1 34.08 0.08 1 7 5 0.04 1 1 1 1 2 280 2001 1
1 19.67 10 1 4 8 0.835 1 0 0 1 2 140 1 0
1 27.67 0.75 2 11 8 0.165 0 0 0 1 2 220 252 0
1 20.42 7 2 8 4 1.625 1 1 3 0 2 200 1392 1
1 17.42 6.5 2 3 4 0.125 0 0 0 0 2 60 101 0
0 55.75 7.08 2 4 8 6.75 1 1 3 1 2 100 51 0
1 19.5 0.28 2 4 4 0.29 0 0 0 0 2 280 365 0
0 28.75 3.75 2 8 4 1.085 1 1 1 1 2 371 1 1
1 59.5 2.75 2 9 4 1.75 1 1 5 1 2 60 59 1
1 22.75 11 2 11 4 2.5 1 1 7 1 2 100 810 1
1 33.17 3.16 1 14 4 3.165 1 1 3 1 2 380 1 1
0 15.83 0.58 2 8 8 1.5 1 1 2 0 2 100 1 1
0 58.67 4.46 2 11 8 3.04 1 1 6 0 2 43 561 1
1 59.67 1.54 2 11 4 0.125 1 0 0 1 2 260 1 1
1 65.42 11 2 10 9 20 1 1 7 1 2 22 1 1
1 34.92 2.5 2 9 4 0 1 0 0 1 2 239 201 1
1 26.17 0.83 2 13 4 1.165 0 0 0 0 2 100 1 0
1 45 8.5 2 13 8 14 1 1 1 1 2 88 2001 1
1 48.17 3.5 2 6 4 3.5 1 0 0 0 1 230 1 1
1 41.17 1.25 1 9 4 0.25 0 0 0 0 2 0 196 0
1 37.75 7 2 11 8 11.5 1 1 7 1 2 300 6 0
1 26.33 13 2 10 2 0 0 0 0 1 2 140 1111 0
1 34 5.08 1 3 5 1.085 0 0 0 1 2 480 1 0
0 38.25 6 2 4 4 1 1 0 0 1 2 0 1 1
1 44.25 0.5 2 7 4 10.75 1 0 0 0 1 400 1 0
1 31.42 15.5 2 8 4 0.5 1 0 0 0 2 120 1 0
0 24.83 4.5 2 9 4 1 0 0 0 1 2 360 7 0
0 19.17 5.41 2 3 8 0.29 0 0 0 0 2 80 485 0
1 59.67 1.54 2 11 4 0.125 1 0 0 1 2 260 1 1
1 65.42 11 2 10 9 20 1 1 7 1 2 22 1 1
0 22.92 1.25 2 11 4 0.25 0 0 0 1 2 120 810 0
1 26.83 0.54 2 4 1 0 0 0 0 0 2 100 1 0
1 51.83 3 1 1 1 1.5 0 0 0 0 2 180 5 0
1 19.67 0.37 2 11 4 2 1 1 2 1 2 80 1 1
1 22.67 2.54 1 8 8 2.585 1 0 0 0 2 0 1 1
1 23.25 12.62 2 8 4 0.125 0 1 2 0 2 0 5553 0
1 45 8.5 2 13 8 14 1 1 1 1 2 88 2001 1
1 20.17 9.25 2 8 4 1.665 1 1 3 1 2 40 29 1
0 28.5 3.04 1 14 8 2.54 1 1 1 0 2 70 1 1
0 23.58 0.83 2 11 4 0.415 0 1 1 1 2 200 12 0
1 19.17 4 1 3 4 1 0 0 0 1 2 360 1001 0
1 44.25 11 1 2 4 1.5 1 0 0 0 1 0 1 0
1 36.33 3.79 2 9 4 1.165 1 0 0 1 2 200 1 0
1 28.25 5.12 2 14 4 4.75 1 1 2 0 2 420 8 1
1 16.07 0.75 2 8 4 1.75 1 1 5 1 2 352 691 1
0 20.42 7.5 2 4 4 1.5 1 1 1 0 2 160 235 1
0 71.58 0 2 8 4 0 0 0 0 0 3 184 1 1
1 27.83 1 1 2 8 3 0 0 0 0 2 176 538 0
1 20.07 0.25 2 11 4 0.125 0 0 0 0 2 200 1 0
0 23.75 0.71 2 9 4 0.25 0 1 1 1 2 240 5 0
1 28.33 5 2 9 4 11 1 0 0 1 2 70 1 1
0 28.17 0.37 2 11 4 0.585 1 1 4 0 2 80 1 1
1 22.08 0.83 2 8 8 2.165 0 0 0 1 2 128 1 1
1 23.92 1.5 2 2 8 1.875 1 1 6 0 2 200 328 1
1 47.33 6.5 2 8 4 1 0 0 0 1 2 0 229 0
1 25.67 2.21 1 6 4 4 1 0 0 0 2 188 1 0
1 17.67 4.46 2 8 4 0.25 0 0 0 0 1 80 1 0
1 20.67 0.83 1 8 4 2 0 0 0 1 1 240 1 0
0 35.42 12 2 11 8 14 1 1 8 0 2 0 6591 1
1 25.25 1 2 6 4 0.5 0 0 0 0 2 200 1 0
0 21.75 1.75 1 5 3 0 0 0 0 0 2 160 1 0
0 33.25 2.5 1 8 4 2.5 0 0 0 1 2 0 3 0
1 27 1.5 1 9 4 0.375 1 0 0 1 2 260 1066 1
0 28.17 0.58 2 6 4 0.04 0 0 0 0 2 260 1005 0
0 15.83 7.62 2 11 4 0.125 0 1 1 1 2 0 161 0
1 32.92 2.5 2 6 4 1.75 0 1 2 1 2 720 1 0
0 32.33 0.54 2 13 4 0.04 1 0 0 0 2 440 11178 1
1 62.75 7 2 10 9 0 0 0 0 0 2 0 13 0
0 37.33 2.5 2 3 8 0.21 0 0 0 0 2 260 247 0
0 28.67 1.04 2 8 4 2.5 1 1 5 1 2 300 1431 1
0 17.82 11 2 14 8 1 1 1 11 0 2 0 3001 1
1 43 0.28 1 13 8 1.75 1 1 8 0 2 100 376 1
1 25.33 0.57 2 8 4 0.29 1 1 7 1 2 96 5125 1
0 30 5.29 2 10 2 2.25 1 1 5 1 2 99 501 1
1 15.17 7 2 10 4 1 0 0 0 0 2 600 1 0
1 18.07 6.75 1 7 4 0.04 0 0 0 0 2 140 1 0
1 37.33 6.5 2 7 8 4.25 1 1 12 1 2 93 1 1
1 26.75 4.5 1 8 5 2.5 0 0 0 0 2 200 1211 0
0 19.17 0.58 1 6 4 0.585 1 0 0 1 2 160 1 0
1 43.17 2.25 2 3 5 0.75 1 0 0 0 2 560 1 0
1 27.67 0.75 2 11 8 0.165 0 0 0 1 2 220 252 0
1 20.5 10 1 8 4 2.5 1 0 0 0 1 40 1 1
0 31.57 11.25 2 1 1 0 0 0 0 0 2 184 5201 0
1 40.92 0.83 2 1 1 0 1 0 0 0 2 130 2 0
0 24.92 1.25 2 1 1 0 1 0 0 0 2 80 1 0
0 20.67 1.83 2 11 4 2.085 1 1 5 0 2 220 2504 1
1 22.58 10.03 2 14 4 0.04 1 1 9 0 2 60 397 1
1 34.75 15 2 12 7 5.375 1 1 9 1 2 0 135 1
1 27.25 1.66 2 13 8 5.085 1 1 9 0 2 399 828 1
0 22.42 5.66 2 11 4 2.585 1 1 7 0 2 129 3258 1
0 31.57 11.25 2 1 1 0 0 0 0 0 2 184 5201 0
1 27.25 1.58 2 13 8 1.835 1 1 12 1 2 583 714 1
1 25.75 0.75 2 8 5 0.25 1 0 0 0 2 349 24 1
1 20.42 7 2 8 4 1.625 1 1 3 0 2 200 1392 1
1 19.5 9.58 2 6 4 0.79 0 0 0 0 2 80 351 0
1 25.92 0.87 2 4 4 0.375 0 1 2 1 2 174 4 0
1 13.75 4 1 9 4 1.75 1 1 2 1 2 120 1001 1
0 20.42 10.5 1 14 8 0 0 0 0 1 2 154 33 0
1 21.83 0.25 2 2 8 0.665 1 0 0 1 2 0 1 1
1 40.25 21.5 2 10 9 20 1 1 11 0 2 0 1201 1
1 28.67 9.33 2 11 8 5.665 1 1 6 0 2 381 169 1
1 48.75 26.33 1 1 1 0 1 0 0 1 2 0 1 0
0 68.67 15 2 10 9 0 1 1 14 0 2 0 3377 1
1 18.42 10.41 1 6 4 0.125 1 0 0 0 2 120 376 0
1 22.08 11 2 13 4 0.665 1 0 0 0 2 100 1 1
1 42.17 5.04 2 11 8 12.75 1 0 0 1 2 92 1 1
0 33.67 0.37 2 13 4 0.375 0 0 0 0 2 300 45 1
0 27.67 1.5 2 7 4 2 1 0 0 0 1 368 1 0
1 20 7 2 8 4 0.5 0 0 0 0 2 0 1 0
1 32.75 2.33 2 2 8 5.75 0 0 0 1 2 292 1 0
1 22.58 10.03 2 14 4 0.04 1 1 9 0 2 60 397 1
0 16.5 1.25 2 11 4 0.25 0 1 1 0 2 108 99 0
1 29.25 13 2 2 8 0.5 0 0 0 0 2 228 1 0
1 69.17 9 2 1 1 4 0 1 1 0 2 70 7 0
1 33.17 1.04 2 12 8 6.5 1 0 0 1 2 164 31286 1
0 27.58 3 2 7 4 2.79 0 1 1 1 2 280 11 0
1 16.25 0.83 2 7 4 0.085 1 0 0 0 1 200 1 0
0 30.58 10.66 2 11 8 0.085 0 1 12 1 2 129 4 0
1 26.67 4.25 2 13 4 4.29 1 1 1 1 2 120 1 1
0 71.58 0 2 8 4 0 0 0 0 0 3 184 1 1
1 20.67 0.41 2 8 4 0.125 0 0 0 0 2 0 45 0
1 36.42 0.75 1 2 4 0.585 0 0 0 0 2 240 4 0
1 32.33 2.5 2 8 4 1.25 0 0 0 1 2 280 1 0
1 33.67 1.25 2 9 4 1.165 0 0 0 0 2 120 1 0
1 42.75 4.08 2 6 4 0.04 0 0 0 0 2 108 101 0
1 20.5 2.41 2 8 4 2 1 1 11 1 2 200 3001 1
1 37.5 0.83 2 10 4 0.04 0 0 0 0 2 120 6 0
0 21.08 5 1 1 1 0 0 0 0 0 2 0 1 0
1 34.67 1.08 2 7 4 1.165 0 0 0 0 1 28 1 0
0 23 1.83 2 5 3 0 0 1 1 0 2 200 54 0
1 21.92 0.5 2 8 4 0.125 0 0 0 0 2 360 1 0
1 31.83 0.04 1 7 4 0.04 0 0 0 0 2 0 1 0
1 36.33 2.12 1 9 4 0.085 1 1 1 0 2 50 1188 1
1 30.83 0 2 9 4 1.25 1 1 1 0 2 202 1 1
1 26.75 4.5 1 8 5 2.5 0 0 0 0 2 200 1211 0
1 16.25 0.83 2 7 4 0.085 1 0 0 0 1 200 1 0
1 26.83 0.54 2 4 1 0 0 0 0 0 2 100 1 0

