0 27.67 1.5 2 7 4 2 1 0 0 0 1 368 1 0
0 45.33 1 2 11 4 0.125 0 0 0 1 2 263 1 0
0 55.75 7.08 2 4 8 6.75 1 1 3 1 2 100 51 0
1 23.58 1.79 2 8 4 0.54 0 0 0 1 2 136 2 0
1 16.25 0 1 6 4 0.25 0 0 0 0 2 60 1 0
0 29.58 1.75 1 4 4 1.25 0 0 0 1 2 280 1 0
1 19.17 9.5 2 9 4 1.5 1 0 0 0 2 120 2207 1
1 35.75 2.41 2 9 4 0.125 0 1 2 0 2 220 2 0
0 55.75 7.08 2 4 8 6.75 1 1 3 1 2 100 51 0
1 20.67 5.29 2 11 4 0.375 1 1 1 0 2 160 1 0
1 28.75 1.5 1 8 4 1.5 1 0 0 1 2 0 226 0
0 41 2.04 1 11 8 0.125 1 1 23 1 2 455 1237 1
1 23.92 0.66 2 8 4 0.165 0 0 0 0 2 100 1 1
1 22.17 2.25 2 3 4 0.125 0 0 0 0 2 160 11 0
0 28.58 3.54 2 3 5 0.5 1 0 0 1 2 171 1 0
0 32 6 2 2 4 1.25 0 0 0 0 2 272 1 0
1 35.17 2.5 2 4 4 4.5 1 1 7 0 2 150 1271 1
1 21.33 7.5 2 6 4 1.415 1 1 1 0 2 80 9801 1
0 26.92 13.5 2 11 8 5 1 1 2 0 2 0 5001 1
1 26.75 2 2 2 4 0.75 0 0 0 1 2 80 1 0
1 37.33 2.66 2 13 4 0.165 0 0 0 1 2 0 502 0
1 31.57 0.37 2 2 4 0.875 1 0 0 1 1 928 1 0
1 39.83 0.5 2 7 4 0.25 1 0 0 0 1 288 1 0
0 19.17 5.41 2 3 8 0.29 0 0 0 0 2 80 485 0
0 17.32 9.5 2 6 4 1.75 0 1 10 1 2 0 11 0
1 25.83 12.83 2 13 4 0.5 0 0 0 0 2 0 3 0
0 33.08 1.62 2 2 4 0.54 0 0 0 1 2 0 1 0
1 31.57 0.04 1 2 4 4.25 0 0 0 1 2 460 1 0
1 36.25 5 2 8 5 2.5 1 1 6 0 2 0 368 1
1 25.25 1 2 6 4 0.5 0 0 0 0 2 200 1 0
1 20.67 1.25 1 8 8 1.375 1 1 3 1 2 140 211 0
0 22.58 10.75 2 11 4 0.415 1 1 5 1 2 0 561 1
1 18.17 2.46 2 8 7 0.96 0 1 2 1 2 160 588 0
1 25.33 0.57 2 8 4 0.29 1 1 7 1 2 96 5125 1
1 21.33 7.5 2 6 4 1.415 1 1 1 0 2 80 9801 1
1 56.75 12.25 2 7 4 1.25 1 1 4 1 2 200 1 1
1 42 9.78 2 14 8 7.96 1 1 8 0 2 0 1 1
0 18.75 7.5 2 11 4 2.71 1 1 5 0 2 184 26727 1
1 23.17 11.12 2 14 8 0.46 1 1 1 0 2 100 1 1
1 26.67 4.25 2 13 4 4.29 1 1 1 1 2 120 1 1
1 73.42 17.75 2 1 1 0 1 0 0 1 2 0 1 1
1 36.33 3.79 2 9 4 1.165 1 0 0 1 2 200 1 0
0 17.57 9 2 6 4 1.375 1 0 0 1 2 0 1 1
1 19.17 0 1 7 5 0 0 0 0 1 1 500 2 1
0 35.75 0.91 2 6 4 0.75 1 1 4 0 2 0 1584 1
0 19.17 8.58 2 13 8 0.75 1 1 7 0 2 96 1 1
1 31.57 0.37 2 2 4 0.875 1 0 0 1 1 928 1 0
1 27.83 1 1 2 8 3 0 0 0 0 2 176 538 0
1 31.92 4.46 2 13 8 6.04 1 1 3 0 2 311 301 1
0 19.5 0.16 2 11 4 0.04 0 0 0 1 2 380 1 0
0 18.07 0.37 3 13 1 10 0 0 0 1 1 300 1 1
1 25.33 0.57 2 8 4 0.29 1 1 7 1 2 96 5125 1
1 22.92 3.16 1 8 4 0.165 0 0 0 0 2 160 1059 0
1 40.92 0.83 2 1 1 0 1 0 0 0 2 130 2 0
0 35.75 0.91 2 6 4 0.75 1 1 4 0 2 0 1584 1
1 20.5 2.41 2 8 4 2 1 1 11 1 2 200 3001 1
1 23.08 2.5 2 1 1 0.085 0 0 0 1 2 100 4209 0
1 19.17 4 1 3 4 1 0 0 0 1 2 360 1001 0
1 19.5 0.28 2 4 4 0.29 0 0 0 0 2 280 365 0
1 48.33 12 2 7 4 16 1 0 0 0 1 110 1 1
0 24.5 1.04 1 1 1 0.5 1 1 3 0 2 180 148 0
0 38.58 5 2 13 4 13.5 1 0 0 1 2 980 1 0
1 26.67 2.71 1 13 4 5.25 1 1 1 0 2 211 1 1
1 33.58 0.33 1 13 4 0.085 0 0 0 0 2 180 1 0
0 33.75 0.75 2 4 5 1 1 1 3 1 2 212 1 0
1 25 12 2 4 4 2.25 1 1 2 1 2 120 6 0
0 32.33 0.54 2 13 4 0.04 1 0 0 0 2 440 11178 1
1 37.17 4 2 8 5 5 1 0 0 1 1 280 1 0
1 40.58 5 2 8 4 5 1 1 7 0 2 0 3066 1
0 20.32 10 2 8 8 1 1 1 4 0 2 50 1466 1
1 28.75 1.16 2 4 4 0.5 1 0 0 0 1 280 1 0
1 34.08 0.08 1 7 5 0.04 1 1 1 1 2 280 2001 1
0 25.75 0.5 2 8 8 0.875 1 0 0 1 2 491 1 1
0 52.83 15 2 8 4 5.5 1 1 14 0 2 0 2201 1
0 18.75 7.5 2 11 4 2.71 1 1 5 0 2 184 26727 1
0 26.17 2 2 5 3 0 0 0 0 1 2 276 2 0
0 52.5 7 2 6 8 3 0 0 0 0 2 0 1 0
0 22.58 10.75 2 11 4 0.415 1 1 5 1 2 0 561 1
0 24.75 3 2 11 8 1.835 1 1 19 0 2 0 501 1
1 40.58 5 2 8 4 5 1 1 7 0 2 0 3066 1
0 27.25 0.28 2 7 8 0.125 0 1 1 1 2 272 109 0
1 21.5 9.75 2 8 4 0.25 1 0 0 0 2 140 1 0
1 24.58 1.25 2 8 4 0.25 0 0 0 0 2 110 1 0
1 43.08 0.37 1 8 4 0.375 1 1 8 1 2 300 163 1
1 35.25 3.16 2 14 8 3.75 1 0 0 1 2 680 1 0
1 26.33 13 2 10 2 0 0 0 0 1 2 140 1111 0
1 22.75 11 2 11 4 2.5 1 1 7 1 2 100 810 1
1 25.33 0.57 2 8 4 0.29 1 1 7 1 2 96 5125 1
1 33.67 2.16 2 8 4 1.5 0 0 0 0 3 120 1 0
1 55.92 11.5 2 1 1 5 1 1 5 0 2 0 8852 1
1 43 0.28 1 13 8 1.75 1 1 8 0 2 100 376 1
1 29.58 4.75 2 7 4 2 0 1 1 1 2 460 69 0
1 27.25 1.66 2 13 8 5.085 1 1 9 0 2 399 828 1
1 19.67 0.37 2 11 4 2 1 1 2 1 2 80 1 1
1 20.67 5.29 2 11 4 0.375 1 1 1 0 2 160 1 0
0 18.82 9.53 2 6 4 0.085 1 0 0 0 2 100 1 1
1 19.17 9.5 2 9 4 1.5 1 0 0 0 2 120 2207 1
1 33.17 1 2 14 4 0.75 1 1 7 1 2 340 4072 1
0 20.75 10.25 2 11 4 0.71 1 1 2 1 2 49 1 1
1 18.42 10.41 1 6 4 0.125 1 0 0 0 2 120 376 0
1 36.25 5 2 8 5 2.5 1 1 6 0 2 0 368 1
1 43.25 25.21 2 11 8 0.21 1 1 1 0 2 760 91 0
1 21.17 0.25 1 8 8 0.25 0 0 0 0 2 280 205 0
0 18.75 7.5 2 11 4 2.71 1 1 5 0 2 184 26727 1
1 16 3.12 2 9 4 0.085 0 1 1 0 2 0 7 0
1 20.42 0 2 8 4 0 0 0 0 0 3 184 1 0
0 64.08 0.16 2 1 1 0 1 1 1 0 2 232 101 1
1 73.42 17.75 2 1 1 0 1 0 0 1 2 0 1 1
1 41.42 5 2 11 8 5 1 1 6 1 2 470 1 1
1 37.5 0.83 2 10 4 0.04 0 0 0 0 2 120 6 0
0 18.57 10 2 2 4 0.415 0 0 0 0 2 80 43 0
1 58.58 2.71 2 8 4 2.415 0 0 0 1 2 320 1 0
1 25.75 0.75 2 8 5 0.25 1 0 0 0 2 349 24 1
1 37.42 2.04 2 9 4 0.04 1 0 0 1 2 400 5801 1
0 58.42 21 2 3 5 10 1 1 13 0 2 0 6701 1
1 33.17 1.04 2 12 8 6.5 1 0 0 1 2 164 31286 1
1 34.5 4.04 1 3 5 8.5 1 1 7 1 2 195 1 1
1 19.5 0.28 2 4 4 0.29 0 0 0 0 2 280 365 0
1 33.58 2.75 2 7 4 4.25 1 1 6 0 2 204 1 1
0 15.83 0.58 2 8 8 1.5 1 1 2 0 2 100 1 1
1 56 12.5 2 4 8 8 1 0 0 1 2 24 2029 1
1 25.67 2.21 1 6 4 4 1 0 0 0 2 188 1 0
1 27.25 1.66 2 13 8 5.085 1 1 9 0 2 399 828 1
1 28.25 0.87 2 7 4 0.96 1 1 3 1 2 396 1 1
1 26.75 2 2 2 4 0.75 0 0 0 1 2 80 1 0
1 80.25 5.5 2 8 4 0.54 1 0 0 0 2 0 341 0
1 36.67 3.25 2 11 8 9 1 0 0 1 2 102 640 1
1 21 3 1 2 4 1.085 1 1 8 1 2 160 2 1
0 25.25 13.5 1 1 1 2 0 1 1 1 2 200 2 0
1 33.17 1 2 14 4 0.75 1 1 7 1 2 340 4072 1
1 20.42 0 2 8 4 0 0 0 0 0 3 184 1 0
1 32.33 7.5 2 10 5 1.585 1 0 0 1 1 420 1 0
1 17.42 6.5 2 3 4 0.125 0 0 0 0 2 60 101 0
0 21.75 1.75 1 5 3 0 0 0 0 0 2 160 1 0
0 20.67 3 2 11 4 0.165 1 1 3 0 2 100 7 1
0 25.58 0 2 8 4 0 0 0 0 0 3 184 1 1
1 24.58 1.25 2 8 4 0.25 0 0 0 0 2 110 1 0
1 20 11.04 2 8 4 2 0 0 0 1 2 136 1 0
1 22.67 0.16 2 8 3 2.25 0 0 0 1 1 0 1 1
0 33.67 0.37 2 13 4 0.375 0 0 0 0 2 300 45 1
1 39.17 1.71 2 14 4 0.125 1 1 5 1 2 480 1 1
0 20.42 0.83 2 11 4 1.585 1 1 1 0 2 0 1 1
1 36.75 0.12 1 8 4 1.5 0 0 0 1 2 232 114 1
1 32.08 4 1 13 4 1.5 0 0 0 1 2 120 1 0
1 29.67 1.41 2 9 8 0.75 1 1 1 0 2 240 101 1
0 15.83 0.58 2 8 8 1.5 1 1 2 0 2 100 1 1
1 23.08 2.5 2 1 1 0.085 0 0 0 1 2 100 4209 0
0 20.5 11.83 2 8 8 6 1 0 0 0 2 340 1 1
1 23.92 0.58 1 13 8 0.125 0 0 0 0 2 240 2 0
1 34.67 1.08 2 7 4 1.165 0 0 0 0 1 28 1 0
1 41.17 4.04 2 13 8 7 1 1 8 0 2 320 1 1
1 25.08 1.71 2 14 4 1.665 1 1 1 1 2 395 21 1
0 18.07 0.37 3 13 1 10 0 0 0 1 1 300 1 1
0 60.58 16.5 2 11 4 11 1 0 0 1 2 21 10562 1
1 19.42 7.25 2 7 4 0.04 0 1 1 0 2 100 2 0
1 30.75 1.58 2 2 4 0.585 0 0 0 1 1 0 1 0
1 31 2.08 2 8 4 0.085 0 0 0 0 2 300 1 0
0 38.25 6 2 4 4 1 1 0 0 1 2 0 1 1
0 27.67 1.5 2 7 4 2 1 0 0 0 1 368 1 0
1 43.25 25.21 2 11 8 0.21 1 1 1 0 2 760 91 0
1 33.58 2.75 2 7 4 4.25 1 1 6 0 2 204 1 1
1.234 22.08 11.46 2 4 4 1.585 0 0 0 1 2 100 1213 0
1 23.58 1.79 2 8 4 0.54 0 0 0 1 2 136 2 0
1 31.57 4 1 3 4 0.085 0 0 0 1 2 411 1 0
1 56.75 12.25 2 7 4 1.25 1 1 4 1 2 200 1 1
1 34.17 2.75 2 3 5 2.5 0 0 0 1 2 232 201 0
1 34.17 2.75 2 3 5 2.5 0 0 0 1 2 232 201 0
0 41.58 1.04 2 6 4 0.665 0 0 0 0 2 240 238 0
1 29.83 3.5 2 8 4 0.165 0 0 0 0 2 216 1 0
1 31.92 4.46 2 13 8 6.04 1 1 3 0 2 311 301 1
0 27.67 1.5 2 7 4 2 1 0 0 0 1 368 1 0
1 25.08 1.71 2 14 4 1.665 1 1 1 1 2 395 21 1
0 27.17 1.25 2 1 1 0 0 1 1 0 2 92 301 0
1 16.07 0.75 2 8 4 1.75 1 1 5 1 2 352 691 1
1 25.58 0.33 2 4 8 3.5 0 0 0 1 2 340 1 0
1 39.42 1.71 1 7 4 0.165 0 0 0 0 1 400 1 0
0 45.33 1 2 11 4 0.125 0 0 0 1 2 263 1 0
1 34.17 9.17 2 8 4 4.5 1 1 12 1 2 0 222 1
1 22.67 1.58 1 9 4 3.085 1 1 6 0 2 80 1 1
0 32.33 0.54 2 13 4 0.04 1 0 0 0 2 440 11178 1
1 28.58 3.62 2 6 4 0.25 0 0 0 1 2 100 1 0
1 31.57 10.5 2 14 4 6.5 1 0 0 0 2 0 1 1
1 34.92 2.5 2 9 4 0 1 0 0 1 2 239 201 1
0 46 4 2 5 3 0 1 0 0 0 2 100 961 1
1 21.92 0.5 2 8 4 0.125 0 0 0 0 2 360 1 0
1 18.5 2 2 3 4 1.5 1 1 2 0 2 120 301 1
1 34.67 1.08 2 7 4 1.165 0 0 0 0 1 28 1 0
1 22.25 0.46 2 4 4 0.125 0 0 0 1 2 280 56 0
0 18.25 10 2 9 4 1 0 1 1 0 2 120 2 0
1 34.75 15 2 12 7 5.375 1 1 9 1 2 0 135 1
0 22.25 1.25 1 1 1 3.25 0 0 0 0 2 280 1 0
0 22.83 2.29 2 11 8 2.29 1 1 7 1 2 140 2385 1
1 24.58 12.5 2 9 4 0.875 1 0 0 1 2 260 1 0
0 22.67 0.75 2 8 4 2 0 1 2 1 2 200 395 0
1 25.08 1.71 2 14 4 1.665 1 1 1 1 2 395 21 1
0 52.5 7 2 6 8 3 0 0 0 0 2 0 1 0
1 36.25 5 2 8 5 2.5 1 1 6 0 2 0 368 1
1 23.42 0.58 2 8 8 0.085 1 0 0 0 2 180 1 0
1 31.42 15.5 2 8 4 0.5 1 0 0 0 2 120 1 0
1 19.17 0 1 7 5 0 0 0 0 1 1 500 2 1
1 33.58 0.33 1 13 4 0.085 0 0 0 0 2 180 1 0
1 41.92 0.42 2 8 8 0.21 1 1 6 0 2 220 949 1
0 55.75 7.08 2 4 8 6.75 1 1 3 1 2 100 51 0
1 37.5 1.12 1 2 4 1.5 0 0 0 1 2 431 1 1
1 37.33 2.66 2 13 4 0.165 0 0 0 1 2 0 502 0
1 59.5 2.75 2 9 4 1.75 1 1 5 1 2 60 59 1
0 25 11 1 6 4 4.5 1 0 0 0 2 120 1 0
1 25.08 1.71 2 14 4 1.665 1 1 1 1 2 395 21 1
1 30.33 0.5 2 2 8 0.085 0 0 0 1 1 252 1 0
1 48.17 3.5 2 6 4 3.5 1 0 0 0 1 230 1 1
1 17.07 0.08 1 8 4 0.04 0 0 0 0 2 140 723 0
1 25.83 12.83 2 13 4 0.5 0 0 0 0 2 0 3 0
1 18.82 0 2 11 4 0.665 0 0 0 0 2 160 2 0
1 24.33 6.62 1 2 4 5.5 1 0 0 1 1 100 1 1
1 23.75 12 2 8 4 2.085 0 0 0 0 1 80 1 0
0 46.67 0.46 2 13 8 0.415 1 1 11 1 2 440 7 1
1 17.42 6.5 2 3 4 0.125 0 0 0 0 2 60 101 0
1 24.58 13.5 1 1 1 0 0 0 0 0 2 184 1 0
1 13.75 4 1 9 4 1.75 1 1 2 1 2 120 1001 1
1 27.75 1.29 2 4 8 0.25 0 0 0 1 1 140 1 0

