1 30.17 0.5 2 8 4 1.75 1 1 11 0 2 32 541 1
1 21 3 1 2 4 1.085 1 1 8 1 2 160 2 1
1 23.25 4 2 8 5 0.25 1 0 0 1 2 160 1 1
1 22.25 0.46 2 4 4 0.125 0 0 0 1 2 280 56 0
1 16.07 0.75 2 8 4 1.75 1 1 5 1 2 352 691 1
1 22.75 11 2 11 4 2.5 1 1 7 1 2 100 810 1
0 24.75 3 2 11 8 1.835 1 1 19 0 2 0 501 1
0 29.5 1.08 1 14 4 1 0 0 0 0 2 280 14 0
1 25.33 0.57 2 8 4 0.29 1 1 7 1 2 96 5125 1
1 22.67 2.54 1 8 8 2.585 1 0 0 0 2 0 1 1
0 32.33 0.54 2 13 4 0.04 1 0 0 0 2 440 11178 1
1 63.33 0.54 2 8 4 0.585 1 1 3 1 2 180 1 0
0 21.5 6 2 6 4 2.5 1 1 3 0 2 80 919 1
1 37.33 2.66 2 13 4 0.165 0 0 0 1 2 0 502 0
1 34.42 1.33 2 3 5 0.125 0 0 0 1 2 440 4501 0
0 20.42 0.83 2 11 4 1.585 1 1 1 0 2 0 1 1
1 32.92 2.5 2 6 4 1.75 0 1 2 1 2 720 1 0
0 40.83 10 2 11 8 1.75 1 0 0 0 2 29 838 1
1 19.42 7.25 2 7 4 0.04 0 1 1 0 2 100 2 0
0 25.42 1.12 2 11 4 1.29 1 1 2 0 2 200 1 0
0 20.75 9.53 2 3 4 0.04 0 0 0 0 2 200 1001 0
1 33.58 0.25 2 3 5 4 0 0 0 1 1 420 1 0
0 39.08 4 2 8 4 3 0 0 0 0 2 480 1 0
1 28.75 1.5 1 8 4 1.5 1 0 0 1 2 0 226 0
0 35.17 3.75 2 1 1 0 0 1 6 0 2 0 201 0
1 22.67 1.58 1 9 4 3.085 1 1 6 0 2 80 1 1
0 50.08 12.54 2 6 4 2.29 1 1 3 1 2 156 1 1
1 39.92 6.21 2 11 4 0.04 1 1 1 0 2 200 301 1
1 21.92 0.5 2 8 4 0.125 0 0 0 0 2 360 1 0
1 26.17 12.5 1 4 8 1.25 0 0 0 1 2 0 18 0
0 20.83 0.5 1 10 2 1 0 0 0 0 2 260 1 0
1 74.83 19 1 1 1 0.04 0 1 2 0 2 0 352 0
1 23.33 1.5 2 8 8 1.415 1 0 0 0 2 422 201 1
1 37.5 1.12 1 2 4 1.5 0 0 0 1 2 431 1 1
1 31 2.08 2 8 4 0.085 0 0 0 0 2 300 1 0
1 25.67 0.28 1 8 4 1.5 0 0 0 1 2 160 1 0
1 27.25 1.58 2 13 8 1.835 1 1 12 1 2 583 714 1
1 39.17 1.62 2 8 4 1.5 1 1 10 0 2 186 4701 1
0 41 2.04 1 11 8 0.125 1 1 23 1 2 455 1237 1
1 26.83 0.54 2 4 1 0 0 0 0 0 2 100 1 0
1 31 2.08 2 8 4 0.085 0 0 0 0 2 300 1 0
1 56 12.5 2 4 8 8 1 0 0 1 2 24 2029 1
1 23 0.62 1 6 4 0.125 1 0 0 0 2 180 2 0
1 47.33 6.5 2 8 4 1 0 0 0 1 2 0 229 0
1 24.08 9 2 6 4 0.25 0 0 0 1 2 0 1 0
1 16 3.12 2 9 4 0.085 0 1 1 0 2 0 7 0
1 52.5 6.5 2 4 4 6.29 1 1 15 0 2 0 11203 1
1 59.5 2.75 2 9 4 1.75 1 1 5 1 2 60 59 1
0 49 1.5 2 5 3 0 1 0 0 1 2 100 28 0
0 17.92 0.54 2 8 4 1.75 0 1 1 1 2 80 6 0
1 21 4.79 1 9 4 2.25 1 1 1 1 2 80 301 1
1 23.25 1.5 2 11 4 2.375 1 1 3 1 2 0 583 1
0 50.08 12.54 2 6 4 2.29 1 1 3 1 2 156 1 1
1 25.75 0.75 2 8 5 0.25 1 0 0 0 2 349 24 1
1 22.17 2.25 2 3 4 0.125 0 0 0 0 2 160 11 0
1 21.17 0.87 1 8 8 0.25 0 0 0 0 2 280 205 0
0 37.33 2.5 2 3 8 0.21 0 0 0 0 2 260 247 0
0 27.17 1.25 2 1 1 0 0 1 1 0 2 92 301 0
1 19.17 4 1 3 4 1 0 0 0 1 2 360 1001 0
1 31.33 19.5 2 8 4 7 1 1 16 0 2 0 5001 1
1 29.67 1.41 2 9 8 0.75 1 1 1 0 2 240 101 1
0 22.67 0.79 2 3 4 0.085 0 0 0 0 2 144 1 0
1 22.17 12.12 2 8 4 3.335 0 1 2 1 2 180 174 0
1 18.07 6.75 1 7 4 0.04 0 0 0 0 2 140 1 0
1 37.33 2.66 2 13 4 0.165 0 0 0 1 2 0 502 0
0 64.08 0.16 2 1 1 0 1 1 1 0 2 232 101 1
1 26.67 2.71 1 13 4 5.25 1 1 1 0 2 211 1 1
1 39.83 0.5 2 7 4 0.25 1 0 0 0 1 288 1 0
0 25.08 2.54 1 6 4 0.25 1 0 0 1 2 370 1 1
1 18.17 2.46 2 8 7 0.96 0 1 2 1 2 160 588 0
1 34.75 2.5 2 13 5 0.5 0 0 0 0 2 348 1 0
1 40.92 0.5 1 7 4 0.5 0 0 0 1 2 130 1 0
1 16.17 0.04 2 8 4 0.04 0 0 0 0 2 0 1 1
1 22 0.79 2 9 4 0.29 0 1 1 0 2 420 284 0
0 25.42 1.12 2 11 4 1.29 1 1 2 0 2 200 1 0
1 33.17 3.04 1 8 8 2.04 1 1 1 1 2 180 18028 1
1 25.67 2.21 1 6 4 4 1 0 0 0 2 188 1 0
0 44.33 0 2 8 4 2.5 1 0 0 0 2 0 1 1
0 24.5 12.75 2 8 5 4.75 1 1 2 0 2 73 445 1
1 18.82 0.41 1 8 4 0.165 0 1 1 0 2 200 2 0
1 44 2 2 7 4 1.75 1 1 2 1 2 0 16 1
0 68.67 15 2 10 9 0 1 1 14 0 2 0 3377 1
1 20 11.04 2 8 4 2 0 0 0 1 2 136 1 0
1 36.75 0.12 1 8 4 1.5 0 0 0 1 2 232 114 1
0 23.58 11.5 1 4 8 3 0 0 0 1 2 20 17 0
0 19.75 0.75 2 8 4 0.795 1 1 5 1 2 140 6 0
1 32.75 1.5 2 13 8 5.5 1 1 3 1 2 0 1 1
1 26.67 2.71 1 13 4 5.25 1 1 1 0 2 211 1 1
1 34.17 1.54 2 13 4 1.54 1 1 1 1 2 520 50001 1
0 29.5 1.08 1 14 4 1 0 0 0 0 2 280 14 0
1 42.75 4.08 2 6 4 0.04 0 0 0 0 2 108 101 0
0 22.58 10.75 2 11 4 0.415 1 1 5 1 2 0 561 1
1 29.92 1.83 2 8 8 4.335 1 0 0 0 2 260 201 1
0 26.92 13.5 2 11 8 5 1 1 2 0 2 0 5001 1
1 69.17 9 2 1 1 4 0 1 1 0 2 70 7 0
0 18.25 10 2 9 4 1 0 1 1 0 2 120 2 0
1 29.42 1.25 2 8 8 0.25 0 1 2 1 2 400 109 0
1 59.5 2.75 2 9 4 1.75 1 1 5 1 2 60 59 1
0 44.33 0 2 8 4 2.5 1 0 0 0 2 0 1 1
0 49.83 13.58 2 4 8 8.5 1 0 0 1 2 0 1 1
1 29.58 4.5 2 9 4 7.5 1 1 2 1 2 330 1 1
0 24.83 4.5 2 9 4 1 0 0 0 1 2 360 7 0
0 22.58 10.75 2 11 4 0.415 1 1 5 1 2 0 561 1
1 25 12 2 4 4 2.25 1 1 2 1 2 120 6 0
0 23.25 5.87 2 11 4 3.17 1 1 10 0 2 120 246 1
0 24.92 1.25 2 1 1 0 1 0 0 0 2 80 1 0
1 34.75 2.5 2 13 5 0.5 0 0 0 0 2 348 1 0
1 34.92 2.5 2 9 4 0 1 0 0 1 2 239 201 1
0 26.08 8.66 2 6 4 1.415 1 0 0 0 2 160 151 1
1 30.17 0.5 2 8 4 1.75 1 1 11 0 2 32 541 1
1 25.67 12.5 2 13 4 1.21 1 1 67 1 2 140 259 1
1 23.75 12 2 8 4 2.085 0 0 0 0 1 80 1 0
1 16.17 0.04 2 8 4 0.04 0 0 0 0 2 0 1 1
1 25.17 3 2 8 4 1.25 0 1 1 0 2 0 23 0
1 42.83 4.62 2 11 4 4.58 1 0 0 0 1 0 1 1
1 39.92 6.21 2 11 4 0.04 1 1 1 0 2 200 301 1
1 22.08 0.83 2 8 8 2.165 0 0 0 1 2 128 1 1
0 23.58 11.5 1 4 8 3 0 0 0 1 2 20 17 0
1 27.25 1.66 2 13 8 5.085 1 1 9 0 2 399 828 1
1 21.17 0.87 1 8 8 0.25 0 0 0 0 2 280 205 0
1 36.17 18.12 2 9 4 0.085 0 0 0 0 2 320 3553 0
0 20.42 0.83 2 11 4 1.585 1 1 1 0 2 0 1 1
1 31.57 4 1 3 4 0.085 0 0 0 1 2 411 1 0
1 19 0 1 1 1 0 0 1 4 0 2 45 2 0
1 27.25 1.66 2 13 8 5.085 1 1 9 0 2 399 828 1
1 39.5 1.62 2 8 4 1.5 0 0 0 0 2 0 317 0
1 25.83 12.83 2 13 4 0.5 0 0 0 0 2 0 3 0
0 20.75 10.25 2 11 4 0.71 1 1 2 1 2 49 1 1
1 21.92 0.5 2 8 4 0.125 0 0 0 0 2 360 1 0
1 34.42 4.25 2 3 5 3.25 1 1 2 0 2 274 611 1
1 28.67 9.33 2 11 8 5.665 1 1 6 0 2 381 169 1
1 29.42 1.25 2 8 8 0.25 0 1 2 1 2 400 109 0
1 22.08 0.83 2 8 8 2.165 0 0 0 1 2 128 1 1
1 28.25 5.04 1 8 5 1.5 1 1 8 1 2 144 8 1
0 29.5 2 1 10 8 2 0 0 0 0 2 256 18 0
1 31.83 0.04 1 7 4 0.04 0 0 0 0 2 0 1 0
1 67.75 5.5 2 10 9 13 1 1 1 1 2 0 1 1
1 31.42 15.5 2 8 4 0.5 1 0 0 0 2 120 1 0
1 39.92 6.21 2 11 4 0.04 1 1 1 0 2 200 301 1
1 39.83 0.5 2 7 4 0.25 1 0 0 0 1 288 1 0
0 27.25 0.28 2 7 8 0.125 0 1 1 1 2 272 109 0
1 22.75 11.5 2 3 4 0.415 0 0 0 0 2 0 1 0
1 32.92 2.5 2 6 4 1.75 0 1 2 1 2 720 1 0
1 42 0.2 2 3 8 5.125 1 0 0 0 2 400 1 1
0 20.5 11.83 2 8 8 6 1 0 0 0 2 340 1 1
1 47.67 0.28 2 8 5 15 1 1 20 0 2 0 15001 1
0 69.5 6 2 1 1 0 0 0 0 0 1 0 1 0
1 48.75 26.33 1 1 1 0 1 0 0 1 2 0 1 0
1 62.75 7 2 10 9 0 0 0 0 0 2 0 13 0
1 24.08 9 2 6 4 0.25 0 0 0 1 2 0 1 0
1 33.58 0.33 1 13 4 0.085 0 0 0 0 2 180 1 0
0 22.67 3.8 2 8 4 0.165 0 0 0 0 2 160 1 0
1 18.82 0 2 11 4 0.665 0 0 0 0 2 160 2 0
0 25 11 1 6 4 4.5 1 0 0 0 2 120 1 0
1 39.33 5.87 2 13 8 10 1 1 14 1 2 399 1 1
1 20.17 9.25 2 8 4 1.665 1 1 3 1 2 40 29 1
1 54.42 0.5 1 4 8 3.96 1 0 0 0 2 180 315 1
0 29.5 1.08 1 14 4 1 0 0 0 0 2 280 14 0
1 44.25 11 1 2 4 1.5 1 0 0 0 1 0 1 0
1 24.58 1.25 2 8 4 0.25 0 0 0 0 2 110 1 0
0 19.17 5.41 2 3 8 0.29 0 0 0 0 2 80 485 0
1 51.33 10 2 3 5 0 1 1 11 0 2 0 1250 1
0 22.25 1.25 1 1 1 3.25 0 0 0 0 2 280 1 0
1 32.33 2.5 2 8 4 1.25 0 0 0 1 2 280 1 0
0 23.25 5.87 2 11 4 3.17 1 1 10 0 2 120 246 1
1 35.17 2.5 2 4 4 4.5 1 1 7 0 2 150 1271 1
1 69.17 9 2 1 1 4 0 1 1 0 2 70 7 0
1 26 1 2 11 4 1.75 1 0 0 1 2 280 1 1
1 32.42 3 2 2 4 0.165 0 0 0 1 2 120 1 0
1 25.42 0.54 2 9 4 0.165 0 1 1 0 2 272 445 0
1 29.5 0.57 2 9 4 0.29 0 1 1 0 2 340 2804 0
0 56.83 4.25 1 1 1 5 0 0 0 1 2 0 5 0
1 31.25 1.12 2 1 1 0 0 1 1 0 2 96 20 0
0 36 1 2 8 4 2 1 1 11 0 2 0 457 1
1 33.17 1.04 2 12 8 6.5 1 0 0 1 2 164 31286 1
1 65.42 11 2 10 9 20 1 1 7 1 2 22 1 1
0 36.75 4.71 2 1 1 0 0 0 0 0 2 160 1 0
0 24.5 1.75 1 8 4 0.165 0 0 0 0 2 132 1 0
1 16.25 0 1 6 4 0.25 0 0 0 0 2 60 1 0
1 23.33 1.5 2 8 8 1.415 1 0 0 0 2 422 201 1
1 40.58 5 2 8 4 5 1 1 7 0 2 0 3066 1
1 23 0.62 1 6 4 0.125 1 0 0 0 2 180 2 0
0 31.57 11.25 2 1 1 0 0 0 0 0 2 184 5201 0
1 56 12.5 2 4 8 8 1 0 0 1 2 24 2029 1
1 23.17 0 2 8 4 0 0 0 0 0 3 184 1 1
0 22.25 1.25 1 1 1 3.25 0 0 0 0 2 280 1 0
1 39.83 0.5 2 7 4 0.25 1 0 0 0 1 288 1 0
1 20.5 2.41 2 8 4 2 1 1 11 1 2 200 3001 1
1 22.92 3.16 1 8 4 0.165 0 0 0 0 2 160 1059 0
0 20.67 3 2 11 4 0.165 1 1 3 0 2 100 7 1
1 23.17 11.12 2 14 8 0.46 1 1 1 0 2 100 1 1
0 46 4 2 5 3 0 1 0 0 0 2 100 961 1
1 39.25 9.5 2 7 4 6.5 1 1 14 0 2 240 4608 1
1 30.83 0 2 9 4 1.25 1 1 1 0 2 202 1 1
0 38.58 5 2 13 4 13.5 1 0 0 1 2 980 1 0
0 36.58 0.28 2 1 1 0 0 1 10 0 2 200 19 0
1 16.17 0.04 2 8 4 0.04 0 0 0 0 2 0 1 1
0 22.67 0.79 2 3 4 0.085 0 0 0 0 2 144 1 0
1 20.07 0.25 2 11 4 0.125 0 0 0 0 2 200 1 0
1 15.17 7 2 10 4 1 0 0 0 0 2 600 1 0
0 18.82 9.5 2 9 4 1.625 1 1 6 1 2 40 601 1
0 28.17 0.58 2 6 4 0.04 0 0 0 0 2 260 1005 0
1 20 1.25 1 4 4 0.125 0 0 0 0 2 140 5 0
1 36.75 0.12 1 8 4 1.5 0 0 0 1 2 232 114 1
1 39.42 1.71 1 7 4 0.165 0 0 0 0 1 400 1 0
1 25 12.5 2 6 4 3 1 0 0 1 1 20 1 1
1 31 2.08 2 8 4 0.085 0 0 0 0 2 300 1 0
1 22.67 2.54 1 8 8 2.585 1 0 0 0 2 0 1 1
1 36.67 2 2 3 4 0.25 0 0 0 1 2 221 1 0
1 40.58 3.29 2 7 4 3.5 0 0 0 1 1 400 1 0
1 18.07 6.75 1 7 4 0.04 0 0 0 0 2 140 1 0
1 33.58 2.75 2 7 4 4.25 1 1 6 0 2 204 1 1
1 34 5.08 1 3 5 1.085 0 0 0 1 2 480 1 0
0 55.75 7.08 2 4 8 6.75 1 1 3 1 2 100 51 0
1 24.58 12.5 2 9 4 0.875 1 0 0 1 2 260 1 0
1 23.08 2.5 2 1 1 0.085 0 0 0 1 2 100 4209 0
0 45.83 10.5 2 11 4 5 1 1 7 1 2 0 1 1
0 33.75 0.75 2 4 5 1 1 1 3 1 2 212 1 0
1 40.58 3.29 2 7 4 3.5 0 0 0 1 1 400 1 0
0 16.07 0.33 2 1 1 0 0 1 1 0 2 160 127 0

