0 20.42 7.5 2 4 4 1.5 1 1 1 0 2 160 235 1
0 22.25 1.25 1 1 1 3.25 0 0 0 0 2 280 1 0
1 26.83 0.54 2 4 1 0 0 0 0 0 2 100 1 0
1 18.07 6.75 1 7 4 0.04 0 0 0 0 2 140 1 0
0 26.92 13.5 2 11 8 5 1 1 2 0 2 0 5001 1
0 42.25 1.75 1 8 4 0 0 0 0 1 2 150 2 0
1 32.08 4 2 7 4 2.5 1 0 0 1 2 360 1 1
0 22.83 2.29 2 11 8 2.29 1 1 7 1 2 140 2385 1
0 28.75 3.75 2 8 4 1.085 1 1 1 1 2 371 1 1
1 39.92 0.54 1 6 4 0.5 1 1 3 0 2 200 1001 1
1 29.83 2.04 1 14 8 0.04 0 0 0 0 2 128 2 0
1 22.67 2.54 1 8 8 2.585 1 0 0 0 2 0 1 1
1 37.5 1.75 1 8 5 0.25 1 0 0 1 2 164 401 0
1 31 2.08 2 8 4 0.085 0 0 0 0 2 300 1 0
0 15.83 0.58 2 8 8 1.5 1 1 2 0 2 100 1 1
1 36.42 0.75 1 2 4 0.585 0 0 0 0 2 240 4 0
1 59.67 1.54 2 11 4 0.125 1 0 0 1 2 260 1 1
1 42.83 4.62 2 11 4 4.58 1 0 0 0 1 0 1 1
0 21.67 11.5 1 5 3 0 1 1 11 1 2 0 1 1
0 20.07 0.12 2 11 4 1 0 1 1 0 2 240 769 1
1 24.58 1.25 2 8 4 0.25 0 0 0 0 2 110 1 0
1 13.75 4 1 9 4 1.75 1 1 2 1 2 120 1001 1
1 16.07 0.75 2 8 4 1.75 1 1 5 1 2 352 691 1
0 19.5 0.16 2 11 4 0.04 0 0 0 1 2 380 1 0
1 18.67 5 2 11 4 0.375 1 1 2 0 2 0 39 0
1 21.33 10.5 2 8 4 3 1 0 0 1 2 0 1 1
0 35.17 3.75 2 1 1 0 0 1 6 0 2 0 201 0
1 26.67 1.75 1 8 4 1 1 1 5 1 2 160 5778 1
1 25.92 0.87 2 4 4 0.375 0 1 2 1 2 174 4 0
0 16.5 1.25 2 11 4 0.25 0 1 1 0 2 108 99 0
1 31.08 1.5 1 9 4 0.04 0 0 0 0 1 160 1 0
0 22.42 11.25 1 14 8 0.75 1 1 4 0 2 0 322 1
1 31.83 2.5 2 6 4 7.5 1 0 0 1 2 523 1 0
1 34.25 1.75 2 9 5 0.25 1 0 0 1 2 163 1 0
1 32.83 2.5 2 13 8 2.75 1 1 6 0 2 160 2073 1
1 32 1.75 1 10 8 0.04 1 0 0 1 2 393 1 1
0 24.83 4.5 2 9 4 1 0 0 0 1 2 360 7 0
0 15.75 0.37 2 8 4 1 0 0 0 0 2 120 19 0
1 51.58 15 2 8 4 8.5 1 1 9 0 2 0 1 1
1 48.75 8.5 2 8 8 12.5 1 1 9 0 2 181 1656 1
0 49.83 13.58 2 4 8 8.5 1 0 0 1 2 0 1 1
0 25 12.33 2 13 8 3.5 1 1 6 0 2 400 459 1
1 74.83 19 1 1 1 0.04 0 1 2 0 2 0 352 0
1 31.57 0.04 1 2 4 4.25 0 0 0 1 2 460 1 0
1 52.33 1.37 1 8 8 9.46 1 0 0 1 2 200 101 0
1 21.17 0.87 1 8 8 0.25 0 0 0 0 2 280 205 0
1 26.75 2 2 2 4 0.75 0 0 0 1 2 80 1 0
1 23.17 0 2 8 4 0 0 0 0 0 3 184 1 1
1 42 9.78 2 14 8 7.96 1 1 8 0 2 0 1 1
1 34 5.08 1 3 5 1.085 0 0 0 1 2 480 1 0
0 16.07 0.33 2 1 1 0 0 1 1 0 2 160 127 0
1 21 3 1 2 4 1.085 1 1 8 1 2 160 2 1
0 45.33 1 2 11 4 0.125 0 0 0 1 2 263 1 0
0 23.75 0.71 2 9 4 0.25 0 1 1 1 2 240 5 0
0 35.75 0.91 2 6 4 0.75 1 1 4 0 2 0 1584 1
1 23 0.75 2 7 4 0.5 1 0 0 1 1 320 1 0
1 29.83 3.5 2 8 4 0.165 0 0 0 0 2 216 1 0
0 24.75 12.5 2 6 4 1.5 1 1 12 1 2 120 568 1
1 39.17 2.5 1 3 8 10 0 0 0 1 1 200 1 0
0 30.25 5.5 2 4 4 5.5 0 0 0 1 1 100 1 0
1 23.25 4 2 8 5 0.25 1 0 0 1 2 160 1 1
1 20.42 0 2 8 4 0 0 0 0 0 3 184 1 0
1 26.75 2 2 2 4 0.75 0 0 0 1 2 80 1 0
1 37.17 4 2 8 5 5 1 0 0 1 1 280 1 0
1 19.42 7.25 2 7 4 0.04 0 1 1 0 2 100 2 0
0 40.33 7.54 1 11 8 8 1 1 14 0 2 0 2301 1
0 20.67 1.83 2 11 4 2.085 1 1 5 0 2 220 2504 1
0 24.5 1.75 1 8 4 0.165 0 0 0 0 2 132 1 0
1 18.07 6.75 1 7 4 0.04 0 0 0 0 2 140 1 0
0 71.58 0 2 8 4 0 0 0 0 0 3 184 1 1
1 41.5 1.54 2 3 5 3.5 0 0 0 0 2 216 1 1
0 31.57 11.25 2 1 1 0 0 0 0 0 2 184 5201 0
1 37.58 0 2 8 4 0 0 0 0 0 3 184 1 1
1 48.58 6.5 2 11 8 6 1 0 0 1 2 350 1 1
0 19.5 0.16 2 11 4 0.04 0 0 0 1 2 380 1 0
0 30.58 10.66 2 11 8 0.085 0 1 12 1 2 129 4 0
0 38.25 6 2 4 4 1 1 0 0 1 2 0 1 1
1 31.08 3.08 2 8 4 2.5 0 1 2 1 2 160 42 0
1 34.17 2.75 2 3 5 2.5 0 0 0 1 2 232 201 0
1 39.83 0.5 2 7 4 0.25 1 0 0 0 1 288 1 0
0 22.25 1.25 1 1 1 3.25 0 0 0 0 2 280 1 0
0 69.5 6 2 1 1 0 0 0 0 0 1 0 1 0
0 40.33 7.54 1 11 8 8 1 1 14 0 2 0 2301 1
1 43 0.28 1 13 8 1.75 1 1 8 0 2 100 376 1
1 51.83 2.04 1 1 1 1.5 0 0 0 0 2 120 2 0
1 28.75 1.5 1 8 4 1.5 1 0 0 1 2 0 226 0
1 36.33 2.12 1 9 4 0.085 1 1 1 0 2 50 1188 1
1 24.5 13.33 1 6 4 0.04 0 0 0 1 2 120 476 0
1 19.17 0 1 7 5 0 0 0 0 1 1 500 2 1
0 21.75 1.75 1 5 3 0 0 0 0 0 2 160 1 0
1 21.83 0.25 2 2 8 0.665 1 0 0 1 2 0 1 1
1 20.67 0.41 2 8 4 0.125 0 0 0 0 2 0 45 0
0 20.67 1.83 2 11 4 2.085 1 1 5 0 2 220 2504 1
1 62.75 7 2 10 9 0 0 0 0 0 2 0 13 0
0 20.5 11.83 2 8 8 6 1 0 0 0 2 340 1 1
0 28.67 1.04 2 8 4 2.5 1 1 5 1 2 300 1431 1
1 16.25 0.83 2 7 4 0.085 1 0 0 0 1 200 1 0
1 23.25 4 2 8 5 0.25 1 0 0 1 2 160 1 1
1 20.17 9.25 2 8 4 1.665 1 1 3 1 2 40 29 1
1 39.17 1.71 2 14 4 0.125 1 1 5 1 2 480 1 1
1 26.75 4.5 1 8 5 2.5 0 0 0 0 2 200 1211 0
0 21.75 1.75 1 5 3 0 0 0 0 0 2 160 1 0
1 34.83 4 2 2 5 12.5 1 0 0 1 2 184 1 0
0 20.75 10.25 2 11 4 0.71 1 1 2 1 2 49 1 1
1 29.58 4.75 2 7 4 2 0 1 1 1 2 460 69 0
0 36.75 4.71 2 1 1 0 0 0 0 0 2 160 1 0
0 22.67 0.79 2 3 4 0.085 0 0 0 0 2 144 1 0
1 19.5 9.58 2 6 4 0.79 0 0 0 0 2 80 351 0
0 24.33 2.5 1 3 5 4.5 0 0 0 0 2 200 457 0
1 37.33 6.5 2 7 8 4.25 1 1 12 1 2 93 1 1
0 21.75 11.75 2 8 4 0.25 0 0 0 1 2 180 1 0
0 28.5 3.04 1 14 8 2.54 1 1 1 0 2 70 1 1
0 36.58 0.28 2 1 1 0 0 1 10 0 2 200 19 0
1 18.67 5 2 11 4 0.375 1 1 2 0 2 0 39 0
1 42.17 5.04 2 11 8 12.75 1 0 0 1 2 92 1 1
1 48.75 26.33 1 1 1 0 1 0 0 1 2 0 1 0
0 30.25 5.5 2 4 4 5.5 0 0 0 1 1 100 1 0
1 33.17 3.16 1 14 4 3.165 1 1 3 1 2 380 1 1
1 31 2.08 2 8 4 0.085 0 0 0 0 2 300 1 0
0 20.32 10 2 8 8 1 1 1 4 0 2 50 1466 1
0 28.42 3.5 2 9 4 0.835 1 0 0 0 1 280 1 1
1 34.17 9.17 2 8 4 4.5 1 1 12 1 2 0 222 1
1 23.75 12 2 8 4 2.085 0 0 0 0 1 80 1 0
1 28.58 3.62 2 6 4 0.25 0 0 0 1 2 100 1 0
1 23.08 2.5 2 1 1 0.085 0 0 0 1 2 100 4209 0
1 42.75 3 2 3 5 1 1 0 0 0 2 0 201 0
1 43 0.28 1 13 8 1.75 1 1 8 0 2 100 376 1
1 20.67 1.25 1 8 8 1.375 1 1 3 1 2 140 211 0
1 23.08 0 2 4 4 1 0 1 11 0 1 0 1 0
0 38.25 6 2 4 4 1 1 0 0 1 2 0 1 1
1 48.75 26.33 1 1 1 0 1 0 0 1 2 0 1 0
0 68.67 15 2 10 9 0 1 1 14 0 2 0 3377 1
0 25.42 1.12 2 11 4 1.29 1 1 2 0 2 200 1 0
0 20.42 7.5 2 4 4 1.5 1 1 1 0 2 160 235 1
1 19.5 0.28 2 4 4 0.29 0 0 0 0 2 280 365 0
1 59.67 1.54 2 11 4 0.125 1 0 0 1 2 260 1 1
0 19.17 0.58 1 6 4 0.585 1 0 0 1 2 160 1 0
1 16.17 0.04 2 8 4 0.04 0 0 0 0 2 0 1 1
0 15.75 0.37 2 8 4 1 0 0 0 0 2 120 19 0
1 22.17 0.58 1 1 1 0 0 0 0 0 2 100 1 0
1 18.82 0.41 1 8 4 0.165 0 1 1 0 2 200 2 0
1 34.75 2.5 2 13 5 0.5 0 0 0 0 2 348 1 0
1 31.67 0.83 2 14 4 1.335 1 1 8 1 2 303 3291 1
0 29.58 1.75 1 4 4 1.25 0 0 0 1 2 280 1 0
0 24.83 4.5 2 9 4 1 0 0 0 1 2 360 7 0
1 74.83 19 1 1 1 0.04 0 1 2 0 2 0 352 0
0 19.17 8.58 2 13 8 0.75 1 1 7 0 2 96 1 1
1 58.58 2.71 2 8 4 2.415 0 0 0 1 2 320 1 0
1 32.25 0.16 1 8 8 3.25 1 1 1 1 2 432 8001 1
0 22.67 0.75 2 8 4 2 0 1 2 1 2 200 395 0
1 20.67 5.29 2 11 4 0.375 1 1 1 0 2 160 1 0
1 39.33 5.87 2 13 8 10 1 1 14 1 2 399 1 1
0 24.75 3 2 11 8 1.835 1 1 19 0 2 0 501 1
1 44.33 0.5 2 3 8 5 1 0 0 1 2 320 1 1
1 35.25 3.16 2 14 8 3.75 1 0 0 1 2 680 1 0
1 29.67 1.41 2 9 8 0.75 1 1 1 0 2 240 101 1
0 25 12.33 2 13 8 3.5 1 1 6 0 2 400 459 1
0 23.42 0.79 1 11 4 1.5 1 1 2 1 2 80 401 1
0 26.5 2.71 1 8 4 0.085 0 0 0 0 1 80 1 0
0 28.5 1 2 11 4 1 1 1 2 1 2 167 501 0
1 32.25 0.16 1 8 8 3.25 1 1 1 1 2 432 8001 1
1 40.58 5 2 8 4 5 1 1 7 0 2 0 3066 1
0 23.25 5.87 2 11 4 3.17 1 1 10 0 2 120 246 1
0 15.83 0.58 2 8 8 1.5 1 1 2 0 2 100 1 1
1 25.58 0.33 2 4 8 3.5 0 0 0 1 2 340 1 0
1 33.5 1.75 2 14 8 4.5 1 1 4 1 2 253 858 1
1 26.83 0.54 2 4 1 0 0 0 0 0 2 100 1 0
1 32.33 2.5 2 8 4 1.25 0 0 0 1 2 280 1 0
1 23.92 1.5 2 2 8 1.875 1 1 6 0 2 200 328 1
0 20.07 0.12 2 11 4 1 0 1 1 0 2 240 769 1
1 34.08 0.08 1 7 5 0.04 1 1 1 1 2 280 2001 1
0 58.42 21 2 3 5 10 1 1 13 0 2 0 6701 1
0 24.5 2.41 1 8 4 0 0 0 0 0 2 120 1 0
1 21.83 0.25 2 2 8 0.665 1 0 0 1 2 0 1 1
0 33.75 0.75 2 4 5 1 1 1 3 1 2 212 1 0
0 71.58 0 2 8 4 0 0 0 0 0 3 184 1 1
1 34.42 4.25 2 3 5 3.25 1 1 2 0 2 274 611 1
1 32.08 4 2 7 4 2.5 1 0 0 1 2 360 1 1
1 37.75 7 2 11 8 11.5 1 1 7 1 2 300 6 0
1 31.83 0.04 1 7 4 0.04 0 0 0 0 2 0 1 0
1 22.67 2.54 1 8 8 2.585 1 0 0 0 2 0 1 1
0 16 0.16 2 6 4 1 0 1 2 1 2 320 2 0
1 36.17 5.5 2 3 5 5 0 0 0 0 2 210 688 0
0 40.83 3.5 2 3 5 0.5 0 0 0 0 1 1160 1 0
1 69.17 9 2 1 1 4 0 1 1 0 2 70 7 0
1 22 7.83 1 3 5 0.165 0 0 0 1 2 184 1 0
1 17.67 4.46 2 8 4 0.25 0 0 0 0 1 80 1 0
1 32.08 4 2 7 4 2.5 1 0 0 1 2 360 1 1
1 28.25 0.87 2 7 4 0.96 1 1 3 1 2 396 1 1
0 31.57 3.5 2 2 4 3 1 0 0 1 2 300 1 0
0 27.25 0.28 2 7 8 0.125 0 1 1 1 2 272 109 0
1 45 8.5 2 13 8 14 1 1 1 1 2 88 2001 1
1 23.42 0.58 2 8 8 0.085 1 0 0 0 2 180 1 0
0 22.25 1.25 1 1 1 3.25 0 0 0 0 2 280 1 0
1 26.75 2 2 2 4 0.75 0 0 0 1 2 80 1 0
1 20.07 0.25 2 11 4 0.125 0 0 0 0 2 200 1 0
1 32.08 4 2 7 4 2.5 1 0 0 1 2 360 1 1
1 21.83 11 2 14 4 0.29 1 1 6 0 2 121 1 1
1 26.33 13 2 10 2 0 0 0 0 1 2 140 1111 0
1 28.67 9.33 2 11 8 5.665 1 1 6 0 2 381 169 1
1 41.92 0.42 2 8 8 0.21 1 1 6 0 2 220 949 1
1 21.17 0.87 1 8 8 0.25 0 0 0 0 2 280 205 0
0 18.75 7.5 2 11 4 2.71 1 1 5 0 2 184 26727 1
1 23.33 1.5 2 8 8 1.415 1 0 0 0 2 422 201 1
1 20.67 5.29 2 11 4 0.375 1 1 1 0 2 160 1 0
1 36.67 4.41 1 4 4 0.25 1 1 10 1 2 320 1 1
1 23.5 3.16 1 4 4 0.415 0 1 1 1 2 280 81 0
1 35.75 2.41 2 9 4 0.125 0 1 2 0 2 220 2 0
0 19.67 0.21 2 11 8 0.29 1 1 11 0 2 80 100 1
1 29.83 3.5 2 8 4 0.165 0 0 0 0 2 216 1 0
1 34.92 2.5 2 9 4 0 1 0 0 1 2 239 201 1
1 23.92 0.66 2 8 4 0.165 0 0 0 0 2 100 1 1
1 31.83 0.04 1 7 4 0.04 0 0 0 0 2 0 1 0
0 24.5 1.75 1 8 4 0.165 0 0 0 0 2 132 1 0
0 41.58 1.04 2 6 4 0.665 0 0 0 0 2 240 238 0
1 51.58 15 2 8 4 8.5 1 1 9 0 2 0 1 1
1 34.17 9.17 2 8 4 4.5 1 1 12 1 2 0 222 1
0 22.5 8.5 2 11 4 1.75 1 1 10 0 2 80 991 0
1 31 2.08 2 8 4 0.085 0 0 0 0 2 300 1 0
1 36.5 4.25 2 11 4 3.5 0 0 0 0 2 454 51 0

