1 52.33 1.37 1 8 8 9.46 1 0 0 1 2 200 101 0
1 23.17 11.12 2 14 8 0.46 1 1 1 0 2 100 1 1
1 20 11.04 2 8 4 2 0 0 0 1 2 136 1 0
0 28.17 0.58 2 6 4 0.04 0 0 0 0 2 260 1005 0
1 31.57 5 1 6 4 8.5 1 0 0 0 2 0 1 0
1 33.5 1.75 2 14 8 4.5 1 1 4 1 2 253 858 1
1 23.08 0 2 4 4 1 0 1 11 0 1 0 1 0
1 27.58 3.25 1 11 8 5.085 0 1 2 1 2 369 2 0
0 18.42 9.25 2 11 4 1.21 1 1 4 0 2 60 541 1
0 22.5 8.5 2 11 4 1.75 1 1 10 0 2 80 991 0
1 43.25 25.21 2 11 8 0.21 1 1 1 0 2 760 91 0
0 23 1.83 2 5 3 0 0 1 1 0 2 200 54 0
0 23.58 0.58 1 1 1 0.125 0 0 0 0 2 120 88 0
0 21.67 11.5 1 5 3 0 1 1 11 1 2 0 1 1
0 37.75 5.5 2 11 4 0.125 1 0 0 1 2 228 1 1
1 43 0.28 1 13 8 1.75 1 1 8 0 2 100 376 1
1 34 5.5 1 8 4 1.5 0 0 0 1 2 60 1 0
0 21.08 5 1 1 1 0 0 0 0 0 2 0 1 0
1 20.67 1.25 1 8 8 1.375 1 1 3 1 2 140 211 0
1 25.08 1.71 2 14 4 1.665 1 1 1 1 2 395 21 1
0 16.07 0.33 2 1 1 0 0 1 1 0 2 160 127 0
1 26.17 12.5 1 4 8 1.25 0 0 0 1 2 0 18 0
0 18.42 9.25 2 11 4 1.21 1 1 4 0 2 60 541 1
1 20.67 0.41 2 8 4 0.125 0 0 0 0 2 0 45 0
0 51.92 6.5 2 3 5 3.085 0 0 0 1 2 73 1 0
1 25.58 0.33 2 4 8 3.5 0 0 0 1 2 340 1 0
1 39.83 0.5 2 7 4 0.25 1 0 0 0 1 288 1 0
1 31.57 0.62 2 4 4 0.25 0 0 0 0 2 380 2011 0
1 41.42 5 2 11 8 5 1 1 6 1 2 470 1 1
1 34.42 1.33 2 3 5 0.125 0 0 0 1 2 440 4501 0
1 22 0.79 2 9 4 0.29 0 1 1 0 2 420 284 0
0 40.33 7.54 1 11 8 8 1 1 14 0 2 0 2301 1
1 36.33 2.12 1 9 4 0.085 1 1 1 0 2 50 1188 1
1 26.67 4.25 2 13 4 4.29 1 1 1 1 2 120 1 1
1 34.42 1.33 2 3 5 0.125 0 0 0 1 2 440 4501 0
0 18.25 10 2 9 4 1 0 1 1 0 2 120 2 0
1 18.82 0 2 11 4 0.665 0 0 0 0 2 160 2 0
1 22.92 0.17 2 7 4 0.085 0 0 0 0 1 0 1 0
1 27.67 0.75 2 11 8 0.165 0 0 0 1 2 220 252 0
1 25.75 0.75 2 8 5 0.25 1 0 0 0 2 349 24 1
0 20.75 9.53 2 3 4 0.04 0 0 0 0 2 200 1001 0
1 44.83 7 1 8 4 1.625 0 0 0 0 2 160 3 0
0 28.17 0.58 2 6 4 0.04 0 0 0 0 2 260 1005 0
1 48.08 6.04 2 4 4 0.04 0 0 0 0 2 0 2691 1
1 25.83 12.83 2 13 4 0.5 0 0 0 0 2 0 3 0
1 27.75 1.29 2 4 8 0.25 0 0 0 1 1 140 1 0
0 44.17 6.66 2 11 4 7.375 1 1 3 1 2 0 1 1
0 22.67 0.79 2 3 4 0.085 0 0 0 0 2 144 1 0
0 51.92 6.5 2 3 5 3.085 0 0 0 1 2 73 1 0
1 38.25 10.12 1 4 4 0.125 0 0 0 0 2 160 1 0
1.234 22.08 11.46 2 4 4 1.585 0 0 0 1 2 100 1213 0
0 32 6 2 2 4 1.25 0 0 0 0 2 272 1 0
1 23 0.75 2 7 4 0.5 0 0 0 1 1 320 1 0
0 35.75 0.91 2 6 4 0.75 1 1 4 0 2 0 1584 1
0 47.75 8 2 8 4 7.875 1 1 6 1 2 0 1261 1
1 21.92 0.54 1 14 4 0.04 1 1 1 1 2 840 60 1
0 17.92 10.21 2 1 1 0 0 0 0 0 2 0 51 0
0 24.75 13.66 2 11 8 1.5 0 0 0 0 2 280 2 0
1 30.17 0.5 2 8 4 1.75 1 1 11 0 2 32 541 1
1 24.5 13.33 1 6 4 0.04 0 0 0 1 2 120 476 0
0 28.17 0.58 2 6 4 0.04 0 0 0 0 2 260 1005 0
1 21.83 0.25 2 2 8 0.665 1 0 0 1 2 0 1 1
1 18.17 2.46 2 8 7 0.96 0 1 2 1 2 160 588 0
0 19.17 5.41 2 3 8 0.29 0 0 0 0 2 80 485 0
1 32.08 4 2 7 4 2.5 1 0 0 1 2 360 1 1
1 22 0.79 2 9 4 0.29 0 1 1 0 2 420 284 0
1 37.58 0 2 8 4 0 0 0 0 0 3 184 1 1
1 21.67 1.16 1 4 4 2.5 1 1 1 0 2 180 21 0
1 40 6.5 2 6 5 3.5 1 1 1 0 2 0 501 1
1 15.17 7 2 10 4 1 0 0 0 0 2 600 1 0
1 26.67 1.75 1 8 4 1 1 1 5 1 2 160 5778 1
1 28.33 5 2 9 4 11 1 0 0 1 2 70 1 1
1 56.75 12.25 2 7 4 1.25 1 1 4 1 2 200 1 1
1 51.58 15 2 8 4 8.5 1 1 9 0 2 0 1 1
1 24.08 9 2 6 4 0.25 0 0 0 1 2 0 1 0
1 25.75 0.75 2 8 5 0.25 1 0 0 0 2 349 24 1
0 28.58 1.66 2 11 4 2.415 1 0 0 1 2 440 1 0
1 53.92 9.62 2 10 4 8.665 1 1 5 0 2 0 1 1
1 36.33 2.12 1 9 4 0.085 1 1 1 0 2 50 1188 1
0 20.32 10 2 8 8 1 1 1 4 0 2 50 1466 1
1 25.67 3.25 2 8 8 2.29 0 1 1 1 2 416 22 0
0 25.25 13.5 1 1 1 2 0 1 1 1 2 200 2 0
1 54.42 0.5 1 4 8 3.96 1 0 0 0 2 180 315 1
1 33.67 1.25 2 9 4 1.165 0 0 0 0 2 120 1 0
0 38.25 6 2 4 4 1 1 0 0 1 2 0 1 1
1 28.25 5.04 1 8 5 1.5 1 1 8 1 2 144 8 1
0 45.83 10.5 2 11 4 5 1 1 7 1 2 0 1 1
0 50.08 12.54 2 6 4 2.29 1 1 3 1 2 156 1 1
1 37.58 0 2 8 4 0 0 0 0 0 3 184 1 1
1 43 0.28 1 13 8 1.75 1 1 8 0 2 100 376 1
0 22.58 10.75 2 11 4 0.415 1 1 5 1 2 0 561 1
0 19.17 5.41 2 3 8 0.29 0 0 0 0 2 80 485 0
1 27.83 1.54 2 9 4 3.75 1 1 5 1 2 100 4 1
0 20.75 10.25 2 11 4 0.71 1 1 2 1 2 49 1 1
0 44.17 6.66 2 11 4 7.375 1 1 3 1 2 0 1 1
1 21.83 0.25 2 2 8 0.665 1 0 0 1 2 0 1 1
1 20.67 5.29 2 11 4 0.375 1 1 1 0 2 160 1 0
0 37.33 2.5 2 3 8 0.21 0 0 0 0 2 260 247 0
0 33.17 2.25 1 13 4 3.5 0 0 0 1 2 200 142 0
1 23.25 12.62 2 8 4 0.125 0 1 2 0 2 0 5553 0
1 27.25 1.66 2 13 8 5.085 1 1 9 0 2 399 828 1
1 39.42 1.71 1 7 4 0.165 0 0 0 0 1 400 1 0
1 27.58 3.25 1 11 8 5.085 0 1 2 1 2 369 2 0
1 23 0.75 2 7 4 0.5 0 0 0 1 1 320 1 0
1 18.07 6.75 1 7 4 0.04 0 0 0 0 2 140 1 0
1 29.67 1.41 2 9 8 0.75 1 1 1 0 2 240 101 1
1 19.67 0.37 2 11 4 2 1 1 2 1 2 80 1 1
0 22.25 1.25 1 1 1 3.25 0 0 0 0 2 280 1 0
0 20.42 0.83 2 11 4 1.585 1 1 1 0 2 0 1 1
0 30 5.29 2 10 2 2.25 1 1 5 1 2 99 501 1
1 56.75 12.25 2 7 4 1.25 1 1 4 1 2 200 1 1
1 52.42 1.5 2 2 4 3.75 0 0 0 1 2 0 351 0
1 23.08 2.5 2 1 1 0.085 0 0 0 1 2 100 4209 0
0 21.75 11.75 2 8 4 0.25 0 0 0 1 2 180 1 0
0 15.75 0.37 2 8 4 1 0 0 0 0 2 120 19 0
1 32.25 14 1 1 1 0 0 1 2 0 2 160 2 0
0 19.5 0.16 2 11 4 0.04 0 0 0 1 2 380 1 0
1 27.58 2.04 1 6 4 2 1 1 3 1 2 370 561 1
1 25.75 0.75 2 8 5 0.25 1 0 0 0 2 349 24 1
1 34.42 4.25 2 3 5 3.25 1 1 2 0 2 274 611 1
1 25.67 0.28 1 8 4 1.5 0 0 0 1 2 160 1 0
1 31.57 3 1 3 5 7 0 0 0 0 2 0 2 0
0 27.25 0.28 2 7 8 0.125 0 1 1 1 2 272 109 0
0 28.17 0.37 2 11 4 0.585 1 1 4 0 2 80 1 1
1 44.25 11 1 2 4 1.5 1 0 0 0 1 0 1 0
0 52.5 7 2 6 8 3 0 0 0 0 2 0 1 0
1 34.75 15 2 12 7 5.375 1 1 9 1 2 0 135 1
1 20.5 10 1 8 4 2.5 1 0 0 0 1 40 1 1
1 57.42 8.5 2 10 8 7 1 1 3 0 2 0 1 1
1 34.17 9.17 2 8 4 4.5 1 1 12 1 2 0 222 1
1 20 0 2 2 4 0.5 0 0 0 0 2 144 1 0
0 22.42 5.66 2 11 4 2.585 1 1 7 0 2 129 3258 1
1 56.75 12.25 2 7 4 1.25 1 1 4 1 2 200 1 1
0 17.57 9 2 6 4 1.375 1 0 0 1 2 0 1 1
1 35.17 2.5 2 4 4 4.5 1 1 7 0 2 150 1271 1
1 48.33 12 2 7 4 16 1 0 0 0 1 110 1 1
1 80.25 5.5 2 8 4 0.54 1 0 0 0 2 0 341 0
1 48.58 6.5 2 11 8 6 1 0 0 1 2 350 1 1
1 36.67 2 2 3 4 0.25 0 0 0 1 2 221 1 0
1 19 0 1 1 1 0 0 1 4 0 2 45 2 0
1 30.58 2.71 1 7 4 0.125 0 0 0 1 1 80 1 0
1 22.75 11.5 2 3 4 0.415 0 0 0 0 2 0 1 0
1 43 0.28 1 13 8 1.75 1 1 8 0 2 100 376 1
0 20.07 0.12 2 11 4 1 0 1 1 0 2 240 769 1
1 34.92 2.5 2 9 4 0 1 0 0 1 2 239 201 1
1 25.5 0.37 2 7 4 0.25 1 1 3 0 2 260 15109 1
1 18.07 6.75 1 7 4 0.04 0 0 0 0 2 140 1 0
0 35.42 12 2 11 8 14 1 1 8 0 2 0 6591 1
1 52.33 1.37 1 8 8 9.46 1 0 0 1 2 200 101 0
0 22.67 0.75 2 8 4 2 0 1 2 1 2 200 395 0
0 27.67 1.5 2 7 4 2 1 0 0 0 1 368 1 0
1 40 6.5 2 6 5 3.5 1 1 1 0 2 0 501 1
1 44.25 0.5 2 7 4 10.75 1 0 0 0 1 400 1 0
1 54.42 0.5 1 4 8 3.96 1 0 0 0 2 180 315 1
1 36.25 5 2 8 5 2.5 1 1 6 0 2 0 368 1
0 46.67 0.46 2 13 8 0.415 1 1 11 1 2 440 7 1
0 16 0.16 2 6 4 1 0 1 2 1 2 320 2 0
1 54.83 15.5 2 10 9 0 1 1 20 0 2 152 131 0
0 28.58 3.54 2 3 5 0.5 1 0 0 1 2 171 1 0
0 20.42 10.5 1 14 8 0 0 0 0 1 2 154 33 0
1 34 5.08 1 3 5 1.085 0 0 0 1 2 480 1 0
1 35 3.37 2 8 8 8.29 0 0 0 1 2 0 1 0
1 20.67 1.25 1 8 8 1.375 1 1 3 1 2 140 211 0
1 22.75 11.5 2 3 4 0.415 0 0 0 0 2 0 1 0
1 24.08 9 2 6 4 0.25 0 0 0 1 2 0 1 0
1 43.08 0.37 1 8 4 0.375 1 1 8 1 2 300 163 1
0 57.58 2 2 1 1 6.5 0 1 1 0 2 0 11 0
0 69.5 6 2 1 1 0 0 0 0 0 1 0 1 0
1 48.08 6.04 2 4 4 0.04 0 0 0 0 2 0 2691 1
0 25.25 13.5 1 1 1 2 0 1 1 1 2 200 2 0
0 44.17 6.66 2 11 4 7.375 1 1 3 1 2 0 1 1
0 28.67 1.04 2 8 4 2.5 1 1 5 1 2 300 1431 1
1 32.08 4 2 7 4 2.5 1 0 0 1 2 360 1 1
1 17.67 4.46 2 8 4 0.25 0 0 0 0 1 80 1 0
0 24.75 13.66 2 11 8 1.5 0 0 0 0 2 280 2 0
1 22 7.83 1 3 5 0.165 0 0 0 1 2 184 1 0
0 23 11.75 2 14 8 0.5 1 1 2 1 2 300 552 1
1 29.42 1.25 2 8 8 0.25 0 1 2 1 2 400 109 0
1 18.82 0.41 1 8 4 0.165 0 1 1 0 2 200 2 0
0 30.42 1.37 2 9 8 0.04 0 1 3 0 2 0 34 0
1 24.33 6.62 1 2 4 5.5 1 0 0 1 1 100 1 1
0 25.58 0 2 8 4 0 0 0 0 0 3 184 1 1
0 20.42 10.5 1 14 8 0 0 0 0 1 2 154 33 0
0 58.42 21 2 3 5 10 1 1 13 0 2 0 6701 1
0 45.33 1 2 11 4 0.125 0 0 0 1 2 263 1 0
1 54.33 6.75 2 8 8 2.625 1 1 11 1 2 0 285 1
1 25.17 3 2 8 4 1.25 0 1 1 0 2 0 23 0
1 28.25 0.87 2 7 4 0.96 1 1 3 1 2 396 1 1
1 20.42 0 2 8 4 0 0 0 0 0 3 184 1 0
1 59.67 1.54 2 11 4 0.125 1 0 0 1 2 260 1 1
1 31.42 15.5 2 8 4 0.5 1 0 0 0 2 120 1 0
1 16.32 2.75 2 6 4 0.665 0 1 1 0 2 80 22 0
1 31.57 10.5 2 14 4 6.5 1 0 0 0 2 0 1 1
0 40.33 7.54 1 11 8 8 1 1 14 0 2 0 2301 1
1 39 5 2 13 4 3.5 1 1 10 1 2 0 1 1
1 29.58 4.5 2 9 4 7.5 1 1 2 1 2 330 1 1
1 24.17 0.87 2 11 4 4.625 1 1 2 1 2 520 2001 1
1 31.57 0.62 2 4 4 0.25 0 0 0 0 2 380 2011 0
1 41.17 1.25 1 9 4 0.25 0 0 0 0 2 0 196 0
1 33.58 0.33 1 13 4 0.085 0 0 0 0 2 180 1 0
0 15.75 0.37 2 8 4 1 0 0 0 0 2 120 19 0
1 33.58 0.25 2 3 5 4 0 0 0 1 1 420 1 0
1 19.42 1.5 1 13 4 2 1 0 0 1 2 100 21 0
1 27 1.5 1 9 4 0.375 1 0 0 1 2 260 1066 1
1 31.42 15.5 2 8 4 0.5 1 0 0 0 2 120 1 0
0 45.83 10.5 2 11 4 5 1 1 7 1 2 0 1 1
1 39.25 9.5 2 7 4 6.5 1 1 14 0 2 240 4608 1
1 44.25 11 1 2 4 1.5 1 0 0 0 1 0 1 0
1 29.92 1.83 2 8 8 4.335 1 0 0 0 2 260 201 1
1 34.08 0.08 1 7 5 0.04 1 1 1 1 2 280 2001 1
0 24.75 12.5 2 6 4 1.5 1 1 12 1 2 120 568 1
1 22.17 0.58 1 1 1 0 0 0 0 0 2 100 1 0
0 29.5 1.08 1 14 4 1 0 0 0 0 2 280 14 0
0 32.33 0.54 2 13 4 0.04 1 0 0 0 2 440 11178 1
0 18.57 10 2 2 4 0.415 0 0 0 0 2 80 43 0
0 20.42 10.5 1 14 8 0 0 0 0 1 2 154 33 0
1 37.5 0.83 2 10 4 0.04 0 0 0 0 2 120 6 0
1 25.25 1 2 6 4 0.5 0 0 0 0 2 200 1 0
1 42.75 4.08 2 6 4 0.04 0 0 0 0 2 108 101 0
1 28 2 2 4 8 4.165 1 1 2 1 2 181 1 1

