1 16.07 0.75 2 8 4 1.75 1 1 5 1 2 352 691 1
1 36.5 4.25 2 11 4 3.5 0 0 0 0 2 454 51 0
0 24.5 1.04 1 1 1 0.5 1 1 3 0 2 180 148 0
0 30.58 10.66 2 11 8 0.085 0 1 12 1 2 129 4 0
1 22.75 11.5 2 3 4 0.415 0 0 0 0 2 0 1 0
1 16.25 0.83 2 7 4 0.085 1 0 0 0 1 200 1 0
1 15.17 7 2 10 4 1 0 0 0 0 2 600 1 0
1 21.5 9.75 2 8 4 0.25 1 0 0 0 2 140 1 0
1 42.75 3 2 3 5 1 1 0 0 0 2 0 201 0
0 31.57 3.5 2 2 4 3 1 0 0 1 2 300 1 0
0 28.17 0.58 2 6 4 0.04 0 0 0 0 2 260 1005 0
0 24.75 13.66 2 11 8 1.5 0 0 0 0 2 280 2 0
1 55.92 11.5 2 1 1 5 1 1 5 0 2 0 8852 1
1 34.67 1.08 2 7 4 1.165 0 0 0 0 1 28 1 0
0 22.67 0.75 2 8 4 2 0 1 2 1 2 200 395 0
1.234 22.08 11.46 2 4 4 1.585 0 0 0 1 2 100 1213 0
0 22.42 11.25 1 14 8 0.75 1 1 4 0 2 0 322 1
1 29.25 13 2 2 8 0.5 0 0 0 0 2 228 1 0
1 23.25 12.62 2 8 4 0.125 0 1 2 0 2 0 5553 0
0 29.58 1.75 1 4 4 1.25 0 0 0 1 2 280 1 0
0 27.67 2.04 2 9 4 0.25 0 0 0 1 2 180 51 0
1 21.58 0.79 1 13 4 0.665 0 0 0 0 2 160 1 0
0 33.08 1.62 2 2 4 0.54 0 0 0 1 2 0 1 0
1 42.83 1.25 2 7 4 13.875 0 1 1 1 2 352 113 0
0 69.5 6 2 1 1 0 0 0 0 0 1 0 1 0
1 18.42 10.41 1 6 4 0.125 1 0 0 0 2 120 376 0
1 28.75 1.5 1 8 4 1.5 1 0 0 1 2 0 226 0
0 25.17 2.87 2 14 8 0.875 1 0 0 0 2 360 1 1
1 23.58 1.79 2 8 4 0.54 0 0 0 1 2 136 2 0
1 32.25 0.16 1 8 8 3.25 1 1 1 1 2 432 8001 1
1 33.75 2.75 2 3 5 0 0 0 0 0 2 180 1 0
1 33.17 1 2 14 4 0.75 1 1 7 1 2 340 4072 1
1 19.67 10 1 4 8 0.835 1 0 0 1 2 140 1 0
1 31.25 1.12 2 1 1 0 0 1 1 0 2 96 20 0
0 30.42 1.37 2 9 8 0.04 0 1 3 0 2 0 34 0
0 25.58 0 2 8 4 0 0 0 0 0 3 184 1 1
0 22.25 1.25 1 1 1 3.25 0 0 0 0 2 280 1 0
1 48.17 3.5 2 6 4 3.5 1 0 0 0 1 230 1 1
1 38.25 10.12 1 4 4 0.125 0 0 0 0 2 160 1 0
1 23.08 2.5 2 1 1 0.085 0 0 0 1 2 100 4209 0
1 26 1 2 11 4 1.75 1 0 0 1 2 280 1 1
0 47.42 3 2 14 4 13.875 1 1 2 1 2 519 1705 1
1 23.08 11.5 2 3 4 3.5 1 1 9 0 2 56 743 1
1 22.17 2.25 2 3 4 0.125 0 0 0 0 2 160 11 0
1 40.25 21.5 2 10 9 20 1 1 11 0 2 0 1201 1
0 17.82 11 2 14 8 1 1 1 11 0 2 0 3001 1
1 32.92 2.5 2 6 4 1.75 0 1 2 1 2 720 1 0
1 20.67 0.41 2 8 4 0.125 0 0 0 0 2 0 45 0
1 21.67 1.16 1 4 4 2.5 1 1 1 0 2 180 21 0
1 34.08 0.08 1 7 5 0.04 1 1 1 1 2 280 2001 1
1 19.42 7.25 2 7 4 0.04 0 1 1 0 2 100 2 0
1 27.25 1.66 2 13 8 5.085 1 1 9 0 2 399 828 1
1 29.58 4.75 2 7 4 2 0 1 1 1 2 460 69 0
0 24.5 12.75 2 8 5 4.75 1 1 2 0 2 73 445 1
0 24.75 12.5 2 6 4 1.5 1 1 12 1 2 120 568 1
1 36.25 5 2 8 5 2.5 1 1 6 0 2 0 368 1
0 23.42 0.79 1 11 4 1.5 1 1 2 1 2 80 401 1
1 18.5 2 2 3 4 1.5 1 1 2 0 2 120 301 1
1 22.08 0.83 2 8 8 2.165 0 0 0 1 2 128 1 1
1 15.17 7 2 10 4 1 0 0 0 0 2 600 1 0
1 28.25 5.04 1 8 5 1.5 1 1 8 1 2 144 8 1
1 20.67 0.41 2 8 4 0.125 0 0 0 0 2 0 45 0
1 39.42 1.71 1 7 4 0.165 0 0 0 0 1 400 1 0
1 26.67 4.25 2 13 4 4.29 1 1 1 1 2 120 1 1
0 28.17 0.58 2 6 4 0.04 0 0 0 0 2 260 1005 0
1 28.25 5.12 2 14 4 4.75 1 1 2 0 2 420 8 1
0 22.67 0.33 2 11 4 0.75 0 0 0 0 1 160 1 0
0 24.92 1.25 2 1 1 0 1 0 0 0 2 80 1 0
1 44 2 2 7 4 1.75 1 1 2 1 2 0 16 1
1 51.83 3 1 1 1 1.5 0 0 0 0 2 180 5 0
1 69.17 9 2 1 1 4 0 1 1 0 2 70 7 0
1 56 12.5 2 4 8 8 1 0 0 1 2 24 2029 1
1 25.83 12.83 2 13 4 0.5 0 0 0 0 2 0 3 0
1 39.5 1.62 2 8 4 1.5 0 0 0 0 2 0 317 0
0 38.75 1.5 2 1 1 0 0 0 0 0 2 76 1 0
1 36.33 2.12 1 9 4 0.085 1 1 1 0 2 50 1188 1
1 23.17 0 2 8 4 0 0 0 0 0 3 184 1 1
1 22.92 3.16 1 8 4 0.165 0 0 0 0 2 160 1059 0
1 48.58 6.5 2 11 8 6 1 0 0 1 2 350 1 1
1 31 2.08 2 8 4 0.085 0 0 0 0 2 300 1 0
0 29.58 1.75 1 4 4 1.25 0 0 0 1 2 280 1 0
1 23 0.75 2 7 4 0.5 0 0 0 1 1 320 1 0
1 26.92 2.25 2 3 5 0.5 0 0 0 1 2 640 4001 0
1 22.08 0.83 2 8 8 2.165 0 0 0 1 2 128 1 1
1 40.25 21.5 2 10 9 20 1 1 11 0 2 0 1201 1
1 39.92 0.54 1 6 4 0.5 1 1 3 0 2 200 1001 1
1 16.17 0.04 2 8 4 0.04 0 0 0 0 2 0 1 1
1 21.92 0.54 1 14 4 0.04 1 1 1 1 2 840 60 1
0 25.08 2.54 1 6 4 0.25 1 0 0 1 2 370 1 1
1 34.92 5 2 14 8 7.5 1 1 6 1 2 0 1001 1
0 52.5 7 2 6 8 3 0 0 0 0 2 0 1 0
1 63.33 0.54 2 8 4 0.585 1 1 3 1 2 180 1 0
0 20.67 1.83 2 11 4 2.085 1 1 5 0 2 220 2504 1
1 27.58 3.25 1 11 8 5.085 0 1 2 1 2 369 2 0
0 19.75 0.75 2 8 4 0.795 1 1 5 1 2 140 6 0
1 16 3.12 2 9 4 0.085 0 1 1 0 2 0 7 0
1 20 1.25 1 4 4 0.125 0 0 0 0 2 140 5 0
1 36.25 5 2 8 5 2.5 1 1 6 0 2 0 368 1
0 28.5 3.04 1 14 8 2.54 1 1 1 0 2 70 1 1
1 60.08 14.5 2 1 1 18 1 1 15 1 2 0 1001 1
0 52.17 0 1 1 1 0 0 0 0 0 2 0 1 0
1 37.5 1.12 1 2 4 1.5 0 0 0 1 2 431 1 1
0 24.5 2.41 1 8 4 0 0 0 0 0 2 120 1 0
1 24.5 13.33 1 6 4 0.04 0 0 0 1 2 120 476 0
0 26.17 2 2 5 3 0 0 0 0 1 2 276 2 0
1 51.83 3 1 1 1 1.5 0 0 0 0 2 180 5 0
1 36.42 0.75 1 2 4 0.585 0 0 0 0 2 240 4 0
1 35 3.37 2 8 8 8.29 0 0 0 1 2 0 1 0
1 27.75 1.29 2 4 8 0.25 0 0 0 1 1 140 1 0
0 18.57 10 2 2 4 0.415 0 0 0 0 2 80 43 0
0 23 11.75 2 14 8 0.5 1 1 2 1 2 300 552 1
0 15.83 0.58 2 8 8 1.5 1 1 2 0 2 100 1 1
1 29.67 0.75 1 8 4 0.04 0 0 0 0 2 240 1 0
0 22.67 3.8 2 8 4 0.165 0 0 0 0 2 160 1 0
1 27.75 1.29 2 4 8 0.25 0 0 0 1 1 140 1 0
0 50.08 12.54 2 6 4 2.29 1 1 3 1 2 156 1 1
0 24.83 4.5 2 9 4 1 0 0 0 1 2 360 7 0
1 23.08 0 2 4 4 1 0 1 11 0 1 0 1 0
0 31.57 11.25 2 1 1 0 0 0 0 0 2 184 5201 0
1 31.83 0.04 1 7 4 0.04 0 0 0 0 2 0 1 0
0 47.42 3 2 14 4 13.875 1 1 2 1 2 519 1705 1
0 25.25 13.5 1 1 1 2 0 1 1 1 2 200 2 0
0 27.67 2.04 2 9 4 0.25 0 0 0 1 2 180 51 0
1 35.17 4.5 2 14 8 5.75 0 0 0 1 1 711 1 1
1 44.33 0.5 2 3 8 5 1 0 0 1 2 320 1 1
1 19.67 0.37 2 11 4 2 1 1 2 1 2 80 1 1
1 58.58 2.71 2 8 4 2.415 0 0 0 1 2 320 1 0
1 34.17 2.75 2 3 5 2.5 0 0 0 1 2 232 201 0
1 34.25 1.75 2 9 5 0.25 1 0 0 1 2 163 1 0
0 41.58 1.04 2 6 4 0.665 0 0 0 0 2 240 238 0
1 26.75 1.12 2 14 8 1.25 1 0 0 0 2 0 5299 1
1 34.25 1.75 2 9 5 0.25 1 0 0 1 2 163 1 0
1 39.83 0.5 2 7 4 0.25 1 0 0 0 1 288 1 0
1 44.25 0.5 2 7 4 10.75 1 0 0 0 1 400 1 0
0 22.5 8.5 2 11 4 1.75 1 1 10 0 2 80 991 0
1 41.92 0.42 2 8 8 0.21 1 1 6 0 2 220 949 1
0 28.08 15 1 10 9 0 1 0 0 0 2 0 13213 1
1 31.57 0.37 2 2 4 0.875 1 0 0 1 1 928 1 0
1 37.33 2.66 2 13 4 0.165 0 0 0 1 2 0 502 0
1 34.92 5 2 14 8 7.5 1 1 6 1 2 0 1001 1
0 36.75 4.71 2 1 1 0 0 0 0 0 2 160 1 0
1 23.92 0.58 1 13 8 0.125 0 0 0 0 2 240 2 0
0 27.25 0.28 2 7 8 0.125 0 1 1 1 2 272 109 0
0 56.83 4.25 1 1 1 5 0 0 0 1 2 0 5 0
0 56.83 4.25 1 1 1 5 0 0 0 1 2 0 5 0
1 22.75 11 2 11 4 2.5 1 1 7 1 2 100 810 1
1 39.25 9.5 2 7 4 6.5 1 1 14 0 2 240 4608 1
0 47 13 2 3 5 5.165 1 1 9 1 2 0 1 1
1 54.42 0.5 1 4 8 3.96 1 0 0 0 2 180 315 1
1 20.5 2.41 2 8 4 2 1 1 11 1 2 200 3001 1
1 51.83 3 1 1 1 1.5 0 0 0 0 2 180 5 0
1 27.67 0.75 2 11 8 0.165 0 0 0 1 2 220 252 0
1 35.25 16.5 1 8 4 4 1 0 0 0 2 80 1 0
1 36.5 4.25 2 11 4 3.5 0 0 0 0 2 454 51 0
1 30.17 6.5 2 13 4 3.125 1 1 8 0 2 330 1201 1
1 23.92 0.58 1 13 8 0.125 0 0 0 0 2 240 2 0
1 37.42 2.04 2 9 4 0.04 1 0 0 1 2 400 5801 1
1 28.67 9.33 2 11 8 5.665 1 1 6 0 2 381 169 1
1 32.75 2.33 2 2 8 5.75 0 0 0 1 2 292 1 0
1 55.92 11.5 2 1 1 5 1 1 5 0 2 0 8852 1
0 25 11 1 6 4 4.5 1 0 0 0 2 120 1 0
1 22.92 0.17 2 7 4 0.085 0 0 0 0 1 0 1 0
1 36.5 4.25 2 11 4 3.5 0 0 0 0 2 454 51 0
1 35.17 2.5 2 4 4 4.5 1 1 7 0 2 150 1271 1
0 28.5 3.04 1 14 8 2.54 1 1 1 0 2 70 1 1
1 47.17 5.83 2 9 4 5.5 0 0 0 0 2 465 151 0
1 37.58 0 2 8 4 0 0 0 0 0 3 184 1 1
0 44.33 0 2 8 4 2.5 1 0 0 0 2 0 1 1
1 31.25 1.12 2 1 1 0 0 1 1 0 2 96 20 0
1 22 7.83 1 3 5 0.165 0 0 0 1 2 184 1 0
0 23.58 0.58 1 1 1 0.125 0 0 0 0 2 120 88 0
1 19 0 1 1 1 0 0 1 4 0 2 45 2 0
1 40.58 3.29 2 7 4 3.5 0 0 0 1 1 400 1 0
1 59.67 1.54 2 11 4 0.125 1 0 0 1 2 260 1 1
0 26.92 13.5 2 11 8 5 1 1 2 0 2 0 5001 1
1 20 0 2 2 4 0.5 0 0 0 0 2 144 1 0
0 18.82 9.5 2 9 4 1.625 1 1 6 1 2 40 601 1
0 20.42 7.5 2 4 4 1.5 1 1 1 0 2 160 235 1
1 40.58 3.29 2 7 4 3.5 0 0 0 1 1 400 1 0
1 41.5 1.54 2 3 5 3.5 0 0 0 0 2 216 1 1
0 25.42 1.12 2 11 4 1.29 1 1 2 0 2 200 1 0
1 28.25 5.04 1 8 5 1.5 1 1 8 1 2 144 8 1
1 33.5 1.75 2 14 8 4.5 1 1 4 1 2 253 858 1
1 34.08 0.08 1 7 5 0.04 1 1 1 1 2 280 2001 1
0 40.33 7.54 1 11 8 8 1 1 14 0 2 0 2301 1
1 26.92 2.25 2 3 5 0.5 0 0 0 1 2 640 4001 0
1 37.75 7 2 11 8 11.5 1 1 7 1 2 300 6 0
1 26.17 0.25 2 3 5 0 1 0 0 1 2 0 1 1
0 24.33 2.5 1 3 5 4.5 0 0 0 0 2 200 457 0
1 24.58 12.5 2 9 4 0.875 1 0 0 1 2 260 1 0
0 42.25 1.75 1 8 4 0 0 0 0 1 2 150 2 0
0 20.67 3 2 11 4 0.165 1 1 3 0 2 100 7 1
1 33.5 1.75 2 14 8 4.5 1 1 4 1 2 253 858 1
1 73.42 17.75 2 1 1 0 1 0 0 1 2 0 1 1
1 21.92 0.5 2 8 4 0.125 0 0 0 0 2 360 1 0
0 21.67 11.5 1 5 3 0 1 1 11 1 2 0 1 1
1 34.25 1.75 2 9 5 0.25 1 0 0 1 2 163 1 0
0 24.75 13.66 2 11 8 1.5 0 0 0 0 2 280 2 0
0 69.5 6 2 1 1 0 0 0 0 0 1 0 1 0
0 20.83 0.5 1 10 2 1 0 0 0 0 2 260 1 0
1 26.92 2.25 2 3 5 0.5 0 0 0 1 2 640 4001 0
0 46 4 2 5 3 0 1 0 0 0 2 100 961 1
0 28.17 0.37 2 11 4 0.585 1 1 4 0 2 80 1 1
1 59.67 1.54 2 11 4 0.125 1 0 0 1 2 260 1 1
1 16.07 0.75 2 8 4 1.75 1 1 5 1 2 352 691 1
1 22 0.79 2 9 4 0.29 0 1 1 0 2 420 284 0
1 49.17 2.29 2 1 1 0.29 0 0 0 0 2 200 4 0
1 38.42 0.7 2 8 4 0.375 0 1 2 0 2 225 501 0
1 31.57 5 1 6 4 8.5 1 0 0 0 2 0 1 0
1 37.5 1.75 1 8 5 0.25 1 0 0 1 2 164 401 0
1 21.67 1.16 1 4 4 2.5 1 1 1 0 2 180 21 0
1 54.83 15.5 2 10 9 0 1 1 20 0 2 152 131 0
0 17.92 10.21 2 1 1 0 0 0 0 0 2 0 51 0
0 20.5 11.83 2 8 8 6 1 0 0 0 2 340 1 1
1 20.67 1.25 1 8 8 1.375 1 1 3 1 2 140 211 0
1 36.67 4.41 1 4 4 0.25 1 1 10 1 2 320 1 1
0 22.42 11.25 1 14 8 0.75 1 1 4 0 2 0 322 1
1 34.17 2.75 2 3 5 2.5 0 0 0 1 2 232 201 0
1 54.33 6.75 2 8 8 2.625 1 1 11 1 2 0 285 1
0 25 11 1 6 4 4.5 1 0 0 0 2 120 1 0

