0 28.42 3.5 2 9 4 0.835 1 0 0 0 1 280 1 1
0 20.32 10 2 8 8 1 1 1 4 0 2 50 1466 1
0 23.42 0.79 1 11 4 1.5 1 1 2 1 2 80 401 1
1 67.75 5.5 2 10 9 13 1 1 1 1 2 0 1 1
0 31.57 11.25 2 1 1 0 0 0 0 0 2 184 5201 0
1 35.17 2.5 2 4 4 4.5 1 1 7 0 2 150 1271 1
1 26.75 2 2 2 4 0.75 0 0 0 1 2 80 1 0
1 25.67 3.25 2 8 8 2.29 0 1 1 1 2 416 22 0
1 15.17 7 2 10 4 1 0 0 0 0 2 600 1 0
0 25.42 1.12 2 11 4 1.29 1 1 2 0 2 200 1 0
1 27.25 1.66 2 13 8 5.085 1 1 9 0 2 399 828 1
1 51.33 10 2 3 5 0 1 1 11 0 2 0 1250 1
0 17.92 0.54 2 8 4 1.75 0 1 1 1 2 80 6 0
1 22.17 12.12 2 8 4 3.335 0 1 2 1 2 180 174 0
1 39.17 2.5 1 3 8 10 0 0 0 1 1 200 1 0
1 41 0.04 2 10 4 0.04 0 1 1 0 1 560 1 1
0 21.75 1.75 1 5 3 0 0 0 0 0 2 160 1 0
0 24.08 0.5 2 11 8 1.25 1 1 1 0 2 0 679 1
1 32.42 3 2 2 4 0.165 0 0 0 1 2 120 1 0
1 48.17 3.5 2 6 4 3.5 1 0 0 0 1 230 1 1
1 34.42 1.33 2 3 5 0.125 0 0 0 1 2 440 4501 0
0 47.42 8 2 10 5 6.5 1 1 6 0 2 375 51101 1
0 28.75 3.75 2 8 4 1.085 1 1 1 1 2 371 1 1
1 33.17 3.16 1 14 4 3.165 1 1 3 1 2 380 1 1
1 37.75 7 2 11 8 11.5 1 1 7 1 2 300 6 0
1 31.67 16.16 2 2 4 3 1 1 9 0 2 250 731 1
0 33.92 1.58 1 1 1 0 1 0 0 0 2 320 1 0
1 27.58 3.25 1 11 8 5.085 0 1 2 1 2 369 2 0
1 27.83 1.5 2 9 4 2.25 0 1 1 1 2 100 4 0
1 25.67 2.21 1 6 4 4 1 0 0 0 2 188 1 0
1 29.92 1.83 2 8 8 4.335 1 0 0 0 2 260 201 1
0 33.08 1.62 2 2 4 0.54 0 0 0 1 2 0 1 0
0 57.58 2 2 1 1 6.5 0 1 1 0 2 0 11 0
0 41.58 1.04 2 6 4 0.665 0 0 0 0 2 240 238 0
1 18.42 10.41 1 6 4 0.125 1 0 0 0 2 120 376 0
1 62.75 7 2 10 9 0 0 0 0 0 2 0 13 0
1 34.17 2.75 2 3 5 2.5 0 0 0 1 2 232 201 0
1 21.08 10.08 1 10 8 1.25 0 0 0 0 2 260 1 0
1 36.17 5.5 2 3 5 5 0 0 0 0 2 210 688 0
1 57.83 7.04 2 7 4 14 1 1 6 1 2 360 1333 1
1 23.17 0 2 8 4 0 0 0 0 0 3 184 1 1
1 43.25 3 2 11 8 6 1 1 11 0 2 80 1 1
1 34.75 15 2 12 7 5.375 1 1 9 1 2 0 135 1
0 27.58 3 2 7 4 2.79 0 1 1 1 2 280 11 0
1 26.17 0.83 2 13 4 1.165 0 0 0 0 2 100 1 0
1 36.08 2.54 2 1 1 0 0 0 0 0 2 0 1001 0
1 21.92 0.5 2 8 4 0.125 0 0 0 0 2 360 1 0
1 22.67 2.54 1 8 8 2.585 1 0 0 0 2 0 1 1
0 49 1.5 2 5 3 0 1 0 0 1 2 100 28 0
1 32.25 0.16 1 8 8 3.25 1 1 1 1 2 432 8001 1
1 57.42 8.5 2 10 8 7 1 1 3 0 2 0 1 1
1 32.75 1.5 2 13 8 5.5 1 1 3 1 2 0 1 1
1 20 0 2 2 4 0.5 0 0 0 0 2 144 1 0
1 34 5.5 1 8 4 1.5 0 0 0 1 2 60 1 0
1 39.92 0.54 1 6 4 0.5 1 1 3 0 2 200 1001 1
0 23 11.75 2 14 8 0.5 1 1 2 1 2 300 552 1
0 18.75 7.5 2 11 4 2.71 1 1 5 0 2 184 26727 1
1 17.67 4.46 2 8 4 0.25 0 0 0 0 1 80 1 0
1 41.17 4.04 2 13 8 7 1 1 8 0 2 320 1 1
0 23.5 9 2 11 4 8.5 1 1 5 1 2 120 1 1
1 27.75 0.58 1 13 4 0.25 1 1 2 0 2 260 501 1
1 32 1.75 1 10 8 0.04 1 0 0 1 2 393 1 1
0 17.92 0.54 2 8 4 1.75 0 1 1 1 2 80 6 0
1 26.75 1.12 2 14 8 1.25 1 0 0 0 2 0 5299 1
1 20.17 9.25 2 8 4 1.665 1 1 3 1 2 40 29 1
1 25.58 0.33 2 4 8 3.5 0 0 0 1 2 340 1 0
0 19.67 0.21 2 11 8 0.29 1 1 11 0 2 80 100 1
1 30.17 6.5 2 13 4 3.125 1 1 8 0 2 330 1201 1
1 29.58 4.5 2 9 4 7.5 1 1 2 1 2 330 1 1
1 52.33 1.37 1 8 8 9.46 1 0 0 1 2 200 101 0
1 31.42 15.5 2 8 4 0.5 1 0 0 0 2 120 1 0
1 39.17 1.62 2 8 4 1.5 1 1 10 0 2 186 4701 1
1 42.17 5.04 2 11 8 12.75 1 0 0 1 2 92 1 1
1 15.17 7 2 10 4 1 0 0 0 0 2 600 1 0
1 19.67 0.37 2 11 4 2 1 1 2 1 2 80 1 1
1 25.42 0.54 2 9 4 0.165 0 1 1 0 2 272 445 0
0 20.07 0.12 2 11 4 1 0 1 1 0 2 240 769 1
1 29.5 0.57 2 9 4 0.29 0 1 1 0 2 340 2804 0
1 43.08 0.37 1 8 4 0.375 1 1 8 1 2 300 163 1
1 56 12.5 2 4 8 8 1 0 0 1 2 24 2029 1
0 22.5 0.41 2 3 4 0.335 0 0 0 1 1 144 1 0
0 26.17 2 2 5 3 0 0 0 0 1 2 276 2 0
1 31.42 15.5 2 8 4 0.5 1 0 0 0 2 120 1 0
1 22.75 11.5 2 3 4 0.415 0 0 0 0 2 0 1 0
0 30.25 5.5 2 4 4 5.5 0 0 0 1 1 100 1 0
0 24.83 4.5 2 9 4 1 0 0 0 1 2 360 7 0
0 25.25 13.5 1 1 1 2 0 1 1 1 2 200 2 0
0 22.67 0.33 2 11 4 0.75 0 0 0 0 1 160 1 0
0 36 1 2 8 4 2 1 1 11 0 2 0 457 1
1 19.67 0.37 2 11 4 2 1 1 2 1 2 80 1 1
1 19.32 10.91 2 8 5 0.585 0 1 2 1 2 200 8 0
1 22.67 2.54 1 8 8 2.585 1 0 0 0 2 0 1 1
0 19.75 0.75 2 8 4 0.795 1 1 5 1 2 140 6 0
1 24.33 6.62 1 2 4 5.5 1 0 0 1 1 100 1 1
0 22.42 5.66 2 11 4 2.585 1 1 7 0 2 129 3258 1
1 25.92 0.87 2 4 4 0.375 0 1 2 1 2 174 4 0
1 18.5 2 2 3 4 1.5 1 1 2 0 2 120 301 1
1 41 0.04 2 10 4 0.04 0 1 1 0 1 560 1 1
0 23.75 0.71 2 9 4 0.25 0 1 1 1 2 240 5 0
0 40.33 7.54 1 11 8 8 1 1 14 0 2 0 2301 1
0 18.82 9.53 2 6 4 0.085 1 0 0 0 2 100 1 1
1 26.17 0.25 2 3 5 0 1 0 0 1 2 0 1 1
1 23.42 0.58 2 8 8 0.085 1 0 0 0 2 180 1 0
1 23.92 0.58 1 13 8 0.125 0 0 0 0 2 240 2 0
1 39.25 9.5 2 7 4 6.5 1 1 14 0 2 240 4608 1
0 28.17 0.58 2 6 4 0.04 0 0 0 0 2 260 1005 0
1 51.58 15 2 8 4 8.5 1 1 9 0 2 0 1 1
1 35.17 2.5 2 4 4 4.5 1 1 7 0 2 150 1271 1
1 19.42 1.5 1 13 4 2 1 0 0 1 2 100 21 0
0 19.5 0.16 2 11 4 0.04 0 0 0 1 2 380 1 0
0 28.58 3.54 2 3 5 0.5 1 0 0 1 2 171 1 0
1 21.33 10.5 2 8 4 3 1 0 0 1 2 0 1 1
0 18.82 9.53 2 6 4 0.085 1 0 0 0 2 100 1 1
1 39.17 1.62 2 8 4 1.5 1 1 10 0 2 186 4701 1
0 49 1.5 2 5 3 0 1 0 0 1 2 100 28 0
0 20.32 10 2 8 8 1 1 1 4 0 2 50 1466 1
1 32.33 2.5 2 8 4 1.25 0 0 0 1 2 280 1 0
1 44 2 2 7 4 1.75 1 1 2 1 2 0 16 1
1 22.08 2.33 2 4 4 0.75 0 0 0 0 2 180 1 0
0 38.58 5 2 13 4 13.5 1 0 0 1 2 980 1 0
1 34.17 1.54 2 13 4 1.54 1 1 1 1 2 520 50001 1
1 64.08 20 2 14 8 17.5 1 1 9 1 2 0 1001 1
1 20.67 0.83 1 8 4 2 0 0 0 1 1 240 1 0
1 20.07 0.25 2 11 4 0.125 0 0 0 0 2 200 1 0
0 22.5 0.41 2 3 4 0.335 0 0 0 1 1 144 1 0
1 30.75 1.58 2 2 4 0.585 0 0 0 1 1 0 1 0
1 30.75 1.58 2 2 4 0.585 0 0 0 1 1 0 1 0
1 23.08 2.5 2 1 1 0.085 0 0 0 1 2 100 4209 0
0 22.42 5.66 2 11 4 2.585 1 1 7 0 2 129 3258 1
0 25 11 1 6 4 4.5 1 0 0 0 2 120 1 0
0 64.08 0.16 2 1 1 0 1 1 1 0 2 232 101 1
1 36.08 2.54 2 1 1 0 0 0 0 0 2 0 1001 0
0 52.5 7 2 6 8 3 0 0 0 0 2 0 1 0
0 24.75 3 2 11 8 1.835 1 1 19 0 2 0 501 1
1 43.17 5 2 3 5 2.25 0 0 0 1 2 141 1 0
1 35.17 4.5 2 14 8 5.75 0 0 0 1 1 711 1 1
1 22.67 0.16 2 8 3 2.25 0 0 0 1 1 0 1 1
1 21.33 7.5 2 6 4 1.415 1 1 1 0 2 80 9801 1
1 19.32 10.91 2 8 5 0.585 0 1 2 1 2 200 8 0
1 31.67 16.16 2 2 4 3 1 1 9 0 2 250 731 1
0 24.5 1.04 1 1 1 0.5 1 1 3 0 2 180 148 0
0 35.17 3.75 2 1 1 0 0 1 6 0 2 0 201 0
0 32 6 2 2 4 1.25 0 0 0 0 2 272 1 0
1 25.5 0.37 2 7 4 0.25 1 1 3 0 2 260 15109 1
1 20.42 7 2 8 4 1.625 1 1 3 0 2 200 1392 1
1 27.25 1.58 2 13 8 1.835 1 1 12 1 2 583 714 1
0 17.92 0.54 2 8 4 1.75 0 1 1 1 2 80 6 0
1 23.17 0 2 8 4 0 0 0 0 0 3 184 1 1
1 29.92 1.83 2 8 8 4.335 1 0 0 0 2 260 201 1
1 43.17 2.25 2 3 5 0.75 1 0 0 0 2 560 1 0
0 40.83 3.5 2 3 5 0.5 0 0 0 0 1 1160 1 0
1 57.83 7.04 2 7 4 14 1 1 6 1 2 360 1333 1
0 23.25 5.87 2 11 4 3.17 1 1 10 0 2 120 246 1
1 32.75 1.5 2 13 8 5.5 1 1 3 1 2 0 1 1
0 69.5 6 2 1 1 0 0 0 0 0 1 0 1 0
1 57.42 8.5 2 10 8 7 1 1 3 0 2 0 1 1
0 71.58 0 2 8 4 0 0 0 0 0 3 184 1 1
1 20 7 2 8 4 0.5 0 0 0 0 2 0 1 0
1 42.83 4.62 2 11 4 4.58 1 0 0 0 1 0 1 1
1 30.17 6.5 2 13 4 3.125 1 1 8 0 2 330 1201 1
1 20.67 5.29 2 11 4 0.375 1 1 1 0 2 160 1 0
1 26.17 0.83 2 13 4 1.165 0 0 0 0 2 100 1 0
0 17.92 10.21 2 1 1 0 0 0 0 0 2 0 51 0
1 21.5 9.75 2 8 4 0.25 1 0 0 0 2 140 1 0
0 37.75 5.5 2 11 4 0.125 1 0 0 1 2 228 1 1
0 24.75 13.66 2 11 8 1.5 0 0 0 0 2 280 2 0
0 41.58 1.04 2 6 4 0.665 0 0 0 0 2 240 238 0
1 19.42 1.5 1 13 4 2 1 0 0 1 2 100 21 0
0 40.33 7.54 1 11 8 8 1 1 14 0 2 0 2301 1
1 40.58 1.5 2 3 5 0 0 0 0 0 1 300 1 0
1 31.57 0.37 2 2 4 0.875 1 0 0 1 1 928 1 0
1 47.67 2.5 2 7 5 2.5 1 1 12 1 2 410 2511 1
0 27.58 3 2 7 4 2.79 0 1 1 1 2 280 11 0
1 40.92 0.5 1 7 4 0.5 0 0 0 1 2 130 1 0
0 24.08 0.5 2 11 8 1.25 1 1 1 0 2 0 679 1
0 25.58 0 2 8 4 0 0 0 0 0 3 184 1 1
1 25.83 12.83 2 13 4 0.5 0 0 0 0 2 0 3 0
1 32.75 2.33 2 2 8 5.75 0 0 0 1 2 292 1 0
0 19.5 0.16 2 11 4 0.04 0 0 0 1 2 380 1 0
1 34.08 6.5 2 6 4 0.125 1 0 0 1 2 443 1 0
0 47 13 2 3 5 5.165 1 1 9 1 2 0 1 1
0 33.25 3 1 6 4 2 0 0 0 0 2 180 1 0
1 36.67 2 2 3 4 0.25 0 0 0 1 2 221 1 0
0 24.83 4.5 2 9 4 1 0 0 0 1 2 360 7 0
0 31.75 3 1 5 3 0 0 0 0 0 2 160 21 0
1 37.42 2.04 2 9 4 0.04 1 0 0 1 2 400 5801 1
1 33.5 1.75 2 14 8 4.5 1 1 4 1 2 253 858 1
0 33.25 3 1 6 4 2 0 0 0 0 2 180 1 0
1 37.33 6.5 2 7 8 4.25 1 1 12 1 2 93 1 1
1 48.33 12 2 7 4 16 1 0 0 0 1 110 1 1
1 34.17 2.75 2 3 5 2.5 0 0 0 1 2 232 201 0
1 16.25 0.83 2 7 4 0.085 1 0 0 0 1 200 1 0
1 44.25 11 1 2 4 1.5 1 0 0 0 1 0 1 0
1 28.75 1.5 1 8 4 1.5 1 0 0 1 2 0 226 0
0 25.25 13.5 1 1 1 2 0 1 1 1 2 200 2 0
1 34.42 4.25 2 3 5 3.25 1 1 2 0 2 274 611 1
0 37.75 5.5 2 11 4 0.125 1 0 0 1 2 228 1 1
0 25 12.33 2 13 8 3.5 1 1 6 0 2 400 459 1
0 25.42 1.12 2 11 4 1.29 1 1 2 0 2 200 1 0
0 17.32 9.5 2 6 4 1.75 0 1 10 1 2 0 11 0
1 33.17 3.04 1 8 8 2.04 1 1 1 1 2 180 18028 1
1 48.58 6.5 2 11 8 6 1 0 0 1 2 350 1 1
0 33.75 0.75 2 4 5 1 1 1 3 1 2 212 1 0
1 21.17 0.25 1 8 8 0.25 0 0 0 0 2 280 205 0
1 28.67 9.33 2 11 8 5.665 1 1 6 0 2 381 169 1
0 33.25 2.5 1 8 4 2.5 0 0 0 1 2 0 3 0
1 36.33 2.12 1 9 4 0.085 1 1 1 0 2 50 1188 1
1 45 8.5 2 13 8 14 1 1 1 1 2 88 2001 1
0 26.5 2.71 1 8 4 0.085 0 0 0 0 1 80 1 0
1 54.33 6.75 2 8 8 2.625 1 1 11 1 2 0 285 1
1 34.67 1.08 2 7 4 1.165 0 0 0 0 1 28 1 0
0 36 1 2 8 4 2 1 1 11 0 2 0 457 1
0 17.32 9.5 2 6 4 1.75 0 1 10 1 2 0 11 0
0 25.08 2.54 1 6 4 0.25 1 0 0 1 2 370 1 1
1 44.83 7 1 8 4 1.625 0 0 0 0 2 160 3 0
0 20.67 1.83 2 11 4 2.085 1 1 5 0 2 220 2504 1
1 31.57 0.62 2 4 4 0.25 0 0 0 0 2 380 2011 0
1 22.67 0.16 2 8 3 2.25 0 0 0 1 1 0 1 1
1 31.57 0.37 2 2 4 0.875 1 0 0 1 1 928 1 0
1 47.67 0.28 2 8 5 15 1 1 20 0 2 0 15001 1

