1 56 12.5 2 4 8 8 1 0 0 1 2 24 2029 1
1 25 12 2 4 4 2.25 1 1 2 1 2 120 6 0
1 36.33 3.79 2 9 4 1.165 1 0 0 1 2 200 1 0
0 29.58 1.75 1 4 4 1.25 0 0 0 1 2 280 1 0
1 21.58 0.79 1 13 4 0.665 0 0 0 0 2 160 1 0
0 60.58 16.5 2 11 4 11 1 0 0 1 2 21 10562 1
1 34.75 2.5 2 13 5 0.5 0 0 0 0 2 348 1 0
1 16.17 0.04 2 8 4 0.04 0 0 0 0 2 0 1 1
1 24.83 2.75 2 8 4 2.25 1 1 6 0 2 184 601 1
0 23.5 9 2 11 4 8.5 1 1 5 1 2 120 1 1
1 19 0 1 1 1 0 0 1 4 0 2 45 2 0
1 25.08 1.71 2 14 4 1.665 1 1 1 1 2 395 21 1
0 52.5 7 2 6 8 3 0 0 0 0 2 0 1 0
0 23.42 0.79 1 11 4 1.5 1 1 2 1 2 80 401 1
1 31.57 5 1 6 4 8.5 1 0 0 0 2 0 1 0
1 19.42 7.25 2 7 4 0.04 0 1 1 0 2 100 2 0
1 31.67 0.83 2 14 4 1.335 1 1 8 1 2 303 3291 1
1 28.67 14.5 2 2 4 0.125 0 0 0 0 2 0 287 0
1 42.75 3 2 3 5 1 1 0 0 0 2 0 201 0
0 42.25 1.75 1 8 4 0 0 0 0 1 2 150 2 0
1 57.83 7.04 2 7 4 14 1 1 6 1 2 360 1333 1
1 44.33 0.5 2 3 8 5 1 0 0 1 2 320 1 1
1 37.17 4 2 8 5 5 1 0 0 1 1 280 1 0
0 22.67 3.8 2 8 4 0.165 0 0 0 0 2 160 1 0
1 21.25 1.5 2 9 4 1.5 0 0 0 0 2 150 9 1
1 20 11.04 2 8 4 2 0 0 0 1 2 136 1 0
1 21.08 10.08 1 10 8 1.25 0 0 0 0 2 260 1 0
1 20 11.04 2 8 4 2 0 0 0 1 2 136 1 0
1 34 5.08 1 3 5 1.085 0 0 0 1 2 480 1 0
1 42.75 4.08 2 6 4 0.04 0 0 0 0 2 108 101 0
1 16.25 0 1 6 4 0.25 0 0 0 0 2 60 1 0
0 19.17 5.41 2 3 8 0.29 0 0 0 0 2 80 485 0
1 36.17 18.12 2 9 4 0.085 0 0 0 0 2 320 3553 0
0 27.67 2.04 2 9 4 0.25 0 0 0 1 2 180 51 0
1 25.17 3 2 8 4 1.25 0 1 1 0 2 0 23 0
1 44 2 2 7 4 1.75 1 1 2 1 2 0 16 1
1 30.83 0 2 9 4 1.25 1 1 1 0 2 202 1 1
1 16.32 2.75 2 6 4 0.665 0 1 1 0 2 80 22 0
0 50.08 12.54 2 6 4 2.29 1 1 3 1 2 156 1 1
1 31 2.08 2 8 4 0.085 0 0 0 0 2 300 1 0
1 16.25 0.83 2 7 4 0.085 1 0 0 0 1 200 1 0
1 47.33 6.5 2 8 4 1 0 0 0 1 2 0 229 0
0 23.42 0.79 1 11 4 1.5 1 1 2 1 2 80 401 1
1 42.83 1.25 2 7 4 13.875 0 1 1 1 2 352 113 0
1 31.57 4 2 14 4 5 1 1 3 1 2 290 2280 1
0 25.25 13.5 1 1 1 2 0 1 1 1 2 200 2 0
1 24.33 6.62 1 2 4 5.5 1 0 0 1 1 100 1 1
1 24.42 12.33 2 11 8 1.585 1 0 0 1 2 120 1 1
0 45 4.58 2 4 8 1 0 0 0 1 1 240 1 0
0 28.42 3.5 2 9 4 0.835 1 0 0 0 1 280 1 1
0 22.42 11.25 1 14 8 0.75 1 1 4 0 2 0 322 1
0 30.58 10.66 2 11 8 0.085 0 1 12 1 2 129 4 0
1 16.92 0.33 1 4 4 0.29 0 0 0 0 1 200 1 0
1 48.58 6.5 2 11 8 6 1 0 0 1 2 350 1 1
1 16.07 0.75 2 8 4 1.75 1 1 5 1 2 352 691 1
1 37.17 4 2 8 5 5 1 0 0 1 1 280 1 0
1 49.58 19 2 1 1 0 1 1 1 0 2 94 1 0
0 42.25 1.75 1 8 4 0 0 0 0 1 2 150 2 0
0 68.67 15 2 10 9 0 1 1 14 0 2 0 3377 1
1 23.42 0.58 2 8 8 0.085 1 0 0 0 2 180 1 0
1 40.25 21.5 2 10 9 20 1 1 11 0 2 0 1201 1
0 49.83 13.58 2 4 8 8.5 1 0 0 1 2 0 1 1
1 26.33 13 2 10 2 0 0 0 0 1 2 140 1111 0
1 31.57 4 1 3 4 0.085 0 0 0 1 2 411 1 0
0 24.08 0.5 2 11 8 1.25 1 1 1 0 2 0 679 1
0 49 1.5 2 5 3 0 1 0 0 1 2 100 28 0
0 27.17 1.25 2 1 1 0 0 1 1 0 2 92 301 0
1 40.25 21.5 2 10 9 20 1 1 11 0 2 0 1201 1
1 33.75 2.75 2 3 5 0 0 0 0 0 2 180 1 0
0 20.5 11.83 2 8 8 6 1 0 0 0 2 340 1 1
0 25.75 0.5 2 8 8 0.875 1 0 0 1 2 491 1 1
0 19.75 0.75 2 8 4 0.795 1 1 5 1 2 140 6 0
0 30.42 1.37 2 9 8 0.04 0 1 3 0 2 0 34 0
1 26.17 0.83 2 13 4 1.165 0 0 0 0 2 100 1 0
1 42.75 4.08 2 6 4 0.04 0 0 0 0 2 108 101 0
1 31.57 0.37 2 2 4 0.875 1 0 0 1 1 928 1 0
1 13.75 4 1 9 4 1.75 1 1 2 1 2 120 1001 1
1 22.17 2.25 2 3 4 0.125 0 0 0 0 2 160 11 0
0 56.83 4.25 1 1 1 5 0 0 0 1 2 0 5 0
0 38.75 1.5 2 1 1 0 0 0 0 0 2 76 1 0
1 56 12.5 2 4 8 8 1 0 0 1 2 24 2029 1
0 22.42 5.66 2 11 4 2.585 1 1 7 0 2 129 3258 1
0 22.5 8.5 2 11 4 1.75 1 1 10 0 2 80 991 0
1 27.75 1.29 2 4 8 0.25 0 0 0 1 1 140 1 0
1 48.08 6.04 2 4 4 0.04 0 0 0 0 2 0 2691 1
0 20.83 0.5 1 10 2 1 0 0 0 0 2 260 1 0
1 39.17 2.5 1 3 8 10 0 0 0 1 1 200 1 0
0 19.17 5.41 2 3 8 0.29 0 0 0 0 2 80 485 0
0 20.07 1.25 2 8 4 0 0 0 0 0 2 0 1 0
0 28.17 0.37 2 11 4 0.585 1 1 4 0 2 80 1 1
1 29.5 0.57 2 9 4 0.29 0 1 1 0 2 340 2804 0
1 34.17 2.75 2 3 5 2.5 0 0 0 1 2 232 201 0
1 29.67 0.75 1 8 4 0.04 0 0 0 0 2 240 1 0
1 31.67 16.16 2 2 4 3 1 1 9 0 2 250 731 1
0 28.17 0.37 2 11 4 0.585 1 1 4 0 2 80 1 1
1 20.5 10 1 8 4 2.5 1 0 0 0 1 40 1 1
0 23.75 0.71 2 9 4 0.25 0 1 1 1 2 240 5 0
0 25.25 13.5 1 1 1 2 0 1 1 1 2 200 2 0
1 31.57 5 1 6 4 8.5 1 0 0 0 2 0 1 0
1 34.08 0.08 1 7 5 0.04 1 1 1 1 2 280 2001 1
1 22 7.83 1 3 5 0.165 0 0 0 1 2 184 1 0
1 37.5 1.75 1 8 5 0.25 1 0 0 1 2 164 401 0
1 25.67 0.28 1 8 4 1.5 0 0 0 1 2 160 1 0
1 24.58 12.5 2 9 4 0.875 1 0 0 1 2 260 1 0
1 39.92 0.54 1 6 4 0.5 1 1 3 0 2 200 1001 1
1 16.92 0.33 1 4 4 0.29 0 0 0 0 1 200 1 0
1 30.17 1.08 1 8 4 0.04 0 0 0 0 2 170 180 0
1 34.67 1.08 2 7 4 1.165 0 0 0 0 1 28 1 0
1 30.83 0 2 9 4 1.25 1 1 1 0 2 202 1 1
0 23.58 0.83 2 11 4 0.415 0 1 1 1 2 200 12 0
1 51.58 15 2 8 4 8.5 1 1 9 0 2 0 1 1
1 31.57 4 1 3 4 0.085 0 0 0 1 2 411 1 0
1 19.67 0.37 2 11 4 2 1 1 2 1 2 80 1 1
1 38.92 1.75 2 4 4 0.5 0 0 0 1 2 300 3 0
0 58.42 21 2 3 5 10 1 1 13 0 2 0 6701 1
0 68.67 15 2 10 9 0 1 1 14 0 2 0 3377 1
1 23 0.75 2 7 4 0.5 0 0 0 1 1 320 1 0
1.234 22.08 11.46 2 4 4 1.585 0 0 0 1 2 100 1213 0
1 20.17 5.62 2 9 4 1.71 1 0 0 0 1 120 1 1
1 34.83 4 2 2 5 12.5 1 0 0 1 2 184 1 0
0 44.33 0 2 8 4 2.5 1 0 0 0 2 0 1 1
1 33.5 1.75 2 14 8 4.5 1 1 4 1 2 253 858 1
0 33.92 1.58 1 1 1 0 1 0 0 0 2 320 1 0
1 16.07 0.75 2 8 4 1.75 1 1 5 1 2 352 691 1
1 28.58 3.62 2 6 4 0.25 0 0 0 1 2 100 1 0
1 43.17 5 2 3 5 2.25 0 0 0 1 2 141 1 0
1 31.83 0.04 1 7 4 0.04 0 0 0 0 2 0 1 0
0 50.08 12.54 2 6 4 2.29 1 1 3 1 2 156 1 1
1 20.5 2.41 2 8 4 2 1 1 11 1 2 200 3001 1
1 27.58 2.04 1 6 4 2 1 1 3 1 2 370 561 1
0 33.17 2.25 1 13 4 3.5 0 0 0 1 2 200 142 0
1 31.57 4 2 14 4 5 1 1 3 1 2 290 2280 1
0 42.25 1.75 1 8 4 0 0 0 0 1 2 150 2 0
1 18.82 3.54 1 1 1 0 0 0 0 1 2 180 2 0
1 31.57 3 1 3 5 7 0 0 0 0 2 0 2 0
0 21.5 6 2 6 4 2.5 1 1 3 0 2 80 919 1
1 23.75 12 2 8 4 2.085 0 0 0 0 1 80 1 0
0 26.92 13.5 2 11 8 5 1 1 2 0 2 0 5001 1
1 31.57 0.37 2 2 4 0.875 1 0 0 1 1 928 1 0
1 39.17 1.62 2 8 4 1.5 1 1 10 0 2 186 4701 1
1 39 5 2 13 4 3.5 1 1 10 1 2 0 1 1
1 34.92 2.5 2 9 4 0 1 0 0 1 2 239 201 1
0 58.33 10 2 11 4 4 1 1 14 0 2 0 1603 1
1 51.33 10 2 3 5 0 1 1 11 0 2 0 1250 1
1 23.42 1 2 8 4 0.5 0 0 0 1 1 280 1 0
1 48.58 6.5 2 11 8 6 1 0 0 1 2 350 1 1
0 30.25 5.5 2 4 4 5.5 0 0 0 1 1 100 1 0
1 27.75 0.58 1 13 4 0.25 1 1 2 0 2 260 501 1
1 23.92 0.66 2 8 4 0.165 0 0 0 0 2 100 1 1
1 20 7 2 8 4 0.5 0 0 0 0 2 0 1 0
0 36.58 0.28 2 1 1 0 0 1 10 0 2 200 19 0
1 20.42 0 2 8 4 0 0 0 0 0 3 184 1 0
1 54.83 15.5 2 10 9 0 1 1 20 0 2 152 131 0
0 52.5 7 2 6 8 3 0 0 0 0 2 0 1 0
0 23.58 11.5 1 4 8 3 0 0 0 1 2 20 17 0
0 44.33 0 2 8 4 2.5 1 0 0 0 2 0 1 1
1 22.17 0.58 1 1 1 0 0 0 0 0 2 100 1 0
1 28.67 14.5 2 2 4 0.125 0 0 0 0 2 0 287 0
0 56.83 4.25 1 1 1 5 0 0 0 1 2 0 5 0
1 19.67 10 1 4 8 0.835 1 0 0 1 2 140 1 0
0 22.67 0.33 2 11 4 0.75 0 0 0 0 1 160 1 0
0 28.58 3.54 2 3 5 0.5 1 0 0 1 2 171 1 0
1 22.67 0.16 2 8 3 2.25 0 0 0 1 1 0 1 1
1 74.83 19 1 1 1 0.04 0 1 2 0 2 0 352 0
1 32.25 0.16 1 8 8 3.25 1 1 1 1 2 432 8001 1
0 35.42 12 2 11 8 14 1 1 8 0 2 0 6591 1
1 23.92 0.66 2 8 4 0.165 0 0 0 0 2 100 1 1
1 42 9.78 2 14 8 7.96 1 1 8 0 2 0 1 1
1 30.17 6.5 2 13 4 3.125 1 1 8 0 2 330 1201 1
1 44.25 0.5 2 7 4 10.75 1 0 0 0 1 400 1 0
1 25 12 2 4 4 2.25 1 1 2 1 2 120 6 0
1 28.33 5 2 9 4 11 1 0 0 1 2 70 1 1
1 18.82 0.41 1 8 4 0.165 0 1 1 0 2 200 2 0
1 28.58 3.62 2 6 4 0.25 0 0 0 1 2 100 1 0
1 37.5 1.12 1 2 4 1.5 0 0 0 1 2 431 1 1
0 35.75 0.91 2 6 4 0.75 1 1 4 0 2 0 1584 1
1 27 0.75 2 8 8 4.25 1 1 3 1 2 312 151 1
0 34.83 1.25 1 3 8 0.5 0 0 0 1 2 160 1 0
0 41 2.04 1 11 8 0.125 1 1 23 1 2 455 1237 1
0 22.5 8.5 2 11 4 1.75 1 1 10 0 2 80 991 0
1 22.67 0.75 2 3 4 1.585 0 1 1 1 2 400 10 0
1 22.67 0.75 2 3 4 1.585 0 1 1 1 2 400 10 0
1 24.08 9 2 6 4 0.25 0 0 0 1 2 0 1 0
0 29.5 1.08 1 14 4 1 0 0 0 0 2 280 14 0
0 51.92 6.5 2 3 5 3.085 0 0 0 1 2 73 1 0
1 31.67 0.83 2 14 4 1.335 1 1 8 1 2 303 3291 1
1 34.75 15 2 12 7 5.375 1 1 9 1 2 0 135 1
1 23.25 1 2 8 4 0.835 1 0 0 0 1 300 1 1
0 23.58 0.83 2 11 4 0.415 0 1 1 1 2 200 12 0
1 64.08 20 2 14 8 17.5 1 1 9 1 2 0 1001 1
1 26.67 1.75 1 8 4 1 1 1 5 1 2 160 5778 1
1 31.42 15.5 2 8 4 0.5 1 0 0 0 2 120 1 0
0 19.17 0.58 1 6 4 0.585 1 0 0 1 2 160 1 0
0 20.32 10 2 8 8 1 1 1 4 0 2 50 1466 1
1 18.5 2 2 3 4 1.5 1 1 2 0 2 120 301 1
1 30.75 1.58 2 2 4 0.585 0 0 0 1 1 0 1 0
0 20.67 1.83 2 11 4 2.085 1 1 5 0 2 220 2504 1
1 32.25 0.16 1 8 8 3.25 1 1 1 1 2 432 8001 1
0 40.83 3.5 2 3 5 0.5 0 0 0 0 1 1160 1 0
1 38.25 10.12 1 4 4 0.125 0 0 0 0 2 160 1 0
1 24.42 12.33 2 11 8 1.585 1 0 0 1 2 120 1 1
1 37.33 2.66 2 13 4 0.165 0 0 0 1 2 0 502 0
1 59.67 1.54 2 11 4 0.125 1 0 0 1 2 260 1 1
1 16.32 4.08 2 3 8 0.415 0 0 0 1 2 120 1 0
1 49.58 19 2 1 1 0 1 1 1 0 2 94 1 0
1 35.17 2.5 2 4 4 4.5 1 1 7 0 2 150 1271 1
1 22 0.79 2 9 4 0.29 0 1 1 0 2 420 284 0
0 22.67 0.33 2 11 4 0.75 0 0 0 0 1 160 1 0
1 18.07 5.5 2 4 4 0.5 1 0 0 0 2 80 1 1
1 31.57 0.5 2 8 5 0.835 1 0 0 1 1 320 1 0
1 18.67 5 2 11 4 0.375 1 1 2 0 2 0 39 0
1 55.92 11.5 2 1 1 5 1 1 5 0 2 0 8852 1
1 23.5 3.16 1 4 4 0.415 0 1 1 1 2 280 81 0
0 52.5 7 2 6 8 3 0 0 0 0 2 0 1 0
1 18.5 2 2 3 4 1.5 1 1 2 0 2 120 301 1
1 40.92 0.83 2 1 1 0 1 0 0 0 2 130 2 0
1 35.25 16.5 1 8 4 4 1 0 0 0 2 80 1 0
0 58.42 21 2 3 5 10 1 1 13 0 2 0 6701 1
0 22.5 0.41 2 3 4 0.335 0 0 0 1 1 144 1 0
1 32.33 2.5 2 8 4 1.25 0 0 0 1 2 280 1 0

