1 37.75 7 2 11 8 11.5 1 1 7 1 2 300 6 0
1 18.32 1.21 1 10 2 0 0 0 0 0 2 100 1 0
0 50.25 0.83 2 6 4 0.5 0 0 0 1 2 240 118 0
1 27.83 1 1 2 8 3 0 0 0 0 2 176 538 0
1 23.42 1 2 8 4 0.5 0 0 0 1 1 280 1 0
1 51.83 3 1 1 1 1.5 0 0 0 0 2 180 5 0
1 22.67 1.58 1 9 4 3.085 1 1 6 0 2 80 1 1
1 54.33 6.75 2 8 8 2.625 1 1 11 1 2 0 285 1
1 39.42 1.71 1 7 4 0.165 0 0 0 0 1 400 1 0
1 17.67 4.46 2 8 4 0.25 0 0 0 0 1 80 1 0
1 37.33 2.66 2 13 4 0.165 0 0 0 1 2 0 502 0
1 39.25 9.5 2 7 4 6.5 1 1 14 0 2 240 4608 1
1 18.07 6.75 1 7 4 0.04 0 0 0 0 2 140 1 0
1 31.25 1.12 2 1 1 0 0 1 1 0 2 96 20 0
1 32.83 2.5 2 13 8 2.75 1 1 6 0 2 160 2073 1
1 39.42 1.71 1 7 4 0.165 0 0 0 0 1 400 1 0
1 43 0.28 1 13 8 1.75 1 1 8 0 2 100 376 1
0 19.17 8.58 2 13 8 0.75 1 1 7 0 2 96 1 1
0 17.32 9.5 2 6 4 1.75 0 1 10 1 2 0 11 0
0 33.75 0.75 2 4 5 1 1 1 3 1 2 212 1 0
1 26.67 1.75 1 8 4 1 1 1 5 1 2 160 5778 1
0 42.25 1.75 1 8 4 0 0 0 0 1 2 150 2 0
0 33.17 2.25 1 13 4 3.5 0 0 0 1 2 200 142 0
0 17.82 11 2 14 8 1 1 1 11 0 2 0 3001 1
1 18.82 3.54 1 1 1 0 0 0 0 1 2 180 2 0
1 23.25 4 2 8 5 0.25 1 0 0 1 2 160 1 1
1 21 3 1 2 4 1.085 1 1 8 1 2 160 2 1
1 34.17 2.75 2 3 5 2.5 0 0 0 1 2 232 201 0
1 19.17 4 1 3 4 1 0 0 0 1 2 360 1001 0
0 24.33 2.5 1 3 5 4.5 0 0 0 0 2 200 457 0
1 27.67 0.75 2 11 8 0.165 0 0 0 1 2 220 252 0
0 24.33 2.5 1 3 5 4.5 0 0 0 0 2 200 457 0
1 32.33 3.5 2 4 4 0.5 0 0 0 1 2 232 1 0
1 19.17 0 1 7 5 0 0 0 0 1 1 500 2 1
1 35.25 3.16 2 14 8 3.75 1 0 0 1 2 680 1 0
0 37.33 2.5 2 3 8 0.21 0 0 0 0 2 260 247 0
1 18.5 2 2 3 4 1.5 1 1 2 0 2 120 301 1
0 23 1.83 2 5 3 0 0 1 1 0 2 200 54 0
1 54.42 0.5 1 4 8 3.96 1 0 0 0 2 180 315 1
1 73.42 17.75 2 1 1 0 1 0 0 1 2 0 1 1
0 46 4 2 5 3 0 1 0 0 0 2 100 961 1
1 44.83 7 1 8 4 1.625 0 0 0 0 2 160 3 0
1 25.58 0.33 2 4 8 3.5 0 0 0 1 2 340 1 0
1 56.75 12.25 2 7 4 1.25 1 1 4 1 2 200 1 1
1 16.32 4.08 2 3 8 0.415 0 0 0 1 2 120 1 0
0 60.58 16.5 2 11 4 11 1 0 0 1 2 21 10562 1
0 28.42 3.5 2 9 4 0.835 1 0 0 0 1 280 1 1
1 26.33 13 2 10 2 0 0 0 0 1 2 140 1111 0
1 31.57 3 1 3 5 7 0 0 0 0 2 0 2 0
1 42.83 4.62 2 11 4 4.58 1 0 0 0 1 0 1 1
1 57.42 8.5 2 10 8 7 1 1 3 0 2 0 1 1
1 25.67 3.25 2 8 8 2.29 0 1 1 1 2 416 22 0
0 21.5 6 2 6 4 2.5 1 1 3 0 2 80 919 1
1 23.75 12 2 8 4 2.085 0 0 0 0 1 80 1 0
1 36.33 2.12 1 9 4 0.085 1 1 1 0 2 50 1188 1
1 53.92 9.62 2 10 4 8.665 1 1 5 0 2 0 1 1
1 26.75 1.12 2 14 8 1.25 1 0 0 0 2 0 5299 1
1 32.33 7.5 2 10 5 1.585 1 0 0 1 1 420 1 0
1 25.42 0.54 2 9 4 0.165 0 1 1 0 2 272 445 0
0 69.5 6 2 1 1 0 0 0 0 0 1 0 1 0
1 39.42 1.71 1 7 4 0.165 0 0 0 0 1 400 1 0
0 26.92 13.5 2 11 8 5 1 1 2 0 2 0 5001 1
0 18.82 9.5 2 9 4 1.625 1 1 6 1 2 40 601 1
1 19.42 1.5 1 13 4 2 1 0 0 1 2 100 21 0
1 18.82 3.54 1 1 1 0 0 0 0 1 2 180 2 0
1 25 12.5 2 6 4 3 1 0 0 1 1 20 1 1
1.234 22.08 11.46 2 4 4 1.585 0 0 0 1 2 100 1213 0
1 32.25 14 1 1 1 0 0 1 2 0 2 160 2 0
0 51.92 6.5 2 3 5 3.085 0 0 0 1 2 73 1 0
1 23.58 1.79 2 8 4 0.54 0 0 0 1 2 136 2 0
1 40.58 3.29 2 7 4 3.5 0 0 0 1 1 400 1 0
1 32.92 2.5 2 6 4 1.75 0 1 2 1 2 720 1 0
0 49.83 13.58 2 4 8 8.5 1 0 0 1 2 0 1 1
0 28.58 3.54 2 3 5 0.5 1 0 0 1 2 171 1 0
1 24.83 2.75 2 8 4 2.25 1 1 6 0 2 184 601 1
1 26.75 1.12 2 14 8 1.25 1 0 0 0 2 0 5299 1
1 52.42 1.5 2 2 4 3.75 0 0 0 1 2 0 351 0
1 42.17 5.04 2 11 8 12.75 1 0 0 1 2 92 1 1
1 32.67 5.5 2 11 8 5.5 1 1 12 1 2 408 1001 1
1 54.83 15.5 2 10 9 0 1 1 20 0 2 152 131 0
0 49.83 13.58 2 4 8 8.5 1 0 0 1 2 0 1 1
1 21.33 7.5 2 6 4 1.415 1 1 1 0 2 80 9801 1
0 25 11 1 6 4 4.5 1 0 0 0 2 120 1 0
0 36.75 5.12 2 10 4 5 1 0 0 1 2 0 4001 1
0 45.33 1 2 11 4 0.125 0 0 0 1 2 263 1 0
1 30.17 0.5 2 8 4 1.75 1 1 11 0 2 32 541 1
0 52.83 15 2 8 4 5.5 1 1 14 0 2 0 2201 1
1 18.82 0.41 1 8 4 0.165 0 1 1 0 2 200 2 0
1 21.83 0.25 2 2 8 0.665 1 0 0 1 2 0 1 1
1 51.83 3 1 1 1 1.5 0 0 0 0 2 180 5 0
1 28.75 1.5 1 8 4 1.5 1 0 0 1 2 0 226 0
0 41.58 1.04 2 6 4 0.665 0 0 0 0 2 240 238 0
1 34.83 2.5 1 9 4 3 0 0 0 0 1 200 1 0
0 25.25 13.5 1 1 1 2 0 1 1 1 2 200 2 0
1 27 0.75 2 8 8 4.25 1 1 3 1 2 312 151 1
0 38.58 5 2 13 4 13.5 1 0 0 1 2 980 1 0
1 26.83 0.54 2 4 1 0 0 0 0 0 2 100 1 0
0 47 13 2 3 5 5.165 1 1 9 1 2 0 1 1
1 33.58 0.33 1 13 4 0.085 0 0 0 0 2 180 1 0
1 38.92 1.75 2 4 4 0.5 0 0 0 1 2 300 3 0
1 42.75 4.08 2 6 4 0.04 0 0 0 0 2 108 101 0
1 21.92 0.5 2 8 4 0.125 0 0 0 0 2 360 1 0
0 20.75 10.25 2 11 4 0.71 1 1 2 1 2 49 1 1
1 21 4.79 1 9 4 2.25 1 1 1 1 2 80 301 1
0 33.25 2.5 1 8 4 2.5 0 0 0 1 2 0 3 0
0 20.42 10.5 1 14 8 0 0 0 0 1 2 154 33 0
1 43.08 0.37 1 8 4 0.375 1 1 8 1 2 300 163 1
0 18.57 10 2 2 4 0.415 0 0 0 0 2 80 43 0
1 23 0.62 1 6 4 0.125 1 0 0 0 2 180 2 0
0 22.5 0.41 2 3 4 0.335 0 0 0 1 1 144 1 0
1 36.17 5.5 2 3 5 5 0 0 0 0 2 210 688 0
1 16.32 2.75 2 6 4 0.665 0 1 1 0 2 80 22 0
1 31.57 0.62 2 4 4 0.25 0 0 0 0 2 380 2011 0
1 34.5 4.04 1 3 5 8.5 1 1 7 1 2 195 1 1
1 42.83 1.25 2 7 4 13.875 0 1 1 1 2 352 113 0
1 28.25 5.04 1 8 5 1.5 1 1 8 1 2 144 8 1
1 34.92 5 2 14 8 7.5 1 1 6 1 2 0 1001 1
1 31.57 5 1 6 4 8.5 1 0 0 0 2 0 1 0
1 22.17 2.25 2 3 4 0.125 0 0 0 0 2 160 11 0
1 27.58 2.04 1 6 4 2 1 1 3 1 2 370 561 1
1 16.25 0 1 6 4 0.25 0 0 0 0 2 60 1 0
0 16 0.16 2 6 4 1 0 1 2 1 2 320 2 0
1 32.25 14 1 1 1 0 0 1 2 0 2 160 2 0
0 20.67 1.83 2 11 4 2.085 1 1 5 0 2 220 2504 1
1 34.83 4 2 2 5 12.5 1 0 0 1 2 184 1 0
1 20.67 0.83 1 8 4 2 0 0 0 1 1 240 1 0
1 39.25 9.5 2 7 4 6.5 1 1 14 0 2 240 4608 1
1 20.42 0 2 8 4 0 0 0 0 0 3 184 1 0
0 45.33 1 2 11 4 0.125 0 0 0 1 2 263 1 0
0 22.42 5.66 2 11 4 2.585 1 1 7 0 2 129 3258 1
1 24.58 12.5 2 9 4 0.875 1 0 0 1 2 260 1 0
0 26.92 13.5 2 11 8 5 1 1 2 0 2 0 5001 1
0 21.67 11.5 1 5 3 0 1 1 11 1 2 0 1 1
0 28.5 1 2 11 4 1 1 1 2 1 2 167 501 0
1 29.92 1.83 2 8 8 4.335 1 0 0 0 2 260 201 1
1 31.57 0.5 2 8 5 0.835 1 0 0 1 1 320 1 0
1 24.58 13.5 1 1 1 0 0 0 0 0 2 184 1 0
0 44.33 0 2 8 4 2.5 1 0 0 0 2 0 1 1
1 23.92 0.58 1 13 8 0.125 0 0 0 0 2 240 2 0
1 24.83 2.75 2 8 4 2.25 1 1 6 0 2 184 601 1
1 28 2 2 4 8 4.165 1 1 2 1 2 181 1 1
1 47.67 2.5 2 7 5 2.5 1 1 12 1 2 410 2511 1
1 21 4.79 1 9 4 2.25 1 1 1 1 2 80 301 1
1 20.67 0.41 2 8 4 0.125 0 0 0 0 2 0 45 0
1 25.33 0.57 2 8 4 0.29 1 1 7 1 2 96 5125 1
1 32.75 2.33 2 2 8 5.75 0 0 0 1 2 292 1 0
1 39.17 1.71 2 14 4 0.125 1 1 5 1 2 480 1 1
0 25.25 13.5 1 1 1 2 0 1 1 1 2 200 2 0
1 23.25 12.62 2 8 4 0.125 0 1 2 0 2 0 5553 0
1 33.75 2.75 2 3 5 0 0 0 0 0 2 180 1 0
1 20 1.25 1 4 4 0.125 0 0 0 0 2 140 5 0
1 37.17 4 2 8 5 5 1 0 0 1 1 280 1 0
1 58.58 2.71 2 8 4 2.415 0 0 0 1 2 320 1 0
1 26 1 2 11 4 1.75 1 0 0 1 2 280 1 1
1 21.17 0.25 1 8 8 0.25 0 0 0 0 2 280 205 0
1 41.17 4.04 2 13 8 7 1 1 8 0 2 320 1 1
0 28.08 15 1 10 9 0 1 0 0 0 2 0 13213 1
0 19.67 0.21 2 11 8 0.29 1 1 11 0 2 80 100 1
1 40.58 5 2 8 4 5 1 1 7 0 2 0 3066 1
1 32 1.75 1 10 8 0.04 1 0 0 1 2 393 1 1
1 35.17 2.5 2 4 4 4.5 1 1 7 0 2 150 1271 1
1 35 3.37 2 8 8 8.29 0 0 0 1 2 0 1 0
0 38.75 1.5 2 1 1 0 0 0 0 0 2 76 1 0
1 25 11.25 2 8 4 2.5 1 1 17 0 2 200 1209 1
1 39.42 1.71 1 7 4 0.165 0 0 0 0 1 400 1 0
1 30.17 0.5 2 8 4 1.75 1 1 11 0 2 32 541 1
1 31.08 3.08 2 8 4 2.5 0 1 2 1 2 160 42 0
1 28.75 1.16 2 4 4 0.5 1 0 0 0 1 280 1 0
0 47.42 3 2 14 4 13.875 1 1 2 1 2 519 1705 1
1 22.25 0.46 2 4 4 0.125 0 0 0 1 2 280 56 0
0 52.17 0 1 1 1 0 0 0 0 0 2 0 1 0
1 41.17 1.25 1 9 4 0.25 0 0 0 0 2 0 196 0
0 22.83 2.29 2 11 8 2.29 1 1 7 1 2 140 2385 1
1 23 0.62 1 6 4 0.125 1 0 0 0 2 180 2 0
1 23.25 1 2 8 4 0.835 1 0 0 0 1 300 1 1
1 36.67 4.41 1 4 4 0.25 1 1 10 1 2 320 1 1
1 26.17 12.5 1 4 8 1.25 0 0 0 1 2 0 18 0
1 21.17 0.25 1 8 8 0.25 0 0 0 0 2 280 205 0
0 27.67 1.5 2 7 4 2 1 0 0 0 1 368 1 0
1 22.75 11 2 11 4 2.5 1 1 7 1 2 100 810 1
0 52.17 0 1 1 1 0 0 0 0 0 2 0 1 0
1 19.32 10.91 2 8 5 0.585 0 1 2 1 2 200 8 0
1 22.58 10.03 2 14 4 0.04 1 1 9 0 2 60 397 1
0 58.67 4.46 2 11 8 3.04 1 1 6 0 2 43 561 1
0 23 1.83 2 5 3 0 0 1 1 0 2 200 54 0
1 20.5 2.41 2 8 4 2 1 1 11 1 2 200 3001 1
0 44.17 6.66 2 11 4 7.375 1 1 3 1 2 0 1 1
1 32.08 4 1 13 4 1.5 0 0 0 1 2 120 1 0
1 22.67 2.54 1 8 8 2.585 1 0 0 0 2 0 1 1
1 63.33 0.54 2 8 4 0.585 1 1 3 1 2 180 1 0
1 35.25 3.16 2 14 8 3.75 1 0 0 1 2 680 1 0
0 41 2.04 1 11 8 0.125 1 1 23 1 2 455 1237 1
1 47.67 0.28 2 8 5 15 1 1 20 0 2 0 15001 1
1 28.67 9.33 2 11 8 5.665 1 1 6 0 2 381 169 1
1 39.42 1.71 1 7 4 0.165 0 0 0 0 1 400 1 0
1 44.25 0.5 2 7 4 10.75 1 0 0 0 1 400 1 0
0 49 1.5 2 5 3 0 1 0 0 1 2 100 28 0
1 17.67 4.46 2 8 4 0.25 0 0 0 0 1 80 1 0
0 22.5 0.41 2 3 4 0.335 0 0 0 1 1 144 1 0
0 41.58 1.04 2 6 4 0.665 0 0 0 0 2 240 238 0
1 54.42 0.5 1 4 8 3.96 1 0 0 0 2 180 315 1
1 34.83 2.5 1 9 4 3 0 0 0 0 1 200 1 0
0 36.58 0.28 2 1 1 0 0 1 10 0 2 200 19 0
1 26.75 1.12 2 14 8 1.25 1 0 0 0 2 0 5299 1
1 57.83 7.04 2 7 4 14 1 1 6 1 2 360 1333 1
1 18.17 2.46 2 8 7 0.96 0 1 2 1 2 160 588 0
1 21.83 11 2 14 4 0.29 1 1 6 0 2 121 1 1
1 25.58 0.33 2 4 8 3.5 0 0 0 1 2 340 1 0
0 58.67 4.46 2 11 8 3.04 1 1 6 0 2 43 561 1
1 45 8.5 2 13 8 14 1 1 1 1 2 88 2001 1
1 23.75 12 2 8 4 2.085 0 0 0 0 1 80 1 0
1 19.5 0.28 2 4 4 0.29 0 0 0 0 2 280 365 0
0 22.67 0.79 2 3 4 0.085 0 0 0 0 2 144 1 0
1 21.08 10.08 1 10 8 1.25 0 0 0 0 2 260 1 0
0 58.67 4.46 2 11 8 3.04 1 1 6 0 2 43 561 1
1 23.58 1.79 2 8 4 0.54 0 0 0 1 2 136 2 0
1 39.25 9.5 2 7 4 6.5 1 1 14 0 2 240 4608 1
1 19 1.75 1 8 4 2.335 0 0 0 1 2 112 7 0
1 36.42 0.75 1 2 4 0.585 0 0 0 0 2 240 4 0
1 27 1.5 1 9 4 0.375 1 0 0 1 2 260 1066 1

