1 51.42 0.04 2 14 8 0.04 1 0 0 0 2 0 3001 1
1 37.5 1.12 1 2 4 1.5 0 0 0 1 2 431 1 1
1 20.67 0.41 2 8 4 0.125 0 0 0 0 2 0 45 0
0 37.75 5.5 2 11 4 0.125 1 0 0 1 2 228 1 1
0 23.5 9 2 11 4 8.5 1 1 5 1 2 120 1 1
1 34.75 15 2 12 7 5.375 1 1 9 1 2 0 135 1
1 16 3.12 2 9 4 0.085 0 1 1 0 2 0 7 0
0 17.92 0.54 2 8 4 1.75 0 1 1 1 2 80 6 0
1 39.33 5.87 2 13 8 10 1 1 14 1 2 399 1 1
1 25.58 0.33 2 4 8 3.5 0 0 0 1 2 340 1 0
0 21.67 11.5 1 5 3 0 1 1 11 1 2 0 1 1
1 23 0.75 2 7 4 0.5 1 0 0 1 1 320 1 0
0 16.07 0.33 2 1 1 0 0 1 1 0 2 160 127 0
0 60.58 16.5 2 11 4 11 1 0 0 1 2 21 10562 1
1 60.08 14.5 2 1 1 18 1 1 15 1 2 0 1001 1
0 20.42 7.5 2 4 4 1.5 1 1 1 0 2 160 235 1
1 28.58 3.62 2 6 4 0.25 0 0 0 1 2 100 1 0
1 22.92 3.16 1 8 4 0.165 0 0 0 0 2 160 1059 0
0 20.75 9.53 2 3 4 0.04 0 0 0 0 2 200 1001 0
1 32.25 14 1 1 1 0 0 1 2 0 2 160 2 0
1 44 2 2 7 4 1.75 1 1 2 1 2 0 16 1
0 50.08 12.54 2 6 4 2.29 1 1 3 1 2 156 1 1
0 71.58 0 2 8 4 0 0 0 0 0 3 184 1 1
1 36.67 3.25 2 11 8 9 1 0 0 1 2 102 640 1
1 28 2 2 4 8 4.165 1 1 2 1 2 181 1 1
1 26.75 2 2 2 4 0.75 0 0 0 1 2 80 1 0
1 34.83 4 2 2 5 12.5 1 0 0 1 2 184 1 0
1 18.5 2 2 3 4 1.5 1 1 2 0 2 120 301 1
1 34.42 4.25 2 3 5 3.25 1 1 2 0 2 274 611 1
1 27.25 1.58 2 13 8 1.835 1 1 12 1 2 583 714 1
1 28.25 5.12 2 14 4 4.75 1 1 2 0 2 420 8 1
0 26.92 13.5 2 11 8 5 1 1 2 0 2 0 5001 1
0 22.83 2.29 2 11 8 2.29 1 1 7 1 2 140 2385 1
1 27.58 2.04 1 6 4 2 1 1 3 1 2 370 561 1
1 37.33 6.5 2 7 8 4.25 1 1 12 1 2 93 1 1
0 20.42 0.83 2 11 4 1.585 1 1 1 0 2 0 1 1
0 33.17 2.25 1 13 4 3.5 0 0 0 1 2 200 142 0
0 46 4 2 5 3 0 1 0 0 0 2 100 961 1
1 20.67 0.83 1 8 4 2 0 0 0 1 1 240 1 0
0 18.57 10 2 2 4 0.415 0 0 0 0 2 80 43 0
1 34 5.08 1 3 5 1.085 0 0 0 1 2 480 1 0
1 23.25 12.62 2 8 4 0.125 0 1 2 0 2 0 5553 0
1 35.25 16.5 1 8 4 4 1 0 0 0 2 80 1 0
1 26.92 2.25 2 3 5 0.5 0 0 0 1 2 640 4001 0
1 23 0.75 2 7 4 0.5 1 0 0 1 1 320 1 0
1 30.75 1.58 2 2 4 0.585 0 0 0 1 1 0 1 0
1 31.83 2.5 2 6 4 7.5 1 0 0 1 2 523 1 0
1 22.92 0.17 2 7 4 0.085 0 0 0 0 1 0 1 0
0 30.25 5.5 2 4 4 5.5 0 0 0 1 1 100 1 0
0 47.75 8 2 8 4 7.875 1 1 6 1 2 0 1261 1
0 21.67 11.5 1 5 3 0 1 1 11 1 2 0 1 1
1 30.17 0.5 2 8 4 1.75 1 1 11 0 2 32 541 1
1 25.25 1 2 6 4 0.5 0 0 0 0 2 200 1 0
1 25.17 3 2 8 4 1.25 0 1 1 0 2 0 23 0
1 28.33 5 2 9 4 11 1 0 0 1 2 70 1 1
1 18.67 5 2 11 4 0.375 1 1 2 0 2 0 39 0
1 25.08 1.71 2 14 4 1.665 1 1 1 1 2 395 21 1
0 68.67 15 2 10 9 0 1 1 14 0 2 0 3377 1
1 48.58 6.5 2 11 8 6 1 0 0 1 2 350 1 1
1 43.25 25.21 2 11 8 0.21 1 1 1 0 2 760 91 0
0 20.5 11.83 2 8 8 6 1 0 0 0 2 340 1 1
0 18.75 7.5 2 11 4 2.71 1 1 5 0 2 184 26727 1
1 22.17 12.12 2 8 4 3.335 0 1 2 1 2 180 174 0
1 26.67 4.25 2 13 4 4.29 1 1 1 1 2 120 1 1
0 26.08 8.66 2 6 4 1.415 1 0 0 0 2 160 151 1
0 19.75 0.75 2 8 4 0.795 1 1 5 1 2 140 6 0
1 52.5 6.5 2 4 4 6.29 1 1 15 0 2 0 11203 1
0 20.83 0.5 1 10 2 1 0 0 0 0 2 260 1 0
0 31.57 11.25 2 1 1 0 0 0 0 0 2 184 5201 0
1 33.5 1.75 2 14 8 4.5 1 1 4 1 2 253 858 1
0 24.33 2.5 1 3 5 4.5 0 0 0 0 2 200 457 0
1 57.42 8.5 2 10 8 7 1 1 3 0 2 0 1 1
1 23.25 4 2 8 5 0.25 1 0 0 1 2 160 1 1
1 57.83 7.04 2 7 4 14 1 1 6 1 2 360 1333 1
0 33.08 1.62 2 2 4 0.54 0 0 0 1 2 0 1 0
1 25 11.25 2 8 4 2.5 1 1 17 0 2 200 1209 1
0 17.82 11 2 14 8 1 1 1 11 0 2 0 3001 1
1 24.5 13.33 1 6 4 0.04 0 0 0 1 2 120 476 0
1 19.5 9.58 2 6 4 0.79 0 0 0 0 2 80 351 0
1 22.08 11 2 13 4 0.665 1 0 0 0 2 100 1 1
0 35.75 0.91 2 6 4 0.75 1 1 4 0 2 0 1584 1
1 38.42 0.7 2 8 4 0.375 0 1 2 0 2 225 501 0
1 31.57 4 1 3 4 0.085 0 0 0 1 2 411 1 0
1 23.58 0.46 1 9 4 2.625 1 1 6 1 2 208 348 0
1 29.42 1.25 2 8 8 0.25 0 1 2 1 2 400 109 0
1 27 0.75 2 8 8 4.25 1 1 3 1 2 312 151 1
1 49.58 19 2 1 1 0 1 1 1 0 2 94 1 0
1 39 5 2 13 4 3.5 1 1 10 1 2 0 1 1
1 40.58 5 2 8 4 5 1 1 7 0 2 0 3066 1
0 25.17 2.87 2 14 8 0.875 1 0 0 0 2 360 1 1
0 47.42 8 2 10 5 6.5 1 1 6 0 2 375 51101 1
1 40.92 0.5 1 7 4 0.5 0 0 0 1 2 130 1 0
1 27 0.75 2 8 8 4.25 1 1 3 1 2 312 151 1
1 42 0.2 2 3 8 5.125 1 0 0 0 2 400 1 1
1 31.57 3 1 3 5 7 0 0 0 0 2 0 2 0
1 38.25 10.12 1 4 4 0.125 0 0 0 0 2 160 1 0
1 39.42 1.71 1 7 4 0.165 0 0 0 0 1 400 1 0
1 51.83 2.04 1 1 1 1.5 0 0 0 0 2 120 2 0
1 44.25 11 1 2 4 1.5 1 0 0 0 1 0 1 0
1 36.17 5.5 2 3 5 5 0 0 0 0 2 210 688 0
0 24.75 3 2 11 8 1.835 1 1 19 0 2 0 501 1
1 57.42 8.5 2 10 8 7 1 1 3 0 2 0 1 1
0 17.92 10.21 2 1 1 0 0 0 0 0 2 0 51 0
1 23.33 1.5 2 8 8 1.415 1 0 0 0 2 422 201 1
1 40.58 5 2 8 4 5 1 1 7 0 2 0 3066 1
0 23.58 0.58 1 1 1 0.125 0 0 0 0 2 120 88 0
1 16.07 0.75 2 8 4 1.75 1 1 5 1 2 352 691 1
1 48.08 6.04 2 4 4 0.04 0 0 0 0 2 0 2691 1
1 29.67 0.75 1 8 4 0.04 0 0 0 0 2 240 1 0
1 19.42 1.5 1 13 4 2 1 0 0 1 2 100 21 0
0 18.82 4.41 1 8 8 3 1 0 0 0 2 240 1 1
0 36.75 5.12 2 10 4 5 1 0 0 1 2 0 4001 1
1 42.17 5.04 2 11 8 12.75 1 0 0 1 2 92 1 1
0 30 5.29 2 10 2 2.25 1 1 5 1 2 99 501 1
0 37.75 5.5 2 11 4 0.125 1 0 0 1 2 228 1 1
0 27.17 1.25 2 1 1 0 0 1 1 0 2 92 301 0
1 42.83 4.62 2 11 4 4.58 1 0 0 0 1 0 1 1
1 16.32 4.08 2 3 8 0.415 0 0 0 1 2 120 1 0
0 33.17 2.25 1 13 4 3.5 0 0 0 1 2 200 142 0
1 22.08 2.33 2 4 4 0.75 0 0 0 0 2 180 1 0
0 38.75 1.5 2 1 1 0 0 0 0 0 2 76 1 0
0 23.5 9 2 11 4 8.5 1 1 5 1 2 120 1 1
0 27.58 3 2 7 4 2.79 0 1 1 1 2 280 11 0
1 23.92 0.66 2 8 4 0.165 0 0 0 0 2 100 1 1
1 59.67 1.54 2 11 4 0.125 1 0 0 1 2 260 1 1
0 51.92 6.5 2 3 5 3.085 0 0 0 1 2 73 1 0
1 25.33 0.57 2 8 4 0.29 1 1 7 1 2 96 5125 1
0 17.57 9 2 6 4 1.375 1 0 0 1 2 0 1 1
1 43.25 25.21 2 11 8 0.21 1 1 1 0 2 760 91 0
1 23.17 0 2 8 4 0 0 0 0 0 3 184 1 1
0 17.57 9 2 6 4 1.375 1 0 0 1 2 0 1 1
0 22.5 0.41 2 3 4 0.335 0 0 0 1 1 144 1 0
1 31.57 3 1 3 5 7 0 0 0 0 2 0 2 0
1 43.08 0.37 1 8 4 0.375 1 1 8 1 2 300 163 1
0 30.58 10.66 2 11 8 0.085 0 1 12 1 2 129 4 0
1 44.25 0.5 2 7 4 10.75 1 0 0 0 1 400 1 0
0 52.17 0 1 1 1 0 0 0 0 0 2 0 1 0
0 26.5 2.71 1 8 4 0.085 0 0 0 0 1 80 1 0
0 28.75 3.75 2 8 4 1.085 1 1 1 1 2 371 1 1
0 31.75 3 1 5 3 0 0 0 0 0 2 160 21 0
1 19 0 1 1 1 0 0 1 4 0 2 45 2 0
1 16.17 0.04 2 8 4 0.04 0 0 0 0 2 0 1 1
1 23.92 1.5 2 2 8 1.875 1 1 6 0 2 200 328 1
0 28.42 3.5 2 9 4 0.835 1 0 0 0 1 280 1 1
0 39.08 4 2 8 4 3 0 0 0 0 2 480 1 0
1 42 9.78 2 14 8 7.96 1 1 8 0 2 0 1 1
1 28.58 3.62 2 6 4 0.25 0 0 0 1 2 100 1 0
0 22.67 0.79 2 3 4 0.085 0 0 0 0 2 144 1 0
1 33.67 2.16 2 8 4 1.5 0 0 0 0 3 120 1 0
1 44.83 7 1 8 4 1.625 0 0 0 0 2 160 3 0
1 36.75 0.12 1 8 4 1.5 0 0 0 1 2 232 114 1
0 40.83 3.5 2 3 5 0.5 0 0 0 0 1 1160 1 0
1 21.33 7.5 2 6 4 1.415 1 1 1 0 2 80 9801 1
1 31.57 0.62 2 4 4 0.25 0 0 0 0 2 380 2011 0
1 23.25 1 2 8 4 0.835 1 0 0 0 1 300 1 1
1 27.67 0.75 2 11 8 0.165 0 0 0 1 2 220 252 0
1 25.83 12.83 2 13 4 0.5 0 0 0 0 2 0 3 0
0 16.07 0.33 2 1 1 0 0 1 1 0 2 160 127 0
0 33.25 3 1 6 4 2 0 0 0 0 2 180 1 0
0 58.42 21 2 3 5 10 1 1 13 0 2 0 6701 1
0 25.75 0.5 2 8 8 0.875 1 0 0 1 2 491 1 1
1 34.83 2.5 1 9 4 3 0 0 0 0 1 200 1 0
1 28.67 9.33 2 11 8 5.665 1 1 6 0 2 381 169 1
0 17.82 11 2 14 8 1 1 1 11 0 2 0 3001 1
1 31.08 3.08 2 8 4 2.5 0 1 2 1 2 160 42 0
1 26.67 2.71 1 13 4 5.25 1 1 1 0 2 211 1 1
0 33.25 3 1 6 4 2 0 0 0 0 2 180 1 0
1 29.83 3.5 2 8 4 0.165 0 0 0 0 2 216 1 0
1 28 3 2 9 4 0.75 0 0 0 1 2 300 68 0
1 26.17 0.25 2 3 5 0 1 0 0 1 2 0 1 1
1 41.42 5 2 11 8 5 1 1 6 1 2 470 1 1
1 22.17 0.58 1 1 1 0 0 0 0 0 2 100 1 0
1 20.67 0.83 1 8 4 2 0 0 0 1 1 240 1 0
0 22.5 8.5 2 11 4 1.75 1 1 10 0 2 80 991 0
0 38.58 5 2 13 4 13.5 1 0 0 1 2 980 1 0
0 25.42 1.12 2 11 4 1.29 1 1 2 0 2 200 1 0
1 18.32 1.21 1 10 2 0 0 0 0 0 2 100 1 0
0 55.75 7.08 2 4 8 6.75 1 1 3 1 2 100 51 0
0 23.58 11.5 1 4 8 3 0 0 0 1 2 20 17 0
1 48.33 12 2 7 4 16 1 0 0 0 1 110 1 1
1 24.17 0.87 2 11 4 4.625 1 1 2 1 2 520 2001 1
1 51.42 0.04 2 14 8 0.04 1 0 0 0 2 0 3001 1
0 26.5 2.71 1 8 4 0.085 0 0 0 0 1 80 1 0
0 18.07 0.37 3 13 1 10 0 0 0 1 1 300 1 1
1 34.17 9.17 2 8 4 4.5 1 1 12 1 2 0 222 1
1 20.5 10 1 8 4 2.5 1 0 0 0 1 40 1 1
1 52.42 1.5 2 2 4 3.75 0 0 0 1 2 0 351 0
1 23.08 0 2 4 4 1 0 1 11 0 1 0 1 0
1 24.58 12.5 2 9 4 0.875 1 0 0 1 2 260 1 0
0 22.25 1.25 1 1 1 3.25 0 0 0 0 2 280 1 0
1 42.17 5.04 2 11 8 12.75 1 0 0 1 2 92 1 1
0 26.92 13.5 2 11 8 5 1 1 2 0 2 0 5001 1
1 32.33 7.5 2 10 5 1.585 1 0 0 1 1 420 1 0
1 21 4.79 1 9 4 2.25 1 1 1 1 2 80 301 1
1 39.92 0.54 1 6 4 0.5 1 1 3 0 2 200 1001 1
1 49.17 2.29 2 1 1 0.29 0 0 0 0 2 200 4 0
1 20.42 7 2 8 4 1.625 1 1 3 0 2 200 1392 1
1 21.92 0.5 2 8 4 0.125 0 0 0 0 2 360 1 0
1 35.25 16.5 1 8 4 4 1 0 0 0 2 80 1 0
1 23.17 0 2 8 4 0 0 0 0 0 3 184 1 1
0 23.5 9 2 11 4 8.5 1 1 5 1 2 120 1 1
1 22 0.79 2 9 4 0.29 0 1 1 0 2 420 284 0
1 25.67 3.25 2 8 8 2.29 0 1 1 1 2 416 22 0
1 55.92 11.5 2 1 1 5 1 1 5 0 2 0 8852 1
1 36.25 5 2 8 5 2.5 1 1 6 0 2 0 368 1
1 20 0 2 2 4 0.5 0 0 0 0 2 144 1 0
0 47.75 8 2 8 4 7.875 1 1 6 1 2 0 1261 1
1 25.25 1 2 6 4 0.5 0 0 0 0 2 200 1 0
1 23.25 12.62 2 8 4 0.125 0 1 2 0 2 0 5553 0
1 19.57 0.58 2 1 1 0 0 1 3 0 2 350 770 0
0 37.75 5.5 2 11 4 0.125 1 0 0 1 2 228 1 1
0 57.58 2 2 1 1 6.5 0 1 1 0 2 0 11 0
1 39.17 2.5 1 3 8 10 0 0 0 1 1 200 1 0
1 38.92 1.75 2 4 4 0.5 0 0 0 1 2 300 3 0
0 23.25 5.87 2 11 4 3.17 1 1 10 0 2 120 246 1
1 39.92 6.21 2 11 4 0.04 1 1 1 0 2 200 301 1
1 17.67 4.46 2 8 4 0.25 0 0 0 0 1 80 1 0
1 33.67 2.16 2 8 4 1.5 0 0 0 0 3 120 1 0
1 19.32 10.91 2 8 5 0.585 0 1 2 1 2 200 8 0
1 32.33 7.5 2 10 5 1.585 1 0 0 1 1 420 1 0

