1 31.33 19.5 2 8 4 7 1 1 16 0 2 0 5001 1
0 18.75 7.5 2 11 4 2.71 1 1 5 0 2 184 26727 1
1 33.67 2.16 2 8 4 1.5 0 0 0 0 3 120 1 0
0 22.92 1.25 2 11 4 0.25 0 0 0 1 2 120 810 0
0 18.25 10 2 9 4 1 0 1 1 0 2 120 2 0
1 32.75 1.5 2 13 8 5.5 1 1 3 1 2 0 1 1
1 37.42 2.04 2 9 4 0.04 1 0 0 1 2 400 5801 1
1 27.42 12.5 2 6 5 0.25 0 0 0 1 2 720 1 0
0 28.67 1.04 2 8 4 2.5 1 1 5 1 2 300 1431 1
1 33.17 1.04 2 12 8 6.5 1 0 0 1 2 164 31286 1
1 51.58 15 2 8 4 8.5 1 1 9 0 2 0 1 1
1 33.17 3.04 1 8 8 2.04 1 1 1 1 2 180 18028 1
1 39.33 5.87 2 13 8 10 1 1 14 1 2 399 1 1
1 42.75 4.08 2 6 4 0.04 0 0 0 0 2 108 101 0
0 24.5 1.75 1 8 4 0.165 0 0 0 0 2 132 1 0
1 27.75 1.29 2 4 8 0.25 0 0 0 1 1 140 1 0
1 21 4.79 1 9 4 2.25 1 1 1 1 2 80 301 1
1 21.92 0.5 2 8 4 0.125 0 0 0 0 2 360 1 0
1 27.42 12.5 2 6 5 0.25 0 0 0 1 2 720 1 0
1 32.33 3.5 2 4 4 0.5 0 0 0 1 2 232 1 0
0 22.67 0.33 2 11 4 0.75 0 0 0 0 1 160 1 0
0 20.07 0.12 2 11 4 1 0 1 1 0 2 240 769 1
1 31.57 5 1 6 4 8.5 1 0 0 0 2 0 1 0
1 16.25 0.83 2 7 4 0.085 1 0 0 0 1 200 1 0
0 28.67 1.04 2 8 4 2.5 1 1 5 1 2 300 1431 1
0 20.75 9.53 2 3 4 0.04 0 0 0 0 2 200 1001 0
1 29.5 0.57 2 9 4 0.29 0 1 1 0 2 340 2804 0
1 31.67 0.83 2 14 4 1.335 1 1 8 1 2 303 3291 1
1 32.33 3.5 2 4 4 0.5 0 0 0 1 2 232 1 0
0 38.75 1.5 2 1 1 0 0 0 0 0 2 76 1 0
1 24.83 2.75 2 8 4 2.25 1 1 6 0 2 184 601 1
1 37.33 6.5 2 7 8 4.25 1 1 12 1 2 93 1 1
1 25.67 0.28 1 8 4 1.5 0 0 0 1 2 160 1 0
1 26.67 4.25 2 13 4 4.29 1 1 1 1 2 120 1 1
1 23.25 12.62 2 8 4 0.125 0 1 2 0 2 0 5553 0
1 43 0.28 1 13 8 1.75 1 1 8 0 2 100 376 1
1 22 7.83 1 3 5 0.165 0 0 0 1 2 184 1 0
1 32.25 14 1 1 1 0 0 1 2 0 2 160 2 0
1 29.5 0.57 2 9 4 0.29 0 1 1 0 2 340 2804 0
1 44.25 11 1 2 4 1.5 1 0 0 0 1 0 1 0
0 58.33 10 2 11 4 4 1 1 14 0 2 0 1603 1
0 36 1 2 8 4 2 1 1 11 0 2 0 457 1
0 45.33 1 2 11 4 0.125 0 0 0 1 2 263 1 0
1 39.5 1.62 2 8 4 1.5 0 0 0 0 2 0 317 0
0 24.08 0.5 2 11 8 1.25 1 1 1 0 2 0 679 1
1 31.08 3.08 2 8 4 2.5 0 1 2 1 2 160 42 0
1 25.42 0.54 2 9 4 0.165 0 1 1 0 2 272 445 0
0 27.67 2.04 2 9 4 0.25 0 0 0 1 2 180 51 0
0 22.83 2.29 2 11 8 2.29 1 1 7 1 2 140 2385 1
1 30.17 0.5 2 8 4 1.75 1 1 11 0 2 32 541 1
1 27.75 1.29 2 4 8 0.25 0 0 0 1 1 140 1 0
1 29.67 0.75 1 8 4 0.04 0 0 0 0 2 240 1 0
1 26.17 0.25 2 3 5 0 1 0 0 1 2 0 1 1
0 24.5 12.75 2 8 5 4.75 1 1 2 0 2 73 445 1
0 38.58 5 2 13 4 13.5 1 0 0 1 2 980 1 0
1 22 7.83 1 3 5 0.165 0 0 0 1 2 184 1 0
1 34.92 5 2 14 8 7.5 1 1 6 1 2 0 1001 1
1 25.67 12.5 2 13 4 1.21 1 1 67 1 2 140 259 1
1 26.17 0.25 2 3 5 0 1 0 0 1 2 0 1 1
1 29.83 2.04 1 14 8 0.04 0 0 0 0 2 128 2 0
1 27.75 1.29 2 4 8 0.25 0 0 0 1 1 140 1 0
0 68.67 15 2 10 9 0 1 1 14 0 2 0 3377 1
0 30 5.29 2 10 2 2.25 1 1 5 1 2 99 501 1
1 39.83 0.5 2 7 4 0.25 1 0 0 0 1 288 1 0
0 30.58 10.66 2 11 8 0.085 0 1 12 1 2 129 4 0
0 33.08 1.62 2 2 4 0.54 0 0 0 1 2 0 1 0
1 28.25 5.04 1 8 5 1.5 1 1 8 1 2 144 8 1
1 34.42 4.25 2 3 5 3.25 1 1 2 0 2 274 611 1
0 52.17 0 1 1 1 0 0 0 0 0 2 0 1 0
0 45.83 10.5 2 11 4 5 1 1 7 1 2 0 1 1
0 28.17 0.37 2 11 4 0.585 1 1 4 0 2 80 1 1
1 29.25 13 2 2 8 0.5 0 0 0 0 2 228 1 0
0 20.75 9.53 2 3 4 0.04 0 0 0 0 2 200 1001 0
0 16 0.16 2 6 4 1 0 1 2 1 2 320 2 0
1 35.25 3.16 2 14 8 3.75 1 0 0 1 2 680 1 0
0 39.08 4 2 8 4 3 0 0 0 0 2 480 1 0
0 21.75 11.75 2 8 4 0.25 0 0 0 1 2 180 1 0
1 18.82 0.41 1 8 4 0.165 0 1 1 0 2 200 2 0
0 26.5 2.71 1 8 4 0.085 0 0 0 0 1 80 1 0
1 18.67 5 2 11 4 0.375 1 1 2 0 2 0 39 0
1 52.5 6.5 2 4 4 6.29 1 1 15 0 2 0 11203 1
1 48.58 6.5 2 11 8 6 1 0 0 1 2 350 1 1
0 36.75 5.12 2 10 4 5 1 0 0 1 2 0 4001 1
0 16 0.16 2 6 4 1 0 1 2 1 2 320 2 0
1 22.17 2.25 2 3 4 0.125 0 0 0 0 2 160 11 0
1 36.17 0.42 1 9 4 0.29 0 0 0 1 2 309 3 0
0 22.5 8.5 2 11 4 1.75 1 1 10 0 2 80 991 0
0 55.75 7.08 2 4 8 6.75 1 1 3 1 2 100 51 0
1 64.08 20 2 14 8 17.5 1 1 9 1 2 0 1001 1
1 40.58 1.5 2 3 5 0 0 0 0 0 1 300 1 0
1 55.92 11.5 2 1 1 5 1 1 5 0 2 0 8852 1
1 65.42 11 2 10 9 20 1 1 7 1 2 22 1 1
1 21.58 0.79 1 13 4 0.665 0 0 0 0 2 160 1 0
1 51.58 15 2 8 4 8.5 1 1 9 0 2 0 1 1
1 54.33 6.75 2 8 8 2.625 1 1 11 1 2 0 285 1
1 18.82 0 2 11 4 0.665 0 0 0 0 2 160 2 0
1 51.83 2.04 1 1 1 1.5 0 0 0 0 2 120 2 0
1 30.83 0 2 9 4 1.25 1 1 1 0 2 202 1 1
0 25.08 2.54 1 6 4 0.25 1 0 0 1 2 370 1 1
0 24.5 1.04 1 1 1 0.5 1 1 3 0 2 180 148 0
1 34.92 5 2 14 8 7.5 1 1 6 1 2 0 1001 1
1 27.42 12.5 2 6 5 0.25 0 0 0 1 2 720 1 0
1 20.07 0.25 2 11 4 0.125 0 0 0 0 2 200 1 0
1 38.92 1.75 2 4 4 0.5 0 0 0 1 2 300 3 0
1 32.25 0.16 1 8 8 3.25 1 1 1 1 2 432 8001 1
1 28.58 3.62 2 6 4 0.25 0 0 0 1 2 100 1 0
1 23.42 1 2 8 4 0.5 0 0 0 1 1 280 1 0
0 36 1 2 8 4 2 1 1 11 0 2 0 457 1
1 34.17 9.17 2 8 4 4.5 1 1 12 1 2 0 222 1
0 47.75 8 2 8 4 7.875 1 1 6 1 2 0 1261 1
1 17.42 6.5 2 3 4 0.125 0 0 0 0 2 60 101 0
1 34.25 3 2 13 8 7.415 1 0 0 1 2 0 1 1
1 25.67 12.5 2 13 4 1.21 1 1 67 1 2 140 259 1
1 63.33 0.54 2 8 4 0.585 1 1 3 1 2 180 1 0
0 22.42 11.25 1 14 8 0.75 1 1 4 0 2 0 322 1
1 31.33 19.5 2 8 4 7 1 1 16 0 2 0 5001 1
0 19.17 0.58 1 6 4 0.585 1 0 0 1 2 160 1 0
1 28.67 9.33 2 11 8 5.665 1 1 6 0 2 381 169 1
0 16 0.16 2 6 4 1 0 1 2 1 2 320 2 0
1 64.08 20 2 14 8 17.5 1 1 9 1 2 0 1001 1
1 39.25 9.5 2 7 4 6.5 1 1 14 0 2 240 4608 1
1 30.17 0.5 2 8 4 1.75 1 1 11 0 2 32 541 1
1 20.17 5.62 2 9 4 1.71 1 0 0 0 1 120 1 1
1 30.17 0.5 2 8 4 1.75 1 1 11 0 2 32 541 1
1 31.92 4.46 2 13 8 6.04 1 1 3 0 2 311 301 1
1 33.67 2.16 2 8 4 1.5 0 0 0 0 3 120 1 0
0 18.82 9.53 2 6 4 0.085 1 0 0 0 2 100 1 1
1 51.83 2.04 1 1 1 1.5 0 0 0 0 2 120 2 0
1 31.83 2.5 2 6 4 7.5 1 0 0 1 2 523 1 0
0 46.67 0.46 2 13 8 0.415 1 1 11 1 2 440 7 1
0 40.83 3.5 2 3 5 0.5 0 0 0 0 1 1160 1 0
1 31.57 4 2 14 4 5 1 1 3 1 2 290 2280 1
1 41.92 0.42 2 8 8 0.21 1 1 6 0 2 220 949 1
1 25.75 0.75 2 8 5 0.25 1 0 0 0 2 349 24 1
1 43 0.28 1 13 8 1.75 1 1 8 0 2 100 376 1
1 33.5 1.75 2 14 8 4.5 1 1 4 1 2 253 858 1
1 28 2 2 4 8 4.165 1 1 2 1 2 181 1 1
1 26.17 0.25 2 3 5 0 1 0 0 1 2 0 1 1
1 20.17 9.25 2 8 4 1.665 1 1 3 1 2 40 29 1
0 24.5 1.75 1 8 4 0.165 0 0 0 0 2 132 1 0
0 20.07 1.25 2 8 4 0 0 0 0 0 2 0 1 0
1 23.17 0 2 8 4 0 0 0 0 0 3 184 1 1
1 24.17 0.87 2 11 4 4.625 1 1 2 1 2 520 2001 1
0 27.17 1.25 2 1 1 0 0 1 1 0 2 92 301 0
1 28.25 5.04 1 8 5 1.5 1 1 8 1 2 144 8 1
1 18.07 5.5 2 4 4 0.5 1 0 0 0 2 80 1 1
1 23.08 2.5 2 1 1 0.085 0 0 0 1 2 100 4209 0
0 58.33 10 2 11 4 4 1 1 14 0 2 0 1603 1
1 20.5 10 1 8 4 2.5 1 0 0 0 1 40 1 1
0 38.25 6 2 4 4 1 1 0 0 1 2 0 1 1
1 33.67 1.25 2 9 4 1.165 0 0 0 0 2 120 1 0
0 47.42 3 2 14 4 13.875 1 1 2 1 2 519 1705 1
0 25 12.33 2 13 8 3.5 1 1 6 0 2 400 459 1
0 17.92 0.54 2 8 4 1.75 0 1 1 1 2 80 6 0
1 27.25 1.66 2 13 8 5.085 1 1 9 0 2 399 828 1
1 25.42 0.54 2 9 4 0.165 0 1 1 0 2 272 445 0
1 23.25 1 2 8 4 0.835 1 0 0 0 1 300 1 1
0 22.92 11.58 2 13 4 0.04 1 0 0 0 2 80 1350 1
1 21.08 10.08 1 10 8 1.25 0 0 0 0 2 260 1 0
1 33.17 3.04 1 8 8 2.04 1 1 1 1 2 180 18028 1
1 67.75 5.5 2 10 9 13 1 1 1 1 2 0 1 1
1 27 1.5 1 9 4 0.375 1 0 0 1 2 260 1066 1
1 36.67 4.41 1 4 4 0.25 1 1 10 1 2 320 1 1
1 48.75 26.33 1 1 1 0 1 0 0 1 2 0 1 0
1 31.57 0.5 2 8 5 0.835 1 0 0 1 1 320 1 0
0 55.75 7.08 2 4 8 6.75 1 1 3 1 2 100 51 0
1 28 3 2 9 4 0.75 0 0 0 1 2 300 68 0
1 19.5 9.58 2 6 4 0.79 0 0 0 0 2 80 351 0
1 31.25 1.12 2 1 1 0 0 1 1 0 2 96 20 0
0 24.5 12.75 2 8 5 4.75 1 1 2 0 2 73 445 1
0 45.83 10.5 2 11 4 5 1 1 7 1 2 0 1 1
0 22.58 10.75 2 11 4 0.415 1 1 5 1 2 0 561 1
1 31.57 0.5 2 8 5 0.835 1 0 0 1 1 320 1 0
0 31.57 11.25 2 1 1 0 0 0 0 0 2 184 5201 0
1 32.67 5.5 2 11 8 5.5 1 1 12 1 2 408 1001 1
1 22.92 3.16 1 8 4 0.165 0 0 0 0 2 160 1059 0
1 51.42 0.04 2 14 8 0.04 1 0 0 0 2 0 3001 1
1 43.25 25.21 2 11 8 0.21 1 1 1 0 2 760 91 0
1 26.67 2.71 1 13 4 5.25 1 1 1 0 2 211 1 1
1 56.75 12.25 2 7 4 1.25 1 1 4 1 2 200 1 1
0 20.83 0.5 1 10 2 1 0 0 0 0 2 260 1 0
1 56.42 28 1 8 4 28.5 1 1 40 0 2 0 16 1
1 25.08 1.71 2 14 4 1.665 1 1 1 1 2 395 21 1
0 31.75 3 1 5 3 0 0 0 0 0 2 160 21 0
0 17.92 10.21 2 1 1 0 0 0 0 0 2 0 51 0
1 74.83 19 1 1 1 0.04 0 1 2 0 2 0 352 0
1 37.5 0.83 2 10 4 0.04 0 0 0 0 2 120 6 0
0 17.92 0.54 2 8 4 1.75 0 1 1 1 2 80 6 0
0 18.57 10 2 2 4 0.415 0 0 0 0 2 80 43 0
1 19.32 10.91 2 8 5 0.585 0 1 2 1 2 200 8 0
1 26.17 0.25 2 3 5 0 1 0 0 1 2 0 1 1
1 34.67 1.08 2 7 4 1.165 0 0 0 0 1 28 1 0
1 40 6.5 2 6 5 3.5 1 1 1 0 2 0 501 1
0 28.08 15 1 10 9 0 1 0 0 0 2 0 13213 1
1 20 1.25 1 4 4 0.125 0 0 0 0 2 140 5 0
1 36.5 4.25 2 11 4 3.5 0 0 0 0 2 454 51 0
0 22.83 2.29 2 11 8 2.29 1 1 7 1 2 140 2385 1
1 36.67 2 2 3 4 0.25 0 0 0 1 2 221 1 0
1 69.17 9 2 1 1 4 0 1 1 0 2 70 7 0
1 39.5 1.62 2 8 4 1.5 0 0 0 0 2 0 317 0
1 37.17 4 2 8 5 5 1 0 0 1 1 280 1 0
1 26.67 4.25 2 13 4 4.29 1 1 1 1 2 120 1 1
0 24.08 0.5 2 11 8 1.25 1 1 1 0 2 0 679 1
0 21.5 6 2 6 4 2.5 1 1 3 0 2 80 919 1
1 27.58 3.25 1 11 8 5.085 0 1 2 1 2 369 2 0
1 28.33 5 2 9 4 11 1 0 0 1 2 70 1 1
1 32.25 0.16 1 8 8 3.25 1 1 1 1 2 432 8001 1
1 65.42 11 2 10 9 20 1 1 7 1 2 22 1 1
0 28.17 0.37 2 11 4 0.585 1 1 4 0 2 80 1 1
1 19.42 1.5 1 13 4 2 1 0 0 1 2 100 21 0
0 30.42 1.37 2 9 8 0.04 0 1 3 0 2 0 34 0
1 22.08 11 2 13 4 0.665 1 0 0 0 2 100 1 1
0 17.92 0.54 2 8 4 1.75 0 1 1 1 2 80 6 0
1 25.67 0.28 1 8 4 1.5 0 0 0 1 2 160 1 0
0 24.75 12.5 2 6 4 1.5 1 1 12 1 2 120 568 1
0 25 12.33 2 13 8 3.5 1 1 6 0 2 400 459 1
1 19 1.75 1 8 4 2.335 0 0 0 1 2 112 7 0
1 48.08 6.04 2 4 4 0.04 0 0 0 0 2 0 2691 1
1 22 7.83 1 3 5 0.165 0 0 0 1 2 184 1 0
1 19.42 7.25 2 7 4 0.04 0 1 1 0 2 100 2 0

