0 28.17 0.58 2 6 4 0.04 0 0 0 0 2 260 1005 0
0 20.67 3 2 11 4 0.165 1 1 3 0 2 100 7 1
1 22.08 0.83 2 8 8 2.165 0 0 0 1 2 128 1 1
0 41.58 1.04 2 6 4 0.665 0 0 0 0 2 240 238 0
1 23.08 11.5 2 3 4 3.5 1 1 9 0 2 56 743 1
1 28 3 2 9 4 0.75 0 0 0 1 2 300 68 0
1 26.67 2.71 1 13 4 5.25 1 1 1 0 2 211 1 1
0 23.5 9 2 11 4 8.5 1 1 5 1 2 120 1 1
0 16.32 0.21 2 6 4 0.125 0 0 0 0 2 200 2 0
0 23.42 0.79 1 11 4 1.5 1 1 2 1 2 80 401 1
1 27.83 1 1 2 8 3 0 0 0 0 2 176 538 0
0 27.67 1.5 2 7 4 2 1 0 0 0 1 368 1 0
0 47.75 8 2 8 4 7.875 1 1 6 1 2 0 1261 1
1 19.42 1.5 1 13 4 2 1 0 0 1 2 100 21 0
1 18.32 1.21 1 10 2 0 0 0 0 0 2 100 1 0
1 39.5 1.62 2 8 4 1.5 0 0 0 0 2 0 317 0
1 31.83 2.5 2 6 4 7.5 1 0 0 1 2 523 1 0
0 35.42 12 2 11 8 14 1 1 8 0 2 0 6591 1
1 51.58 15 2 8 4 8.5 1 1 9 0 2 0 1 1
1 42.75 4.08 2 6 4 0.04 0 0 0 0 2 108 101 0
0 20.75 10.25 2 11 4 0.71 1 1 2 1 2 49 1 1
1 36.17 0.42 1 9 4 0.29 0 0 0 1 2 309 3 0
1 35 3.37 2 8 8 8.29 0 0 0 1 2 0 1 0
1 24.58 1.25 2 8 4 0.25 0 0 0 0 2 110 1 0
0 33.25 3 1 6 4 2 0 0 0 0 2 180 1 0
0 24.5 12.75 2 8 5 4.75 1 1 2 0 2 73 445 1
1 20.5 10 1 8 4 2.5 1 0 0 0 1 40 1 1
1 56.75 12.25 2 7 4 1.25 1 1 4 1 2 200 1 1
1 43.25 3 2 11 8 6 1 1 11 0 2 80 1 1
0 68.67 15 2 10 9 0 1 1 14 0 2 0 3377 1
1 28.67 14.5 2 2 4 0.125 0 0 0 0 2 0 287 0
1 54.83 15.5 2 10 9 0 1 1 20 0 2 152 131 0
1 59.5 2.75 2 9 4 1.75 1 1 5 1 2 60 59 1
0 36.75 5.12 2 10 4 5 1 0 0 1 2 0 4001 1
0 23.25 5.87 2 11 4 3.17 1 1 10 0 2 120 246 1
0 58.33 10 2 11 4 4 1 1 14 0 2 0 1603 1
0 18.82 9.53 2 6 4 0.085 1 0 0 0 2 100 1 1
1 24.58 12.5 2 9 4 0.875 1 0 0 1 2 260 1 0
1 37.33 2.66 2 13 4 0.165 0 0 0 1 2 0 502 0
1 44.25 0.5 2 7 4 10.75 1 0 0 0 1 400 1 0
1 32.08 4 1 13 4 1.5 0 0 0 1 2 120 1 0
1 44.33 0.5 2 3 8 5 1 0 0 1 2 320 1 1
0 22.58 10.75 2 11 4 0.415 1 1 5 1 2 0 561 1
1 30.17 6.5 2 13 4 3.125 1 1 8 0 2 330 1201 1
1 19.5 0.28 2 4 4 0.29 0 0 0 0 2 280 365 0
1 23.25 1 2 8 4 0.835 1 0 0 0 1 300 1 1
0 20.42 10.5 1 14 8 0 0 0 0 1 2 154 33 0
1 44.33 0.5 2 3 8 5 1 0 0 1 2 320 1 1
0 24.75 12.5 2 6 4 1.5 1 1 12 1 2 120 568 1
1 30.17 0.5 2 8 4 1.75 1 1 11 0 2 32 541 1
1 48.17 3.5 2 6 4 3.5 1 0 0 0 1 230 1 1
1 48.75 8.5 2 8 8 12.5 1 1 9 0 2 181 1656 1
1 23.08 2.5 2 1 1 0.085 0 0 0 1 2 100 4209 0
1 25 11.25 2 8 4 2.5 1 1 17 0 2 200 1209 1
0 23 1.83 2 5 3 0 0 1 1 0 2 200 54 0
1 16.17 0.04 2 8 4 0.04 0 0 0 0 2 0 1 1
0 22.5 0.41 2 3 4 0.335 0 0 0 1 1 144 1 0
0 20.42 0.83 2 11 4 1.585 1 1 1 0 2 0 1 1
1 59.5 2.75 2 9 4 1.75 1 1 5 1 2 60 59 1
0 23.75 0.71 2 9 4 0.25 0 1 1 1 2 240 5 0
1 22.67 1.58 1 9 4 3.085 1 1 6 0 2 80 1 1
0 24.5 1.04 1 1 1 0.5 1 1 3 0 2 180 148 0
1 39.42 1.71 1 7 4 0.165 0 0 0 0 1 400 1 0
1 18.5 2 2 3 4 1.5 1 1 2 0 2 120 301 1
1 26.92 2.25 2 3 5 0.5 0 0 0 1 2 640 4001 0
1 40.58 3.29 2 7 4 3.5 0 0 0 1 1 400 1 0
0 22.5 0.41 2 3 4 0.335 0 0 0 1 1 144 1 0
0 32.33 0.54 2 13 4 0.04 1 0 0 0 2 440 11178 1
1 21.83 0.25 2 2 8 0.665 1 0 0 1 2 0 1 1
0 50.08 12.54 2 6 4 2.29 1 1 3 1 2 156 1 1
1 25.08 1.71 2 14 4 1.665 1 1 1 1 2 395 21 1
1 24.17 0.87 2 11 4 4.625 1 1 2 1 2 520 2001 1
1 17.42 6.5 2 3 4 0.125 0 0 0 0 2 60 101 0
1 32.33 7.5 2 10 5 1.585 1 0 0 1 1 420 1 0
0 27.17 1.25 2 1 1 0 0 1 1 0 2 92 301 0
1 22.75 11.5 2 3 4 0.415 0 0 0 0 2 0 1 0
0 33.67 0.37 2 13 4 0.375 0 0 0 0 2 300 45 1
1 26.67 4.25 2 13 4 4.29 1 1 1 1 2 120 1 1
1 36.67 4.41 1 4 4 0.25 1 1 10 1 2 320 1 1
1 31.92 4.46 2 13 8 6.04 1 1 3 0 2 311 301 1
1 51.83 2.04 1 1 1 1.5 0 0 0 0 2 120 2 0
1 25.17 3 2 8 4 1.25 0 1 1 0 2 0 23 0
1 25.92 0.87 2 4 4 0.375 0 1 2 1 2 174 4 0
1 17.42 6.5 2 3 4 0.125 0 0 0 0 2 60 101 0
1 16.92 0.33 1 4 4 0.29 0 0 0 0 1 200 1 0
1 51.83 2.04 1 1 1 1.5 0 0 0 0 2 120 2 0
0 28.17 0.37 2 11 4 0.585 1 1 4 0 2 80 1 1
1 21.58 0.79 1 13 4 0.665 0 0 0 0 2 160 1 0
1 24.33 6.62 1 2 4 5.5 1 0 0 1 1 100 1 1
1 27.67 0.75 2 11 8 0.165 0 0 0 1 2 220 252 0
1 18.32 1.21 1 10 2 0 0 0 0 0 2 100 1 0
0 37.75 5.5 2 11 4 0.125 1 0 0 1 2 228 1 1
1 49.58 19 2 1 1 0 1 1 1 0 2 94 1 0
1 34.25 3 2 13 8 7.415 1 0 0 1 2 0 1 1
1 29.42 1.25 2 8 8 0.25 0 1 2 1 2 400 109 0
0 55.75 7.08 2 4 8 6.75 1 1 3 1 2 100 51 0
1 25.92 0.87 2 4 4 0.375 0 1 2 1 2 174 4 0
1 36.33 2.12 1 9 4 0.085 1 1 1 0 2 50 1188 1
1 26.67 1.75 1 8 4 1 1 1 5 1 2 160 5778 1
0 32 6 2 2 4 1.25 0 0 0 0 2 272 1 0
1 22.08 11 2 13 4 0.665 1 0 0 0 2 100 1 1
1 21.83 11 2 14 4 0.29 1 1 6 0 2 121 1 1
1 16.32 4.08 2 3 8 0.415 0 0 0 1 2 120 1 0
1 37.42 2.04 2 9 4 0.04 1 0 0 1 2 400 5801 1
1 22.67 0.16 2 8 3 2.25 0 0 0 1 1 0 1 1
1 21.92 0.54 1 14 4 0.04 1 1 1 1 2 840 60 1
0 20.42 10.5 1 14 8 0 0 0 0 1 2 154 33 0
1 19.17 4 1 3 4 1 0 0 0 1 2 360 1001 0
1 54.42 0.5 1 4 8 3.96 1 0 0 0 2 180 315 1
1 31.57 0.5 2 8 5 0.835 1 0 0 1 1 320 1 0
1 18.82 0.41 1 8 4 0.165 0 1 1 0 2 200 2 0
1 64.08 20 2 14 8 17.5 1 1 9 1 2 0 1001 1
1 23.08 11.5 2 3 4 3.5 1 1 9 0 2 56 743 1
1 29.5 0.57 2 9 4 0.29 0 1 1 0 2 340 2804 0
1 23.25 1 2 8 4 0.835 1 0 0 0 1 300 1 1
1 27.58 2.04 1 6 4 2 1 1 3 1 2 370 561 1
0 24.75 12.5 2 6 4 1.5 1 1 12 1 2 120 568 1
1 24.58 12.5 2 9 4 0.875 1 0 0 1 2 260 1 0
0 22.42 5.66 2 11 4 2.585 1 1 7 0 2 129 3258 1
0 24.5 1.04 1 1 1 0.5 1 1 3 0 2 180 148 0
1 37.5 1.75 1 8 5 0.25 1 0 0 1 2 164 401 0
0 17.32 9.5 2 6 4 1.75 0 1 10 1 2 0 11 0
1 39.33 5.87 2 13 8 10 1 1 14 1 2 399 1 1
1 26.67 1.75 1 8 4 1 1 1 5 1 2 160 5778 1
1 56.75 12.25 2 7 4 1.25 1 1 4 1 2 200 1 1
1 19 1.75 1 8 4 2.335 0 0 0 1 2 112 7 0
1 28.67 14.5 2 2 4 0.125 0 0 0 0 2 0 287 0
0 64.08 0.16 2 1 1 0 1 1 1 0 2 232 101 1
1 22.67 0.75 2 3 4 1.585 0 1 1 1 2 400 10 0
0 17.92 0.54 2 8 4 1.75 0 1 1 1 2 80 6 0
0 39.08 4 2 8 4 3 0 0 0 0 2 480 1 0
1 40.58 1.5 2 3 5 0 0 0 0 0 1 300 1 0
1 31.92 4.46 2 13 8 6.04 1 1 3 0 2 311 301 1
0 32 6 2 2 4 1.25 0 0 0 0 2 272 1 0
1 27.25 1.58 2 13 8 1.835 1 1 12 1 2 583 714 1
1 21.83 0.25 2 2 8 0.665 1 0 0 1 2 0 1 1
1 31.58 0.75 1 6 4 3.5 0 0 0 1 2 320 1 0
1 19.67 10 1 4 8 0.835 1 0 0 1 2 140 1 0
1 18.82 0.41 1 8 4 0.165 0 1 1 0 2 200 2 0
1 19.17 4 1 3 4 1 0 0 0 1 2 360 1001 0
1.234 22.08 11.46 2 4 4 1.585 0 0 0 1 2 100 1213 0
1 13.75 4 1 9 4 1.75 1 1 2 1 2 120 1001 1
1 37.33 6.5 2 7 8 4.25 1 1 12 1 2 93 1 1
1 43 0.28 1 13 8 1.75 1 1 8 0 2 100 376 1
1 31.67 0.83 2 14 4 1.335 1 1 8 1 2 303 3291 1
1 13.75 4 1 9 4 1.75 1 1 2 1 2 120 1001 1
0 55.75 7.08 2 4 8 6.75 1 1 3 1 2 100 51 0
1 43.08 0.37 1 8 4 0.375 1 1 8 1 2 300 163 1
0 16 0.16 2 6 4 1 0 1 2 1 2 320 2 0
0 28.67 1.04 2 8 4 2.5 1 1 5 1 2 300 1431 1
0 26.08 8.66 2 6 4 1.415 1 0 0 0 2 160 151 1
1 25.75 0.75 2 8 5 0.25 1 0 0 0 2 349 24 1
1 22.67 1.58 1 9 4 3.085 1 1 6 0 2 80 1 1
1 36.33 2.12 1 9 4 0.085 1 1 1 0 2 50 1188 1
1 42.83 1.25 2 7 4 13.875 0 1 1 1 2 352 113 0
1 34.92 5 2 14 8 7.5 1 1 6 1 2 0 1001 1
0 15.83 7.62 2 11 4 0.125 0 1 1 1 2 0 161 0
0 25.17 2.87 2 14 8 0.875 1 0 0 0 2 360 1 1
0 22.42 5.66 2 11 4 2.585 1 1 7 0 2 129 3258 1
0 28.08 15 1 10 9 0 1 0 0 0 2 0 13213 1
0 38.25 6 2 4 4 1 1 0 0 1 2 0 1 1
1 25.67 3.25 2 8 8 2.29 0 1 1 1 2 416 22 0
1 69.17 9 2 1 1 4 0 1 1 0 2 70 7 0
1 19.32 10.91 2 8 5 0.585 0 1 2 1 2 200 8 0
1 18.82 3.54 1 1 1 0 0 0 0 1 2 180 2 0
1 26.17 0.83 2 13 4 1.165 0 0 0 0 2 100 1 0
1 15.17 7 2 10 4 1 0 0 0 0 2 600 1 0
1 26.92 2.25 2 3 5 0.5 0 0 0 1 2 640 4001 0
0 37.33 2.5 2 3 8 0.21 0 0 0 0 2 260 247 0
0 17.92 0.54 2 8 4 1.75 0 1 1 1 2 80 6 0
1 25.67 12.5 2 13 4 1.21 1 1 67 1 2 140 259 1
0 28.08 15 1 10 9 0 1 0 0 0 2 0 13213 1
0 40.83 10 2 11 8 1.75 1 0 0 0 2 29 838 1
1 16 3.12 2 9 4 0.085 0 1 1 0 2 0 7 0
1 19.67 10 1 4 8 0.835 1 0 0 1 2 140 1 0
1 51.33 10 2 3 5 0 1 1 11 0 2 0 1250 1
0 18.57 10 2 2 4 0.415 0 0 0 0 2 80 43 0
0 44.17 6.66 2 11 4 7.375 1 1 3 1 2 0 1 1
1 20.5 2.41 2 8 4 2 1 1 11 1 2 200 3001 1
0 20.75 9.53 2 3 4 0.04 0 0 0 0 2 200 1001 0
0 52.83 15 2 8 4 5.5 1 1 14 0 2 0 2201 1
1 24.08 9 2 6 4 0.25 0 0 0 1 2 0 1 0
0 58.33 10 2 11 4 4 1 1 14 0 2 0 1603 1
0 19.17 5.41 2 3 8 0.29 0 0 0 0 2 80 485 0
1 24.5 13.33 1 6 4 0.04 0 0 0 1 2 120 476 0
1 31.83 2.5 2 6 4 7.5 1 0 0 1 2 523 1 0
1 52.5 6.5 2 4 4 6.29 1 1 15 0 2 0 11203 1
1 23.92 0.58 1 13 8 0.125 0 0 0 0 2 240 2 0
1 29.92 1.83 2 8 8 4.335 1 0 0 0 2 260 201 1
1 25 11.25 2 8 4 2.5 1 1 17 0 2 200 1209 1
1 19.67 10 1 4 8 0.835 1 0 0 1 2 140 1 0
1 29.5 0.57 2 9 4 0.29 0 1 1 0 2 340 2804 0
1 20 1.25 1 4 4 0.125 0 0 0 0 2 140 5 0
1 31.25 1.12 2 1 1 0 0 1 1 0 2 96 20 0
1 31.57 0.62 2 4 4 0.25 0 0 0 0 2 380 2011 0
1 34.25 1.75 2 9 5 0.25 1 0 0 1 2 163 1 0
1 39.17 2.5 1 3 8 10 0 0 0 1 1 200 1 0
1 24.5 13.33 1 6 4 0.04 0 0 0 1 2 120 476 0
0 15.75 0.37 2 8 4 1 0 0 0 0 2 120 19 0
0 35.17 3.75 2 1 1 0 0 1 6 0 2 0 201 0
0 25.25 13.5 1 1 1 2 0 1 1 1 2 200 2 0
0 16.32 0.21 2 6 4 0.125 0 0 0 0 2 200 2 0
0 33.08 4.62 2 11 8 1.625 1 1 2 0 2 0 1 1
1 33.58 0.33 1 13 4 0.085 0 0 0 0 2 180 1 0
1 48.08 6.04 2 4 4 0.04 0 0 0 0 2 0 2691 1
0 21.08 5 1 1 1 0 0 0 0 0 2 0 1 0
1 36.33 3.79 2 9 4 1.165 1 0 0 1 2 200 1 0
1 23.08 0 2 4 4 1 0 1 11 0 1 0 1 0
1 22.67 1.58 1 9 4 3.085 1 1 6 0 2 80 1 1
0 28.75 3.75 2 8 4 1.085 1 1 1 1 2 371 1 1
1 26.17 0.83 2 13 4 1.165 0 0 0 0 2 100 1 0
1 31.57 4 2 14 4 5 1 1 3 1 2 290 2280 1
0 28.5 3.04 1 14 8 2.54 1 1 1 0 2 70 1 1
0 36.58 0.28 2 1 1 0 0 1 10 0 2 200 19 0
1 25 12 2 4 4 2.25 1 1 2 1 2 120 6 0
1 27.75 1.29 2 4 8 0.25 0 0 0 1 1 140 1 0
1 44 2 2 7 4 1.75 1 1 2 1 2 0 16 1
1 57.83 7.04 2 7 4 14 1 1 6 1 2 360 1333 1
1 43.08 0.37 1 8 4 0.375 1 1 8 1 2 300 163 1
1 36.42 0.75 1 2 4 0.585 0 0 0 0 2 240 4 0

