1 34.67 1.08 2 7 4 1.165 0 0 0 0 1 28 1 0
1 47.67 0.28 2 8 5 15 1 1 20 0 2 0 15001 1
0 18.25 10 2 9 4 1 0 1 1 0 2 120 2 0
1 22.92 3.16 1 8 4 0.165 0 0 0 0 2 160 1059 0
1 26.75 1.12 2 14 8 1.25 1 0 0 0 2 0 5299 1
1 21.08 10.08 1 10 8 1.25 0 0 0 0 2 260 1 0
1 23.42 1 2 8 4 0.5 0 0 0 1 1 280 1 0
1 37.58 0 2 8 4 0 0 0 0 0 3 184 1 1
1 57.83 7.04 2 7 4 14 1 1 6 1 2 360 1333 1
1 31.58 0.75 1 6 4 3.5 0 0 0 1 2 320 1 0
1 28.75 1.16 2 4 4 0.5 1 0 0 0 1 280 1 0
1 27.83 1.5 2 9 4 2.25 0 1 1 1 2 100 4 0
1 19 1.75 1 8 4 2.335 0 0 0 1 2 112 7 0
1 35.25 16.5 1 8 4 4 1 0 0 0 2 80 1 0
1 31.42 15.5 2 8 4 0.5 1 0 0 0 2 120 1 0
0 45.33 1 2 11 4 0.125 0 0 0 1 2 263 1 0
1 43.17 5 2 3 5 2.25 0 0 0 1 2 141 1 0
1 25.42 0.54 2 9 4 0.165 0 1 1 0 2 272 445 0
0 16.5 1.25 2 11 4 0.25 0 1 1 0 2 108 99 0
1 23.92 0.58 1 13 8 0.125 0 0 0 0 2 240 2 0
1 67.75 5.5 2 10 9 13 1 1 1 1 2 0 1 1
0 47.42 8 2 10 5 6.5 1 1 6 0 2 375 51101 1
1 22.67 0.75 2 3 4 1.585 0 1 1 1 2 400 10 0
1 34.75 15 2 12 7 5.375 1 1 9 1 2 0 135 1
1 52.42 1.5 2 2 4 3.75 0 0 0 1 2 0 351 0
1 41.5 1.54 2 3 5 3.5 0 0 0 0 2 216 1 1
1 32 1.75 1 10 8 0.04 1 0 0 1 2 393 1 1
1 27 0.75 2 8 8 4.25 1 1 3 1 2 312 151 1
1 37.33 2.66 2 13 4 0.165 0 0 0 1 2 0 502 0
1 57.42 8.5 2 10 8 7 1 1 3 0 2 0 1 1
0 20.67 3 2 11 4 0.165 1 1 3 0 2 100 7 1
0 22.67 3.8 2 8 4 0.165 0 0 0 0 2 160 1 0
1 36.5 4.25 2 11 4 3.5 0 0 0 0 2 454 51 0
1 26.17 0.25 2 3 5 0 1 0 0 1 2 0 1 1
0 20.42 10.5 1 14 8 0 0 0 0 1 2 154 33 0
1 37.5 0.83 2 10 4 0.04 0 0 0 0 2 120 6 0
1 23.92 0.58 1 13 8 0.125 0 0 0 0 2 240 2 0
1 24.58 13.5 1 1 1 0 0 0 0 0 2 184 1 0
1 21.17 0.25 1 8 8 0.25 0 0 0 0 2 280 205 0
1 27.83 1.54 2 9 4 3.75 1 1 5 1 2 100 4 1
1 25.67 0.28 1 8 4 1.5 0 0 0 1 2 160 1 0
1 29.42 1.25 2 8 8 0.25 0 1 2 1 2 400 109 0
1 69.17 9 2 1 1 4 0 1 1 0 2 70 7 0
1 43.08 0.37 1 8 4 0.375 1 1 8 1 2 300 163 1
1 54.33 6.75 2 8 8 2.625 1 1 11 1 2 0 285 1
1 41.42 5 2 11 8 5 1 1 6 1 2 470 1 1
1 37.5 1.75 1 8 5 0.25 1 0 0 1 2 164 401 0
1 51.83 3 1 1 1 1.5 0 0 0 0 2 180 5 0
0 41 2.04 1 11 8 0.125 1 1 23 1 2 455 1237 1
1 32.92 2.5 2 6 4 1.75 0 1 2 1 2 720 1 0
1 36.17 18.12 2 9 4 0.085 0 0 0 0 2 320 3553 0
0 25 12.33 2 13 8 3.5 1 1 6 0 2 400 459 1
0 37.75 5.5 2 11 4 0.125 1 0 0 1 2 228 1 1
1 21.92 0.5 2 8 4 0.125 0 0 0 0 2 360 1 0
0 68.67 15 2 10 9 0 1 1 14 0 2 0 3377 1
1 44.33 0.5 2 3 8 5 1 0 0 1 2 320 1 1
0 22.67 3.8 2 8 4 0.165 0 0 0 0 2 160 1 0
0 50.25 0.83 2 6 4 0.5 0 0 0 1 2 240 118 0
0 20.83 0.5 1 10 2 1 0 0 0 0 2 260 1 0
1 28.67 9.33 2 11 8 5.665 1 1 6 0 2 381 169 1
1 16.32 4.08 2 3 8 0.415 0 0 0 1 2 120 1 0
1 21.58 0.79 1 13 4 0.665 0 0 0 0 2 160 1 0
1 49.58 19 2 1 1 0 1 1 1 0 2 94 1 0
1 25.25 1 2 6 4 0.5 0 0 0 0 2 200 1 0
0 33.25 3 1 6 4 2 0 0 0 0 2 180 1 0
1 63.33 0.54 2 8 4 0.585 1 1 3 1 2 180 1 0
1 27.58 3.25 1 11 8 5.085 0 1 2 1 2 369 2 0
1 17.07 3.29 2 3 4 0.335 0 0 0 1 2 140 3 0
0 25.42 1.12 2 11 4 1.29 1 1 2 0 2 200 1 0
1 36.5 4.25 2 11 4 3.5 0 0 0 0 2 454 51 0
1 28.33 5 2 9 4 11 1 0 0 1 2 70 1 1
0 58.67 4.46 2 11 8 3.04 1 1 6 0 2 43 561 1
1 31 2.08 2 8 4 0.085 0 0 0 0 2 300 1 0
0 27.17 1.25 2 1 1 0 0 1 1 0 2 92 301 0
0 39.08 4 2 8 4 3 0 0 0 0 2 480 1 0
0 24.92 1.25 2 1 1 0 1 0 0 0 2 80 1 0
0 32 6 2 2 4 1.25 0 0 0 0 2 272 1 0
1 22.17 12.12 2 8 4 3.335 0 1 2 1 2 180 174 0
0 31.75 3 1 5 3 0 0 0 0 0 2 160 21 0
1 37.33 6.5 2 7 8 4.25 1 1 12 1 2 93 1 1
1 33.17 1.04 2 12 8 6.5 1 0 0 1 2 164 31286 1
1 20.42 7 2 8 4 1.625 1 1 3 0 2 200 1392 1
0 30.58 10.66 2 11 8 0.085 0 1 12 1 2 129 4 0
0 20.07 0.12 2 11 4 1 0 1 1 0 2 240 769 1
1 29.67 0.75 1 8 4 0.04 0 0 0 0 2 240 1 0
1 23.58 1.79 2 8 4 0.54 0 0 0 1 2 136 2 0
1 54.42 0.5 1 4 8 3.96 1 0 0 0 2 180 315 1
1 16.17 0.04 2 8 4 0.04 0 0 0 0 2 0 1 1
1 24.58 12.5 2 9 4 0.875 1 0 0 1 2 260 1 0
1 21.33 7.5 2 6 4 1.415 1 1 1 0 2 80 9801 1
1 64.08 20 2 14 8 17.5 1 1 9 1 2 0 1001 1
1 51.58 15 2 8 4 8.5 1 1 9 0 2 0 1 1
1 25.75 0.75 2 8 5 0.25 1 0 0 0 2 349 24 1
0 36 1 2 8 4 2 1 1 11 0 2 0 457 1
0 19.5 0.16 2 11 4 0.04 0 0 0 1 2 380 1 0
1 35.17 2.5 2 4 4 4.5 1 1 7 0 2 150 1271 1
1 53.92 9.62 2 10 4 8.665 1 1 5 0 2 0 1 1
1 18.17 2.46 2 8 7 0.96 0 1 2 1 2 160 588 0
0 44.17 6.66 2 11 4 7.375 1 1 3 1 2 0 1 1
1 33.75 2.75 2 3 5 0 0 0 0 0 2 180 1 0
0 65.17 14 2 1 1 0 1 1 11 1 2 0 1401 1
1 21.33 10.5 2 8 4 3 1 0 0 1 2 0 1 1
0 24.75 12.5 2 6 4 1.5 1 1 12 1 2 120 568 1
1 18.42 10.41 1 6 4 0.125 1 0 0 0 2 120 376 0
1 19.17 4 1 3 4 1 0 0 0 1 2 360 1001 0
1 21.17 0.87 1 8 8 0.25 0 0 0 0 2 280 205 0
1 23.75 12 2 8 4 2.085 0 0 0 0 1 80 1 0
1 31.08 3.08 2 8 4 2.5 0 1 2 1 2 160 42 0
0 68.67 15 2 10 9 0 1 1 14 0 2 0 3377 1
1 30.33 0.5 2 2 8 0.085 0 0 0 1 1 252 1 0
1 36.33 2.12 1 9 4 0.085 1 1 1 0 2 50 1188 1
1 36.17 18.12 2 9 4 0.085 0 0 0 0 2 320 3553 0
0 45.83 10.5 2 11 4 5 1 1 7 1 2 0 1 1
1 29.25 14.79 2 6 4 5.04 1 1 5 1 2 168 1 1
1 21.17 0.25 1 8 8 0.25 0 0 0 0 2 280 205 0
0 24.5 12.75 2 8 5 4.75 1 1 2 0 2 73 445 1
1 31.57 5 1 6 4 8.5 1 0 0 0 2 0 1 0
0 23.42 0.79 1 11 4 1.5 1 1 2 1 2 80 401 1
1 34.08 6.5 2 6 4 0.125 1 0 0 1 2 443 1 0
1 31.57 3 1 3 5 7 0 0 0 0 2 0 2 0
1 22.58 10.03 2 14 4 0.04 1 1 9 0 2 60 397 1
1 32.83 2.5 2 13 8 2.75 1 1 6 0 2 160 2073 1
1 20.5 2.41 2 8 4 2 1 1 11 1 2 200 3001 1
1 28.25 5.12 2 14 4 4.75 1 1 2 0 2 420 8 1
0 24.5 2.41 1 8 4 0 0 0 0 0 2 120 1 0
1 27.25 1.66 2 13 8 5.085 1 1 9 0 2 399 828 1
1 36.08 2.54 2 1 1 0 0 0 0 0 2 0 1001 0
1 19.5 0.28 2 4 4 0.29 0 0 0 0 2 280 365 0
1 18.82 3.54 1 1 1 0 0 0 0 1 2 180 2 0
1 36.67 4.41 1 4 4 0.25 1 1 10 1 2 320 1 1
0 38.58 5 2 13 4 13.5 1 0 0 1 2 980 1 0
0 35.17 3.75 2 1 1 0 0 1 6 0 2 0 201 0
1 20.17 9.25 2 8 4 1.665 1 1 3 1 2 40 29 1
0 17.92 10.21 2 1 1 0 0 0 0 0 2 0 51 0
1 48.75 26.33 1 1 1 0 1 0 0 1 2 0 1 0
0 44.17 6.66 2 11 4 7.375 1 1 3 1 2 0 1 1
0 47 13 2 3 5 5.165 1 1 9 1 2 0 1 1
1 36.42 0.75 1 2 4 0.585 0 0 0 0 2 240 4 0
1 28.25 5.12 2 14 4 4.75 1 1 2 0 2 420 8 1
0 33.08 1.62 2 2 4 0.54 0 0 0 1 2 0 1 0
1 25.67 12.5 2 13 4 1.21 1 1 67 1 2 140 259 1
1 48.33 12 2 7 4 16 1 0 0 0 1 110 1 1
1 19.5 0.28 2 4 4 0.29 0 0 0 0 2 280 365 0
1 56 12.5 2 4 8 8 1 0 0 1 2 24 2029 1
1 23.5 3.16 1 4 4 0.415 0 1 1 1 2 280 81 0
1 31.57 0.37 2 2 4 0.875 1 0 0 1 1 928 1 0
1 51.33 10 2 3 5 0 1 1 11 0 2 0 1250 1
1 22.92 3.16 1 8 4 0.165 0 0 0 0 2 160 1059 0
0 18.82 9.5 2 9 4 1.625 1 1 6 1 2 40 601 1
0 41.58 1.04 2 6 4 0.665 0 0 0 0 2 240 238 0
1 51.83 3 1 1 1 1.5 0 0 0 0 2 180 5 0
0 19.5 0.16 2 11 4 0.04 0 0 0 1 2 380 1 0
1 18.32 1.21 1 10 2 0 0 0 0 0 2 100 1 0
1 43 0.28 1 13 8 1.75 1 1 8 0 2 100 376 1
0 21.08 5 1 1 1 0 0 0 0 0 2 0 1 0
1 24.08 9 2 6 4 0.25 0 0 0 1 2 0 1 0
1 51.42 0.04 2 14 8 0.04 1 0 0 0 2 0 3001 1
1 22.58 10.03 2 14 4 0.04 1 1 9 0 2 60 397 1
1 20.42 7 2 8 4 1.625 1 1 3 0 2 200 1392 1
1 36.42 0.75 1 2 4 0.585 0 0 0 0 2 240 4 0
1 44.25 11 1 2 4 1.5 1 0 0 0 1 0 1 0
1 28 3 2 9 4 0.75 0 0 0 1 2 300 68 0
0 23.58 11.5 1 4 8 3 0 0 0 1 2 20 17 0
1 24.58 12.5 2 9 4 0.875 1 0 0 1 2 260 1 0
0 47 13 2 3 5 5.165 1 1 9 1 2 0 1 1
1 32.08 4 1 13 4 1.5 0 0 0 1 2 120 1 0
1 31.25 1.12 2 1 1 0 0 1 1 0 2 96 20 0
1 74.83 19 1 1 1 0.04 0 1 2 0 2 0 352 0
0 25.25 13.5 1 1 1 2 0 1 1 1 2 200 2 0
0 27.67 2.04 2 9 4 0.25 0 0 0 1 2 180 51 0
1 41.92 0.42 2 8 8 0.21 1 1 6 0 2 220 949 1
1 27.83 1.54 2 9 4 3.75 1 1 5 1 2 100 4 1
1 31.57 4 2 14 4 5 1 1 3 1 2 290 2280 1
0 23.58 0.58 1 1 1 0.125 0 0 0 0 2 120 88 0
1 44.25 0.5 2 7 4 10.75 1 0 0 0 1 400 1 0
0 22.92 11.58 2 13 4 0.04 1 0 0 0 2 80 1350 1
1 24.5 13.33 1 6 4 0.04 0 0 0 1 2 120 476 0
1 52.5 6.5 2 4 4 6.29 1 1 15 0 2 0 11203 1
1 28.25 0.87 2 7 4 0.96 1 1 3 1 2 396 1 1
0 23.58 0.58 1 1 1 0.125 0 0 0 0 2 120 88 0
0 18.07 0.37 3 13 1 10 0 0 0 1 1 300 1 1
0 33.67 0.37 2 13 4 0.375 0 0 0 0 2 300 45 1
0 27.58 3 2 7 4 2.79 0 1 1 1 2 280 11 0
1 27.25 0.62 2 6 4 0.455 1 0 0 1 2 200 1 0
1 23.92 0.66 2 8 4 0.165 0 0 0 0 2 100 1 1
0 20.75 9.53 2 3 4 0.04 0 0 0 0 2 200 1001 0
0 25.25 13.5 1 1 1 2 0 1 1 1 2 200 2 0
1 21.92 0.54 1 14 4 0.04 1 1 1 1 2 840 60 1
1 53.92 9.62 2 10 4 8.665 1 1 5 0 2 0 1 1
0 24.5 12.75 2 8 5 4.75 1 1 2 0 2 73 445 1
1 23.17 0 2 13 4 0.085 1 0 0 0 2 0 1 1
1 19 0 1 1 1 0 0 1 4 0 2 45 2 0
1 27.83 1.54 2 9 4 3.75 1 1 5 1 2 100 4 1
1 20 1.25 1 4 4 0.125 0 0 0 0 2 140 5 0
1 23.17 0 2 13 4 0.085 1 0 0 0 2 0 1 1
1 31.92 4.46 2 13 8 6.04 1 1 3 0 2 311 301 1
1 26.92 2.25 2 3 5 0.5 0 0 0 1 2 640 4001 0
0 25.08 2.54 1 6 4 0.25 1 0 0 1 2 370 1 1
1 16.32 2.75 2 6 4 0.665 0 1 1 0 2 80 22 0
1 30.17 0.5 2 8 4 1.75 1 1 11 0 2 32 541 1
1 16 3.12 2 9 4 0.085 0 1 1 0 2 0 7 0
1 24.5 13.33 1 6 4 0.04 0 0 0 1 2 120 476 0
1 39.33 5.87 2 13 8 10 1 1 14 1 2 399 1 1
1 42 0.2 2 3 8 5.125 1 0 0 0 2 400 1 1
1 27.42 12.5 2 6 5 0.25 0 0 0 1 2 720 1 0
1 27.25 1.58 2 13 8 1.835 1 1 12 1 2 583 714 1
0 64.08 0.16 2 1 1 0 1 1 1 0 2 232 101 1
0 19.17 0.58 1 6 4 0.585 1 0 0 1 2 160 1 0
1 58.58 2.71 2 8 4 2.415 0 0 0 1 2 320 1 0
1 20 0 2 2 4 0.5 0 0 0 0 2 144 1 0
1 34.83 2.5 1 9 4 3 0 0 0 0 1 200 1 0
1 27.67 0.75 2 11 8 0.165 0 0 0 1 2 220 252 0
1 42.75 4.08 2 6 4 0.04 0 0 0 0 2 108 101 0
0 15.75 0.37 2 8 4 1 0 0 0 0 2 120 19 0
1 22 0.79 2 9 4 0.29 0 1 1 0 2 420 284 0
1.234 22.08 11.46 2 4 4 1.585 0 0 0 1 2 100 1213 0
1 26.83 0.54 2 4 1 0 0 0 0 0 2 100 1 0
1 30.83 0 2 9 4 1.25 1 1 1 0 2 202 1 1
0 35.75 0.91 2 6 4 0.75 1 1 4 0 2 0 1584 1
0 19.5 0.16 2 11 4 0.04 0 0 0 1 2 380 1 0

