1 31.57 0.04 1 2 4 4.25 0 0 0 1 2 460 1 0
0 18.82 4.41 1 8 8 3 1 0 0 0 2 240 1 1
1 24.58 13.5 1 1 1 0 0 0 0 0 2 184 1 0
0 60.58 16.5 2 11 4 11 1 0 0 1 2 21 10562 1
1 25.5 0.37 2 7 4 0.25 1 1 3 0 2 260 15109 1
1 20.67 0.83 1 8 4 2 0 0 0 1 1 240 1 0
1 39.92 5 2 3 5 0.21 0 0 0 0 2 550 1 0
1 80.25 5.5 2 8 4 0.54 1 0 0 0 2 0 341 0
0 35.17 3.75 2 1 1 0 0 1 6 0 2 0 201 0
1 26 1 2 11 4 1.75 1 0 0 1 2 280 1 1
1 39 5 2 13 4 3.5 1 1 10 1 2 0 1 1
1 33.17 3.04 1 8 8 2.04 1 1 1 1 2 180 18028 1
1 29.92 1.83 2 8 8 4.335 1 0 0 0 2 260 201 1
1 20.67 0.41 2 8 4 0.125 0 0 0 0 2 0 45 0
0 26.17 2 2 5 3 0 0 0 0 1 2 276 2 0
1 43.25 3 2 11 8 6 1 1 11 0 2 80 1 1
1 39.92 5 2 3 5 0.21 0 0 0 0 2 550 1 0
1 25.67 12.5 2 13 4 1.21 1 1 67 1 2 140 259 1
0 16.5 1.25 2 11 4 0.25 0 1 1 0 2 108 99 0
1 34.5 4.04 1 3 5 8.5 1 1 7 1 2 195 1 1
0 28.08 15 1 10 9 0 1 0 0 0 2 0 13213 1
0 24.75 13.66 2 11 8 1.5 0 0 0 0 2 280 2 0
1 27.25 0.62 2 6 4 0.455 1 0 0 1 2 200 1 0
1 15.17 7 2 10 4 1 0 0 0 0 2 600 1 0
1 25.25 1 2 6 4 0.5 0 0 0 0 2 200 1 0
1 43.17 5 2 3 5 2.25 0 0 0 1 2 141 1 0
0 45.33 1 2 11 4 0.125 0 0 0 1 2 263 1 0
1 54.33 6.75 2 8 8 2.625 1 1 11 1 2 0 285 1
0 21.67 11.5 1 5 3 0 1 1 11 1 2 0 1 1
1 37.5 0.83 2 10 4 0.04 0 0 0 0 2 120 6 0
0 68.67 15 2 10 9 0 1 1 14 0 2 0 3377 1
1 60.08 14.5 2 1 1 18 1 1 15 1 2 0 1001 1
1 35.25 16.5 1 8 4 4 1 0 0 0 2 80 1 0
1 21.33 10.5 2 8 4 3 1 0 0 1 2 0 1 1
1 20.5 10 1 8 4 2.5 1 0 0 0 1 40 1 1
1 32.33 3.5 2 4 4 0.5 0 0 0 1 2 232 1 0
1 58.58 2.71 2 8 4 2.415 0 0 0 1 2 320 1 0
1 43.08 0.37 1 8 4 0.375 1 1 8 1 2 300 163 1
0 18.07 0.37 3 13 1 10 0 0 0 1 1 300 1 1
1 40.58 3.29 2 7 4 3.5 0 0 0 1 1 400 1 0
0 26.92 13.5 2 11 8 5 1 1 2 0 2 0 5001 1
1 33.58 0.25 2 3 5 4 0 0 0 1 1 420 1 0
0 21.5 6 2 6 4 2.5 1 1 3 0 2 80 919 1
0 40.83 10 2 11 8 1.75 1 0 0 0 2 29 838 1
1 62.75 7 2 10 9 0 0 0 0 0 2 0 13 0
1 23 0.75 2 7 4 0.5 1 0 0 1 1 320 1 0
1 21.83 0.25 2 2 8 0.665 1 0 0 1 2 0 1 1
0 49 1.5 2 5 3 0 1 0 0 1 2 100 28 0
1 21.83 11 2 14 4 0.29 1 1 6 0 2 121 1 1
1 26.67 1.75 1 8 4 1 1 1 5 1 2 160 5778 1
1 54.83 15.5 2 10 9 0 1 1 20 0 2 152 131 0
1 27.75 1.29 2 4 8 0.25 0 0 0 1 1 140 1 0
0 18.82 9.5 2 9 4 1.625 1 1 6 1 2 40 601 1
1 20.67 1.25 1 8 8 1.375 1 1 3 1 2 140 211 0
0 36 1 2 8 4 2 1 1 11 0 2 0 457 1
1 29.5 0.57 2 9 4 0.29 0 1 1 0 2 340 2804 0
1 22.25 0.46 2 4 4 0.125 0 0 0 1 2 280 56 0
0 17.92 0.54 2 8 4 1.75 0 1 1 1 2 80 6 0
0 28.08 15 1 10 9 0 1 0 0 0 2 0 13213 1
1 44.25 11 1 2 4 1.5 1 0 0 0 1 0 1 0
1 30.58 2.71 1 7 4 0.125 0 0 0 1 1 80 1 0
1 41.42 5 2 11 8 5 1 1 6 1 2 470 1 1
1 23.33 1.5 2 8 8 1.415 1 0 0 0 2 422 201 1
1 37.5 1.12 1 2 4 1.5 0 0 0 1 2 431 1 1
0 23 1.83 2 5 3 0 0 1 1 0 2 200 54 0
0 30.42 1.37 2 9 8 0.04 0 1 3 0 2 0 34 0
1 34.5 4.04 1 3 5 8.5 1 1 7 1 2 195 1 1
1 24.08 9 2 6 4 0.25 0 0 0 1 2 0 1 0
1 52.33 1.37 1 8 8 9.46 1 0 0 1 2 200 101 0
0 25.58 0 2 8 4 0 0 0 0 0 3 184 1 1
0 33.67 0.37 2 13 4 0.375 0 0 0 0 2 300 45 1
1 21.67 1.16 1 4 4 2.5 1 1 1 0 2 180 21 0
1 23.25 12.62 2 8 4 0.125 0 1 2 0 2 0 5553 0
0 30.58 10.66 2 11 8 0.085 0 1 12 1 2 129 4 0
1 29.58 4.75 2 7 4 2 0 1 1 1 2 460 69 0
0 31.75 3 1 5 3 0 0 0 0 0 2 160 21 0
1 33.75 2.75 2 3 5 0 0 0 0 0 2 180 1 0
1 21.08 10.08 1 10 8 1.25 0 0 0 0 2 260 1 0
0 71.58 0 2 8 4 0 0 0 0 0 3 184 1 1
0 16 0.16 2 6 4 1 0 1 2 1 2 320 2 0
0 22.92 11.58 2 13 4 0.04 1 0 0 0 2 80 1350 1
1 33.67 2.16 2 8 4 1.5 0 0 0 0 3 120 1 0
0 52.17 0 1 1 1 0 0 0 0 0 2 0 1 0
1 21.17 0.87 1 8 8 0.25 0 0 0 0 2 280 205 0
0 27.58 3 2 7 4 2.79 0 1 1 1 2 280 11 0
1 51.58 15 2 8 4 8.5 1 1 9 0 2 0 1 1
1 19.32 10.91 2 8 5 0.585 0 1 2 1 2 200 8 0
1 23.25 1 2 8 4 0.835 1 0 0 0 1 300 1 1
1 56.75 12.25 2 7 4 1.25 1 1 4 1 2 200 1 1
0 27.67 2.04 2 9 4 0.25 0 0 0 1 2 180 51 0
1 23.75 12 2 8 4 2.085 0 0 0 0 1 80 1 0
1 80.25 5.5 2 8 4 0.54 1 0 0 0 2 0 341 0
1 40.58 5 2 8 4 5 1 1 7 0 2 0 3066 1
1 20.67 0.83 1 8 4 2 0 0 0 1 1 240 1 0
1 42 0.2 2 3 8 5.125 1 0 0 0 2 400 1 1
1 16.17 0.04 2 8 4 0.04 0 0 0 0 2 0 1 1
0 26.17 2 2 5 3 0 0 0 0 1 2 276 2 0
1 19.17 4 1 3 4 1 0 0 0 1 2 360 1001 0
0 19.5 0.16 2 11 4 0.04 0 0 0 1 2 380 1 0
1 48.75 8.5 2 8 8 12.5 1 1 9 0 2 181 1656 1
0 24.5 1.04 1 1 1 0.5 1 1 3 0 2 180 148 0
1 38.92 1.75 2 4 4 0.5 0 0 0 1 2 300 3 0
1 43.17 5 2 3 5 2.25 0 0 0 1 2 141 1 0
1 28.25 5.12 2 14 4 4.75 1 1 2 0 2 420 8 1
1 31.83 0.04 1 7 4 0.04 0 0 0 0 2 0 1 0
1 18.07 5.5 2 4 4 0.5 1 0 0 0 2 80 1 1
0 22.42 5.66 2 11 4 2.585 1 1 7 0 2 129 3258 1
0 40.33 7.54 1 11 8 8 1 1 14 0 2 0 2301 1
0 27.25 0.28 2 7 8 0.125 0 1 1 1 2 272 109 0
0 21.75 11.75 2 8 4 0.25 0 0 0 1 2 180 1 0
0 19.17 8.58 2 13 8 0.75 1 1 7 0 2 96 1 1
1 29.5 0.57 2 9 4 0.29 0 1 1 0 2 340 2804 0
1 17.67 4.46 2 8 4 0.25 0 0 0 0 1 80 1 0
1 39.92 0.54 1 6 4 0.5 1 1 3 0 2 200 1001 1
1 23.58 0.46 1 9 4 2.625 1 1 6 1 2 208 348 0
1 24.58 13.5 1 1 1 0 0 0 0 0 2 184 1 0
1 32.33 3.5 2 4 4 0.5 0 0 0 1 2 232 1 0
1 19.17 0 1 7 5 0 0 0 0 1 1 500 2 1
1 44.25 11 1 2 4 1.5 1 0 0 0 1 0 1 0
1 21 4.79 1 9 4 2.25 1 1 1 1 2 80 301 1
0 20.5 11.83 2 8 8 6 1 0 0 0 2 340 1 1
1 22.92 0.17 2 7 4 0.085 0 0 0 0 1 0 1 0
1 21 3 1 2 4 1.085 1 1 8 1 2 160 2 1
1 18.5 2 2 3 4 1.5 1 1 2 0 2 120 301 1
0 52.83 15 2 8 4 5.5 1 1 14 0 2 0 2201 1
0 18.07 0.37 3 13 1 10 0 0 0 1 1 300 1 1
1 36.33 3.79 2 9 4 1.165 1 0 0 1 2 200 1 0
1 23 0.75 2 7 4 0.5 1 0 0 1 1 320 1 0
1 41 0.04 2 10 4 0.04 0 1 1 0 1 560 1 1
1 41.92 0.42 2 8 8 0.21 1 1 6 0 2 220 949 1
1 27.83 1.54 2 9 4 3.75 1 1 5 1 2 100 4 1
1 37.5 0.83 2 10 4 0.04 0 0 0 0 2 120 6 0
1 21 4.79 1 9 4 2.25 1 1 1 1 2 80 301 1
1 43.17 2.25 2 3 5 0.75 1 0 0 0 2 560 1 0
1 28.75 1.16 2 4 4 0.5 1 0 0 0 1 280 1 0
0 34.83 1.25 1 3 8 0.5 0 0 0 1 2 160 1 0
1 56.75 12.25 2 7 4 1.25 1 1 4 1 2 200 1 1
1 43.25 3 2 11 8 6 1 1 11 0 2 80 1 1
0 24.75 3 2 11 8 1.835 1 1 19 0 2 0 501 1
1 36.5 4.25 2 11 4 3.5 0 0 0 0 2 454 51 0
1 36.67 3.25 2 11 8 9 1 0 0 1 2 102 640 1
0 24.08 0.5 2 11 8 1.25 1 1 1 0 2 0 679 1
1 28.25 0.87 2 7 4 0.96 1 1 3 1 2 396 1 1
1 23.25 1.5 2 11 4 2.375 1 1 3 1 2 0 583 1
1 22.67 1.58 1 9 4 3.085 1 1 6 0 2 80 1 1
1 41.17 1.25 1 9 4 0.25 0 0 0 0 2 0 196 0
1 36.33 3.79 2 9 4 1.165 1 0 0 1 2 200 1 0
1 39.5 1.62 2 8 4 1.5 0 0 0 0 2 0 317 0
1 16.32 2.75 2 6 4 0.665 0 1 1 0 2 80 22 0
1 40.25 21.5 2 10 9 20 1 1 11 0 2 0 1201 1
1 36.08 2.54 2 1 1 0 0 0 0 0 2 0 1001 0
0 20.67 1.83 2 11 4 2.085 1 1 5 0 2 220 2504 1
1 42 0.2 2 3 8 5.125 1 0 0 0 2 400 1 1
1 31.57 0.37 2 2 4 0.875 1 0 0 1 1 928 1 0
0 19.5 0.16 2 11 4 0.04 0 0 0 1 2 380 1 0
1 35.25 16.5 1 8 4 4 1 0 0 0 2 80 1 0
0 26.08 8.66 2 6 4 1.415 1 0 0 0 2 160 151 1
1 59.5 2.75 2 9 4 1.75 1 1 5 1 2 60 59 1
0 28.17 0.37 2 11 4 0.585 1 1 4 0 2 80 1 1
1 25.33 0.57 2 8 4 0.29 1 1 7 1 2 96 5125 1
0 32.33 0.54 2 13 4 0.04 1 0 0 0 2 440 11178 1
0 18.42 9.25 2 11 4 1.21 1 1 4 0 2 60 541 1
1 36.67 4.41 1 4 4 0.25 1 1 10 1 2 320 1 1
1 25.67 2.21 1 6 4 4 1 0 0 0 2 188 1 0
1 25.67 2.21 1 6 4 4 1 0 0 0 2 188 1 0
1 19.17 4 1 3 4 1 0 0 0 1 2 360 1001 0
1 51.33 10 2 3 5 0 1 1 11 0 2 0 1250 1
1 23 0.75 2 7 4 0.5 0 0 0 1 1 320 1 0
0 34.83 1.25 1 3 8 0.5 0 0 0 1 2 160 1 0
1 47.67 0.28 2 8 5 15 1 1 20 0 2 0 15001 1
1 19.17 9.5 2 9 4 1.5 1 0 0 0 2 120 2207 1
0 38.58 5 2 13 4 13.5 1 0 0 1 2 980 1 0
1 19.67 10 1 4 8 0.835 1 0 0 1 2 140 1 0
1 36.33 3.79 2 9 4 1.165 1 0 0 1 2 200 1 0
0 19.75 0.75 2 8 4 0.795 1 1 5 1 2 140 6 0
1 31.57 3 1 3 5 7 0 0 0 0 2 0 2 0
0 28.67 1.04 2 8 4 2.5 1 1 5 1 2 300 1431 1
1 35 3.37 2 8 8 8.29 0 0 0 1 2 0 1 0
0 30 5.29 2 10 2 2.25 1 1 5 1 2 99 501 1
0 18.82 9.5 2 9 4 1.625 1 1 6 1 2 40 601 1
1 43.17 5 2 3 5 2.25 0 0 0 1 2 141 1 0
0 47.42 8 2 10 5 6.5 1 1 6 0 2 375 51101 1
1 23.25 12.62 2 8 4 0.125 0 1 2 0 2 0 5553 0
0 22.67 0.79 2 3 4 0.085 0 0 0 0 2 144 1 0
1 21.25 1.5 2 9 4 1.5 0 0 0 0 2 150 9 1
1 21.25 1.5 2 9 4 1.5 0 0 0 0 2 150 9 1
0 33.67 0.37 2 13 4 0.375 0 0 0 0 2 300 45 1
1 25 12 2 4 4 2.25 1 1 2 1 2 120 6 0
1 32.33 3.5 2 4 4 0.5 0 0 0 1 2 232 1 0
1 52.5 6.5 2 4 4 6.29 1 1 15 0 2 0 11203 1
0 18.82 4.41 1 8 8 3 1 0 0 0 2 240 1 1
1 21.83 11 2 14 4 0.29 1 1 6 0 2 121 1 1
1 29.67 0.75 1 8 4 0.04 0 0 0 0 2 240 1 0
1 19.32 10.91 2 8 5 0.585 0 1 2 1 2 200 8 0
0 20.07 0.12 2 11 4 1 0 1 1 0 2 240 769 1
0 29.5 1.08 1 14 4 1 0 0 0 0 2 280 14 0
1 27 1.5 1 9 4 0.375 1 0 0 1 2 260 1066 1
1 30.83 0 2 9 4 1.25 1 1 1 0 2 202 1 1
0 25.58 0 2 8 4 0 0 0 0 0 3 184 1 1
1 19.5 9.58 2 6 4 0.79 0 0 0 0 2 80 351 0
0 58.67 4.46 2 11 8 3.04 1 1 6 0 2 43 561 1
0 17.92 0.54 2 8 4 1.75 0 1 1 1 2 80 6 0
1 18.82 0 2 11 4 0.665 0 0 0 0 2 160 2 0
0 24.75 3 2 11 8 1.835 1 1 19 0 2 0 501 1
0 20.42 10.5 1 14 8 0 0 0 0 1 2 154 33 0
1 25.17 3 2 8 4 1.25 0 1 1 0 2 0 23 0
1 21.33 7.5 2 6 4 1.415 1 1 1 0 2 80 9801 1
1 25.17 3 2 8 4 1.25 0 1 1 0 2 0 23 0
1 23.42 1 2 8 4 0.5 0 0 0 1 1 280 1 0
1 25.92 0.87 2 4 4 0.375 0 1 2 1 2 174 4 0
0 19.17 8.58 2 13 8 0.75 1 1 7 0 2 96 1 1
0 71.58 0 2 8 4 0 0 0 0 0 3 184 1 1
0 42.25 1.75 1 8 4 0 0 0 0 1 2 150 2 0
1 34.42 1.33 2 3 5 0.125 0 0 0 1 2 440 4501 0
1 47.67 0.28 2 8 5 15 1 1 20 0 2 0 15001 1
1 44.25 0.5 2 7 4 10.75 1 0 0 0 1 400 1 0
1 27.75 1.29 2 4 8 0.25 0 0 0 1 1 140 1 0
0 27.17 1.25 2 1 1 0 0 1 1 0 2 92 301 0
1 24.5 13.33 1 6 4 0.04 0 0 0 1 2 120 476 0
1 25.42 0.54 2 9 4 0.165 0 1 1 0 2 272 445 0

