1 48.33 12 2 7 4 16 1 0 0 0 1 110 1 1
1 35.17 2.5 2 4 4 4.5 1 1 7 0 2 150 1271 1
0 24.5 1.75 1 8 4 0.165 0 0 0 0 2 132 1 0
0 22.5 0.41 2 3 4 0.335 0 0 0 1 1 144 1 0
0 20.42 0.83 2 11 4 1.585 1 1 1 0 2 0 1 1
0 18.92 9.25 1 8 4 1 1 1 4 1 2 80 501 1
0 25 11 1 6 4 4.5 1 0 0 0 2 120 1 0
1 36.08 2.54 2 1 1 0 0 0 0 0 2 0 1001 0
1 30.75 1.58 2 2 4 0.585 0 0 0 1 1 0 1 0
1 40.92 0.83 2 1 1 0 1 0 0 0 2 130 2 0
1 36.33 2.12 1 9 4 0.085 1 1 1 0 2 50 1188 1
1 55.92 11.5 2 1 1 5 1 1 5 0 2 0 8852 1
0 20.83 0.5 1 10 2 1 0 0 0 0 2 260 1 0
1 31.57 0.62 2 4 4 0.25 0 0 0 0 2 380 2011 0
1 33.17 3.16 1 14 4 3.165 1 1 3 1 2 380 1 1
0 28.42 3.5 2 9 4 0.835 1 0 0 0 1 280 1 1
1 42.83 1.25 2 7 4 13.875 0 1 1 1 2 352 113 0
1 28.67 9.33 2 11 8 5.665 1 1 6 0 2 381 169 1
1 23.92 0.58 1 13 8 0.125 0 0 0 0 2 240 2 0
0 17.57 9 2 6 4 1.375 1 0 0 1 2 0 1 1
1 33.67 2.16 2 8 4 1.5 0 0 0 0 3 120 1 0
1 59.5 2.75 2 9 4 1.75 1 1 5 1 2 60 59 1
0 18.42 9.25 2 11 4 1.21 1 1 4 0 2 60 541 1
1 21.83 0.25 2 2 8 0.665 1 0 0 1 2 0 1 1
1 34 5.5 1 8 4 1.5 0 0 0 1 2 60 1 0
1 36.42 0.75 1 2 4 0.585 0 0 0 0 2 240 4 0
1 37.75 7 2 11 8 11.5 1 1 7 1 2 300 6 0
1 40.92 0.83 2 1 1 0 1 0 0 0 2 130 2 0
1 20.67 0.83 1 8 4 2 0 0 0 1 1 240 1 0
1 22.08 2.33 2 4 4 0.75 0 0 0 0 2 180 1 0
0 47.42 8 2 10 5 6.5 1 1 6 0 2 375 51101 1
1 52.33 1.37 1 8 8 9.46 1 0 0 1 2 200 101 0
1 28.25 0.87 2 7 4 0.96 1 1 3 1 2 396 1 1
1 36.17 5.5 2 3 5 5 0 0 0 0 2 210 688 0
0 39.08 4 2 8 4 3 0 0 0 0 2 480 1 0
1 44 2 2 7 4 1.75 1 1 2 1 2 0 16 1
1 23.08 11.5 2 3 4 3.5 1 1 9 0 2 56 743 1
1 44.25 0.5 2 7 4 10.75 1 0 0 0 1 400 1 0
1 48.75 26.33 1 1 1 0 1 0 0 1 2 0 1 0
0 36.75 5.12 2 10 4 5 1 0 0 1 2 0 4001 1
1 43.25 25.21 2 11 8 0.21 1 1 1 0 2 760 91 0
1 38.42 0.7 2 8 4 0.375 0 1 2 0 2 225 501 0
1 23.25 4 2 8 5 0.25 1 0 0 1 2 160 1 1
1 20.67 1.25 1 8 8 1.375 1 1 3 1 2 140 211 0
1 28 2 2 4 8 4.165 1 1 2 1 2 181 1 1
1 64.08 20 2 14 8 17.5 1 1 9 1 2 0 1001 1
1 40.92 0.5 1 7 4 0.5 0 0 0 1 2 130 1 0
0 32 6 2 2 4 1.25 0 0 0 0 2 272 1 0
1 38.25 10.12 1 4 4 0.125 0 0 0 0 2 160 1 0
1 25.42 0.54 2 9 4 0.165 0 1 1 0 2 272 445 0
1 37.33 6.5 2 7 8 4.25 1 1 12 1 2 93 1 1
1 21.83 11 2 14 4 0.29 1 1 6 0 2 121 1 1
0 52.83 15 2 8 4 5.5 1 1 14 0 2 0 2201 1
1 20.5 2.41 2 8 4 2 1 1 11 1 2 200 3001 1
1 34.17 2.75 2 3 5 2.5 0 0 0 1 2 232 201 0
1 26.17 0.83 2 13 4 1.165 0 0 0 0 2 100 1 0
1 54.33 6.75 2 8 8 2.625 1 1 11 1 2 0 285 1
1 34.08 6.5 2 6 4 0.125 1 0 0 1 2 443 1 0
0 55.75 7.08 2 4 8 6.75 1 1 3 1 2 100 51 0
1 37.33 6.5 2 7 8 4.25 1 1 12 1 2 93 1 1
1 20 7 2 8 4 0.5 0 0 0 0 2 0 1 0
0 34.83 1.25 1 3 8 0.5 0 0 0 1 2 160 1 0
0 29.58 1.75 1 4 4 1.25 0 0 0 1 2 280 1 0
0 26.08 8.66 2 6 4 1.415 1 0 0 0 2 160 151 1
1 59.5 2.75 2 9 4 1.75 1 1 5 1 2 60 59 1
1 53.92 9.62 2 10 4 8.665 1 1 5 0 2 0 1 1
0 38.58 5 2 13 4 13.5 1 0 0 1 2 980 1 0
0 19.67 0.21 2 11 8 0.29 1 1 11 0 2 80 100 1
1 54.42 0.5 1 4 8 3.96 1 0 0 0 2 180 315 1
1 34.25 3 2 13 8 7.415 1 0 0 1 2 0 1 1
1 23.92 0.58 1 13 8 0.125 0 0 0 0 2 240 2 0
1 22.58 10.03 2 14 4 0.04 1 1 9 0 2 60 397 1
1 18.67 5 2 11 4 0.375 1 1 2 0 2 0 39 0
0 47.42 3 2 14 4 13.875 1 1 2 1 2 519 1705 1
1 22.17 0.58 1 1 1 0 0 0 0 0 2 100 1 0
1 44.83 7 1 8 4 1.625 0 0 0 0 2 160 3 0
1 21.33 7.5 2 6 4 1.415 1 1 1 0 2 80 9801 1
1 42.17 5.04 2 11 8 12.75 1 0 0 1 2 92 1 1
1 25.08 1.71 2 14 4 1.665 1 1 1 1 2 395 21 1
0 15.75 0.37 2 8 4 1 0 0 0 0 2 120 19 0
0 33.25 3 1 6 4 2 0 0 0 0 2 180 1 0
1 27.25 0.62 2 6 4 0.455 1 0 0 1 2 200 1 0
1 38.25 10.12 1 4 4 0.125 0 0 0 0 2 160 1 0
1 25 11.25 2 8 4 2.5 1 1 17 0 2 200 1209 1
0 28.17 0.37 2 11 4 0.585 1 1 4 0 2 80 1 1
0 68.67 15 2 10 9 0 1 1 14 0 2 0 3377 1
0 18.92 9.25 1 8 4 1 1 1 4 1 2 80 501 1
0 22.92 1.25 2 11 4 0.25 0 0 0 1 2 120 810 0
1 39.25 9.5 2 7 4 6.5 1 1 14 0 2 240 4608 1
0 50.25 0.83 2 6 4 0.5 0 0 0 1 2 240 118 0
0 29.5 2 1 10 8 2 0 0 0 0 2 256 18 0
1 39.17 1.71 2 14 4 0.125 1 1 5 1 2 480 1 1
1 16.25 0.83 2 7 4 0.085 1 0 0 0 1 200 1 0
1 51.83 2.04 1 1 1 1.5 0 0 0 0 2 120 2 0
1 34.08 6.5 2 6 4 0.125 1 0 0 1 2 443 1 0
1 28.25 5.04 1 8 5 1.5 1 1 8 1 2 144 8 1
1 31.83 0.04 1 7 4 0.04 0 0 0 0 2 0 1 0
1 29.92 1.83 2 8 8 4.335 1 0 0 0 2 260 201 1
1 22 0.79 2 9 4 0.29 0 1 1 0 2 420 284 0
0 28.67 1.04 2 8 4 2.5 1 1 5 1 2 300 1431 1
1 20 11.04 2 8 4 2 0 0 0 1 2 136 1 0
0 45.83 10.5 2 11 4 5 1 1 7 1 2 0 1 1
0 31.75 3 1 5 3 0 0 0 0 0 2 160 21 0
1 48.17 3.5 2 6 4 3.5 1 0 0 0 1 230 1 1
1 18.82 3.54 1 1 1 0 0 0 0 1 2 180 2 0
1 27.25 1.58 2 13 8 1.835 1 1 12 1 2 583 714 1
1 37.42 2.04 2 9 4 0.04 1 0 0 1 2 400 5801 1
0 24.33 2.5 1 3 5 4.5 0 0 0 0 2 200 457 0
0 20.07 1.25 2 8 4 0 0 0 0 0 2 0 1 0
0 39.08 4 2 8 4 3 0 0 0 0 2 480 1 0
0 17.32 9.5 2 6 4 1.75 0 1 10 1 2 0 11 0
1 31.83 2.5 2 6 4 7.5 1 0 0 1 2 523 1 0
0 16 0.16 2 6 4 1 0 1 2 1 2 320 2 0
1 36.08 2.54 2 1 1 0 0 0 0 0 2 0 1001 0
0 20.5 11.83 2 8 8 6 1 0 0 0 2 340 1 1
0 32.33 0.54 2 13 4 0.04 1 0 0 0 2 440 11178 1
1 25.83 12.83 2 13 4 0.5 0 0 0 0 2 0 3 0
1 28.33 5 2 9 4 11 1 0 0 1 2 70 1 1
1 38.25 10.12 1 4 4 0.125 0 0 0 0 2 160 1 0
0 18.42 9.25 2 11 4 1.21 1 1 4 0 2 60 541 1
1 29.25 13 2 2 8 0.5 0 0 0 0 2 228 1 0
1 35.17 2.5 2 4 4 4.5 1 1 7 0 2 150 1271 1
1 32.25 14 1 1 1 0 0 1 2 0 2 160 2 0
1 32.75 2.33 2 2 8 5.75 0 0 0 1 2 292 1 0
0 44.33 0 2 8 4 2.5 1 0 0 0 2 0 1 1
1 16 3.12 2 9 4 0.085 0 1 1 0 2 0 7 0
1 27.25 1.58 2 13 8 1.835 1 1 12 1 2 583 714 1
0 28.5 3.04 1 14 8 2.54 1 1 1 0 2 70 1 1
0 33.25 2.5 1 8 4 2.5 0 0 0 1 2 0 3 0
1 31.67 0.83 2 14 4 1.335 1 1 8 1 2 303 3291 1
1 40.58 3.29 2 7 4 3.5 0 0 0 1 1 400 1 0
0 30.25 5.5 2 4 4 5.5 0 0 0 1 1 100 1 0
1 20.5 10 1 8 4 2.5 1 0 0 0 1 40 1 1
0 24.5 1.75 1 8 4 0.165 0 0 0 0 2 132 1 0
0 32 6 2 2 4 1.25 0 0 0 0 2 272 1 0
0 44.17 6.66 2 11 4 7.375 1 1 3 1 2 0 1 1
0 40.83 10 2 11 8 1.75 1 0 0 0 2 29 838 1
1 26.67 4.25 2 13 4 4.29 1 1 1 1 2 120 1 1
1 16 3.12 2 9 4 0.085 0 1 1 0 2 0 7 0
0 44.17 6.66 2 11 4 7.375 1 1 3 1 2 0 1 1
1 19.5 9.58 2 6 4 0.79 0 0 0 0 2 80 351 0
1 44.25 11 1 2 4 1.5 1 0 0 0 1 0 1 0
1 31.42 15.5 2 8 4 0.5 1 0 0 0 2 120 1 0
1 31.08 1.5 1 9 4 0.04 0 0 0 0 1 160 1 0
1 35.75 2.41 2 9 4 0.125 0 1 2 0 2 220 2 0
1 51.42 0.04 2 14 8 0.04 1 0 0 0 2 0 3001 1
1 31.57 0.04 1 2 4 4.25 0 0 0 1 2 460 1 0
1 31.83 0.04 1 7 4 0.04 0 0 0 0 2 0 1 0
1 34.08 0.08 1 7 5 0.04 1 1 1 1 2 280 2001 1
1 28.33 5 2 9 4 11 1 0 0 1 2 70 1 1
0 52.83 15 2 8 4 5.5 1 1 14 0 2 0 2201 1
1 27.83 1.54 2 9 4 3.75 1 1 5 1 2 100 4 1
1 39.17 1.71 2 14 4 0.125 1 1 5 1 2 480 1 1
1 20.42 1.08 2 11 4 1.5 0 0 0 0 2 108 8 0
0 33.25 2.5 1 8 4 2.5 0 0 0 1 2 0 3 0
0 27.25 0.28 2 7 8 0.125 0 1 1 1 2 272 109 0
1 64.08 20 2 14 8 17.5 1 1 9 1 2 0 1001 1
1 28 3 2 9 4 0.75 0 0 0 1 2 300 68 0
1 19.5 0.28 2 4 4 0.29 0 0 0 0 2 280 365 0
1 26.75 1.12 2 14 8 1.25 1 0 0 0 2 0 5299 1
0 22.25 1.25 1 1 1 3.25 0 0 0 0 2 280 1 0
1 31.08 1.5 1 9 4 0.04 0 0 0 0 1 160 1 0
1 67.75 5.5 2 10 9 13 1 1 1 1 2 0 1 1
1 33.67 2.16 2 8 4 1.5 0 0 0 0 3 120 1 0
1 31.67 0.83 2 14 4 1.335 1 1 8 1 2 303 3291 1
1 23.5 3.16 1 4 4 0.415 0 1 1 1 2 280 81 0
1 20.17 9.25 2 8 4 1.665 1 1 3 1 2 40 29 1
1 23.25 4 2 8 5 0.25 1 0 0 1 2 160 1 1
0 45.33 1 2 11 4 0.125 0 0 0 1 2 263 1 0
0 27.67 1.5 2 7 4 2 1 0 0 0 1 368 1 0
0 22.67 3.8 2 8 4 0.165 0 0 0 0 2 160 1 0
0 28.17 0.58 2 6 4 0.04 0 0 0 0 2 260 1005 0
0 18.07 0.37 3 13 1 10 0 0 0 1 1 300 1 1
1 19.5 0.28 2 4 4 0.29 0 0 0 0 2 280 365 0
1 31.58 0.75 1 6 4 3.5 0 0 0 1 2 320 1 0
0 20.42 7.5 2 4 4 1.5 1 1 1 0 2 160 235 1
1 28.75 1.16 2 4 4 0.5 1 0 0 0 1 280 1 0
1 28.75 1.16 2 4 4 0.5 1 0 0 0 1 280 1 0
1 34 5.08 1 3 5 1.085 0 0 0 1 2 480 1 0
1 40 6.5 2 6 5 3.5 1 1 1 0 2 0 501 1
1 57.83 7.04 2 7 4 14 1 1 6 1 2 360 1333 1
1 34.83 4 2 2 5 12.5 1 0 0 1 2 184 1 0
1 36.75 0.12 1 8 4 1.5 0 0 0 1 2 232 114 1
1 31.83 0.04 1 7 4 0.04 0 0 0 0 2 0 1 0
0 21.75 1.75 1 5 3 0 0 0 0 0 2 160 1 0
1 20.67 1.25 1 8 8 1.375 1 1 3 1 2 140 211 0
0 46 4 2 5 3 0 1 0 0 0 2 100 961 1
1 21.33 10.5 2 8 4 3 1 0 0 1 2 0 1 1
1 42.83 1.25 2 7 4 13.875 0 1 1 1 2 352 113 0
1 19.42 7.25 2 7 4 0.04 0 1 1 0 2 100 2 0
1 25.42 0.54 2 9 4 0.165 0 1 1 0 2 272 445 0
1 52.5 6.5 2 4 4 6.29 1 1 15 0 2 0 11203 1
1 28.58 3.62 2 6 4 0.25 0 0 0 1 2 100 1 0
0 39.08 4 2 8 4 3 0 0 0 0 2 480 1 0
1 34.83 2.5 1 9 4 3 0 0 0 0 1 200 1 0
1 25.92 0.87 2 4 4 0.375 0 1 2 1 2 174 4 0
1 31.08 1.5 1 9 4 0.04 0 0 0 0 1 160 1 0
1 29.25 14.79 2 6 4 5.04 1 1 5 1 2 168 1 1
0 22.25 1.25 1 1 1 3.25 0 0 0 0 2 280 1 0
0 32.25 1.5 2 8 4 0.25 0 0 0 1 2 372 123 0
1 58.58 2.71 2 8 4 2.415 0 0 0 1 2 320 1 0
1.234 22.08 11.46 2 4 4 1.585 0 0 0 1 2 100 1213 0
1 62.75 7 2 10 9 0 0 0 0 0 2 0 13 0
1 39.17 2.5 1 3 8 10 0 0 0 1 1 200 1 0
0 22.25 1.25 1 1 1 3.25 0 0 0 0 2 280 1 0
1 37.58 0 2 8 4 0 0 0 0 0 3 184 1 1
0 47 13 2 3 5 5.165 1 1 9 1 2 0 1 1
1 47.67 2.5 2 7 5 2.5 1 1 12 1 2 410 2511 1
0 15.83 0.58 2 8 8 1.5 1 1 2 0 2 100 1 1
0 24.75 12.5 2 6 4 1.5 1 1 12 1 2 120 568 1
1 27.67 0.75 2 11 8 0.165 0 0 0 1 2 220 252 0
1 22.75 11.5 2 3 4 0.415 0 0 0 0 2 0 1 0
1 40.92 0.5 1 7 4 0.5 0 0 0 1 2 130 1 0
0 17.82 11 2 14 8 1 1 1 11 0 2 0 3001 1
1 37.33 6.5 2 7 8 4.25 1 1 12 1 2 93 1 1
1 36.42 0.75 1 2 4 0.585 0 0 0 0 2 240 4 0
1 26.17 12.5 1 4 8 1.25 0 0 0 1 2 0 18 0
0 20.07 1.25 2 8 4 0 0 0 0 0 2 0 1 0
1 34 5.08 1 3 5 1.085 0 0 0 1 2 480 1 0
0 24.75 12.5 2 6 4 1.5 1 1 12 1 2 120 568 1

