0 25.17 2.87 2 14 8 0.875 1 0 0 0 2 360 1 1
1 48.58 6.5 2 11 8 6 1 0 0 1 2 350 1 1
1 21.83 11 2 14 4 0.29 1 1 6 0 2 121 1 1
0 32.33 0.54 2 13 4 0.04 1 0 0 0 2 440 11178 1
0 30 5.29 2 10 2 2.25 1 1 5 1 2 99 501 1
0 33.08 1.62 2 2 4 0.54 0 0 0 1 2 0 1 0
1 20.5 10 1 8 4 2.5 1 0 0 0 1 40 1 1
1 34.17 2.75 2 3 5 2.5 0 0 0 1 2 232 201 0
1 47.67 0.28 2 8 5 15 1 1 20 0 2 0 15001 1
0 21.67 11.5 1 5 3 0 1 1 11 1 2 0 1 1
1 18.67 5 2 11 4 0.375 1 1 2 0 2 0 39 0
0 47 13 2 3 5 5.165 1 1 9 1 2 0 1 1
1 31.42 15.5 2 8 4 0.5 1 0 0 0 2 120 1 0
1 27.25 1.58 2 13 8 1.835 1 1 12 1 2 583 714 1
1 25.92 0.87 2 4 4 0.375 0 1 2 1 2 174 4 0
1 27 1.5 1 9 4 0.375 1 0 0 1 2 260 1066 1
0 27.58 3 2 7 4 2.79 0 1 1 1 2 280 11 0
1 24.58 13.5 1 1 1 0 0 0 0 0 2 184 1 0
0 20.32 10 2 8 8 1 1 1 4 0 2 50 1466 1
0 17.57 9 2 6 4 1.375 1 0 0 1 2 0 1 1
0 38.75 1.5 2 1 1 0 0 0 0 0 2 76 1 0
1 25 12.5 2 6 4 3 1 0 0 1 1 20 1 1
1 32.75 1.5 2 13 8 5.5 1 1 3 1 2 0 1 1
0 33.25 3 1 6 4 2 0 0 0 0 2 180 1 0
1 20.42 0 2 8 4 0 0 0 0 0 3 184 1 0
1 23.58 1.79 2 8 4 0.54 0 0 0 1 2 136 2 0
0 65.17 14 2 1 1 0 1 1 11 1 2 0 1401 1
1 33.17 3.04 1 8 8 2.04 1 1 1 1 2 180 18028 1
0 46.67 0.46 2 13 8 0.415 1 1 11 1 2 440 7 1
1 42.83 1.25 2 7 4 13.875 0 1 1 1 2 352 113 0
0 24.5 1.75 1 8 4 0.165 0 0 0 0 2 132 1 0
0 65.17 14 2 1 1 0 1 1 11 1 2 0 1401 1
1 47.33 6.5 2 8 4 1 0 0 0 1 2 0 229 0
1 80.25 5.5 2 8 4 0.54 1 0 0 0 2 0 341 0
1 34.08 6.5 2 6 4 0.125 1 0 0 1 2 443 1 0
1 64.08 20 2 14 8 17.5 1 1 9 1 2 0 1001 1
1 33.17 3.04 1 8 8 2.04 1 1 1 1 2 180 18028 1
0 29.5 1.08 1 14 4 1 0 0 0 0 2 280 14 0
0 18.92 9.25 1 8 4 1 1 1 4 1 2 80 501 1
1 24.58 13.5 1 1 1 0 0 0 0 0 2 184 1 0
0 20.42 7.5 2 4 4 1.5 1 1 1 0 2 160 235 1
0 20.32 10 2 8 8 1 1 1 4 0 2 50 1466 1
0 18.25 10 2 9 4 1 0 1 1 0 2 120 2 0
1 18.07 6.75 1 7 4 0.04 0 0 0 0 2 140 1 0
0 32 6 2 2 4 1.25 0 0 0 0 2 272 1 0
1 22.25 0.46 2 4 4 0.125 0 0 0 1 2 280 56 0
1 23.17 0 2 8 4 0 0 0 0 0 3 184 1 1
1 18.5 2 2 3 4 1.5 1 1 2 0 2 120 301 1
1 18.32 1.21 1 10 2 0 0 0 0 0 2 100 1 0
1 29.58 4.75 2 7 4 2 0 1 1 1 2 460 69 0
1 34.75 2.5 2 13 5 0.5 0 0 0 0 2 348 1 0
1 34.17 9.17 2 8 4 4.5 1 1 12 1 2 0 222 1
1 73.42 17.75 2 1 1 0 1 0 0 1 2 0 1 1
1 51.33 10 2 3 5 0 1 1 11 0 2 0 1250 1
1 25.67 2.21 1 6 4 4 1 0 0 0 2 188 1 0
1 41.17 4.04 2 13 8 7 1 1 8 0 2 320 1 1
1 56.75 12.25 2 7 4 1.25 1 1 4 1 2 200 1 1
0 20.42 0.83 2 11 4 1.585 1 1 1 0 2 0 1 1
1 19.17 0 1 7 5 0 0 0 0 1 1 500 2 1
0 20.5 11.83 2 8 8 6 1 0 0 0 2 340 1 1
1 25.67 2.21 1 6 4 4 1 0 0 0 2 188 1 0
1 40.58 1.5 2 3 5 0 0 0 0 0 1 300 1 0
1 33.75 2.75 2 3 5 0 0 0 0 0 2 180 1 0
0 20.07 0.12 2 11 4 1 0 1 1 0 2 240 769 1
1 27.83 1.54 2 9 4 3.75 1 1 5 1 2 100 4 1
0 24.83 4.5 2 9 4 1 0 0 0 1 2 360 7 0
1 47.17 5.83 2 9 4 5.5 0 0 0 0 2 465 151 0
0 45.33 1 2 11 4 0.125 0 0 0 1 2 263 1 0
1 23.5 3.16 1 4 4 0.415 0 1 1 1 2 280 81 0
0 38.75 1.5 2 1 1 0 0 0 0 0 2 76 1 0
1 34.25 1.75 2 9 5 0.25 1 0 0 1 2 163 1 0
1 29.92 1.83 2 8 8 4.335 1 0 0 0 2 260 201 1
1 28 3 2 9 4 0.75 0 0 0 1 2 300 68 0
1 19.42 1.5 1 13 4 2 1 0 0 1 2 100 21 0
0 36.75 5.12 2 10 4 5 1 0 0 1 2 0 4001 1
1 54.33 6.75 2 8 8 2.625 1 1 11 1 2 0 285 1
0 23.42 0.79 1 11 4 1.5 1 1 2 1 2 80 401 1
1 28.67 14.5 2 2 4 0.125 0 0 0 0 2 0 287 0
1 44.83 7 1 8 4 1.625 0 0 0 0 2 160 3 0
1 52.33 1.37 1 8 8 9.46 1 0 0 1 2 200 101 0
0 21.75 1.75 1 5 3 0 0 0 0 0 2 160 1 0
0 44.17 6.66 2 11 4 7.375 1 1 3 1 2 0 1 1
1 21.17 0.87 1 8 8 0.25 0 0 0 0 2 280 205 0
1 59.5 2.75 2 9 4 1.75 1 1 5 1 2 60 59 1
1 48.58 6.5 2 11 8 6 1 0 0 1 2 350 1 1
0 15.75 0.37 2 8 4 1 0 0 0 0 2 120 19 0
1 30.17 1.08 1 8 4 0.04 0 0 0 0 2 170 180 0
0 20.07 0.12 2 11 4 1 0 1 1 0 2 240 769 1
1 24.17 0.87 2 11 4 4.625 1 1 2 1 2 520 2001 1
1 16 3.12 2 9 4 0.085 0 1 1 0 2 0 7 0
0 37.33 2.5 2 3 8 0.21 0 0 0 0 2 260 247 0
1 24.33 6.62 1 2 4 5.5 1 0 0 1 1 100 1 1
1 57.42 8.5 2 10 8 7 1 1 3 0 2 0 1 1
0 33.75 0.75 2 4 5 1 1 1 3 1 2 212 1 0
0 31.57 3.5 2 2 4 3 1 0 0 1 2 300 1 0
1 31.33 19.5 2 8 4 7 1 1 16 0 2 0 5001 1
1 38.92 1.75 2 4 4 0.5 0 0 0 1 2 300 3 0
1 34.17 1.54 2 13 4 1.54 1 1 1 1 2 520 50001 1
0 20.67 3 2 11 4 0.165 1 1 3 0 2 100 7 1
1 21.58 0.79 1 13 4 0.665 0 0 0 0 2 160 1 0
1 19.42 1.5 1 13 4 2 1 0 0 1 2 100 21 0
0 20.75 10.25 2 11 4 0.71 1 1 2 1 2 49 1 1
1 26.17 0.83 2 13 4 1.165 0 0 0 0 2 100 1 0
0 18.25 10 2 9 4 1 0 1 1 0 2 120 2 0
1 31.57 5 1 6 4 8.5 1 0 0 0 2 0 1 0
1 29.67 0.75 1 8 4 0.04 0 0 0 0 2 240 1 0
1 37.75 7 2 11 8 11.5 1 1 7 1 2 300 6 0
0 16 0.16 2 6 4 1 0 1 2 1 2 320 2 0
1 44.83 7 1 8 4 1.625 0 0 0 0 2 160 3 0
1 23.08 2.5 2 1 1 0.085 0 0 0 1 2 100 4209 0
0 25.08 2.54 1 6 4 0.25 1 0 0 1 2 370 1 1
0 33.67 0.37 2 13 4 0.375 0 0 0 0 2 300 45 1
1 25.33 0.57 2 8 4 0.29 1 1 7 1 2 96 5125 1
1 37.33 2.66 2 13 4 0.165 0 0 0 1 2 0 502 0
1 48.33 12 2 7 4 16 1 0 0 0 1 110 1 1
0 38.75 1.5 2 1 1 0 0 0 0 0 2 76 1 0
1 19.42 7.25 2 7 4 0.04 0 1 1 0 2 100 2 0
1 32.33 7.5 2 10 5 1.585 1 0 0 1 1 420 1 0
0 23.58 11.5 1 4 8 3 0 0 0 1 2 20 17 0
1 34.83 2.5 1 9 4 3 0 0 0 0 1 200 1 0
1 34.67 1.08 2 7 4 1.165 0 0 0 0 1 28 1 0
1 56 12.5 2 4 8 8 1 0 0 1 2 24 2029 1
1 31.33 19.5 2 8 4 7 1 1 16 0 2 0 5001 1
0 32.33 0.54 2 13 4 0.04 1 0 0 0 2 440 11178 1
0 19.75 0.75 2 8 4 0.795 1 1 5 1 2 140 6 0
1 30.83 0 2 9 4 1.25 1 1 1 0 2 202 1 1
1 18.32 1.21 1 10 2 0 0 0 0 0 2 100 1 0
0 38.58 5 2 13 4 13.5 1 0 0 1 2 980 1 0
0 24.5 12.75 2 8 5 4.75 1 1 2 0 2 73 445 1
1 36.75 0.12 1 8 4 1.5 0 0 0 1 2 232 114 1
0 22.67 0.79 2 3 4 0.085 0 0 0 0 2 144 1 0
0 24.92 1.25 2 1 1 0 1 0 0 0 2 80 1 0
0 28.67 1.04 2 8 4 2.5 1 1 5 1 2 300 1431 1
1 26.83 0.54 2 4 1 0 0 0 0 0 2 100 1 0
1 34.25 1.75 2 9 5 0.25 1 0 0 1 2 163 1 0
1 33.67 1.25 2 9 4 1.165 0 0 0 0 2 120 1 0
1 41.17 4.04 2 13 8 7 1 1 8 0 2 320 1 1
0 17.92 10.21 2 1 1 0 0 0 0 0 2 0 51 0
1 37.5 1.12 1 2 4 1.5 0 0 0 1 2 431 1 1
0 29.5 2 1 10 8 2 0 0 0 0 2 256 18 0
0 25.75 0.5 2 8 8 0.875 1 0 0 1 2 491 1 1
1 39.17 1.62 2 8 4 1.5 1 1 10 0 2 186 4701 1
0 22.42 5.66 2 11 4 2.585 1 1 7 0 2 129 3258 1
0 23.42 0.79 1 11 4 1.5 1 1 2 1 2 80 401 1
1 31.57 4 2 14 4 5 1 1 3 1 2 290 2280 1
0 33.08 1.62 2 2 4 0.54 0 0 0 1 2 0 1 0
0 26.17 2 2 5 3 0 0 0 0 1 2 276 2 0
1 32 1.75 1 10 8 0.04 1 0 0 1 2 393 1 1
1 32.33 2.5 2 8 4 1.25 0 0 0 1 2 280 1 0
1 18.5 2 2 3 4 1.5 1 1 2 0 2 120 301 1
1 36.25 5 2 8 5 2.5 1 1 6 0 2 0 368 1
1 34.08 0.08 1 7 5 0.04 1 1 1 1 2 280 2001 1
1 32 1.75 1 10 8 0.04 1 0 0 1 2 393 1 1
0 25.42 1.12 2 11 4 1.29 1 1 2 0 2 200 1 0
1 36.5 4.25 2 11 4 3.5 0 0 0 0 2 454 51 0
0 29.5 2 1 10 8 2 0 0 0 0 2 256 18 0
1 27.25 0.62 2 6 4 0.455 1 0 0 1 2 200 1 0
1 42 9.78 2 14 8 7.96 1 1 8 0 2 0 1 1
1 33.75 2.75 2 3 5 0 0 0 0 0 2 180 1 0
1 34.67 1.08 2 7 4 1.165 0 0 0 0 1 28 1 0
1 30.33 0.5 2 2 8 0.085 0 0 0 1 1 252 1 0
1 28.67 14.5 2 2 4 0.125 0 0 0 0 2 0 287 0
1 39.42 1.71 1 7 4 0.165 0 0 0 0 1 400 1 0
1 21.17 0.25 1 8 8 0.25 0 0 0 0 2 280 205 0
0 21.67 11.5 1 5 3 0 1 1 11 1 2 0 1 1
1 20.5 2.41 2 8 4 2 1 1 11 1 2 200 3001 1
1 22.92 0.17 2 7 4 0.085 0 0 0 0 1 0 1 0
0 26.08 8.66 2 6 4 1.415 1 0 0 0 2 160 151 1
1 19.42 7.25 2 7 4 0.04 0 1 1 0 2 100 2 0
0 18.82 4.41 1 8 8 3 1 0 0 0 2 240 1 1
1 20 11.04 2 8 4 2 0 0 0 1 2 136 1 0
1 44 2 2 7 4 1.75 1 1 2 1 2 0 16 1
1 40.58 5 2 8 4 5 1 1 7 0 2 0 3066 1
1 26.92 2.25 2 3 5 0.5 0 0 0 1 2 640 4001 0
0 15.75 0.37 2 8 4 1 0 0 0 0 2 120 19 0
0 52.17 0 1 1 1 0 0 0 0 0 2 0 1 0
1 18.82 0 2 11 4 0.665 0 0 0 0 2 160 2 0
0 20.32 10 2 8 8 1 1 1 4 0 2 50 1466 1
1 62.75 7 2 10 9 0 0 0 0 0 2 0 13 0
0 24.75 12.5 2 6 4 1.5 1 1 12 1 2 120 568 1
1 23.25 4 2 8 5 0.25 1 0 0 1 2 160 1 1
1 32.33 7.5 2 10 5 1.585 1 0 0 1 1 420 1 0
0 17.92 10.21 2 1 1 0 0 0 0 0 2 0 51 0
1 36.5 4.25 2 11 4 3.5 0 0 0 0 2 454 51 0
1 21.83 11 2 14 4 0.29 1 1 6 0 2 121 1 1
1 34.75 15 2 12 7 5.375 1 1 9 1 2 0 135 1
1 36.33 3.79 2 9 4 1.165 1 0 0 1 2 200 1 0
1 37.5 1.75 1 8 5 0.25 1 0 0 1 2 164 401 0
1 44.83 7 1 8 4 1.625 0 0 0 0 2 160 3 0
1 36.08 2.54 2 1 1 0 0 0 0 0 2 0 1001 0
1 18.07 6.75 1 7 4 0.04 0 0 0 0 2 140 1 0
0 20.07 0.12 2 11 4 1 0 1 1 0 2 240 769 1
0 47.42 3 2 14 4 13.875 1 1 2 1 2 519 1705 1
0 23 1.83 2 5 3 0 0 1 1 0 2 200 54 0
1 39.5 1.62 2 8 4 1.5 0 0 0 0 2 0 317 0
1 17.42 6.5 2 3 4 0.125 0 0 0 0 2 60 101 0
1 32.67 5.5 2 11 8 5.5 1 1 12 1 2 408 1001 1
1 55.92 11.5 2 1 1 5 1 1 5 0 2 0 8852 1
0 20.67 1.83 2 11 4 2.085 1 1 5 0 2 220 2504 1
1 40.92 0.83 2 1 1 0 1 0 0 0 2 130 2 0
0 31.75 3 1 5 3 0 0 0 0 0 2 160 21 0
1 32.25 0.16 1 8 8 3.25 1 1 1 1 2 432 8001 1
0 24.92 1.25 2 1 1 0 1 0 0 0 2 80 1 0
1 58.58 2.71 2 8 4 2.415 0 0 0 1 2 320 1 0
1 44.25 11 1 2 4 1.5 1 0 0 0 1 0 1 0
1 36.75 0.12 1 8 4 1.5 0 0 0 1 2 232 114 1
1 25.25 1 2 6 4 0.5 0 0 0 0 2 200 1 0
1 37.42 2.04 2 9 4 0.04 1 0 0 1 2 400 5801 1
1 13.75 4 1 9 4 1.75 1 1 2 1 2 120 1001 1
0 29.5 2 1 10 8 2 0 0 0 0 2 256 18 0
0 35.75 0.91 2 6 4 0.75 1 1 4 0 2 0 1584 1
1 44.83 7 1 8 4 1.625 0 0 0 0 2 160 3 0
1 37.5 0.83 2 10 4 0.04 0 0 0 0 2 120 6 0
0 44.17 6.66 2 11 4 7.375 1 1 3 1 2 0 1 1
0 33.08 4.62 2 11 8 1.625 1 1 2 0 2 0 1 1
0 28.42 3.5 2 9 4 0.835 1 0 0 0 1 280 1 1
0 25 12.33 2 13 8 3.5 1 1 6 0 2 400 459 1
0 17.92 10.21 2 1 1 0 0 0 0 0 2 0 51 0
1 36.67 2 2 3 4 0.25 0 0 0 1 2 221 1 0
1 44.83 7 1 8 4 1.625 0 0 0 0 2 160 3 0

