1 33.67 1.25 2 9 4 1.165 0 0 0 0 2 120 1 0
0 24.75 3 2 11 8 1.835 1 1 19 0 2 0 501 1
1 28.67 9.33 2 11 8 5.665 1 1 6 0 2 381 169 1
0 22.58 10.75 2 11 4 0.415 1 1 5 1 2 0 561 1
1 44.25 0.5 2 7 4 10.75 1 0 0 0 1 400 1 0
1 39.5 1.62 2 8 4 1.5 0 0 0 0 2 0 317 0
0 23 11.75 2 14 8 0.5 1 1 2 1 2 300 552 1
1 51.58 15 2 8 4 8.5 1 1 9 0 2 0 1 1
0 65.17 14 2 1 1 0 1 1 11 1 2 0 1401 1
1 26.67 4.25 2 13 4 4.29 1 1 1 1 2 120 1 1
1 27.83 1.54 2 9 4 3.75 1 1 5 1 2 100 4 1
1 60.08 14.5 2 1 1 18 1 1 15 1 2 0 1001 1
1 47.67 2.5 2 7 5 2.5 1 1 12 1 2 410 2511 1
1 25.08 1.71 2 14 4 1.665 1 1 1 1 2 395 21 1
1 54.33 6.75 2 8 8 2.625 1 1 11 1 2 0 285 1
0 25 12.33 2 13 8 3.5 1 1 6 0 2 400 459 1
1 25.67 12.5 2 13 4 1.21 1 1 67 1 2 140 259 1
1 31.83 0.04 1 7 4 0.04 0 0 0 0 2 0 1 0
0 58.33 10 2 11 4 4 1 1 14 0 2 0 1603 1
1 34.42 1.33 2 3 5 0.125 0 0 0 1 2 440 4501 0
0 33.67 0.37 2 13 4 0.375 0 0 0 0 2 300 45 1
1 32.92 2.5 2 6 4 1.75 0 1 2 1 2 720 1 0
0 27.17 1.25 2 1 1 0 0 1 1 0 2 92 301 0
0 65.17 14 2 1 1 0 1 1 11 1 2 0 1401 1
1 31.57 5 1 6 4 8.5 1 0 0 0 2 0 1 0
1 20.67 0.41 2 8 4 0.125 0 0 0 0 2 0 45 0
1 41.17 1.25 1 9 4 0.25 0 0 0 0 2 0 196 0
1 19 1.75 1 8 4 2.335 0 0 0 1 2 112 7 0
1 36.67 4.41 1 4 4 0.25 1 1 10 1 2 320 1 1
1 39.83 0.5 2 7 4 0.25 1 0 0 0 1 288 1 0
0 22.83 2.29 2 11 8 2.29 1 1 7 1 2 140 2385 1
0 31.57 3.5 2 2 4 3 1 0 0 1 2 300 1 0
1 23.75 12 2 8 4 2.085 0 0 0 0 1 80 1 0
0 40.83 3.5 2 3 5 0.5 0 0 0 0 1 1160 1 0
1 18.5 2 2 3 4 1.5 1 1 2 0 2 120 301 1
0 50.25 0.83 2 6 4 0.5 0 0 0 1 2 240 118 0
1 15.17 7 2 10 4 1 0 0 0 0 2 600 1 0
1 31.33 19.5 2 8 4 7 1 1 16 0 2 0 5001 1
0 40.33 7.54 1 11 8 8 1 1 14 0 2 0 2301 1
1 34.25 3 2 13 8 7.415 1 0 0 1 2 0 1 1
1 31.57 5 1 6 4 8.5 1 0 0 0 2 0 1 0
0 21.75 1.75 1 5 3 0 0 0 0 0 2 160 1 0
0 15.83 7.62 2 11 4 0.125 0 1 1 1 2 0 161 0
1 36.17 18.12 2 9 4 0.085 0 0 0 0 2 320 3553 0
1 38.92 1.75 2 4 4 0.5 0 0 0 1 2 300 3 0
1 42.83 4.62 2 11 4 4.58 1 0 0 0 1 0 1 1
1 62.75 7 2 10 9 0 0 0 0 0 2 0 13 0
0 15.83 0.58 2 8 8 1.5 1 1 2 0 2 100 1 1
1 37.5 1.12 1 2 4 1.5 0 0 0 1 2 431 1 1
1 25.67 12.5 2 13 4 1.21 1 1 67 1 2 140 259 1
1 41.17 4.04 2 13 8 7 1 1 8 0 2 320 1 1
1 25.92 0.87 2 4 4 0.375 0 1 2 1 2 174 4 0
1 37.17 4 2 8 5 5 1 0 0 1 1 280 1 0
0 29.58 1.75 1 4 4 1.25 0 0 0 1 2 280 1 0
1 25.42 0.54 2 9 4 0.165 0 1 1 0 2 272 445 0
1 20 1.25 1 4 4 0.125 0 0 0 0 2 140 5 0
1 23 0.75 2 7 4 0.5 1 0 0 1 1 320 1 0
1 20.17 5.62 2 9 4 1.71 1 0 0 0 1 120 1 1
1 37.33 2.66 2 13 4 0.165 0 0 0 1 2 0 502 0
1 23.17 11.12 2 14 8 0.46 1 1 1 0 2 100 1 1
1 35.75 2.41 2 9 4 0.125 0 1 2 0 2 220 2 0
0 22.67 3.8 2 8 4 0.165 0 0 0 0 2 160 1 0
1 39.33 5.87 2 13 8 10 1 1 14 1 2 399 1 1
0 32.25 1.5 2 8 4 0.25 0 0 0 1 2 372 123 0
1 38.42 0.7 2 8 4 0.375 0 1 2 0 2 225 501 0
1 27.83 1 1 2 8 3 0 0 0 0 2 176 538 0
1 47.67 2.5 2 7 5 2.5 1 1 12 1 2 410 2511 1
0 18.92 9.25 1 8 4 1 1 1 4 1 2 80 501 1
1.234 22.08 11.46 2 4 4 1.585 0 0 0 1 2 100 1213 0
1 26.67 1.75 1 8 4 1 1 1 5 1 2 160 5778 1
0 44.33 0 2 8 4 2.5 1 0 0 0 2 0 1 1
1 36.17 18.12 2 9 4 0.085 0 0 0 0 2 320 3553 0
0 38.25 6 2 4 4 1 1 0 0 1 2 0 1 1
0 15.83 0.58 2 8 8 1.5 1 1 2 0 2 100 1 1
1 51.33 10 2 3 5 0 1 1 11 0 2 0 1250 1
1 26.75 2 2 2 4 0.75 0 0 0 1 2 80 1 0
1 25.75 0.75 2 8 5 0.25 1 0 0 0 2 349 24 1
1 27.67 0.75 2 11 8 0.165 0 0 0 1 2 220 252 0
1 44.25 11 1 2 4 1.5 1 0 0 0 1 0 1 0
1 22.08 2.33 2 4 4 0.75 0 0 0 0 2 180 1 0
1 33.17 3.16 1 14 4 3.165 1 1 3 1 2 380 1 1
0 31.57 3.5 2 2 4 3 1 0 0 1 2 300 1 0
1 24.17 0.87 2 11 4 4.625 1 1 2 1 2 520 2001 1
1 18.82 0 2 11 4 0.665 0 0 0 0 2 160 2 0
1 51.83 2.04 1 1 1 1.5 0 0 0 0 2 120 2 0
1 47.67 0.28 2 8 5 15 1 1 20 0 2 0 15001 1
1 35.75 2.41 2 9 4 0.125 0 1 2 0 2 220 2 0
1 23.75 12 2 8 4 2.085 0 0 0 0 1 80 1 0
1 27.67 0.75 2 11 8 0.165 0 0 0 1 2 220 252 0
0 25.25 13.5 1 1 1 2 0 1 1 1 2 200 2 0
1 22 0.79 2 9 4 0.29 0 1 1 0 2 420 284 0
0 23.58 11.5 1 4 8 3 0 0 0 1 2 20 17 0
1 23.25 12.62 2 8 4 0.125 0 1 2 0 2 0 5553 0
1 28 2 2 4 8 4.165 1 1 2 1 2 181 1 1
1 33.58 2.75 2 7 4 4.25 1 1 6 0 2 204 1 1
0 42.25 1.75 1 8 4 0 0 0 0 1 2 150 2 0
1 31.57 4 1 3 4 0.085 0 0 0 1 2 411 1 0
1 25.67 3.25 2 8 8 2.29 0 1 1 1 2 416 22 0
1 21 4.79 1 9 4 2.25 1 1 1 1 2 80 301 1
1 33.58 0.33 1 13 4 0.085 0 0 0 0 2 180 1 0
0 24.5 1.04 1 1 1 0.5 1 1 3 0 2 180 148 0
1 24.17 0.87 2 11 4 4.625 1 1 2 1 2 520 2001 1
1 19.17 9.5 2 9 4 1.5 1 0 0 0 2 120 2207 1
1 16.25 0 1 6 4 0.25 0 0 0 0 2 60 1 0
1 22.08 0.83 2 8 8 2.165 0 0 0 1 2 128 1 1
0 19.75 0.75 2 8 4 0.795 1 1 5 1 2 140 6 0
0 18.75 7.5 2 11 4 2.71 1 1 5 0 2 184 26727 1
0 36 1 2 8 4 2 1 1 11 0 2 0 457 1
1 27.25 0.62 2 6 4 0.455 1 0 0 1 2 200 1 0
1 15.17 7 2 10 4 1 0 0 0 0 2 600 1 0
1 29.83 3.5 2 8 4 0.165 0 0 0 0 2 216 1 0
0 17.32 9.5 2 6 4 1.75 0 1 10 1 2 0 11 0
1 21.17 0.87 1 8 8 0.25 0 0 0 0 2 280 205 0
0 20.07 1.25 2 8 4 0 0 0 0 0 2 0 1 0
1 34.5 4.04 1 3 5 8.5 1 1 7 1 2 195 1 1
1 23.17 11.12 2 14 8 0.46 1 1 1 0 2 100 1 1
0 33.08 1.62 2 2 4 0.54 0 0 0 1 2 0 1 0
1 54.42 0.5 1 4 8 3.96 1 0 0 0 2 180 315 1
0 28.08 15 1 10 9 0 1 0 0 0 2 0 13213 1
1 28 2 2 4 8 4.165 1 1 2 1 2 181 1 1
0 21.75 1.75 1 5 3 0 0 0 0 0 2 160 1 0
0 30 5.29 2 10 2 2.25 1 1 5 1 2 99 501 1
1 23.42 0.58 2 8 8 0.085 1 0 0 0 2 180 1 0
1 16.07 0.75 2 8 4 1.75 1 1 5 1 2 352 691 1
0 47.42 3 2 14 4 13.875 1 1 2 1 2 519 1705 1
0 65.17 14 2 1 1 0 1 1 11 1 2 0 1401 1
0 37.33 2.5 2 3 8 0.21 0 0 0 0 2 260 247 0
1 35.25 3.16 2 14 8 3.75 1 0 0 1 2 680 1 0
1 25.67 3.25 2 8 8 2.29 0 1 1 1 2 416 22 0
0 24.08 0.5 2 11 8 1.25 1 1 1 0 2 0 679 1
0 23.58 0.83 2 11 4 0.415 0 1 1 1 2 200 12 0
1 16.92 0.33 1 4 4 0.29 0 0 0 0 1 200 1 0
0 38.58 5 2 13 4 13.5 1 0 0 1 2 980 1 0
1 21 4.79 1 9 4 2.25 1 1 1 1 2 80 301 1
1 32.08 4 1 13 4 1.5 0 0 0 1 2 120 1 0
1 23.25 1 2 8 4 0.835 1 0 0 0 1 300 1 1
0 37.75 5.5 2 11 4 0.125 1 0 0 1 2 228 1 1
0 52.83 15 2 8 4 5.5 1 1 14 0 2 0 2201 1
1 36.08 2.54 2 1 1 0 0 0 0 0 2 0 1001 0
1 34.17 1.54 2 13 4 1.54 1 1 1 1 2 520 50001 1
1 17.07 0.08 1 8 4 0.04 0 0 0 0 2 140 723 0
1 22.08 11 2 13 4 0.665 1 0 0 0 2 100 1 1
1 64.08 20 2 14 8 17.5 1 1 9 1 2 0 1001 1
0 20.67 1.83 2 11 4 2.085 1 1 5 0 2 220 2504 1
1 32.08 4 1 13 4 1.5 0 0 0 1 2 120 1 0
1 26.17 0.83 2 13 4 1.165 0 0 0 0 2 100 1 0
1 28.75 1.5 1 8 4 1.5 1 0 0 1 2 0 226 0
1 23.25 4 2 8 5 0.25 1 0 0 1 2 160 1 1
1 48.58 6.5 2 11 8 6 1 0 0 1 2 350 1 1
1 22.08 11 2 13 4 0.665 1 0 0 0 2 100 1 1
0 45.33 1 2 11 4 0.125 0 0 0 1 2 263 1 0
1 21.83 0.25 2 2 8 0.665 1 0 0 1 2 0 1 1
1 30.17 1.08 1 8 4 0.04 0 0 0 0 2 170 180 0
0 49 1.5 2 5 3 0 1 0 0 1 2 100 28 0
1 32.25 14 1 1 1 0 0 1 2 0 2 160 2 0
0 60.58 16.5 2 11 4 11 1 0 0 1 2 21 10562 1
0 52.5 7 2 6 8 3 0 0 0 0 2 0 1 0
0 22.5 0.41 2 3 4 0.335 0 0 0 1 1 144 1 0
1 19.17 9.5 2 9 4 1.5 1 0 0 0 2 120 2207 1
1 28.25 5.12 2 14 4 4.75 1 1 2 0 2 420 8 1
0 57.58 2 2 1 1 6.5 0 1 1 0 2 0 11 0
0 29.5 2 1 10 8 2 0 0 0 0 2 256 18 0
1 32.92 2.5 2 6 4 1.75 0 1 2 1 2 720 1 0
0 52.83 15 2 8 4 5.5 1 1 14 0 2 0 2201 1
0 52.83 15 2 8 4 5.5 1 1 14 0 2 0 2201 1
0 21.75 1.75 1 5 3 0 0 0 0 0 2 160 1 0
1 24.08 9 2 6 4 0.25 0 0 0 1 2 0 1 0
1 52.33 1.37 1 8 8 9.46 1 0 0 1 2 200 101 0
1 31.67 16.16 2 2 4 3 1 1 9 0 2 250 731 1
1 25.92 0.87 2 4 4 0.375 0 1 2 1 2 174 4 0
1 35.25 16.5 1 8 4 4 1 0 0 0 2 80 1 0
1 30.83 0 2 9 4 1.25 1 1 1 0 2 202 1 1
0 23 1.83 2 5 3 0 0 1 1 0 2 200 54 0
1 20.42 0 2 8 4 0 0 0 0 0 3 184 1 0
1 27.25 1.66 2 13 8 5.085 1 1 9 0 2 399 828 1
1 25.67 0.28 1 8 4 1.5 0 0 0 1 2 160 1 0
1 26.33 13 2 10 2 0 0 0 0 1 2 140 1111 0
1 48.17 3.5 2 6 4 3.5 1 0 0 0 1 230 1 1
1 22.58 10.03 2 14 4 0.04 1 1 9 0 2 60 397 1
1 31.08 3.08 2 8 4 2.5 0 1 2 1 2 160 42 0
1 39.17 1.71 2 14 4 0.125 1 1 5 1 2 480 1 1
1 21.92 0.54 1 14 4 0.04 1 1 1 1 2 840 60 1
1 18.32 1.21 1 10 2 0 0 0 0 0 2 100 1 0
0 25.25 13.5 1 1 1 2 0 1 1 1 2 200 2 0
0 21.75 1.75 1 5 3 0 0 0 0 0 2 160 1 0
1 31.57 4 2 14 4 5 1 1 3 1 2 290 2280 1
0 25.17 2.87 2 14 8 0.875 1 0 0 0 2 360 1 1
1 29.58 4.75 2 7 4 2 0 1 1 1 2 460 69 0
1 34.42 4.25 2 3 5 3.25 1 1 2 0 2 274 611 1
1 33.17 3.16 1 14 4 3.165 1 1 3 1 2 380 1 1
1 48.75 8.5 2 8 8 12.5 1 1 9 0 2 181 1656 1
0 50.08 12.54 2 6 4 2.29 1 1 3 1 2 156 1 1
0 25.25 13.5 1 1 1 2 0 1 1 1 2 200 2 0
1 31.57 0.5 2 8 5 0.835 1 0 0 1 1 320 1 0
1 42.75 3 2 3 5 1 1 0 0 0 2 0 201 0
0 32.33 0.54 2 13 4 0.04 1 0 0 0 2 440 11178 1
1 23.25 1 2 8 4 0.835 1 0 0 0 1 300 1 1
0 33.25 3 1 6 4 2 0 0 0 0 2 180 1 0
1 21.5 9.75 2 8 4 0.25 1 0 0 0 2 140 1 0
1 26.92 2.25 2 3 5 0.5 0 0 0 1 2 640 4001 0
1 37.75 7 2 11 8 11.5 1 1 7 1 2 300 6 0
1 17.67 4.46 2 8 4 0.25 0 0 0 0 1 80 1 0
0 41.58 1.04 2 6 4 0.665 0 0 0 0 2 240 238 0
1 44.83 7 1 8 4 1.625 0 0 0 0 2 160 3 0
0 20.42 10.5 1 14 8 0 0 0 0 1 2 154 33 0
1 20.5 10 1 8 4 2.5 1 0 0 0 1 40 1 1
1 33.5 1.75 2 14 8 4.5 1 1 4 1 2 253 858 1
1 35.17 4.5 2 14 8 5.75 0 0 0 1 1 711 1 1
1 22.08 0.83 2 8 8 2.165 0 0 0 1 2 128 1 1
1 37.33 2.66 2 13 4 0.165 0 0 0 1 2 0 502 0
0 18.07 0.37 3 13 1 10 0 0 0 1 1 300 1 1
1 16.07 0.75 2 8 4 1.75 1 1 5 1 2 352 691 1
1 27.58 3.25 1 11 8 5.085 0 1 2 1 2 369 2 0
1 19.5 9.58 2 6 4 0.79 0 0 0 0 2 80 351 0
0 24.75 13.66 2 11 8 1.5 0 0 0 0 2 280 2 0
1 23 0.62 1 6 4 0.125 1 0 0 0 2 180 2 0
0 22.67 3.8 2 8 4 0.165 0 0 0 0 2 160 1 0
1 22.75 11.5 2 3 4 0.415 0 0 0 0 2 0 1 0
1 56.42 28 1 8 4 28.5 1 1 40 0 2 0 16 1
0 36.58 0.28 2 1 1 0 0 1 10 0 2 200 19 0

