1 44.25 0.5 2 7 4 10.75 1 0 0 0 1 400 1 0
0 45.33 1 2 11 4 0.125 0 0 0 1 2 263 1 0
1 40.58 1.5 2 3 5 0 0 0 0 0 1 300 1 0
1 48.08 6.04 2 4 4 0.04 0 0 0 0 2 0 2691 1
1 31.83 2.5 2 6 4 7.5 1 0 0 1 2 523 1 0
1 36.17 5.5 2 3 5 5 0 0 0 0 2 210 688 0
1 31.33 19.5 2 8 4 7 1 1 16 0 2 0 5001 1
1 27.42 12.5 2 6 5 0.25 0 0 0 1 2 720 1 0
0 22.67 3.8 2 8 4 0.165 0 0 0 0 2 160 1 0
0 20.75 10.25 2 11 4 0.71 1 1 2 1 2 49 1 1
1 53.92 9.62 2 10 4 8.665 1 1 5 0 2 0 1 1
0 20.83 0.5 1 10 2 1 0 0 0 0 2 260 1 0
1 60.08 14.5 2 1 1 18 1 1 15 1 2 0 1001 1
1 20 11.04 2 8 4 2 0 0 0 1 2 136 1 0
0 33.08 1.62 2 2 4 0.54 0 0 0 1 2 0 1 0
0 47.42 8 2 10 5 6.5 1 1 6 0 2 375 51101 1
1 33.58 0.33 1 13 4 0.085 0 0 0 0 2 180 1 0
1 54.83 15.5 2 10 9 0 1 1 20 0 2 152 131 0
0 16 0.16 2 6 4 1 0 1 2 1 2 320 2 0
1 35.75 2.41 2 9 4 0.125 0 1 2 0 2 220 2 0
1 33.67 1.25 2 9 4 1.165 0 0 0 0 2 120 1 0
1 18.07 5.5 2 4 4 0.5 1 0 0 0 2 80 1 1
1 29.58 4.75 2 7 4 2 0 1 1 1 2 460 69 0
1 44.33 0.5 2 3 8 5 1 0 0 1 2 320 1 1
1 33.58 0.33 1 13 4 0.085 0 0 0 0 2 180 1 0
0 21.75 11.75 2 8 4 0.25 0 0 0 1 2 180 1 0
1 56 12.5 2 4 8 8 1 0 0 1 2 24 2029 1
0 20.83 0.5 1 10 2 1 0 0 0 0 2 260 1 0
1 23.08 0 2 4 4 1 0 1 11 0 1 0 1 0
1 41.5 1.54 2 3 5 3.5 0 0 0 0 2 216 1 1
1 26.67 1.75 1 8 4 1 1 1 5 1 2 160 5778 1
1 25.67 2.21 1 6 4 4 1 0 0 0 2 188 1 0
0 30.58 10.66 2 11 8 0.085 0 1 12 1 2 129 4 0
1 37.5 1.75 1 8 5 0.25 1 0 0 1 2 164 401 0
1 43.25 25.21 2 11 8 0.21 1 1 1 0 2 760 91 0
1 18.17 2.46 2 8 7 0.96 0 1 2 1 2 160 588 0
1 52.5 6.5 2 4 4 6.29 1 1 15 0 2 0 11203 1
1 33.58 0.25 2 3 5 4 0 0 0 1 1 420 1 0
1 34.17 2.75 2 3 5 2.5 0 0 0 1 2 232 201 0
1 36.67 2 2 3 4 0.25 0 0 0 1 2 221 1 0
1 25.67 12.5 2 13 4 1.21 1 1 67 1 2 140 259 1
1 34 5.08 1 3 5 1.085 0 0 0 1 2 480 1 0
1 37.33 2.66 2 13 4 0.165 0 0 0 1 2 0 502 0
0 25.75 0.5 2 8 8 0.875 1 0 0 1 2 491 1 1
1 32 1.75 1 10 8 0.04 1 0 0 1 2 393 1 1
0 30.25 5.5 2 4 4 5.5 0 0 0 1 1 100 1 0
1 31.83 2.5 2 6 4 7.5 1 0 0 1 2 523 1 0
0 42.25 1.75 1 8 4 0 0 0 0 1 2 150 2 0
1 36.08 2.54 2 1 1 0 0 0 0 0 2 0 1001 0
1 27.25 1.58 2 13 8 1.835 1 1 12 1 2 583 714 1
1 18.5 2 2 3 4 1.5 1 1 2 0 2 120 301 1
1 54.42 0.5 1 4 8 3.96 1 0 0 0 2 180 315 1
1 22.67 2.54 1 8 8 2.585 1 0 0 0 2 0 1 1
1 21.17 0.87 1 8 8 0.25 0 0 0 0 2 280 205 0
1 36.17 5.5 2 3 5 5 0 0 0 0 2 210 688 0
1 23.25 1.5 2 11 4 2.375 1 1 3 1 2 0 583 1
0 20.42 7.5 2 4 4 1.5 1 1 1 0 2 160 235 1
1.234 22.08 11.46 2 4 4 1.585 0 0 0 1 2 100 1213 0
1 18.42 10.41 1 6 4 0.125 1 0 0 0 2 120 376 0
1 31.08 1.5 1 9 4 0.04 0 0 0 0 1 160 1 0
1 31.92 4.46 2 13 8 6.04 1 1 3 0 2 311 301 1
0 29.58 1.75 1 4 4 1.25 0 0 0 1 2 280 1 0
1 34.83 2.5 1 9 4 3 0 0 0 0 1 200 1 0
0 36.58 0.28 2 1 1 0 0 1 10 0 2 200 19 0
1 27.75 0.58 1 13 4 0.25 1 1 2 0 2 260 501 1
1 28.75 1.16 2 4 4 0.5 1 0 0 0 1 280 1 0
0 20.67 3 2 11 4 0.165 1 1 3 0 2 100 7 1
0 20.32 10 2 8 8 1 1 1 4 0 2 50 1466 1
1 19.67 10 1 4 8 0.835 1 0 0 1 2 140 1 0
1 16.32 4.08 2 3 8 0.415 0 0 0 1 2 120 1 0
0 22.42 5.66 2 11 4 2.585 1 1 7 0 2 129 3258 1
1 22.08 11 2 13 4 0.665 1 0 0 0 2 100 1 1
1 65.42 11 2 10 9 20 1 1 7 1 2 22 1 1
1 54.83 15.5 2 10 9 0 1 1 20 0 2 152 131 0
0 40.33 7.54 1 11 8 8 1 1 14 0 2 0 2301 1
1 54.42 0.5 1 4 8 3.96 1 0 0 0 2 180 315 1
0 22.92 1.25 2 11 4 0.25 0 0 0 1 2 120 810 0
1 34.75 2.5 2 13 5 0.5 0 0 0 0 2 348 1 0
1 54.83 15.5 2 10 9 0 1 1 20 0 2 152 131 0
0 46.67 0.46 2 13 8 0.415 1 1 11 1 2 440 7 1
0 28.75 3.75 2 8 4 1.085 1 1 1 1 2 371 1 1
1 22.92 3.16 1 8 4 0.165 0 0 0 0 2 160 1059 0
1 20.17 5.62 2 9 4 1.71 1 0 0 0 1 120 1 1
1 42 0.2 2 3 8 5.125 1 0 0 0 2 400 1 1
1 36.67 2 2 3 4 0.25 0 0 0 1 2 221 1 0
1 34.92 5 2 14 8 7.5 1 1 6 1 2 0 1001 1
1 43.17 2.25 2 3 5 0.75 1 0 0 0 2 560 1 0
1 43.17 2.25 2 3 5 0.75 1 0 0 0 2 560 1 0
1 20 11.04 2 8 4 2 0 0 0 1 2 136 1 0
1 31.57 0.5 2 8 5 0.835 1 0 0 1 1 320 1 0
0 24.5 1.04 1 1 1 0.5 1 1 3 0 2 180 148 0
1 34.92 2.5 2 9 4 0 1 0 0 1 2 239 201 1
0 20.67 3 2 11 4 0.165 1 1 3 0 2 100 7 1
1 51.58 15 2 8 4 8.5 1 1 9 0 2 0 1 1
1 40.92 0.83 2 1 1 0 1 0 0 0 2 130 2 0
0 23.58 0.58 1 1 1 0.125 0 0 0 0 2 120 88 0
1 25.5 0.37 2 7 4 0.25 1 1 3 0 2 260 15109 1
1 48.75 26.33 1 1 1 0 1 0 0 1 2 0 1 0
0 20.75 10.25 2 11 4 0.71 1 1 2 1 2 49 1 1
1 26.33 13 2 10 2 0 0 0 0 1 2 140 1111 0
0 35.75 0.91 2 6 4 0.75 1 1 4 0 2 0 1584 1
1 26.75 2 2 2 4 0.75 0 0 0 1 2 80 1 0
1 27.42 12.5 2 6 5 0.25 0 0 0 1 2 720 1 0
1 35.75 2.41 2 9 4 0.125 0 1 2 0 2 220 2 0
1 31.42 15.5 2 8 4 0.5 1 0 0 0 2 120 1 0
0 25.58 0 2 8 4 0 0 0 0 0 3 184 1 1
1 52.5 6.5 2 4 4 6.29 1 1 15 0 2 0 11203 1
1 20 0 2 2 4 0.5 0 0 0 0 2 144 1 0
1 26.75 4.5 1 8 5 2.5 0 0 0 0 2 200 1211 0
1 40.25 21.5 2 10 9 20 1 1 11 0 2 0 1201 1
1 42 0.2 2 3 8 5.125 1 0 0 0 2 400 1 1
0 18.07 0.37 3 13 1 10 0 0 0 1 1 300 1 1
0 65.17 14 2 1 1 0 1 1 11 1 2 0 1401 1
1 40.58 3.29 2 7 4 3.5 0 0 0 1 1 400 1 0
1 32.25 0.16 1 8 8 3.25 1 1 1 1 2 432 8001 1
1 42.83 4.62 2 11 4 4.58 1 0 0 0 1 0 1 1
1 18.42 10.41 1 6 4 0.125 1 0 0 0 2 120 376 0
1 36.67 3.25 2 11 8 9 1 0 0 1 2 102 640 1
1 16.25 0 1 6 4 0.25 0 0 0 0 2 60 1 0
1 23 0.75 2 7 4 0.5 0 0 0 1 1 320 1 0
1 40.58 5 2 8 4 5 1 1 7 0 2 0 3066 1
0 25.33 2.08 2 8 8 2.75 1 0 0 1 2 360 2 0
1 17.67 4.46 2 8 4 0.25 0 0 0 0 1 80 1 0
1 25.58 0.33 2 4 8 3.5 0 0 0 1 2 340 1 0
1 47.67 0.28 2 8 5 15 1 1 20 0 2 0 15001 1
1 41.42 5 2 11 8 5 1 1 6 1 2 470 1 1
0 47.42 8 2 10 5 6.5 1 1 6 0 2 375 51101 1
1 25.67 0.28 1 8 4 1.5 0 0 0 1 2 160 1 0
1 41.17 1.25 1 9 4 0.25 0 0 0 0 2 0 196 0
0 47.75 8 2 8 4 7.875 1 1 6 1 2 0 1261 1
1 16.25 0.83 2 7 4 0.085 1 0 0 0 1 200 1 0
1 27.25 1.58 2 13 8 1.835 1 1 12 1 2 583 714 1
0 51.92 6.5 2 3 5 3.085 0 0 0 1 2 73 1 0
0 28.5 1 2 11 4 1 1 1 2 1 2 167 501 0
1 27 1.5 1 9 4 0.375 1 0 0 1 2 260 1066 1
0 22.67 0.33 2 11 4 0.75 0 0 0 0 1 160 1 0
1 18.5 2 2 3 4 1.5 1 1 2 0 2 120 301 1
1 25.42 0.54 2 9 4 0.165 0 1 1 0 2 272 445 0
1 22.08 11 2 13 4 0.665 1 0 0 0 2 100 1 1
1 25.42 0.54 2 9 4 0.165 0 1 1 0 2 272 445 0
0 23 11.75 2 14 8 0.5 1 1 2 1 2 300 552 1
1 28.67 14.5 2 2 4 0.125 0 0 0 0 2 0 287 0
1 44.25 0.5 2 7 4 10.75 1 0 0 0 1 400 1 0
1 20 7 2 8 4 0.5 0 0 0 0 2 0 1 0
0 20.5 11.83 2 8 8 6 1 0 0 0 2 340 1 1
1 29.83 3.5 2 8 4 0.165 0 0 0 0 2 216 1 0
1 31.57 0.37 2 2 4 0.875 1 0 0 1 1 928 1 0
0 58.42 21 2 3 5 10 1 1 13 0 2 0 6701 1
1 18.07 6.75 1 7 4 0.04 0 0 0 0 2 140 1 0
1 18.17 2.46 2 8 7 0.96 0 1 2 1 2 160 588 0
0 50.08 12.54 2 6 4 2.29 1 1 3 1 2 156 1 1
1 30.75 1.58 2 2 4 0.585 0 0 0 1 1 0 1 0
1 31.92 4.46 2 13 8 6.04 1 1 3 0 2 311 301 1
1 32.08 4 2 7 4 2.5 1 0 0 1 2 360 1 1
0 20.5 11.83 2 8 8 6 1 0 0 0 2 340 1 1
1 34.67 1.08 2 7 4 1.165 0 0 0 0 1 28 1 0
1 20 7 2 8 4 0.5 0 0 0 0 2 0 1 0
1 31.42 15.5 2 8 4 0.5 1 0 0 0 2 120 1 0
1 25.25 1 2 6 4 0.5 0 0 0 0 2 200 1 0
0 27.25 0.28 2 7 8 0.125 0 1 1 1 2 272 109 0
1 29.83 2.04 1 14 8 0.04 0 0 0 0 2 128 2 0
1 25.75 0.75 2 8 5 0.25 1 0 0 0 2 349 24 1
1 37.33 6.5 2 7 8 4.25 1 1 12 1 2 93 1 1
0 19.5 0.16 2 11 4 0.04 0 0 0 1 2 380 1 0
1 23.58 0.46 1 9 4 2.625 1 1 6 1 2 208 348 0
0 36.75 5.12 2 10 4 5 1 0 0 1 2 0 4001 1
0 41 2.04 1 11 8 0.125 1 1 23 1 2 455 1237 1
0 55.75 7.08 2 4 8 6.75 1 1 3 1 2 100 51 0
1 51.42 0.04 2 14 8 0.04 1 0 0 0 2 0 3001 1
1 40 6.5 2 6 5 3.5 1 1 1 0 2 0 501 1
0 22.92 11.58 2 13 4 0.04 1 0 0 0 2 80 1350 1
1 20 7 2 8 4 0.5 0 0 0 0 2 0 1 0
0 30.25 5.5 2 4 4 5.5 0 0 0 1 1 100 1 0
1 21.83 11 2 14 4 0.29 1 1 6 0 2 121 1 1
1 37.33 2.66 2 13 4 0.165 0 0 0 1 2 0 502 0
1 54.83 15.5 2 10 9 0 1 1 20 0 2 152 131 0
1 20.17 9.25 2 8 4 1.665 1 1 3 1 2 40 29 1
1 27.83 1 1 2 8 3 0 0 0 0 2 176 538 0
1 44.83 7 1 8 4 1.625 0 0 0 0 2 160 3 0
0 24.83 4.5 2 9 4 1 0 0 0 1 2 360 7 0
1 25.83 12.83 2 13 4 0.5 0 0 0 0 2 0 3 0
0 39.08 4 2 8 4 3 0 0 0 0 2 480 1 0
0 22.83 2.29 2 11 8 2.29 1 1 7 1 2 140 2385 1
1 16 3.12 2 9 4 0.085 0 1 1 0 2 0 7 0
1 34.75 2.5 2 13 5 0.5 0 0 0 0 2 348 1 0
1 44.25 11 1 2 4 1.5 1 0 0 0 1 0 1 0
0 31.57 3.5 2 2 4 3 1 0 0 1 2 300 1 0
0 51.92 6.5 2 3 5 3.085 0 0 0 1 2 73 1 0
1 39.17 1.71 2 14 4 0.125 1 1 5 1 2 480 1 1
1 34.08 0.08 1 7 5 0.04 1 1 1 1 2 280 2001 1
0 22.67 0.75 2 8 4 2 0 1 2 1 2 200 395 0
1 30.17 0.5 2 8 4 1.75 1 1 11 0 2 32 541 1
0 40.33 7.54 1 11 8 8 1 1 14 0 2 0 2301 1
1 47.17 5.83 2 9 4 5.5 0 0 0 0 2 465 151 0
1 22.08 2.33 2 4 4 0.75 0 0 0 0 2 180 1 0
1 31.57 0.37 2 2 4 0.875 1 0 0 1 1 928 1 0
1 20.42 0 2 8 4 0 0 0 0 0 3 184 1 0
0 49 1.5 2 5 3 0 1 0 0 1 2 100 28 0
0 33.67 0.37 2 13 4 0.375 0 0 0 0 2 300 45 1
0 19.17 8.58 2 13 8 0.75 1 1 7 0 2 96 1 1
1 32.83 2.5 2 13 8 2.75 1 1 6 0 2 160 2073 1
1 34.83 2.5 1 9 4 3 0 0 0 0 1 200 1 0
0 27.58 3 2 7 4 2.79 0 1 1 1 2 280 11 0
1 22.75 11 2 11 4 2.5 1 1 7 1 2 100 810 1
1 32.08 4 1 13 4 1.5 0 0 0 1 2 120 1 0
1 32.33 2.5 2 8 4 1.25 0 0 0 1 2 280 1 0
1 36.17 5.5 2 3 5 5 0 0 0 0 2 210 688 0
1 47.33 6.5 2 8 4 1 0 0 0 1 2 0 229 0
1 22.17 2.25 2 3 4 0.125 0 0 0 0 2 160 11 0
1 52.33 1.37 1 8 8 9.46 1 0 0 1 2 200 101 0
1 60.08 14.5 2 1 1 18 1 1 15 1 2 0 1001 1
1 24.33 6.62 1 2 4 5.5 1 0 0 1 1 100 1 1
0 22.58 10.75 2 11 4 0.415 1 1 5 1 2 0 561 1
1 22.08 2.33 2 4 4 0.75 0 0 0 0 2 180 1 0
1 26.17 0.25 2 3 5 0 1 0 0 1 2 0 1 1
1 67.75 5.5 2 10 9 13 1 1 1 1 2 0 1 1
1 53.92 9.62 2 10 4 8.665 1 1 5 0 2 0 1 1
0 23.58 0.58 1 1 1 0.125 0 0 0 0 2 120 88 0
1 20.67 0.41 2 8 4 0.125 0 0 0 0 2 0 45 0
0 38.75 1.5 2 1 1 0 0 0 0 0 2 76 1 0

