1 20.5 2.41 2 8 4 2 1 1 11 1 2 200 3001 1
0 17.92 10.21 2 1 1 0 0 0 0 0 2 0 51 0
0 49 1.5 2 5 3 0 1 0 0 1 2 100 28 0
1 34.42 1.33 2 3 5 0.125 0 0 0 1 2 440 4501 0
1 23.5 3.16 1 4 4 0.415 0 1 1 1 2 280 81 0
0 25.08 2.54 1 6 4 0.25 1 0 0 1 2 370 1 1
0 22.42 5.66 2 11 4 2.585 1 1 7 0 2 129 3258 1
1 22.25 0.46 2 4 4 0.125 0 0 0 1 2 280 56 0
1 18.07 5.5 2 4 4 0.5 1 0 0 0 2 80 1 1
1 23.33 1.5 2 8 8 1.415 1 0 0 0 2 422 201 1
1.234 22.08 11.46 2 4 4 1.585 0 0 0 1 2 100 1213 0
1 38.92 1.75 2 4 4 0.5 0 0 0 1 2 300 3 0
1 43.25 25.21 2 11 8 0.21 1 1 1 0 2 760 91 0
1 41.17 1.25 1 9 4 0.25 0 0 0 0 2 0 196 0
1 32.08 4 2 7 4 2.5 1 0 0 1 2 360 1 1
1 18.17 2.46 2 8 7 0.96 0 1 2 1 2 160 588 0
1 39.17 1.62 2 8 4 1.5 1 1 10 0 2 186 4701 1
0 27.17 1.25 2 1 1 0 0 1 1 0 2 92 301 0
1 23.25 12.62 2 8 4 0.125 0 1 2 0 2 0 5553 0
1 49.17 2.29 2 1 1 0.29 0 0 0 0 2 200 4 0
1 63.33 0.54 2 8 4 0.585 1 1 3 1 2 180 1 0
1 36.08 2.54 2 1 1 0 0 0 0 0 2 0 1001 0
0 28.5 3.04 1 14 8 2.54 1 1 1 0 2 70 1 1
0 33.08 4.62 2 11 8 1.625 1 1 2 0 2 0 1 1
1 23.92 0.66 2 8 4 0.165 0 0 0 0 2 100 1 1
1 36.33 2.12 1 9 4 0.085 1 1 1 0 2 50 1188 1
1 34.83 2.5 1 9 4 3 0 0 0 0 1 200 1 0
0 22.5 8.5 2 11 4 1.75 1 1 10 0 2 80 991 0
1 31.57 0.37 2 2 4 0.875 1 0 0 1 1 928 1 0
1 32.42 3 2 2 4 0.165 0 0 0 1 2 120 1 0
1 21.67 1.16 1 4 4 2.5 1 1 1 0 2 180 21 0
0 23.5 9 2 11 4 8.5 1 1 5 1 2 120 1 1
1 34.08 0.08 1 7 5 0.04 1 1 1 1 2 280 2001 1
0 42.25 1.75 1 8 4 0 0 0 0 1 2 150 2 0
1 37.42 2.04 2 9 4 0.04 1 0 0 1 2 400 5801 1
0 57.58 2 2 1 1 6.5 0 1 1 0 2 0 11 0
1 41.17 4.04 2 13 8 7 1 1 8 0 2 320 1 1
1 25.5 0.37 2 7 4 0.25 1 1 3 0 2 260 15109 1
1 23.42 1 2 8 4 0.5 0 0 0 1 1 280 1 0
0 31.75 3 1 5 3 0 0 0 0 0 2 160 21 0
1 20.42 7 2 8 4 1.625 1 1 3 0 2 200 1392 1
1 44.33 0.5 2 3 8 5 1 0 0 1 2 320 1 1
1 59.67 1.54 2 11 4 0.125 1 0 0 1 2 260 1 1
0 20.32 10 2 8 8 1 1 1 4 0 2 50 1466 1
0 20.07 0.12 2 11 4 1 0 1 1 0 2 240 769 1
0 24.75 12.5 2 6 4 1.5 1 1 12 1 2 120 568 1
1 34.17 1.54 2 13 4 1.54 1 1 1 1 2 520 50001 1
1 19.17 4 1 3 4 1 0 0 0 1 2 360 1001 0
1 24.58 12.5 2 9 4 0.875 1 0 0 1 2 260 1 0
1 18.07 5.5 2 4 4 0.5 1 0 0 0 2 80 1 1
1 42 0.2 2 3 8 5.125 1 0 0 0 2 400 1 1
0 15.75 0.37 2 8 4 1 0 0 0 0 2 120 19 0
0 23.5 9 2 11 4 8.5 1 1 5 1 2 120 1 1
1 13.75 4 1 9 4 1.75 1 1 2 1 2 120 1001 1
0 33.08 1.62 2 2 4 0.54 0 0 0 1 2 0 1 0
1 25 12.5 2 6 4 3 1 0 0 1 1 20 1 1
1 23.75 12 2 8 4 2.085 0 0 0 0 1 80 1 0
1 41.5 1.54 2 3 5 3.5 0 0 0 0 2 216 1 1
1 51.58 15 2 8 4 8.5 1 1 9 0 2 0 1 1
0 64.08 0.16 2 1 1 0 1 1 1 0 2 232 101 1
1 53.92 9.62 2 10 4 8.665 1 1 5 0 2 0 1 1
1 24.33 6.62 1 2 4 5.5 1 0 0 1 1 100 1 1
1 25.83 12.83 2 13 4 0.5 0 0 0 0 2 0 3 0
1 23.08 2.5 2 1 1 0.085 0 0 0 1 2 100 4209 0
1 28.75 1.5 1 8 4 1.5 1 0 0 1 2 0 226 0
0 20.5 11.83 2 8 8 6 1 0 0 0 2 340 1 1
0 20.42 10.5 1 14 8 0 0 0 0 1 2 154 33 0
0 20.83 0.5 1 10 2 1 0 0 0 0 2 260 1 0
1 32 1.75 1 10 8 0.04 1 0 0 1 2 393 1 1
1 34.25 1.75 2 9 5 0.25 1 0 0 1 2 163 1 0
0 18.07 0.37 3 13 1 10 0 0 0 1 1 300 1 1
1 63.33 0.54 2 8 4 0.585 1 1 3 1 2 180 1 0
0 45.83 10.5 2 11 4 5 1 1 7 1 2 0 1 1
1 42 0.2 2 3 8 5.125 1 0 0 0 2 400 1 1
1 40 6.5 2 6 5 3.5 1 1 1 0 2 0 501 1
1 21.58 0.79 1 13 4 0.665 0 0 0 0 2 160 1 0
1 33.58 2.75 2 7 4 4.25 1 1 6 0 2 204 1 1
1 33.5 1.75 2 14 8 4.5 1 1 4 1 2 253 858 1
0 46.67 0.46 2 13 8 0.415 1 1 11 1 2 440 7 1
1 32.25 0.16 1 8 8 3.25 1 1 1 1 2 432 8001 1
1 26 1 2 11 4 1.75 1 0 0 1 2 280 1 1
1 22.75 11.5 2 3 4 0.415 0 0 0 0 2 0 1 0
0 24.75 12.5 2 6 4 1.5 1 1 12 1 2 120 568 1
1 22.25 0.46 2 4 4 0.125 0 0 0 1 2 280 56 0
1 41.42 5 2 11 8 5 1 1 6 1 2 470 1 1
1 36.33 2.12 1 9 4 0.085 1 1 1 0 2 50 1188 1
1 16.17 0.04 2 8 4 0.04 0 0 0 0 2 0 1 1
1 44.25 0.5 2 7 4 10.75 1 0 0 0 1 400 1 0
1 39 5 2 13 4 3.5 1 1 10 1 2 0 1 1
1 40.58 3.29 2 7 4 3.5 0 0 0 1 1 400 1 0
0 18.92 9.25 1 8 4 1 1 1 4 1 2 80 501 1
0 22.25 1.25 1 1 1 3.25 0 0 0 0 2 280 1 0
0 15.83 7.62 2 11 4 0.125 0 1 1 1 2 0 161 0
1 16.25 0 1 6 4 0.25 0 0 0 0 2 60 1 0
0 17.82 11 2 14 8 1 1 1 11 0 2 0 3001 1
1 22.67 1.58 1 9 4 3.085 1 1 6 0 2 80 1 1
0 50.25 0.83 2 6 4 0.5 0 0 0 1 2 240 118 0
0 17.57 9 2 6 4 1.375 1 0 0 1 2 0 1 1
0 20.07 0.12 2 11 4 1 0 1 1 0 2 240 769 1
1 43.25 25.21 2 11 8 0.21 1 1 1 0 2 760 91 0
1 26.75 1.12 2 14 8 1.25 1 0 0 0 2 0 5299 1
1 34.25 3 2 13 8 7.415 1 0 0 1 2 0 1 1
1 19.17 0 1 7 5 0 0 0 0 1 1 500 2 1
1 31.57 5 1 6 4 8.5 1 0 0 0 2 0 1 0
1 57.42 8.5 2 10 8 7 1 1 3 0 2 0 1 1
1 24.5 13.33 1 6 4 0.04 0 0 0 1 2 120 476 0
0 64.08 0.16 2 1 1 0 1 1 1 0 2 232 101 1
0 22.67 0.75 2 8 4 2 0 1 2 1 2 200 395 0
0 22.92 1.25 2 11 4 0.25 0 0 0 1 2 120 810 0
0 22.67 3.8 2 8 4 0.165 0 0 0 0 2 160 1 0
1 29.25 14.79 2 6 4 5.04 1 1 5 1 2 168 1 1
0 24.5 2.41 1 8 4 0 0 0 0 0 2 120 1 0
1 21.17 0.87 1 8 8 0.25 0 0 0 0 2 280 205 0
1 29.5 0.57 2 9 4 0.29 0 1 1 0 2 340 2804 0
1 34 5.5 1 8 4 1.5 0 0 0 1 2 60 1 0
1 48.17 3.5 2 6 4 3.5 1 0 0 0 1 230 1 1
1 74.83 19 1 1 1 0.04 0 1 2 0 2 0 352 0
1 40.25 21.5 2 10 9 20 1 1 11 0 2 0 1201 1
0 24.5 1.04 1 1 1 0.5 1 1 3 0 2 180 148 0
1 18.82 0 2 11 4 0.665 0 0 0 0 2 160 2 0
1 42 9.78 2 14 8 7.96 1 1 8 0 2 0 1 1
0 50.08 12.54 2 6 4 2.29 1 1 3 1 2 156 1 1
1 20 11.04 2 8 4 2 0 0 0 1 2 136 1 0
1 51.42 0.04 2 14 8 0.04 1 0 0 0 2 0 3001 1
1 16.17 0.04 2 8 4 0.04 0 0 0 0 2 0 1 1
1 33.58 2.75 2 7 4 4.25 1 1 6 0 2 204 1 1
0 28.08 15 1 10 9 0 1 0 0 0 2 0 13213 1
1 56.42 28 1 8 4 28.5 1 1 40 0 2 0 16 1
0 22.5 8.5 2 11 4 1.75 1 1 10 0 2 80 991 0
0 33.25 3 1 6 4 2 0 0 0 0 2 180 1 0
1 32.33 2.5 2 8 4 1.25 0 0 0 1 2 280 1 0
0 23.58 11.5 1 4 8 3 0 0 0 1 2 20 17 0
0 47.42 3 2 14 4 13.875 1 1 2 1 2 519 1705 1
0 28.58 3.54 2 3 5 0.5 1 0 0 1 2 171 1 0
1 17.07 0.08 1 8 4 0.04 0 0 0 0 2 140 723 0
1 22.92 3.16 1 8 4 0.165 0 0 0 0 2 160 1059 0
1 54.83 15.5 2 10 9 0 1 1 20 0 2 152 131 0
0 58.67 4.46 2 11 8 3.04 1 1 6 0 2 43 561 1
1 29.25 14.79 2 6 4 5.04 1 1 5 1 2 168 1 1
0 22.42 5.66 2 11 4 2.585 1 1 7 0 2 129 3258 1
1 36.33 2.12 1 9 4 0.085 1 1 1 0 2 50 1188 1
0 46.67 0.46 2 13 8 0.415 1 1 11 1 2 440 7 1
1 33.5 1.75 2 14 8 4.5 1 1 4 1 2 253 858 1
1 22 0.79 2 9 4 0.29 0 1 1 0 2 420 284 0
1 24.58 1.25 2 8 4 0.25 0 0 0 0 2 110 1 0
0 58.67 4.46 2 11 8 3.04 1 1 6 0 2 43 561 1
1 24.17 0.87 2 11 4 4.625 1 1 2 1 2 520 2001 1
1 36.17 5.5 2 3 5 5 0 0 0 0 2 210 688 0
1 36.5 4.25 2 11 4 3.5 0 0 0 0 2 454 51 0
1 30.17 0.5 2 8 4 1.75 1 1 11 0 2 32 541 1
1 25.42 0.54 2 9 4 0.165 0 1 1 0 2 272 445 0
1 23.75 12 2 8 4 2.085 0 0 0 0 1 80 1 0
0 33.67 0.37 2 13 4 0.375 0 0 0 0 2 300 45 1
1 37.17 4 2 8 5 5 1 0 0 1 1 280 1 0
1 40.58 5 2 8 4 5 1 1 7 0 2 0 3066 1
1 33.17 3.16 1 14 4 3.165 1 1 3 1 2 380 1 1
0 23 11.75 2 14 8 0.5 1 1 2 1 2 300 552 1
1 42.83 4.62 2 11 4 4.58 1 0 0 0 1 0 1 1
1 34.83 4 2 2 5 12.5 1 0 0 1 2 184 1 0
1 33.58 0.33 1 13 4 0.085 0 0 0 0 2 180 1 0
1 22.67 2.54 1 8 8 2.585 1 0 0 0 2 0 1 1
1 18.07 6.75 1 7 4 0.04 0 0 0 0 2 140 1 0
1 31.83 0.04 1 7 4 0.04 0 0 0 0 2 0 1 0
0 22.92 1.25 2 11 4 0.25 0 0 0 1 2 120 810 0
1 22 0.79 2 9 4 0.29 0 1 1 0 2 420 284 0
1 18.32 1.21 1 10 2 0 0 0 0 0 2 100 1 0
0 33.75 0.75 2 4 5 1 1 1 3 1 2 212 1 0
0 26.5 2.71 1 8 4 0.085 0 0 0 0 1 80 1 0
1 41.17 4.04 2 13 8 7 1 1 8 0 2 320 1 1
1 80.25 5.5 2 8 4 0.54 1 0 0 0 2 0 341 0
0 22.5 0.41 2 3 4 0.335 0 0 0 1 1 144 1 0
1 65.42 11 2 10 9 20 1 1 7 1 2 22 1 1
0 28.17 0.37 2 11 4 0.585 1 1 4 0 2 80 1 1
0 28.5 3.04 1 14 8 2.54 1 1 1 0 2 70 1 1
1 25.67 12.5 2 13 4 1.21 1 1 67 1 2 140 259 1
0 20.42 10.5 1 14 8 0 0 0 0 1 2 154 33 0
1 21.25 1.5 2 9 4 1.5 0 0 0 0 2 150 9 1
1 48.33 12 2 7 4 16 1 0 0 0 1 110 1 1
1 32.33 3.5 2 4 4 0.5 0 0 0 1 2 232 1 0
1 35 3.37 2 8 8 8.29 0 0 0 1 2 0 1 0
1 34.42 4.25 2 3 5 3.25 1 1 2 0 2 274 611 1
1 23.17 0 2 13 4 0.085 1 0 0 0 2 0 1 1
1 33.75 2.75 2 3 5 0 0 0 0 0 2 180 1 0
0 22.5 8.5 2 11 4 1.75 1 1 10 0 2 80 991 0
0 33.25 2.5 1 8 4 2.5 0 0 0 1 2 0 3 0
1 31.57 5 1 6 4 8.5 1 0 0 0 2 0 1 0
0 41 2.04 1 11 8 0.125 1 1 23 1 2 455 1237 1
0 23 11.75 2 14 8 0.5 1 1 2 1 2 300 552 1
1 44 2 2 7 4 1.75 1 1 2 1 2 0 16 1
1 37.33 6.5 2 7 8 4.25 1 1 12 1 2 93 1 1
1 21.92 0.5 2 8 4 0.125 0 0 0 0 2 360 1 0
1 51.58 15 2 8 4 8.5 1 1 9 0 2 0 1 1
0 27.25 0.28 2 7 8 0.125 0 1 1 1 2 272 109 0
0 19.67 0.21 2 11 8 0.29 1 1 11 0 2 80 100 1
1 19 1.75 1 8 4 2.335 0 0 0 1 2 112 7 0
1 33.58 0.33 1 13 4 0.085 0 0 0 0 2 180 1 0
1 43 0.28 1 13 8 1.75 1 1 8 0 2 100 376 1
0 18.92 9.25 1 8 4 1 1 1 4 1 2 80 501 1
1 21.25 1.5 2 9 4 1.5 0 0 0 0 2 150 9 1
1 23.5 3.16 1 4 4 0.415 0 1 1 1 2 280 81 0
0 28.5 3.04 1 14 8 2.54 1 1 1 0 2 70 1 1
1 41.42 5 2 11 8 5 1 1 6 1 2 470 1 1
1 29.83 3.5 2 8 4 0.165 0 0 0 0 2 216 1 0
0 21.75 11.75 2 8 4 0.25 0 0 0 1 2 180 1 0
0 40.33 7.54 1 11 8 8 1 1 14 0 2 0 2301 1
1 22 0.79 2 9 4 0.29 0 1 1 0 2 420 284 0
1 31.57 0.5 2 8 5 0.835 1 0 0 1 1 320 1 0
0 52.17 0 1 1 1 0 0 0 0 0 2 0 1 0
0 31.57 11.25 2 1 1 0 0 0 0 0 2 184 5201 0
0 27.17 1.25 2 1 1 0 0 1 1 0 2 92 301 0
1 34.83 4 2 2 5 12.5 1 0 0 1 2 184 1 0
1 24.83 2.75 2 8 4 2.25 1 1 6 0 2 184 601 1
0 24.75 3 2 11 8 1.835 1 1 19 0 2 0 501 1
1 27.83 1.54 2 9 4 3.75 1 1 5 1 2 100 4 1
0 25 12.33 2 13 8 3.5 1 1 6 0 2 400 459 1
1 31.57 4 2 14 4 5 1 1 3 1 2 290 2280 1
1 47.67 0.28 2 8 5 15 1 1 20 0 2 0 15001 1
1 13.75 4 1 9 4 1.75 1 1 2 1 2 120 1001 1
1 32.83 2.5 2 13 8 2.75 1 1 6 0 2 160 2073 1
0 44.33 0 2 8 4 2.5 1 0 0 0 2 0 1 1

