1 33.5 1.75 2 14 8 4.5 1 1 4 1 2 253 858 1
1 43.17 5 2 3 5 2.25 0 0 0 1 2 141 1 0
0 71.58 0 2 8 4 0 0 0 0 0 3 184 1 1
0 16.5 1.25 2 11 4 0.25 0 1 1 0 2 108 99 0
1 26.17 12.5 1 4 8 1.25 0 0 0 1 2 0 18 0
0 26.17 2 2 5 3 0 0 0 0 1 2 276 2 0
0 23 1.83 2 5 3 0 0 1 1 0 2 200 54 0
0 24.75 13.66 2 11 8 1.5 0 0 0 0 2 280 2 0
1 48.58 6.5 2 11 8 6 1 0 0 1 2 350 1 1
1 39.5 1.62 2 8 4 1.5 0 0 0 0 2 0 317 0
1 28.25 0.87 2 7 4 0.96 1 1 3 1 2 396 1 1
0 23.75 0.71 2 9 4 0.25 0 1 1 1 2 240 5 0
1 29.92 1.83 2 8 8 4.335 1 0 0 0 2 260 201 1
1 28.75 1.16 2 4 4 0.5 1 0 0 0 1 280 1 0
0 36.75 4.71 2 1 1 0 0 0 0 0 2 160 1 0
0 42.25 1.75 1 8 4 0 0 0 0 1 2 150 2 0
1 25.67 2.21 1 6 4 4 1 0 0 0 2 188 1 0
0 50.08 12.54 2 6 4 2.29 1 1 3 1 2 156 1 1
1 41.5 1.54 2 3 5 3.5 0 0 0 0 2 216 1 1
1 47.67 0.28 2 8 5 15 1 1 20 0 2 0 15001 1
0 25 12.33 2 13 8 3.5 1 1 6 0 2 400 459 1
1 25.33 0.57 2 8 4 0.29 1 1 7 1 2 96 5125 1
0 23 11.75 2 14 8 0.5 1 1 2 1 2 300 552 1
0 60.58 16.5 2 11 4 11 1 0 0 1 2 21 10562 1
1 44.25 0.5 2 7 4 10.75 1 0 0 0 1 400 1 0
0 25.17 2.87 2 14 8 0.875 1 0 0 0 2 360 1 1
0 20.67 3 2 11 4 0.165 1 1 3 0 2 100 7 1
1 21.92 0.54 1 14 4 0.04 1 1 1 1 2 840 60 1
0 69.5 6 2 1 1 0 0 0 0 0 1 0 1 0
0 45 4.58 2 4 8 1 0 0 0 1 1 240 1 0
1 35.75 2.41 2 9 4 0.125 0 1 2 0 2 220 2 0
1 38.92 1.75 2 4 4 0.5 0 0 0 1 2 300 3 0
1 16 3.12 2 9 4 0.085 0 1 1 0 2 0 7 0
1 26.67 1.75 1 8 4 1 1 1 5 1 2 160 5778 1
0 36.75 5.12 2 10 4 5 1 0 0 1 2 0 4001 1
0 30.42 1.37 2 9 8 0.04 0 1 3 0 2 0 34 0
1 20.67 5.29 2 11 4 0.375 1 1 1 0 2 160 1 0
1 24.33 6.62 1 2 4 5.5 1 0 0 1 1 100 1 1
0 33.08 1.62 2 2 4 0.54 0 0 0 1 2 0 1 0
1 21.33 7.5 2 6 4 1.415 1 1 1 0 2 80 9801 1
1 22.67 0.16 2 8 3 2.25 0 0 0 1 1 0 1 1
1 32.33 7.5 2 10 5 1.585 1 0 0 1 1 420 1 0
1 44.83 7 1 8 4 1.625 0 0 0 0 2 160 3 0
1 32.33 2.5 2 8 4 1.25 0 0 0 1 2 280 1 0
1 33.17 1.04 2 12 8 6.5 1 0 0 1 2 164 31286 1
1 47.33 6.5 2 8 4 1 0 0 0 1 2 0 229 0
1 20.67 5.29 2 11 4 0.375 1 1 1 0 2 160 1 0
1 34 5.5 1 8 4 1.5 0 0 0 1 2 60 1 0
1 33.17 3.16 1 14 4 3.165 1 1 3 1 2 380 1 1
0 15.75 0.37 2 8 4 1 0 0 0 0 2 120 19 0
0 58.42 21 2 3 5 10 1 1 13 0 2 0 6701 1
0 18.25 10 2 9 4 1 0 1 1 0 2 120 2 0
1 23.17 0 2 8 4 0 0 0 0 0 3 184 1 1
1 23 0.75 2 7 4 0.5 1 0 0 1 1 320 1 0
1 23.17 0 2 8 4 0 0 0 0 0 3 184 1 1
0 17.92 0.54 2 8 4 1.75 0 1 1 1 2 80 6 0
1 16.32 2.75 2 6 4 0.665 0 1 1 0 2 80 22 0
0 18.25 10 2 9 4 1 0 1 1 0 2 120 2 0
0 35.42 12 2 11 8 14 1 1 8 0 2 0 6591 1
1 30.58 2.71 1 7 4 0.125 0 0 0 1 1 80 1 0
0 33.92 1.58 1 1 1 0 1 0 0 0 2 320 1 0
1 60.08 14.5 2 1 1 18 1 1 15 1 2 0 1001 1
1 36.17 0.42 1 9 4 0.29 0 0 0 1 2 309 3 0
1 20.67 1.25 1 8 8 1.375 1 1 3 1 2 140 211 0
1 34.5 4.04 1 3 5 8.5 1 1 7 1 2 195 1 1
0 22.67 0.33 2 11 4 0.75 0 0 0 0 1 160 1 0
0 26.5 2.71 1 8 4 0.085 0 0 0 0 1 80 1 0
1 35.25 16.5 1 8 4 4 1 0 0 0 2 80 1 0
1 41.92 0.42 2 8 8 0.21 1 1 6 0 2 220 949 1
0 35.42 12 2 11 8 14 1 1 8 0 2 0 6591 1
0 46 4 2 5 3 0 1 0 0 0 2 100 961 1
1 31.08 1.5 1 9 4 0.04 0 0 0 0 1 160 1 0
0 46 4 2 5 3 0 1 0 0 0 2 100 961 1
1 39.17 1.62 2 8 4 1.5 1 1 10 0 2 186 4701 1
0 22.5 0.41 2 3 4 0.335 0 0 0 1 1 144 1 0
0 16.5 1.25 2 11 4 0.25 0 1 1 0 2 108 99 0
0 35.17 3.75 2 1 1 0 0 1 6 0 2 0 201 0
0 55.75 7.08 2 4 8 6.75 1 1 3 1 2 100 51 0
1 65.42 11 2 10 9 20 1 1 7 1 2 22 1 1
1 31.57 4 2 14 4 5 1 1 3 1 2 290 2280 1
1 20.67 0.41 2 8 4 0.125 0 0 0 0 2 0 45 0
1 37.58 0 2 8 4 0 0 0 0 0 3 184 1 1
1 23.42 1 2 8 4 0.5 0 0 0 1 1 280 1 0
1 48.33 12 2 7 4 16 1 0 0 0 1 110 1 1
1 22.67 1.58 1 9 4 3.085 1 1 6 0 2 80 1 1
1 25.5 0.37 2 7 4 0.25 1 1 3 0 2 260 15109 1
0 22.83 2.29 2 11 8 2.29 1 1 7 1 2 140 2385 1
0 18.82 4.41 1 8 8 3 1 0 0 0 2 240 1 1
1 33.17 3.04 1 8 8 2.04 1 1 1 1 2 180 18028 1
1 36.75 0.12 1 8 4 1.5 0 0 0 1 2 232 114 1
0 32.25 1.5 2 8 4 0.25 0 0 0 1 2 372 123 0
0 20.32 10 2 8 8 1 1 1 4 0 2 50 1466 1
0 25 11 1 6 4 4.5 1 0 0 0 2 120 1 0
1 16.92 0.33 1 4 4 0.29 0 0 0 0 1 200 1 0
1 17.07 0.08 1 8 4 0.04 0 0 0 0 2 140 723 0
1 16.25 0 1 6 4 0.25 0 0 0 0 2 60 1 0
1 24.42 12.33 2 11 8 1.585 1 0 0 1 2 120 1 1
1 44.25 11 1 2 4 1.5 1 0 0 0 1 0 1 0
1 33.58 0.33 1 13 4 0.085 0 0 0 0 2 180 1 0
1 27 1.5 1 9 4 0.375 1 0 0 1 2 260 1066 1
0 22.58 10.75 2 11 4 0.415 1 1 5 1 2 0 561 1
0 29.58 1.75 1 4 4 1.25 0 0 0 1 2 280 1 0
1 51.33 10 2 3 5 0 1 1 11 0 2 0 1250 1
1 37.75 7 2 11 8 11.5 1 1 7 1 2 300 6 0
1 26 1 2 11 4 1.75 1 0 0 1 2 280 1 1
1 33.17 3.04 1 8 8 2.04 1 1 1 1 2 180 18028 1
0 23.58 0.58 1 1 1 0.125 0 0 0 0 2 120 88 0
1 19.67 0.37 2 11 4 2 1 1 2 1 2 80 1 1
0 52.83 15 2 8 4 5.5 1 1 14 0 2 0 2201 1
1 36.67 2 2 3 4 0.25 0 0 0 1 2 221 1 0
1 28.75 1.16 2 4 4 0.5 1 0 0 0 1 280 1 0
1 37.42 2.04 2 9 4 0.04 1 0 0 1 2 400 5801 1
1 33.17 3.04 1 8 8 2.04 1 1 1 1 2 180 18028 1
0 39.08 4 2 8 4 3 0 0 0 0 2 480 1 0
1 37.17 4 2 8 5 5 1 0 0 1 1 280 1 0
1 32.75 1.5 2 13 8 5.5 1 1 3 1 2 0 1 1
1 28.75 1.16 2 4 4 0.5 1 0 0 0 1 280 1 0
1 26.83 0.54 2 4 1 0 0 0 0 0 2 100 1 0
1 33.58 2.75 2 7 4 4.25 1 1 6 0 2 204 1 1
1 21.83 0.25 2 2 8 0.665 1 0 0 1 2 0 1 1
1 35.17 4.5 2 14 8 5.75 0 0 0 1 1 711 1 1
1 32.08 4 1 13 4 1.5 0 0 0 1 2 120 1 0
1 42.83 1.25 2 7 4 13.875 0 1 1 1 2 352 113 0
0 34.83 1.25 1 3 8 0.5 0 0 0 1 2 160 1 0
1 21.67 1.16 1 4 4 2.5 1 1 1 0 2 180 21 0
1 32.08 4 1 13 4 1.5 0 0 0 1 2 120 1 0
0 25.25 13.5 1 1 1 2 0 1 1 1 2 200 2 0
0 19.17 8.58 2 13 8 0.75 1 1 7 0 2 96 1 1
1 20.17 5.62 2 9 4 1.71 1 0 0 0 1 120 1 1
0 18.82 9.5 2 9 4 1.625 1 1 6 1 2 40 601 1
0 69.5 6 2 1 1 0 0 0 0 0 1 0 1 0
1 27 0.75 2 8 8 4.25 1 1 3 1 2 312 151 1
1 25.75 0.75 2 8 5 0.25 1 0 0 0 2 349 24 1
0 28.42 3.5 2 9 4 0.835 1 0 0 0 1 280 1 1
1 20.67 0.41 2 8 4 0.125 0 0 0 0 2 0 45 0
1 28.33 5 2 9 4 11 1 0 0 1 2 70 1 1
1 26 1 2 11 4 1.75 1 0 0 1 2 280 1 1
1 51.42 0.04 2 14 8 0.04 1 0 0 0 2 0 3001 1
1 20 11.04 2 8 4 2 0 0 0 1 2 136 1 0
0 24.75 13.66 2 11 8 1.5 0 0 0 0 2 280 2 0
1 42.17 5.04 2 11 8 12.75 1 0 0 1 2 92 1 1
1 26.75 4.5 1 8 5 2.5 0 0 0 0 2 200 1211 0
1 22.17 12.12 2 8 4 3.335 0 1 2 1 2 180 174 0
0 25.08 2.54 1 6 4 0.25 1 0 0 1 2 370 1 1
0 22.83 2.29 2 11 8 2.29 1 1 7 1 2 140 2385 1
1 59.67 1.54 2 11 4 0.125 1 0 0 1 2 260 1 1
0 40.33 7.54 1 11 8 8 1 1 14 0 2 0 2301 1
1 25 12 2 4 4 2.25 1 1 2 1 2 120 6 0
0 20.83 0.5 1 10 2 1 0 0 0 0 2 260 1 0
0 30.42 1.37 2 9 8 0.04 0 1 3 0 2 0 34 0
1 21.33 10.5 2 8 4 3 1 0 0 1 2 0 1 1
1 34.17 2.75 2 3 5 2.5 0 0 0 1 2 232 201 0
1 36.75 0.12 1 8 4 1.5 0 0 0 1 2 232 114 1
0 46 4 2 5 3 0 1 0 0 0 2 100 961 1
1 37.5 0.83 2 10 4 0.04 0 0 0 0 2 120 6 0
0 64.08 0.16 2 1 1 0 1 1 1 0 2 232 101 1
1 52.33 1.37 1 8 8 9.46 1 0 0 1 2 200 101 0
1 20.42 0 2 8 4 0 0 0 0 0 3 184 1 0
1 27.42 12.5 2 6 5 0.25 0 0 0 1 2 720 1 0
0 60.58 16.5 2 11 4 11 1 0 0 1 2 21 10562 1
1 34 5.5 1 8 4 1.5 0 0 0 1 2 60 1 0
0 31.57 11.25 2 1 1 0 0 0 0 0 2 184 5201 0
0 23.58 0.83 2 11 4 0.415 0 1 1 1 2 200 12 0
1 31.92 4.46 2 13 8 6.04 1 1 3 0 2 311 301 1
0 23.58 0.83 2 11 4 0.415 0 1 1 1 2 200 12 0
1 36.08 2.54 2 1 1 0 0 0 0 0 2 0 1001 0
1 22.08 2.33 2 4 4 0.75 0 0 0 0 2 180 1 0
1 31.08 1.5 1 9 4 0.04 0 0 0 0 1 160 1 0
1 34 5.08 1 3 5 1.085 0 0 0 1 2 480 1 0
1 28.25 5.04 1 8 5 1.5 1 1 8 1 2 144 8 1
1 17.07 0.08 1 8 4 0.04 0 0 0 0 2 140 723 0
1 33.58 2.75 2 7 4 4.25 1 1 6 0 2 204 1 1
1 33.67 1.25 2 9 4 1.165 0 0 0 0 2 120 1 0
0 24.5 1.75 1 8 4 0.165 0 0 0 0 2 132 1 0
1 28.67 9.33 2 11 8 5.665 1 1 6 0 2 381 169 1
1 27.42 12.5 2 6 5 0.25 0 0 0 1 2 720 1 0
0 46.67 0.46 2 13 8 0.415 1 1 11 1 2 440 7 1
1 23.33 1.5 2 8 8 1.415 1 0 0 0 2 422 201 1
1 22.67 0.16 2 8 3 2.25 0 0 0 1 1 0 1 1
1 51.83 2.04 1 1 1 1.5 0 0 0 0 2 120 2 0
1 34 5.5 1 8 4 1.5 0 0 0 1 2 60 1 0
1 28.58 3.62 2 6 4 0.25 0 0 0 1 2 100 1 0
1 21.17 0.25 1 8 8 0.25 0 0 0 0 2 280 205 0
1 34.92 2.5 2 9 4 0 1 0 0 1 2 239 201 1
1 27.58 3.25 1 11 8 5.085 0 1 2 1 2 369 2 0
1 31.83 2.5 2 6 4 7.5 1 0 0 1 2 523 1 0
1 49.17 2.29 2 1 1 0.29 0 0 0 0 2 200 4 0
0 20.07 1.25 2 8 4 0 0 0 0 0 2 0 1 0
0 26.08 8.66 2 6 4 1.415 1 0 0 0 2 160 151 1
1 44.25 11 1 2 4 1.5 1 0 0 0 1 0 1 0
1 41 0.04 2 10 4 0.04 0 1 1 0 1 560 1 1
1 52.33 1.37 1 8 8 9.46 1 0 0 1 2 200 101 0
0 44.33 0 2 8 4 2.5 1 0 0 0 2 0 1 1
0 16 0.16 2 6 4 1 0 1 2 1 2 320 2 0
0 20.75 9.53 2 3 4 0.04 0 0 0 0 2 200 1001 0
0 37.75 5.5 2 11 4 0.125 1 0 0 1 2 228 1 1
1 16.07 0.75 2 8 4 1.75 1 1 5 1 2 352 691 1
0 18.25 10 2 9 4 1 0 1 1 0 2 120 2 0
1 34.75 15 2 12 7 5.375 1 1 9 1 2 0 135 1
0 20.67 3 2 11 4 0.165 1 1 3 0 2 100 7 1
0 19.17 0.58 1 6 4 0.585 1 0 0 1 2 160 1 0
1 28.33 5 2 9 4 11 1 0 0 1 2 70 1 1
1 60.08 14.5 2 1 1 18 1 1 15 1 2 0 1001 1
1 25.5 0.37 2 7 4 0.25 1 1 3 0 2 260 15109 1
1 52.5 6.5 2 4 4 6.29 1 1 15 0 2 0 11203 1
0 25 11 1 6 4 4.5 1 0 0 0 2 120 1 0
1 36.67 3.25 2 11 8 9 1 0 0 1 2 102 640 1
1 27.25 0.62 2 6 4 0.455 1 0 0 1 2 200 1 0
1 16.32 4.08 2 3 8 0.415 0 0 0 1 2 120 1 0
1 16.25 0 1 6 4 0.25 0 0 0 0 2 60 1 0
1 26.83 0.54 2 4 1 0 0 0 0 0 2 100 1 0
1 18.07 5.5 2 4 4 0.5 1 0 0 0 2 80 1 1
0 22.92 1.25 2 11 4 0.25 0 0 0 1 2 120 810 0
0 50.25 0.83 2 6 4 0.5 0 0 0 1 2 240 118 0
1 36.42 0.75 1 2 4 0.585 0 0 0 0 2 240 4 0
1 31.25 1.12 2 1 1 0 0 1 1 0 2 96 20 0
1 32.42 3 2 2 4 0.165 0 0 0 1 2 120 1 0
1 26 1 2 11 4 1.75 1 0 0 1 2 280 1 1
0 16.5 1.25 2 11 4 0.25 0 1 1 0 2 108 99 0
0 47.75 8 2 8 4 7.875 1 1 6 1 2 0 1261 1

