1 20.5 10 1 8 4 2.5 1 0 0 0 1 40 1 1
1 34.92 2.5 2 9 4 0 1 0 0 1 2 239 201 1
0 30.25 5.5 2 4 4 5.5 0 0 0 1 1 100 1 0
1 25.25 1 2 6 4 0.5 0 0 0 0 2 200 1 0
0 58.67 4.46 2 11 8 3.04 1 1 6 0 2 43 561 1
1 24.17 0.87 2 11 4 4.625 1 1 2 1 2 520 2001 1
1 16.17 0.04 2 8 4 0.04 0 0 0 0 2 0 1 1
1 29.67 1.41 2 9 8 0.75 1 1 1 0 2 240 101 1
1 18.42 10.41 1 6 4 0.125 1 0 0 0 2 120 376 0
1 34.17 9.17 2 8 4 4.5 1 1 12 1 2 0 222 1
0 49.83 13.58 2 4 8 8.5 1 0 0 1 2 0 1 1
1 34.25 3 2 13 8 7.415 1 0 0 1 2 0 1 1
1 28.33 5 2 9 4 11 1 0 0 1 2 70 1 1
0 20.42 10.5 1 14 8 0 0 0 0 1 2 154 33 0
1 29.5 0.57 2 9 4 0.29 0 1 1 0 2 340 2804 0
1 42 9.78 2 14 8 7.96 1 1 8 0 2 0 1 1
0 33.75 0.75 2 4 5 1 1 1 3 1 2 212 1 0
0 44.17 6.66 2 11 4 7.375 1 1 3 1 2 0 1 1
1 33.17 3.16 1 14 4 3.165 1 1 3 1 2 380 1 1
0 22.67 3.8 2 8 4 0.165 0 0 0 0 2 160 1 0
0 40.83 3.5 2 3 5 0.5 0 0 0 0 1 1160 1 0
1 24.5 13.33 1 6 4 0.04 0 0 0 1 2 120 476 0
0 19.75 0.75 2 8 4 0.795 1 1 5 1 2 140 6 0
1 26.67 4.25 2 13 4 4.29 1 1 1 1 2 120 1 1
1 37.58 0 2 8 4 0 0 0 0 0 3 184 1 1
1 39.42 1.71 1 7 4 0.165 0 0 0 0 1 400 1 0
0 15.83 7.62 2 11 4 0.125 0 1 1 1 2 0 161 0
1 33.17 3.16 1 14 4 3.165 1 1 3 1 2 380 1 1
1 25.67 0.28 1 8 4 1.5 0 0 0 1 2 160 1 0
1 32.25 14 1 1 1 0 0 1 2 0 2 160 2 0
1 20.67 0.83 1 8 4 2 0 0 0 1 1 240 1 0
1 18.42 10.41 1 6 4 0.125 1 0 0 0 2 120 376 0
1 27.83 1.5 2 9 4 2.25 0 1 1 1 2 100 4 0
1 26.67 4.25 2 13 4 4.29 1 1 1 1 2 120 1 1
1 31.08 1.5 1 9 4 0.04 0 0 0 0 1 160 1 0
0 22.67 0.33 2 11 4 0.75 0 0 0 0 1 160 1 0
1 33.58 2.75 2 7 4 4.25 1 1 6 0 2 204 1 1
1 31.83 0.04 1 7 4 0.04 0 0 0 0 2 0 1 0
0 18.92 9.25 1 8 4 1 1 1 4 1 2 80 501 1
0 27.25 0.28 2 7 8 0.125 0 1 1 1 2 272 109 0
1 42.17 5.04 2 11 8 12.75 1 0 0 1 2 92 1 1
0 30.25 5.5 2 4 4 5.5 0 0 0 1 1 100 1 0
1 27.67 0.75 2 11 8 0.165 0 0 0 1 2 220 252 0
1 52.33 1.37 1 8 8 9.46 1 0 0 1 2 200 101 0
0 16.32 0.21 2 6 4 0.125 0 0 0 0 2 200 2 0
1 53.92 9.62 2 10 4 8.665 1 1 5 0 2 0 1 1
1 37.5 1.12 1 2 4 1.5 0 0 0 1 2 431 1 1
1 57.83 7.04 2 7 4 14 1 1 6 1 2 360 1333 1
1 48.08 6.04 2 4 4 0.04 0 0 0 0 2 0 2691 1
1 23.42 1 2 8 4 0.5 0 0 0 1 1 280 1 0
1 41.17 1.25 1 9 4 0.25 0 0 0 0 2 0 196 0
1 31.57 4 1 3 4 0.085 0 0 0 1 2 411 1 0
1 31.57 0.37 2 2 4 0.875 1 0 0 1 1 928 1 0
1 39.5 1.62 2 8 4 1.5 0 0 0 0 2 0 317 0
1 40.92 0.5 1 7 4 0.5 0 0 0 1 2 130 1 0
1 29.83 3.5 2 8 4 0.165 0 0 0 0 2 216 1 0
1 29.83 3.5 2 8 4 0.165 0 0 0 0 2 216 1 0
0 22.92 1.25 2 11 4 0.25 0 0 0 1 2 120 810 0
1 19.57 0.58 2 1 1 0 0 1 3 0 2 350 770 0
1 31.57 0.04 1 2 4 4.25 0 0 0 1 2 460 1 0
1 21.17 0.25 1 8 8 0.25 0 0 0 0 2 280 205 0
1 22.67 0.75 2 3 4 1.585 0 1 1 1 2 400 10 0
1 40.25 21.5 2 10 9 20 1 1 11 0 2 0 1201 1
1 20 7 2 8 4 0.5 0 0 0 0 2 0 1 0
1 23.92 1.5 2 2 8 1.875 1 1 6 0 2 200 328 1
0 26.92 13.5 2 11 8 5 1 1 2 0 2 0 5001 1
0 24.08 0.5 2 11 8 1.25 1 1 1 0 2 0 679 1
1 19.5 0.28 2 4 4 0.29 0 0 0 0 2 280 365 0
1 26.75 1.12 2 14 8 1.25 1 0 0 0 2 0 5299 1
1 27.75 0.58 1 13 4 0.25 1 1 2 0 2 260 501 1
1 27 0.75 2 8 8 4.25 1 1 3 1 2 312 151 1
0 28.58 3.54 2 3 5 0.5 1 0 0 1 2 171 1 0
0 19.67 0.21 2 11 8 0.29 1 1 11 0 2 80 100 1
1 37.58 0 2 8 4 0 0 0 0 0 3 184 1 1
1 30.17 1.08 1 8 4 0.04 0 0 0 0 2 170 180 0
1 27 1.5 1 9 4 0.375 1 0 0 1 2 260 1066 1
0 40.33 7.54 1 11 8 8 1 1 14 0 2 0 2301 1
0 25.33 2.08 2 8 8 2.75 1 0 0 1 2 360 2 0
1 19.32 10.91 2 8 5 0.585 0 1 2 1 2 200 8 0
0 25.42 1.12 2 11 4 1.29 1 1 2 0 2 200 1 0
1 36.25 5 2 8 5 2.5 1 1 6 0 2 0 368 1
0 41 2.04 1 11 8 0.125 1 1 23 1 2 455 1237 1
1 54.83 15.5 2 10 9 0 1 1 20 0 2 152 131 0
0 51.92 6.5 2 3 5 3.085 0 0 0 1 2 73 1 0
1 32.75 1.5 2 13 8 5.5 1 1 3 1 2 0 1 1
0 22.42 11.25 1 14 8 0.75 1 1 4 0 2 0 322 1
0 33.75 0.75 2 4 5 1 1 1 3 1 2 212 1 0
1 28.33 5 2 9 4 11 1 0 0 1 2 70 1 1
0 24.83 4.5 2 9 4 1 0 0 0 1 2 360 7 0
1 25.08 1.71 2 14 4 1.665 1 1 1 1 2 395 21 1
0 27.67 1.5 2 7 4 2 1 0 0 0 1 368 1 0
1 51.42 0.04 2 14 8 0.04 1 0 0 0 2 0 3001 1
0 64.08 0.16 2 1 1 0 1 1 1 0 2 232 101 1
1 16.07 0.75 2 8 4 1.75 1 1 5 1 2 352 691 1
0 22.25 1.25 1 1 1 3.25 0 0 0 0 2 280 1 0
0 33.25 3 1 6 4 2 0 0 0 0 2 180 1 0
1 29.5 0.57 2 9 4 0.29 0 1 1 0 2 340 2804 0
1 23.5 3.16 1 4 4 0.415 0 1 1 1 2 280 81 0
1 31.67 0.83 2 14 4 1.335 1 1 8 1 2 303 3291 1
1 23.42 1 2 8 4 0.5 0 0 0 1 1 280 1 0
1 27 0.75 2 8 8 4.25 1 1 3 1 2 312 151 1
1 25.67 3.25 2 8 8 2.29 0 1 1 1 2 416 22 0
0 24.5 12.75 2 8 5 4.75 1 1 2 0 2 73 445 1
0 27.25 0.28 2 7 8 0.125 0 1 1 1 2 272 109 0
1 34.75 2.5 2 13 5 0.5 0 0 0 0 2 348 1 0
1 37.75 7 2 11 8 11.5 1 1 7 1 2 300 6 0
1 34.67 1.08 2 7 4 1.165 0 0 0 0 1 28 1 0
1 23.25 1.5 2 11 4 2.375 1 1 3 1 2 0 583 1
1 22.17 2.25 2 3 4 0.125 0 0 0 0 2 160 11 0
0 21.75 1.75 1 5 3 0 0 0 0 0 2 160 1 0
1 39.17 1.71 2 14 4 0.125 1 1 5 1 2 480 1 1
0 33.75 0.75 2 4 5 1 1 1 3 1 2 212 1 0
1 69.17 9 2 1 1 4 0 1 1 0 2 70 7 0
1 28.33 5 2 9 4 11 1 0 0 1 2 70 1 1
1 42 0.2 2 3 8 5.125 1 0 0 0 2 400 1 1
0 52.17 0 1 1 1 0 0 0 0 0 2 0 1 0
1 51.83 3 1 1 1 1.5 0 0 0 0 2 180 5 0
0 22.67 0.75 2 8 4 2 0 1 2 1 2 200 395 0
1 33.17 3.16 1 14 4 3.165 1 1 3 1 2 380 1 1
1 26.67 1.75 1 8 4 1 1 1 5 1 2 160 5778 1
0 41 2.04 1 11 8 0.125 1 1 23 1 2 455 1237 1
1 23.25 1.5 2 11 4 2.375 1 1 3 1 2 0 583 1
1 24.58 13.5 1 1 1 0 0 0 0 0 2 184 1 0
1 36.17 5.5 2 3 5 5 0 0 0 0 2 210 688 0
1 23.58 1.79 2 8 4 0.54 0 0 0 1 2 136 2 0
1 35.75 2.41 2 9 4 0.125 0 1 2 0 2 220 2 0
1 20 1.25 1 4 4 0.125 0 0 0 0 2 140 5 0
0 22.58 10.75 2 11 4 0.415 1 1 5 1 2 0 561 1
0 52.17 0 1 1 1 0 0 0 0 0 2 0 1 0
1 34.83 2.5 1 9 4 3 0 0 0 0 1 200 1 0
1 43.17 5 2 3 5 2.25 0 0 0 1 2 141 1 0
1 27.83 1 1 2 8 3 0 0 0 0 2 176 538 0
1 29.92 1.83 2 8 8 4.335 1 0 0 0 2 260 201 1
0 25.17 2.87 2 14 8 0.875 1 0 0 0 2 360 1 1
0 26.08 8.66 2 6 4 1.415 1 0 0 0 2 160 151 1
1 22 7.83 1 3 5 0.165 0 0 0 1 2 184 1 0
0 64.08 0.16 2 1 1 0 1 1 1 0 2 232 101 1
1 34.67 1.08 2 7 4 1.165 0 0 0 0 1 28 1 0
1 31.67 16.16 2 2 4 3 1 1 9 0 2 250 731 1
0 69.5 6 2 1 1 0 0 0 0 0 1 0 1 0
1 33.17 3.04 1 8 8 2.04 1 1 1 1 2 180 18028 1
1 38.92 1.75 2 4 4 0.5 0 0 0 1 2 300 3 0
1 20.67 0.83 1 8 4 2 0 0 0 1 1 240 1 0
1 39.92 6.21 2 11 4 0.04 1 1 1 0 2 200 301 1
0 19.17 8.58 2 13 8 0.75 1 1 7 0 2 96 1 1
1 25.58 0.33 2 4 8 3.5 0 0 0 1 2 340 1 0
1 33.5 1.75 2 14 8 4.5 1 1 4 1 2 253 858 1
0 22.5 8.5 2 11 4 1.75 1 1 10 0 2 80 991 0
1 16 3.12 2 9 4 0.085 0 1 1 0 2 0 7 0
1 56.75 12.25 2 7 4 1.25 1 1 4 1 2 200 1 1
1 39.42 1.71 1 7 4 0.165 0 0 0 0 1 400 1 0
1 56.75 12.25 2 7 4 1.25 1 1 4 1 2 200 1 1
1 31.57 0.62 2 4 4 0.25 0 0 0 0 2 380 2011 0
1 54.42 0.5 1 4 8 3.96 1 0 0 0 2 180 315 1
1 38.25 10.12 1 4 4 0.125 0 0 0 0 2 160 1 0
1 34.17 1.54 2 13 4 1.54 1 1 1 1 2 520 50001 1
1 21.17 0.87 1 8 8 0.25 0 0 0 0 2 280 205 0
0 20.07 1.25 2 8 4 0 0 0 0 0 2 0 1 0
0 23.58 0.58 1 1 1 0.125 0 0 0 0 2 120 88 0
1 34.08 0.08 1 7 5 0.04 1 1 1 1 2 280 2001 1
1 74.83 19 1 1 1 0.04 0 1 2 0 2 0 352 0
1 30.58 2.71 1 7 4 0.125 0 0 0 1 1 80 1 0
1 19.32 10.91 2 8 5 0.585 0 1 2 1 2 200 8 0
0 19.17 0.58 1 6 4 0.585 1 0 0 1 2 160 1 0
0 64.08 0.16 2 1 1 0 1 1 1 0 2 232 101 1
0 24.92 1.25 2 1 1 0 1 0 0 0 2 80 1 0
1 21.83 0.25 2 2 8 0.665 1 0 0 1 2 0 1 1
1 22.17 12.12 2 8 4 3.335 0 1 2 1 2 180 174 0
1 22 7.83 1 3 5 0.165 0 0 0 1 2 184 1 0
0 27.17 1.25 2 1 1 0 0 1 1 0 2 92 301 0
1 22.75 11.5 2 3 4 0.415 0 0 0 0 2 0 1 0
1 23.42 1 2 8 4 0.5 0 0 0 1 1 280 1 0
1 16.25 0 1 6 4 0.25 0 0 0 0 2 60 1 0
1 39.92 0.54 1 6 4 0.5 1 1 3 0 2 200 1001 1
0 71.58 0 2 8 4 0 0 0 0 0 3 184 1 1
1 26.67 1.75 1 8 4 1 1 1 5 1 2 160 5778 1
1 33.17 3.16 1 14 4 3.165 1 1 3 1 2 380 1 1
1 26.75 2 2 2 4 0.75 0 0 0 1 2 80 1 0
1 22.08 0.83 2 8 8 2.165 0 0 0 1 2 128 1 1
1 25.08 1.71 2 14 4 1.665 1 1 1 1 2 395 21 1
1 36.67 3.25 2 11 8 9 1 0 0 1 2 102 640 1
1 28 2 2 4 8 4.165 1 1 2 1 2 181 1 1
1 35.17 2.5 2 4 4 4.5 1 1 7 0 2 150 1271 1
1 36.42 0.75 1 2 4 0.585 0 0 0 0 2 240 4 0
1 18.82 3.54 1 1 1 0 0 0 0 1 2 180 2 0
1 20.07 0.25 2 11 4 0.125 0 0 0 0 2 200 1 0
1 38.42 0.7 2 8 4 0.375 0 1 2 0 2 225 501 0
0 26.08 8.66 2 6 4 1.415 1 0 0 0 2 160 151 1
1 43 0.28 1 13 8 1.75 1 1 8 0 2 100 376 1
1 35.17 2.5 2 4 4 4.5 1 1 7 0 2 150 1271 1
0 31.57 3.5 2 2 4 3 1 0 0 1 2 300 1 0
1 56.42 28 1 8 4 28.5 1 1 40 0 2 0 16 1
1 58.58 2.71 2 8 4 2.415 0 0 0 1 2 320 1 0
1 23 0.75 2 7 4 0.5 1 0 0 1 1 320 1 0
1 73.42 17.75 2 1 1 0 1 0 0 1 2 0 1 1
1 20 11.04 2 8 4 2 0 0 0 1 2 136 1 0
0 21.75 11.75 2 8 4 0.25 0 0 0 1 2 180 1 0
0 24.5 1.75 1 8 4 0.165 0 0 0 0 2 132 1 0
0 29.58 1.75 1 4 4 1.25 0 0 0 1 2 280 1 0
1 23.25 4 2 8 5 0.25 1 0 0 1 2 160 1 1
1 35.17 4.5 2 14 8 5.75 0 0 0 1 1 711 1 1
1 44.25 0.5 2 7 4 10.75 1 0 0 0 1 400 1 0
0 33.25 2.5 1 8 4 2.5 0 0 0 1 2 0 3 0
1 39.17 1.62 2 8 4 1.5 1 1 10 0 2 186 4701 1
1 44.33 0.5 2 3 8 5 1 0 0 1 2 320 1 1
0 30.25 5.5 2 4 4 5.5 0 0 0 1 1 100 1 0
0 23.5 9 2 11 4 8.5 1 1 5 1 2 120 1 1
0 28.42 3.5 2 9 4 0.835 1 0 0 0 1 280 1 1
1 48.17 3.5 2 6 4 3.5 1 0 0 0 1 230 1 1
0 32.33 0.54 2 13 4 0.04 1 0 0 0 2 440 11178 1
1 17.07 0.08 1 8 4 0.04 0 0 0 0 2 140 723 0
1 27.25 1.66 2 13 8 5.085 1 1 9 0 2 399 828 1
1 35.25 3.16 2 14 8 3.75 1 0 0 1 2 680 1 0
1 38.42 0.7 2 8 4 0.375 0 1 2 0 2 225 501 0
1 23.25 12.62 2 8 4 0.125 0 1 2 0 2 0 5553 0
1 29.67 1.41 2 9 8 0.75 1 1 1 0 2 240 101 1
1 69.17 9 2 1 1 4 0 1 1 0 2 70 7 0
0 28.17 0.37 2 11 4 0.585 1 1 4 0 2 80 1 1
1 19.5 0.28 2 4 4 0.29 0 0 0 0 2 280 365 0
1 20.17 9.25 2 8 4 1.665 1 1 3 1 2 40 29 1

