1 51.83 3 1 1 1 1.5 0 0 0 0 2 180 5 0
0 23.58 0.58 1 1 1 0.125 0 0 0 0 2 120 88 0
1 19 0 1 1 1 0 0 1 4 0 2 45 2 0
0 23.58 11.5 1 4 8 3 0 0 0 1 2 20 17 0
1 23.08 0 2 4 4 1 0 1 11 0 1 0 1 0
0 25.58 0 2 8 4 0 0 0 0 0 3 184 1 1
1 19.5 9.58 2 6 4 0.79 0 0 0 0 2 80 351 0
1 34.92 5 2 14 8 7.5 1 1 6 1 2 0 1001 1
1 19.32 10.91 2 8 5 0.585 0 1 2 1 2 200 8 0
0 45.83 10.5 2 11 4 5 1 1 7 1 2 0 1 1
1 32.08 4 1 13 4 1.5 0 0 0 1 2 120 1 0
0 20.07 0.12 2 11 4 1 0 1 1 0 2 240 769 1
1 31.57 0.04 1 2 4 4.25 0 0 0 1 2 460 1 0
0 47.42 8 2 10 5 6.5 1 1 6 0 2 375 51101 1
0 17.92 0.54 2 8 4 1.75 0 1 1 1 2 80 6 0
1 35 3.37 2 8 8 8.29 0 0 0 1 2 0 1 0
1 23.75 12 2 8 4 2.085 0 0 0 0 1 80 1 0
1 16.25 0 1 6 4 0.25 0 0 0 0 2 60 1 0
1 29.42 1.25 2 8 8 0.25 0 1 2 1 2 400 109 0
1 27.58 2.04 1 6 4 2 1 1 3 1 2 370 561 1
1 20.67 0.83 1 8 4 2 0 0 0 1 1 240 1 0
1 45 8.5 2 13 8 14 1 1 1 1 2 88 2001 1
0 20.5 11.83 2 8 8 6 1 0 0 0 2 340 1 1
1 27.75 1.29 2 4 8 0.25 0 0 0 1 1 140 1 0
0 17.92 10.21 2 1 1 0 0 0 0 0 2 0 51 0
1 27 0.75 2 8 8 4.25 1 1 3 1 2 312 151 1
1 25 11.25 2 8 4 2.5 1 1 17 0 2 200 1209 1
1 35.17 4.5 2 14 8 5.75 0 0 0 1 1 711 1 1
1 47.33 6.5 2 8 4 1 0 0 0 1 2 0 229 0
1 33.67 2.16 2 8 4 1.5 0 0 0 0 3 120 1 0
1 20 1.25 1 4 4 0.125 0 0 0 0 2 140 5 0
1 19.17 4 1 3 4 1 0 0 0 1 2 360 1001 0
1 20.67 0.83 1 8 4 2 0 0 0 1 1 240 1 0
0 20.67 1.83 2 11 4 2.085 1 1 5 0 2 220 2504 1
1 52.42 1.5 2 2 4 3.75 0 0 0 1 2 0 351 0
1 53.92 9.62 2 10 4 8.665 1 1 5 0 2 0 1 1
1 36.67 3.25 2 11 8 9 1 0 0 1 2 102 640 1
1 36.67 2 2 3 4 0.25 0 0 0 1 2 221 1 0
1 19.5 0.28 2 4 4 0.29 0 0 0 0 2 280 365 0
1 31 2.08 2 8 4 0.085 0 0 0 0 2 300 1 0
0 33.17 2.25 1 13 4 3.5 0 0 0 1 2 200 142 0
1 43.08 0.37 1 8 4 0.375 1 1 8 1 2 300 163 1
1 26.67 2.71 1 13 4 5.25 1 1 1 0 2 211 1 1
1 37.33 6.5 2 7 8 4.25 1 1 12 1 2 93 1 1
0 25.58 0 2 8 4 0 0 0 0 0 3 184 1 1
0 52.17 0 1 1 1 0 0 0 0 0 2 0 1 0
1 37.75 7 2 11 8 11.5 1 1 7 1 2 300 6 0
0 47 13 2 3 5 5.165 1 1 9 1 2 0 1 1
1 24.42 12.33 2 11 8 1.585 1 0 0 1 2 120 1 1
1 28 3 2 9 4 0.75 0 0 0 1 2 300 68 0
1 48.08 6.04 2 4 4 0.04 0 0 0 0 2 0 2691 1
0 31.75 3 1 5 3 0 0 0 0 0 2 160 21 0
1 21.25 1.5 2 9 4 1.5 0 0 0 0 2 150 9 1
1 30.75 1.58 2 2 4 0.585 0 0 0 1 1 0 1 0
1 25.92 0.87 2 4 4 0.375 0 1 2 1 2 174 4 0
1 19.32 10.91 2 8 5 0.585 0 1 2 1 2 200 8 0
0 33.08 4.62 2 11 8 1.625 1 1 2 0 2 0 1 1
1 31.57 4 1 3 4 0.085 0 0 0 1 2 411 1 0
1 36.17 0.42 1 9 4 0.29 0 0 0 1 2 309 3 0
1 28.25 5.12 2 14 4 4.75 1 1 2 0 2 420 8 1
0 22.42 11.25 1 14 8 0.75 1 1 4 0 2 0 322 1
1 23.25 1.5 2 11 4 2.375 1 1 3 1 2 0 583 1
1 23.25 1.5 2 11 4 2.375 1 1 3 1 2 0 583 1
0 52.83 15 2 8 4 5.5 1 1 14 0 2 0 2201 1
1 20.5 2.41 2 8 4 2 1 1 11 1 2 200 3001 1
0 24.75 3 2 11 8 1.835 1 1 19 0 2 0 501 1
1 29.83 3.5 2 8 4 0.165 0 0 0 0 2 216 1 0
1 43.17 2.25 2 3 5 0.75 1 0 0 0 2 560 1 0
1 36.17 0.42 1 9 4 0.29 0 0 0 1 2 309 3 0
1 17.67 4.46 2 8 4 0.25 0 0 0 0 1 80 1 0
0 18.75 7.5 2 11 4 2.71 1 1 5 0 2 184 26727 1
0 27.25 0.28 2 7 8 0.125 0 1 1 1 2 272 109 0
0 18.42 9.25 2 11 4 1.21 1 1 4 0 2 60 541 1
1 39.25 9.5 2 7 4 6.5 1 1 14 0 2 240 4608 1
0 22.92 11.58 2 13 4 0.04 1 0 0 0 2 80 1350 1
0 41 2.04 1 11 8 0.125 1 1 23 1 2 455 1237 1
1 20.67 5.29 2 11 4 0.375 1 1 1 0 2 160 1 0
0 24.33 2.5 1 3 5 4.5 0 0 0 0 2 200 457 0
1 34.92 2.5 2 9 4 0 1 0 0 1 2 239 201 1
1 22.67 2.54 1 8 8 2.585 1 0 0 0 2 0 1 1
1 40.92 0.83 2 1 1 0 1 0 0 0 2 130 2 0
1 22.08 11 2 13 4 0.665 1 0 0 0 2 100 1 1
0 36.58 0.28 2 1 1 0 0 1 10 0 2 200 19 0
0 52.17 0 1 1 1 0 0 0 0 0 2 0 1 0
1 59.67 1.54 2 11 4 0.125 1 0 0 1 2 260 1 1
1 33.58 2.75 2 7 4 4.25 1 1 6 0 2 204 1 1
0 30.42 1.37 2 9 8 0.04 0 1 3 0 2 0 34 0
0 15.83 7.62 2 11 4 0.125 0 1 1 1 2 0 161 0
1 25.67 0.28 1 8 4 1.5 0 0 0 1 2 160 1 0
1 48.58 6.5 2 11 8 6 1 0 0 1 2 350 1 1
0 41 2.04 1 11 8 0.125 1 1 23 1 2 455 1237 1
0 23.5 9 2 11 4 8.5 1 1 5 1 2 120 1 1
1 34 5.08 1 3 5 1.085 0 0 0 1 2 480 1 0
1 65.42 11 2 10 9 20 1 1 7 1 2 22 1 1
1 34.25 3 2 13 8 7.415 1 0 0 1 2 0 1 1
0 29.5 2 1 10 8 2 0 0 0 0 2 256 18 0
1 30.17 1.08 1 8 4 0.04 0 0 0 0 2 170 180 0
1 36.67 4.41 1 4 4 0.25 1 1 10 1 2 320 1 1
1 19.57 0.58 2 1 1 0 0 1 3 0 2 350 770 0
1 19.42 1.5 1 13 4 2 1 0 0 1 2 100 21 0
1 42.75 3 2 3 5 1 1 0 0 0 2 0 201 0
0 24.92 1.25 2 1 1 0 1 0 0 0 2 80 1 0
1 26.17 0.25 2 3 5 0 1 0 0 1 2 0 1 1
0 24.33 2.5 1 3 5 4.5 0 0 0 0 2 200 457 0
0 44.17 6.66 2 11 4 7.375 1 1 3 1 2 0 1 1
1 35.75 2.41 2 9 4 0.125 0 1 2 0 2 220 2 0
0 21.75 11.75 2 8 4 0.25 0 0 0 1 2 180 1 0
1 26.92 2.25 2 3 5 0.5 0 0 0 1 2 640 4001 0
1 18.07 5.5 2 4 4 0.5 1 0 0 0 2 80 1 1
0 29.5 1.08 1 14 4 1 0 0 0 0 2 280 14 0
0 38.25 6 2 4 4 1 1 0 0 1 2 0 1 1
0 31.57 11.25 2 1 1 0 0 0 0 0 2 184 5201 0
0 24.75 3 2 11 8 1.835 1 1 19 0 2 0 501 1
0 20.42 7.5 2 4 4 1.5 1 1 1 0 2 160 235 1
1 32.33 7.5 2 10 5 1.585 1 0 0 1 1 420 1 0
0 38.58 5 2 13 4 13.5 1 0 0 1 2 980 1 0
0 23.58 0.58 1 1 1 0.125 0 0 0 0 2 120 88 0
0 37.33 2.5 2 3 8 0.21 0 0 0 0 2 260 247 0
1 25 12 2 4 4 2.25 1 1 2 1 2 120 6 0
0 45 4.58 2 4 8 1 0 0 0 1 1 240 1 0
1 48.17 3.5 2 6 4 3.5 1 0 0 0 1 230 1 1
1 32.75 2.33 2 2 8 5.75 0 0 0 1 2 292 1 0
1 37.75 7 2 11 8 11.5 1 1 7 1 2 300 6 0
0 22.25 1.25 1 1 1 3.25 0 0 0 0 2 280 1 0
1 34.17 2.75 2 3 5 2.5 0 0 0 1 2 232 201 0
1 20.67 0.41 2 8 4 0.125 0 0 0 0 2 0 45 0
0 47.42 3 2 14 4 13.875 1 1 2 1 2 519 1705 1
1 26.17 12.5 1 4 8 1.25 0 0 0 1 2 0 18 0
1 55.92 11.5 2 1 1 5 1 1 5 0 2 0 8852 1
1 62.75 7 2 10 9 0 0 0 0 0 2 0 13 0
1 21.92 0.5 2 8 4 0.125 0 0 0 0 2 360 1 0
1 36.33 3.79 2 9 4 1.165 1 0 0 1 2 200 1 0
1 36.42 0.75 1 2 4 0.585 0 0 0 0 2 240 4 0
1 51.58 15 2 8 4 8.5 1 1 9 0 2 0 1 1
0 19.17 0.58 1 6 4 0.585 1 0 0 1 2 160 1 0
0 52.5 7 2 6 8 3 0 0 0 0 2 0 1 0
0 22.5 8.5 2 11 4 1.75 1 1 10 0 2 80 991 0
1 23.25 12.62 2 8 4 0.125 0 1 2 0 2 0 5553 0
1 31.83 2.5 2 6 4 7.5 1 0 0 1 2 523 1 0
1 34.75 15 2 12 7 5.375 1 1 9 1 2 0 135 1
1 27.83 1 1 2 8 3 0 0 0 0 2 176 538 0
0 22.67 0.75 2 8 4 2 0 1 2 1 2 200 395 0
1 23.08 0 2 4 4 1 0 1 11 0 1 0 1 0
1 65.42 11 2 10 9 20 1 1 7 1 2 22 1 1
0 20.32 10 2 8 8 1 1 1 4 0 2 50 1466 1
0 17.82 11 2 14 8 1 1 1 11 0 2 0 3001 1
1 65.42 11 2 10 9 20 1 1 7 1 2 22 1 1
0 21.75 11.75 2 8 4 0.25 0 0 0 1 2 180 1 0
1 25 12 2 4 4 2.25 1 1 2 1 2 120 6 0
1 20.67 0.41 2 8 4 0.125 0 0 0 0 2 0 45 0
1 27.25 0.62 2 6 4 0.455 1 0 0 1 2 200 1 0
0 33.17 2.25 1 13 4 3.5 0 0 0 1 2 200 142 0
1 38.92 1.75 2 4 4 0.5 0 0 0 1 2 300 3 0
1 23.08 2.5 2 1 1 0.085 0 0 0 1 2 100 4209 0
1 22.58 10.03 2 14 4 0.04 1 1 9 0 2 60 397 1
0 24.92 1.25 2 1 1 0 1 0 0 0 2 80 1 0
1 34.42 4.25 2 3 5 3.25 1 1 2 0 2 274 611 1
1 27.25 1.58 2 13 8 1.835 1 1 12 1 2 583 714 1
0 33.17 2.25 1 13 4 3.5 0 0 0 1 2 200 142 0
1 39.17 1.62 2 8 4 1.5 1 1 10 0 2 186 4701 1
0 58.67 4.46 2 11 8 3.04 1 1 6 0 2 43 561 1
1 49.17 2.29 2 1 1 0.29 0 0 0 0 2 200 4 0
1 35.25 3.16 2 14 8 3.75 1 0 0 1 2 680 1 0
1 23.42 1 2 8 4 0.5 0 0 0 1 1 280 1 0
1 18.5 2 2 3 4 1.5 1 1 2 0 2 120 301 1
1 20.5 10 1 8 4 2.5 1 0 0 0 1 40 1 1
0 68.67 15 2 10 9 0 1 1 14 0 2 0 3377 1
0 17.82 11 2 14 8 1 1 1 11 0 2 0 3001 1
1 25.67 0.28 1 8 4 1.5 0 0 0 1 2 160 1 0
1 23.92 1.5 2 2 8 1.875 1 1 6 0 2 200 328 1
1 18.82 0.41 1 8 4 0.165 0 1 1 0 2 200 2 0
0 34.83 1.25 1 3 8 0.5 0 0 0 1 2 160 1 0
1 52.5 6.5 2 4 4 6.29 1 1 15 0 2 0 11203 1
1 65.42 11 2 10 9 20 1 1 7 1 2 22 1 1
1 43.25 3 2 11 8 6 1 1 11 0 2 80 1 1
0 22.92 1.25 2 11 4 0.25 0 0 0 1 2 120 810 0
1 36.17 18.12 2 9 4 0.085 0 0 0 0 2 320 3553 0
1 18.82 0 2 11 4 0.665 0 0 0 0 2 160 2 0
1 27.25 1.66 2 13 8 5.085 1 1 9 0 2 399 828 1
1 42.83 4.62 2 11 4 4.58 1 0 0 0 1 0 1 1
1 36.75 0.12 1 8 4 1.5 0 0 0 1 2 232 114 1
1 21.08 10.08 1 10 8 1.25 0 0 0 0 2 260 1 0
1 55.92 11.5 2 1 1 5 1 1 5 0 2 0 8852 1
0 38.75 1.5 2 1 1 0 0 0 0 0 2 76 1 0
1 48.75 8.5 2 8 8 12.5 1 1 9 0 2 181 1656 1
1 36.33 3.79 2 9 4 1.165 1 0 0 1 2 200 1 0
1 32.75 1.5 2 13 8 5.5 1 1 3 1 2 0 1 1
1 27.58 2.04 1 6 4 2 1 1 3 1 2 370 561 1
1 43.17 2.25 2 3 5 0.75 1 0 0 0 2 560 1 0
1 31.57 0.5 2 8 5 0.835 1 0 0 1 1 320 1 0
1 31.57 0.37 2 2 4 0.875 1 0 0 1 1 928 1 0
1 47.33 6.5 2 8 4 1 0 0 0 1 2 0 229 0
1 21.08 10.08 1 10 8 1.25 0 0 0 0 2 260 1 0
1 37.42 2.04 2 9 4 0.04 1 0 0 1 2 400 5801 1
0 41.58 1.04 2 6 4 0.665 0 0 0 0 2 240 238 0
1 34.92 5 2 14 8 7.5 1 1 6 1 2 0 1001 1
1 27.58 3.25 1 11 8 5.085 0 1 2 1 2 369 2 0
1 28 3 2 9 4 0.75 0 0 0 1 2 300 68 0
1 40.58 5 2 8 4 5 1 1 7 0 2 0 3066 1
1 33.67 2.16 2 8 4 1.5 0 0 0 0 3 120 1 0
1 53.92 9.62 2 10 4 8.665 1 1 5 0 2 0 1 1
1 34 5.08 1 3 5 1.085 0 0 0 1 2 480 1 0
1 57.83 7.04 2 7 4 14 1 1 6 1 2 360 1333 1
1 35.25 3.16 2 14 8 3.75 1 0 0 1 2 680 1 0
0 17.57 9 2 6 4 1.375 1 0 0 1 2 0 1 1
1 19.42 1.5 1 13 4 2 1 0 0 1 2 100 21 0
1 47.33 6.5 2 8 4 1 0 0 0 1 2 0 229 0
0 20.5 11.83 2 8 8 6 1 0 0 0 2 340 1 1
1 18.42 10.41 1 6 4 0.125 1 0 0 0 2 120 376 0
1 36.33 2.12 1 9 4 0.085 1 1 1 0 2 50 1188 1
1 27.83 1.5 2 9 4 2.25 0 1 1 1 2 100 4 0
1 19.17 4 1 3 4 1 0 0 0 1 2 360 1001 0
0 24.83 4.5 2 9 4 1 0 0 0 1 2 360 7 0
0 30.25 5.5 2 4 4 5.5 0 0 0 1 1 100 1 0
0 30.42 1.37 2 9 8 0.04 0 1 3 0 2 0 34 0
1 58.58 2.71 2 8 4 2.415 0 0 0 1 2 320 1 0
1 18.07 6.75 1 7 4 0.04 0 0 0 0 2 140 1 0
1 22.17 2.25 2 3 4 0.125 0 0 0 0 2 160 11 0
1 19.67 10 1 4 8 0.835 1 0 0 1 2 140 1 0
0 20.42 0.83 2 11 4 1.585 1 1 1 0 2 0 1 1

