1 37.5 1.75 1 8 5 0.25 1 0 0 1 2 164 401 0
1 29.83 2.04 1 14 8 0.04 0 0 0 0 2 128 2 0
1 32.25 14 1 1 1 0 0 1 2 0 2 160 2 0
0 40.83 3.5 2 3 5 0.5 0 0 0 0 1 1160 1 0
1 52.42 1.5 2 2 4 3.75 0 0 0 1 2 0 351 0
0 25.17 2.87 2 14 8 0.875 1 0 0 0 2 360 1 1
1 34.83 2.5 1 9 4 3 0 0 0 0 1 200 1 0
0 24.5 1.04 1 1 1 0.5 1 1 3 0 2 180 148 0
0 23.5 9 2 11 4 8.5 1 1 5 1 2 120 1 1
1 34.75 15 2 12 7 5.375 1 1 9 1 2 0 135 1
0 56.83 4.25 1 1 1 5 0 0 0 1 2 0 5 0
1 21 4.79 1 9 4 2.25 1 1 1 1 2 80 301 1
1 26.92 2.25 2 3 5 0.5 0 0 0 1 2 640 4001 0
0 21.5 6 2 6 4 2.5 1 1 3 0 2 80 919 1
0 41 2.04 1 11 8 0.125 1 1 23 1 2 455 1237 1
1 27.25 1.58 2 13 8 1.835 1 1 12 1 2 583 714 1
0 23 1.83 2 5 3 0 0 1 1 0 2 200 54 0
1 22.58 10.03 2 14 4 0.04 1 1 9 0 2 60 397 1
1 21.83 0.25 2 2 8 0.665 1 0 0 1 2 0 1 1
1 23.58 1.79 2 8 4 0.54 0 0 0 1 2 136 2 0
1 25 12 2 4 4 2.25 1 1 2 1 2 120 6 0
1 42.75 4.08 2 6 4 0.04 0 0 0 0 2 108 101 0
1 23.08 11.5 2 3 4 3.5 1 1 9 0 2 56 743 1
1 22.17 0.58 1 1 1 0 0 0 0 0 2 100 1 0
0 23 1.83 2 5 3 0 0 1 1 0 2 200 54 0
0 45.33 1 2 11 4 0.125 0 0 0 1 2 263 1 0
0 21.75 1.75 1 5 3 0 0 0 0 0 2 160 1 0
1 20.07 0.25 2 11 4 0.125 0 0 0 0 2 200 1 0
1 27.25 1.58 2 13 8 1.835 1 1 12 1 2 583 714 1
1 42.83 4.62 2 11 4 4.58 1 0 0 0 1 0 1 1
1 32.75 2.33 2 2 8 5.75 0 0 0 1 2 292 1 0
1 27.67 0.75 2 11 8 0.165 0 0 0 1 2 220 252 0
1 24.42 12.33 2 11 8 1.585 1 0 0 1 2 120 1 1
0 20.07 1.25 2 8 4 0 0 0 0 0 2 0 1 0
1 21 3 1 2 4 1.085 1 1 8 1 2 160 2 1
1 23.92 0.66 2 8 4 0.165 0 0 0 0 2 100 1 1
1 62.75 7 2 10 9 0 0 0 0 0 2 0 13 0
0 31.57 3.5 2 2 4 3 1 0 0 1 2 300 1 0
0 27.67 2.04 2 9 4 0.25 0 0 0 1 2 180 51 0
1 20 11.04 2 8 4 2 0 0 0 1 2 136 1 0
1 37.75 7 2 11 8 11.5 1 1 7 1 2 300 6 0
0 32 6 2 2 4 1.25 0 0 0 0 2 272 1 0
0 33.25 2.5 1 8 4 2.5 0 0 0 1 2 0 3 0
1 30.17 0.5 2 8 4 1.75 1 1 11 0 2 32 541 1
0 45 4.58 2 4 8 1 0 0 0 1 1 240 1 0
1 58.58 2.71 2 8 4 2.415 0 0 0 1 2 320 1 0
1 31.67 0.83 2 14 4 1.335 1 1 8 1 2 303 3291 1
1 36.33 3.79 2 9 4 1.165 1 0 0 1 2 200 1 0
1 22.08 0.83 2 8 8 2.165 0 0 0 1 2 128 1 1
1 28.58 3.62 2 6 4 0.25 0 0 0 1 2 100 1 0
0 28.75 3.75 2 8 4 1.085 1 1 1 1 2 371 1 1
1 20 7 2 8 4 0.5 0 0 0 0 2 0 1 0
0 20.5 11.83 2 8 8 6 1 0 0 0 2 340 1 1
1 31.57 4 1 3 4 0.085 0 0 0 1 2 411 1 0
0 44.33 0 2 8 4 2.5 1 0 0 0 2 0 1 1
1 59.5 2.75 2 9 4 1.75 1 1 5 1 2 60 59 1
0 47.75 8 2 8 4 7.875 1 1 6 1 2 0 1261 1
0 27.58 3 2 7 4 2.79 0 1 1 1 2 280 11 0
0 58.42 21 2 3 5 10 1 1 13 0 2 0 6701 1
0 21.08 5 1 1 1 0 0 0 0 0 2 0 1 0
0 21.67 11.5 1 5 3 0 1 1 11 1 2 0 1 1
1 52.33 1.37 1 8 8 9.46 1 0 0 1 2 200 101 0
1 21.83 11 2 14 4 0.29 1 1 6 0 2 121 1 1
1 30.83 0 2 9 4 1.25 1 1 1 0 2 202 1 1
1 31.57 0.37 2 2 4 0.875 1 0 0 1 1 928 1 0
1 36.17 0.42 1 9 4 0.29 0 0 0 1 2 309 3 0
1 48.08 6.04 2 4 4 0.04 0 0 0 0 2 0 2691 1
0 18.92 9.25 1 8 4 1 1 1 4 1 2 80 501 1
0 52.5 7 2 6 8 3 0 0 0 0 2 0 1 0
0 17.92 10.21 2 1 1 0 0 0 0 0 2 0 51 0
1 30.17 6.5 2 13 4 3.125 1 1 8 0 2 330 1201 1
1 31.67 0.83 2 14 4 1.335 1 1 8 1 2 303 3291 1
1 22.08 11 2 13 4 0.665 1 0 0 0 2 100 1 1
0 52.17 0 1 1 1 0 0 0 0 0 2 0 1 0
1 30.33 0.5 2 2 8 0.085 0 0 0 1 1 252 1 0
0 19.67 0.21 2 11 8 0.29 1 1 11 0 2 80 100 1
0 52.17 0 1 1 1 0 0 0 0 0 2 0 1 0
0 25.25 13.5 1 1 1 2 0 1 1 1 2 200 2 0
1 31.57 0.04 1 2 4 4.25 0 0 0 1 2 460 1 0
0 28.75 3.75 2 8 4 1.085 1 1 1 1 2 371 1 1
1 43 0.28 1 13 8 1.75 1 1 8 0 2 100 376 1
0 18.82 4.41 1 8 8 3 1 0 0 0 2 240 1 1
1 43.25 25.21 2 11 8 0.21 1 1 1 0 2 760 91 0
1 23.25 1.5 2 11 4 2.375 1 1 3 1 2 0 583 1
1 25.67 0.28 1 8 4 1.5 0 0 0 1 2 160 1 0
0 20.07 1.25 2 8 4 0 0 0 0 0 2 0 1 0
0 26.5 2.71 1 8 4 0.085 0 0 0 0 1 80 1 0
0 22.5 8.5 2 11 4 1.75 1 1 10 0 2 80 991 0
0 23.58 0.58 1 1 1 0.125 0 0 0 0 2 120 88 0
1 20.42 7 2 8 4 1.625 1 1 3 0 2 200 1392 1
0 25.33 2.08 2 8 8 2.75 1 0 0 1 2 360 2 0
1 33.67 1.25 2 9 4 1.165 0 0 0 0 2 120 1 0
1 25.92 0.87 2 4 4 0.375 0 1 2 1 2 174 4 0
0 22.42 5.66 2 11 4 2.585 1 1 7 0 2 129 3258 1
0 42.25 1.75 1 8 4 0 0 0 0 1 2 150 2 0
1 32.08 4 1 13 4 1.5 0 0 0 1 2 120 1 0
0 23.5 9 2 11 4 8.5 1 1 5 1 2 120 1 1
0 22.92 11.58 2 13 4 0.04 1 0 0 0 2 80 1350 1
0 22.83 2.29 2 11 8 2.29 1 1 7 1 2 140 2385 1
0 38.75 1.5 2 1 1 0 0 0 0 0 2 76 1 0
1 31.57 5 1 6 4 8.5 1 0 0 0 2 0 1 0
0 32.33 0.54 2 13 4 0.04 1 0 0 0 2 440 11178 1
0 17.32 9.5 2 6 4 1.75 0 1 10 1 2 0 11 0
0 24.5 2.41 1 8 4 0 0 0 0 0 2 120 1 0
1 22.08 0.83 2 8 8 2.165 0 0 0 1 2 128 1 1
1 21 3 1 2 4 1.085 1 1 8 1 2 160 2 1
1 27.58 2.04 1 6 4 2 1 1 3 1 2 370 561 1
1 26.67 2.71 1 13 4 5.25 1 1 1 0 2 211 1 1
0 25.17 2.87 2 14 8 0.875 1 0 0 0 2 360 1 1
1 32.67 5.5 2 11 8 5.5 1 1 12 1 2 408 1001 1
1 56.42 28 1 8 4 28.5 1 1 40 0 2 0 16 1
1 30.33 0.5 2 2 8 0.085 0 0 0 1 1 252 1 0
1 41.17 1.25 1 9 4 0.25 0 0 0 0 2 0 196 0
1 26 1 2 11 4 1.75 1 0 0 1 2 280 1 1
1 31.92 4.46 2 13 8 6.04 1 1 3 0 2 311 301 1
0 20.75 10.25 2 11 4 0.71 1 1 2 1 2 49 1 1
1 25 12 2 4 4 2.25 1 1 2 1 2 120 6 0
1 43.25 3 2 11 8 6 1 1 11 0 2 80 1 1
0 60.58 16.5 2 11 4 11 1 0 0 1 2 21 10562 1
1 19.5 0.28 2 4 4 0.29 0 0 0 0 2 280 365 0
1 38.25 10.12 1 4 4 0.125 0 0 0 0 2 160 1 0
1 27.42 12.5 2 6 5 0.25 0 0 0 1 2 720 1 0
0 25.58 0 2 8 4 0 0 0 0 0 3 184 1 1
0 57.58 2 2 1 1 6.5 0 1 1 0 2 0 11 0
1 43.17 5 2 3 5 2.25 0 0 0 1 2 141 1 0
0 26.08 8.66 2 6 4 1.415 1 0 0 0 2 160 151 1
0 30 5.29 2 10 2 2.25 1 1 5 1 2 99 501 1
1 31.57 0.5 2 8 5 0.835 1 0 0 1 1 320 1 0
1 31 2.08 2 8 4 0.085 0 0 0 0 2 300 1 0
0 21.75 1.75 1 5 3 0 0 0 0 0 2 160 1 0
0 18.75 7.5 2 11 4 2.71 1 1 5 0 2 184 26727 1
1 42.83 1.25 2 7 4 13.875 0 1 1 1 2 352 113 0
0 22.67 0.75 2 8 4 2 0 1 2 1 2 200 395 0
0 22.5 0.41 2 3 4 0.335 0 0 0 1 1 144 1 0
1 16.32 2.75 2 6 4 0.665 0 1 1 0 2 80 22 0
0 46.67 0.46 2 13 8 0.415 1 1 11 1 2 440 7 1
0 55.75 7.08 2 4 8 6.75 1 1 3 1 2 100 51 0
0 28.17 0.58 2 6 4 0.04 0 0 0 0 2 260 1005 0
0 23.58 0.58 1 1 1 0.125 0 0 0 0 2 120 88 0
0 23.58 0.83 2 11 4 0.415 0 1 1 1 2 200 12 0
0 28.5 3.04 1 14 8 2.54 1 1 1 0 2 70 1 1
1 24.58 1.25 2 8 4 0.25 0 0 0 0 2 110 1 0
1 48.08 6.04 2 4 4 0.04 0 0 0 0 2 0 2691 1
1 24.5 13.33 1 6 4 0.04 0 0 0 1 2 120 476 0
1 29.5 0.57 2 9 4 0.29 0 1 1 0 2 340 2804 0
1 16.32 2.75 2 6 4 0.665 0 1 1 0 2 80 22 0
1 30.83 0 2 9 4 1.25 1 1 1 0 2 202 1 1
1 25.67 0.28 1 8 4 1.5 0 0 0 1 2 160 1 0
0 33.08 1.62 2 2 4 0.54 0 0 0 1 2 0 1 0
1 28.25 5.04 1 8 5 1.5 1 1 8 1 2 144 8 1
0 47.42 8 2 10 5 6.5 1 1 6 0 2 375 51101 1
1 31.67 0.83 2 14 4 1.335 1 1 8 1 2 303 3291 1
1 30.83 0 2 9 4 1.25 1 1 1 0 2 202 1 1
0 32.25 1.5 2 8 4 0.25 0 0 0 1 2 372 123 0
1 16.92 0.33 1 4 4 0.29 0 0 0 0 1 200 1 0
1 28.25 5.04 1 8 5 1.5 1 1 8 1 2 144 8 1
1 23.75 12 2 8 4 2.085 0 0 0 0 1 80 1 0
0 19.75 0.75 2 8 4 0.795 1 1 5 1 2 140 6 0
0 23.58 11.5 1 4 8 3 0 0 0 1 2 20 17 0
1 34.17 1.54 2 13 4 1.54 1 1 1 1 2 520 50001 1
1 40.92 0.83 2 1 1 0 1 0 0 0 2 130 2 0
1 22.67 0.16 2 8 3 2.25 0 0 0 1 1 0 1 1
1 20.17 5.62 2 9 4 1.71 1 0 0 0 1 120 1 1
1 40.58 1.5 2 3 5 0 0 0 0 0 1 300 1 0
1 25.67 2.21 1 6 4 4 1 0 0 0 2 188 1 0
1 31.57 0.62 2 4 4 0.25 0 0 0 0 2 380 2011 0
0 29.5 1.08 1 14 4 1 0 0 0 0 2 280 14 0
1 32.42 3 2 2 4 0.165 0 0 0 1 2 120 1 0
0 17.32 9.5 2 6 4 1.75 0 1 10 1 2 0 11 0
1 32 1.75 1 10 8 0.04 1 0 0 1 2 393 1 1
1 35.25 16.5 1 8 4 4 1 0 0 0 2 80 1 0
0 24.5 1.75 1 8 4 0.165 0 0 0 0 2 132 1 0
1 19.42 7.25 2 7 4 0.04 0 1 1 0 2 100 2 0
1 20.42 7 2 8 4 1.625 1 1 3 0 2 200 1392 1
1 37.17 4 2 8 5 5 1 0 0 1 1 280 1 0
1 33.75 2.75 2 3 5 0 0 0 0 0 2 180 1 0
0 33.75 0.75 2 4 5 1 1 1 3 1 2 212 1 0
1 27.58 2.04 1 6 4 2 1 1 3 1 2 370 561 1
1 36.5 4.25 2 11 4 3.5 0 0 0 0 2 454 51 0
1 35.17 4.5 2 14 8 5.75 0 0 0 1 1 711 1 1
1 19.57 0.58 2 1 1 0 0 1 3 0 2 350 770 0
1 18.17 2.46 2 8 7 0.96 0 1 2 1 2 160 588 0
1 59.5 2.75 2 9 4 1.75 1 1 5 1 2 60 59 1
1 19.17 9.5 2 9 4 1.5 1 0 0 0 2 120 2207 1
1 29.83 3.5 2 8 4 0.165 0 0 0 0 2 216 1 0
1 21.92 0.54 1 14 4 0.04 1 1 1 1 2 840 60 1
1 23 0.62 1 6 4 0.125 1 0 0 0 2 180 2 0
1 18.5 2 2 3 4 1.5 1 1 2 0 2 120 301 1
1 34.25 3 2 13 8 7.415 1 0 0 1 2 0 1 1
1 22.67 2.54 1 8 8 2.585 1 0 0 0 2 0 1 1
1 48.75 26.33 1 1 1 0 1 0 0 1 2 0 1 0
0 42.25 1.75 1 8 4 0 0 0 0 1 2 150 2 0
1 21.25 1.5 2 9 4 1.5 0 0 0 0 2 150 9 1
1 24.58 12.5 2 9 4 0.875 1 0 0 1 2 260 1 0
1 25.25 1 2 6 4 0.5 0 0 0 0 2 200 1 0
1 34.25 3 2 13 8 7.415 1 0 0 1 2 0 1 1
1 36.33 3.79 2 9 4 1.165 1 0 0 1 2 200 1 0
1 23.58 0.46 1 9 4 2.625 1 1 6 1 2 208 348 0
0 33.08 4.62 2 11 8 1.625 1 1 2 0 2 0 1 1
0 47.75 8 2 8 4 7.875 1 1 6 1 2 0 1261 1
1 20.42 1.08 2 11 4 1.5 0 0 0 0 2 108 8 0
1 34.42 1.33 2 3 5 0.125 0 0 0 1 2 440 4501 0
1 47.17 5.83 2 9 4 5.5 0 0 0 0 2 465 151 0
1 36.33 2.12 1 9 4 0.085 1 1 1 0 2 50 1188 1
1 44.33 0.5 2 3 8 5 1 0 0 1 2 320 1 1
1 38.25 10.12 1 4 4 0.125 0 0 0 0 2 160 1 0
0 65.17 14 2 1 1 0 1 1 11 1 2 0 1401 1
1 56.75 12.25 2 7 4 1.25 1 1 4 1 2 200 1 1
1 23.92 0.66 2 8 4 0.165 0 0 0 0 2 100 1 1
1 23.42 0.58 2 8 8 0.085 1 0 0 0 2 180 1 0
1 34.17 2.75 2 3 5 2.5 0 0 0 1 2 232 201 0
1 36.5 4.25 2 11 4 3.5 0 0 0 0 2 454 51 0
1 34.42 1.33 2 3 5 0.125 0 0 0 1 2 440 4501 0
0 21.67 11.5 1 5 3 0 1 1 11 1 2 0 1 1
1 39.25 9.5 2 7 4 6.5 1 1 14 0 2 240 4608 1
0 45.33 1 2 11 4 0.125 0 0 0 1 2 263 1 0
1 32.83 2.5 2 13 8 2.75 1 1 6 0 2 160 2073 1
1 29.67 0.75 1 8 4 0.04 0 0 0 0 2 240 1 0
1 27.83 1 1 2 8 3 0 0 0 0 2 176 538 0
1 16.32 4.08 2 3 8 0.415 0 0 0 1 2 120 1 0

