1 21.25 1.5 2 9 4 1.5 0 0 0 0 2 150 9 1
0 25.08 2.54 1 6 4 0.25 1 0 0 1 2 370 1 1
1 27 1.5 1 9 4 0.375 1 0 0 1 2 260 1066 1
1 56 12.5 2 4 8 8 1 0 0 1 2 24 2029 1
1 22.17 0.58 1 1 1 0 0 0 0 0 2 100 1 0
0 25.17 2.87 2 14 8 0.875 1 0 0 0 2 360 1 1
1 31.08 1.5 1 9 4 0.04 0 0 0 0 1 160 1 0
1 36.08 2.54 2 1 1 0 0 0 0 0 2 0 1001 0
1 41.17 1.25 1 9 4 0.25 0 0 0 0 2 0 196 0
1 60.08 14.5 2 1 1 18 1 1 15 1 2 0 1001 1
1 19.17 9.5 2 9 4 1.5 1 0 0 0 2 120 2207 1
1 27.25 0.62 2 6 4 0.455 1 0 0 1 2 200 1 0
1 34 5.5 1 8 4 1.5 0 0 0 1 2 60 1 0
0 33.67 0.37 2 13 4 0.375 0 0 0 0 2 300 45 1
1 39.92 5 2 3 5 0.21 0 0 0 0 2 550 1 0
0 32.33 0.54 2 13 4 0.04 1 0 0 0 2 440 11178 1
1 20 7 2 8 4 0.5 0 0 0 0 2 0 1 0
1 23.92 0.66 2 8 4 0.165 0 0 0 0 2 100 1 1
0 23.58 0.58 1 1 1 0.125 0 0 0 0 2 120 88 0
1 30.17 0.5 2 8 4 1.75 1 1 11 0 2 32 541 1
0 28.5 1 2 11 4 1 1 1 2 1 2 167 501 0
1 39.25 9.5 2 7 4 6.5 1 1 14 0 2 240 4608 1
1 48.33 12 2 7 4 16 1 0 0 0 1 110 1 1
1 36.67 3.25 2 11 8 9 1 0 0 1 2 102 640 1
0 50.08 12.54 2 6 4 2.29 1 1 3 1 2 156 1 1
1 18.07 6.75 1 7 4 0.04 0 0 0 0 2 140 1 0
1 48.17 3.5 2 6 4 3.5 1 0 0 0 1 230 1 1
1 35 3.37 2 8 8 8.29 0 0 0 1 2 0 1 0
0 33.08 4.62 2 11 8 1.625 1 1 2 0 2 0 1 1
1 22.75 11 2 11 4 2.5 1 1 7 1 2 100 810 1
0 18.42 9.25 2 11 4 1.21 1 1 4 0 2 60 541 1
1 34.08 6.5 2 6 4 0.125 1 0 0 1 2 443 1 0
1 21.92 0.5 2 8 4 0.125 0 0 0 0 2 360 1 0
1 18.82 3.54 1 1 1 0 0 0 0 1 2 180 2 0
0 24.92 1.25 2 1 1 0 1 0 0 0 2 80 1 0
1 36.67 3.25 2 11 8 9 1 0 0 1 2 102 640 1
0 30.42 1.37 2 9 8 0.04 0 1 3 0 2 0 34 0
1 30.83 0 2 9 4 1.25 1 1 1 0 2 202 1 1
1 26.67 2.71 1 13 4 5.25 1 1 1 0 2 211 1 1
0 23.58 0.83 2 11 4 0.415 0 1 1 1 2 200 12 0
1 19.17 4 1 3 4 1 0 0 0 1 2 360 1001 0
1 37.33 2.66 2 13 4 0.165 0 0 0 1 2 0 502 0
1 16.32 2.75 2 6 4 0.665 0 1 1 0 2 80 22 0
1 34.5 4.04 1 3 5 8.5 1 1 7 1 2 195 1 1
0 50.25 0.83 2 6 4 0.5 0 0 0 1 2 240 118 0
1 24.17 0.87 2 11 4 4.625 1 1 2 1 2 520 2001 1
1 23.92 1.5 2 2 8 1.875 1 1 6 0 2 200 328 1
0 30.58 10.66 2 11 8 0.085 0 1 12 1 2 129 4 0
0 22.5 0.41 2 3 4 0.335 0 0 0 1 1 144 1 0
1 24.58 1.25 2 8 4 0.25 0 0 0 0 2 110 1 0
0 37.75 5.5 2 11 4 0.125 1 0 0 1 2 228 1 1
1 19.42 1.5 1 13 4 2 1 0 0 1 2 100 21 0
1 45 8.5 2 13 8 14 1 1 1 1 2 88 2001 1
1 34.08 6.5 2 6 4 0.125 1 0 0 1 2 443 1 0
1 28.25 5.12 2 14 4 4.75 1 1 2 0 2 420 8 1
1 19.5 0.28 2 4 4 0.29 0 0 0 0 2 280 365 0
0 22.92 11.58 2 13 4 0.04 1 0 0 0 2 80 1350 1
0 18.82 9.53 2 6 4 0.085 1 0 0 0 2 100 1 1
1 31.57 0.62 2 4 4 0.25 0 0 0 0 2 380 2011 0
1 42 9.78 2 14 8 7.96 1 1 8 0 2 0 1 1
1 40.92 0.5 1 7 4 0.5 0 0 0 1 2 130 1 0
0 22.92 11.58 2 13 4 0.04 1 0 0 0 2 80 1350 1
0 27.58 3 2 7 4 2.79 0 1 1 1 2 280 11 0
1 34.75 2.5 2 13 5 0.5 0 0 0 0 2 348 1 0
1 26.92 2.25 2 3 5 0.5 0 0 0 1 2 640 4001 0
0 47.42 8 2 10 5 6.5 1 1 6 0 2 375 51101 1
1 65.42 11 2 10 9 20 1 1 7 1 2 22 1 1
0 24.33 2.5 1 3 5 4.5 0 0 0 0 2 200 457 0
0 32.25 1.5 2 8 4 0.25 0 0 0 1 2 372 123 0
1 32.67 5.5 2 11 8 5.5 1 1 12 1 2 408 1001 1
0 41 2.04 1 11 8 0.125 1 1 23 1 2 455 1237 1
0 18.75 7.5 2 11 4 2.71 1 1 5 0 2 184 26727 1
1 28.58 3.62 2 6 4 0.25 0 0 0 1 2 100 1 0
1 39.25 9.5 2 7 4 6.5 1 1 14 0 2 240 4608 1
1 34.17 2.75 2 3 5 2.5 0 0 0 1 2 232 201 0
1 31.92 4.46 2 13 8 6.04 1 1 3 0 2 311 301 1
0 26.92 13.5 2 11 8 5 1 1 2 0 2 0 5001 1
0 19.67 0.21 2 11 8 0.29 1 1 11 0 2 80 100 1
1 23.25 4 2 8 5 0.25 1 0 0 1 2 160 1 1
1 18.82 3.54 1 1 1 0 0 0 0 1 2 180 2 0
1 41.42 5 2 11 8 5 1 1 6 1 2 470 1 1
1 36.67 2 2 3 4 0.25 0 0 0 1 2 221 1 0
1 17.07 3.29 2 3 4 0.335 0 0 0 1 2 140 3 0
1 23.58 0.46 1 9 4 2.625 1 1 6 1 2 208 348 0
1 20.5 2.41 2 8 4 2 1 1 11 1 2 200 3001 1
1 41.42 5 2 11 8 5 1 1 6 1 2 470 1 1
1 39 5 2 13 4 3.5 1 1 10 1 2 0 1 1
1 33.5 1.75 2 14 8 4.5 1 1 4 1 2 253 858 1
1 19.42 1.5 1 13 4 2 1 0 0 1 2 100 21 0
1 28.25 5.04 1 8 5 1.5 1 1 8 1 2 144 8 1
1 32.33 3.5 2 4 4 0.5 0 0 0 1 2 232 1 0
1 34.75 2.5 2 13 5 0.5 0 0 0 0 2 348 1 0
0 36.58 0.28 2 1 1 0 0 1 10 0 2 200 19 0
1 73.42 17.75 2 1 1 0 1 0 0 1 2 0 1 1
0 22.92 11.58 2 13 4 0.04 1 0 0 0 2 80 1350 1
1 35.17 4.5 2 14 8 5.75 0 0 0 1 1 711 1 1
0 18.25 10 2 9 4 1 0 1 1 0 2 120 2 0
0 24.92 1.25 2 1 1 0 1 0 0 0 2 80 1 0
1 20.67 0.41 2 8 4 0.125 0 0 0 0 2 0 45 0
1 33.58 0.33 1 13 4 0.085 0 0 0 0 2 180 1 0
1 20.42 0 2 8 4 0 0 0 0 0 3 184 1 0
0 31.57 11.25 2 1 1 0 0 0 0 0 2 184 5201 0
1 48.33 12 2 7 4 16 1 0 0 0 1 110 1 1
1 43.25 3 2 11 8 6 1 1 11 0 2 80 1 1
0 22.83 2.29 2 11 8 2.29 1 1 7 1 2 140 2385 1
1 25.17 3 2 8 4 1.25 0 1 1 0 2 0 23 0
0 36.58 0.28 2 1 1 0 0 1 10 0 2 200 19 0
1 31.58 0.75 1 6 4 3.5 0 0 0 1 2 320 1 0
1 23.92 1.5 2 2 8 1.875 1 1 6 0 2 200 328 1
0 27.67 2.04 2 9 4 0.25 0 0 0 1 2 180 51 0
0 23 11.75 2 14 8 0.5 1 1 2 1 2 300 552 1
1 18.07 6.75 1 7 4 0.04 0 0 0 0 2 140 1 0
1 36.17 0.42 1 9 4 0.29 0 0 0 1 2 309 3 0
1 21.25 1.5 2 9 4 1.5 0 0 0 0 2 150 9 1
1 31.42 15.5 2 8 4 0.5 1 0 0 0 2 120 1 0
1 32.42 3 2 2 4 0.165 0 0 0 1 2 120 1 0
1 37.17 4 2 8 5 5 1 0 0 1 1 280 1 0
0 24.83 4.5 2 9 4 1 0 0 0 1 2 360 7 0
0 23 11.75 2 14 8 0.5 1 1 2 1 2 300 552 1
1 80.25 5.5 2 8 4 0.54 1 0 0 0 2 0 341 0
0 18.75 7.5 2 11 4 2.71 1 1 5 0 2 184 26727 1
0 24.75 13.66 2 11 8 1.5 0 0 0 0 2 280 2 0
1 34.42 4.25 2 3 5 3.25 1 1 2 0 2 274 611 1
1 37.5 0.83 2 10 4 0.04 0 0 0 0 2 120 6 0
1 34.83 4 2 2 5 12.5 1 0 0 1 2 184 1 0
1 36.42 0.75 1 2 4 0.585 0 0 0 0 2 240 4 0
0 24.5 1.04 1 1 1 0.5 1 1 3 0 2 180 148 0
1 18.07 6.75 1 7 4 0.04 0 0 0 0 2 140 1 0
1 42.75 3 2 3 5 1 1 0 0 0 2 0 201 0
1 58.58 2.71 2 8 4 2.415 0 0 0 1 2 320 1 0
1 20.5 10 1 8 4 2.5 1 0 0 0 1 40 1 1
0 22.92 11.58 2 13 4 0.04 1 0 0 0 2 80 1350 1
1 35.25 3.16 2 14 8 3.75 1 0 0 1 2 680 1 0
1 36.17 0.42 1 9 4 0.29 0 0 0 1 2 309 3 0
1 19.67 10 1 4 8 0.835 1 0 0 1 2 140 1 0
0 30.42 1.37 2 9 8 0.04 0 1 3 0 2 0 34 0
1 32.42 3 2 2 4 0.165 0 0 0 1 2 120 1 0
0 56.83 4.25 1 1 1 5 0 0 0 1 2 0 5 0
0 30.42 1.37 2 9 8 0.04 0 1 3 0 2 0 34 0
0 16.32 0.21 2 6 4 0.125 0 0 0 0 2 200 2 0
0 22.58 10.75 2 11 4 0.415 1 1 5 1 2 0 561 1
1 24.58 13.5 1 1 1 0 0 0 0 0 2 184 1 0
1 22.08 0.83 2 8 8 2.165 0 0 0 1 2 128 1 1
0 20.75 9.53 2 3 4 0.04 0 0 0 0 2 200 1001 0
1 40.58 1.5 2 3 5 0 0 0 0 0 1 300 1 0
1 31 2.08 2 8 4 0.085 0 0 0 0 2 300 1 0
1 21.25 1.5 2 9 4 1.5 0 0 0 0 2 150 9 1
0 29.5 1.08 1 14 4 1 0 0 0 0 2 280 14 0
1 48.33 12 2 7 4 16 1 0 0 0 1 110 1 1
1 25.33 0.57 2 8 4 0.29 1 1 7 1 2 96 5125 1
1 18.82 0.41 1 8 4 0.165 0 1 1 0 2 200 2 0
1 19.17 0 1 7 5 0 0 0 0 1 1 500 2 1
0 30.42 1.37 2 9 8 0.04 0 1 3 0 2 0 34 0
1 54.42 0.5 1 4 8 3.96 1 0 0 0 2 180 315 1
1 29.25 13 2 2 8 0.5 0 0 0 0 2 228 1 0
1 36.33 3.79 2 9 4 1.165 1 0 0 1 2 200 1 0
1 32.25 14 1 1 1 0 0 1 2 0 2 160 2 0
1 37.5 1.12 1 2 4 1.5 0 0 0 1 2 431 1 1
1 20.5 2.41 2 8 4 2 1 1 11 1 2 200 3001 1
1 32.25 0.16 1 8 8 3.25 1 1 1 1 2 432 8001 1
1 25.5 0.37 2 7 4 0.25 1 1 3 0 2 260 15109 1
1 34.83 2.5 1 9 4 3 0 0 0 0 1 200 1 0
1 37.5 0.83 2 10 4 0.04 0 0 0 0 2 120 6 0
1 25.08 1.71 2 14 4 1.665 1 1 1 1 2 395 21 1
1 28.58 3.62 2 6 4 0.25 0 0 0 1 2 100 1 0
1 33.75 2.75 2 3 5 0 0 0 0 0 2 180 1 0
1 34.75 15 2 12 7 5.375 1 1 9 1 2 0 135 1
0 25.25 13.5 1 1 1 2 0 1 1 1 2 200 2 0
1 30.17 1.08 1 8 4 0.04 0 0 0 0 2 170 180 0
1 18.67 5 2 11 4 0.375 1 1 2 0 2 0 39 0
1 69.17 9 2 1 1 4 0 1 1 0 2 70 7 0
0 16 0.16 2 6 4 1 0 1 2 1 2 320 2 0
1 35 3.37 2 8 8 8.29 0 0 0 1 2 0 1 0
1 31 2.08 2 8 4 0.085 0 0 0 0 2 300 1 0
1 34.42 4.25 2 3 5 3.25 1 1 2 0 2 274 611 1
0 45.33 1 2 11 4 0.125 0 0 0 1 2 263 1 0
0 24.75 3 2 11 8 1.835 1 1 19 0 2 0 501 1
1 20.5 2.41 2 8 4 2 1 1 11 1 2 200 3001 1
0 25.42 1.12 2 11 4 1.29 1 1 2 0 2 200 1 0
1 25.83 12.83 2 13 4 0.5 0 0 0 0 2 0 3 0
1 23.75 12 2 8 4 2.085 0 0 0 0 1 80 1 0
1 42.17 5.04 2 11 8 12.75 1 0 0 1 2 92 1 1
0 25.75 0.5 2 8 8 0.875 1 0 0 1 2 491 1 1
1.234 22.08 11.46 2 4 4 1.585 0 0 0 1 2 100 1213 0
1 21 3 1 2 4 1.085 1 1 8 1 2 160 2 1
0 23.25 5.87 2 11 4 3.17 1 1 10 0 2 120 246 1
1 23.25 4 2 8 5 0.25 1 0 0 1 2 160 1 1
1 31.57 4 1 3 4 0.085 0 0 0 1 2 411 1 0
0 24.75 13.66 2 11 8 1.5 0 0 0 0 2 280 2 0
1 45 8.5 2 13 8 14 1 1 1 1 2 88 2001 1
0 52.83 15 2 8 4 5.5 1 1 14 0 2 0 2201 1
1 48.75 26.33 1 1 1 0 1 0 0 1 2 0 1 0
1 29.25 14.79 2 6 4 5.04 1 1 5 1 2 168 1 1
1 20.42 7 2 8 4 1.625 1 1 3 0 2 200 1392 1
0 37.33 2.5 2 3 8 0.21 0 0 0 0 2 260 247 0
1 54.33 6.75 2 8 8 2.625 1 1 11 1 2 0 285 1
1 19.67 0.37 2 11 4 2 1 1 2 1 2 80 1 1
0 36.58 0.28 2 1 1 0 0 1 10 0 2 200 19 0
1 32.92 2.5 2 6 4 1.75 0 1 2 1 2 720 1 0
1 65.42 11 2 10 9 20 1 1 7 1 2 22 1 1
0 31.57 3.5 2 2 4 3 1 0 0 1 2 300 1 0
0 41 2.04 1 11 8 0.125 1 1 23 1 2 455 1237 1
0 17.92 10.21 2 1 1 0 0 0 0 0 2 0 51 0
0 31.57 11.25 2 1 1 0 0 0 0 0 2 184 5201 0
0 28.17 0.37 2 11 4 0.585 1 1 4 0 2 80 1 1
1 39.92 0.54 1 6 4 0.5 1 1 3 0 2 200 1001 1
0 19.5 0.16 2 11 4 0.04 0 0 0 1 2 380 1 0
0 24.75 3 2 11 8 1.835 1 1 19 0 2 0 501 1
1 39 5 2 13 4 3.5 1 1 10 1 2 0 1 1
1 28.58 3.62 2 6 4 0.25 0 0 0 1 2 100 1 0
1 34.42 4.25 2 3 5 3.25 1 1 2 0 2 274 611 1
1 21 4.79 1 9 4 2.25 1 1 1 1 2 80 301 1
0 23 11.75 2 14 8 0.5 1 1 2 1 2 300 552 1
0 30.25 5.5 2 4 4 5.5 0 0 0 1 1 100 1 0
1 27.83 1.54 2 9 4 3.75 1 1 5 1 2 100 4 1
0 23 1.83 2 5 3 0 0 1 1 0 2 200 54 0
1 48.75 26.33 1 1 1 0 1 0 0 1 2 0 1 0
0 18.25 10 2 9 4 1 0 1 1 0 2 120 2 0
1 20.5 10 1 8 4 2.5 1 0 0 0 1 40 1 1
1 20.17 9.25 2 8 4 1.665 1 1 3 1 2 40 29 1

