0 26.17 2 2 5 3 0 0 0 0 1 2 276 2 0
0 50.08 12.54 2 6 4 2.29 1 1 3 1 2 156 1 1
0 23.25 5.87 2 11 4 3.17 1 1 10 0 2 120 246 1
0 20.75 10.25 2 11 4 0.71 1 1 2 1 2 49 1 1
1 30.75 1.58 2 2 4 0.585 0 0 0 1 1 0 1 0
1 20 11.04 2 8 4 2 0 0 0 1 2 136 1 0
1 37.33 6.5 2 7 8 4.25 1 1 12 1 2 93 1 1
0 38.25 6 2 4 4 1 1 0 0 1 2 0 1 1
1 23.25 12.62 2 8 4 0.125 0 1 2 0 2 0 5553 0
1 23.42 0.58 2 8 8 0.085 1 0 0 0 2 180 1 0
0 18.07 0.37 3 13 1 10 0 0 0 1 1 300 1 1
1 24.5 13.33 1 6 4 0.04 0 0 0 1 2 120 476 0
0 29.5 1.08 1 14 4 1 0 0 0 0 2 280 14 0
0 24.33 2.5 1 3 5 4.5 0 0 0 0 2 200 457 0
1 33.5 1.75 2 14 8 4.5 1 1 4 1 2 253 858 1
0 30.42 1.37 2 9 8 0.04 0 1 3 0 2 0 34 0
0 41 2.04 1 11 8 0.125 1 1 23 1 2 455 1237 1
1 36.42 0.75 1 2 4 0.585 0 0 0 0 2 240 4 0
1 20.17 5.62 2 9 4 1.71 1 0 0 0 1 120 1 1
0 25.25 13.5 1 1 1 2 0 1 1 1 2 200 2 0
1 25.67 12.5 2 13 4 1.21 1 1 67 1 2 140 259 1
0 25 12.33 2 13 8 3.5 1 1 6 0 2 400 459 1
1 37.5 1.75 1 8 5 0.25 1 0 0 1 2 164 401 0
1 39.33 5.87 2 13 8 10 1 1 14 1 2 399 1 1
1 18.17 2.46 2 8 7 0.96 0 1 2 1 2 160 588 0
1 22 7.83 1 3 5 0.165 0 0 0 1 2 184 1 0
1 39.83 0.5 2 7 4 0.25 1 0 0 0 1 288 1 0
0 26.17 2 2 5 3 0 0 0 0 1 2 276 2 0
1 21.33 10.5 2 8 4 3 1 0 0 1 2 0 1 1
1 26 1 2 11 4 1.75 1 0 0 1 2 280 1 1
0 28.67 1.04 2 8 4 2.5 1 1 5 1 2 300 1431 1
1 37.75 7 2 11 8 11.5 1 1 7 1 2 300 6 0
0 49 1.5 2 5 3 0 1 0 0 1 2 100 28 0
0 28.08 15 1 10 9 0 1 0 0 0 2 0 13213 1
1 33.17 1 2 14 4 0.75 1 1 7 1 2 340 4072 1
1 18.07 6.75 1 7 4 0.04 0 0 0 0 2 140 1 0
0 33.67 0.37 2 13 4 0.375 0 0 0 0 2 300 45 1
1 34.92 5 2 14 8 7.5 1 1 6 1 2 0 1001 1
1 27.25 1.58 2 13 8 1.835 1 1 12 1 2 583 714 1
1 23.17 11.12 2 14 8 0.46 1 1 1 0 2 100 1 1
1 33.5 1.75 2 14 8 4.5 1 1 4 1 2 253 858 1
1 25.67 2.21 1 6 4 4 1 0 0 0 2 188 1 0
1 45 8.5 2 13 8 14 1 1 1 1 2 88 2001 1
0 25 11 1 6 4 4.5 1 0 0 0 2 120 1 0
1 39.92 0.54 1 6 4 0.5 1 1 3 0 2 200 1001 1
0 23 1.83 2 5 3 0 0 1 1 0 2 200 54 0
1 21.33 7.5 2 6 4 1.415 1 1 1 0 2 80 9801 1
1 21.83 11 2 14 4 0.29 1 1 6 0 2 121 1 1
1 22.92 3.16 1 8 4 0.165 0 0 0 0 2 160 1059 0
1 20.67 0.41 2 8 4 0.125 0 0 0 0 2 0 45 0
1 18.17 2.46 2 8 7 0.96 0 1 2 1 2 160 588 0
0 20.32 10 2 8 8 1 1 1 4 0 2 50 1466 1
1 40.25 21.5 2 10 9 20 1 1 11 0 2 0 1201 1
0 18.07 0.37 3 13 1 10 0 0 0 1 1 300 1 1
1 36.08 2.54 2 1 1 0 0 0 0 0 2 0 1001 0
1 17.07 3.29 2 3 4 0.335 0 0 0 1 2 140 3 0
0 28.17 0.37 2 11 4 0.585 1 1 4 0 2 80 1 1
0 18.25 10 2 9 4 1 0 1 1 0 2 120 2 0
0 22.5 0.41 2 3 4 0.335 0 0 0 1 1 144 1 0
1 34.08 0.08 1 7 5 0.04 1 1 1 1 2 280 2001 1
0 50.08 12.54 2 6 4 2.29 1 1 3 1 2 156 1 1
1 32.25 0.16 1 8 8 3.25 1 1 1 1 2 432 8001 1
0 23.58 11.5 1 4 8 3 0 0 0 1 2 20 17 0
1 30.17 6.5 2 13 4 3.125 1 1 8 0 2 330 1201 1
1 29.83 3.5 2 8 4 0.165 0 0 0 0 2 216 1 0
0 40.33 7.54 1 11 8 8 1 1 14 0 2 0 2301 1
1 73.42 17.75 2 1 1 0 1 0 0 1 2 0 1 1
0 25.58 0 2 8 4 0 0 0 0 0 3 184 1 1
0 23.25 5.87 2 11 4 3.17 1 1 10 0 2 120 246 1
1 39 5 2 13 4 3.5 1 1 10 1 2 0 1 1
1 25.92 0.87 2 4 4 0.375 0 1 2 1 2 174 4 0
1 51.83 2.04 1 1 1 1.5 0 0 0 0 2 120 2 0
1 47.17 5.83 2 9 4 5.5 0 0 0 0 2 465 151 0
1 39.92 0.54 1 6 4 0.5 1 1 3 0 2 200 1001 1
1 19 0 1 1 1 0 0 1 4 0 2 45 2 0
1 32.75 2.33 2 2 8 5.75 0 0 0 1 2 292 1 0
1 20.67 0.83 1 8 4 2 0 0 0 1 1 240 1 0
1 33.17 1.04 2 12 8 6.5 1 0 0 1 2 164 31286 1
1 26.92 2.25 2 3 5 0.5 0 0 0 1 2 640 4001 0
1 47.67 2.5 2 7 5 2.5 1 1 12 1 2 410 2511 1
1 34.17 9.17 2 8 4 4.5 1 1 12 1 2 0 222 1
0 22.58 10.75 2 11 4 0.415 1 1 5 1 2 0 561 1
1 33.17 1.04 2 12 8 6.5 1 0 0 1 2 164 31286 1
1 16.07 0.75 2 8 4 1.75 1 1 5 1 2 352 691 1
0 28.58 1.66 2 11 4 2.415 1 0 0 1 2 440 1 0
0 52.83 15 2 8 4 5.5 1 1 14 0 2 0 2201 1
1 27.75 0.58 1 13 4 0.25 1 1 2 0 2 260 501 1
0 22.25 1.25 1 1 1 3.25 0 0 0 0 2 280 1 0
1 36.17 5.5 2 3 5 5 0 0 0 0 2 210 688 0
1 23.58 0.46 1 9 4 2.625 1 1 6 1 2 208 348 0
0 28.17 0.37 2 11 4 0.585 1 1 4 0 2 80 1 1
0 24.83 4.5 2 9 4 1 0 0 0 1 2 360 7 0
1 38.25 10.12 1 4 4 0.125 0 0 0 0 2 160 1 0
1 26.17 12.5 1 4 8 1.25 0 0 0 1 2 0 18 0
1 16.92 0.33 1 4 4 0.29 0 0 0 0 1 200 1 0
0 27.67 2.04 2 9 4 0.25 0 0 0 1 2 180 51 0
1 25.75 0.75 2 8 5 0.25 1 0 0 0 2 349 24 1
0 28.08 15 1 10 9 0 1 0 0 0 2 0 13213 1
0 57.58 2 2 1 1 6.5 0 1 1 0 2 0 11 0
0 26.17 2 2 5 3 0 0 0 0 1 2 276 2 0
1 26.92 2.25 2 3 5 0.5 0 0 0 1 2 640 4001 0
0 42.25 1.75 1 8 4 0 0 0 0 1 2 150 2 0
1 19.5 0.28 2 4 4 0.29 0 0 0 0 2 280 365 0
0 22.67 0.79 2 3 4 0.085 0 0 0 0 2 144 1 0
1 22.92 3.16 1 8 4 0.165 0 0 0 0 2 160 1059 0
1 13.75 4 1 9 4 1.75 1 1 2 1 2 120 1001 1
1 26.67 4.25 2 13 4 4.29 1 1 1 1 2 120 1 1
1 47.33 6.5 2 8 4 1 0 0 0 1 2 0 229 0
1 34.17 1.54 2 13 4 1.54 1 1 1 1 2 520 50001 1
1 19.67 10 1 4 8 0.835 1 0 0 1 2 140 1 0
1 38.42 0.7 2 8 4 0.375 0 1 2 0 2 225 501 0
0 16.32 0.21 2 6 4 0.125 0 0 0 0 2 200 2 0
1 21.5 9.75 2 8 4 0.25 1 0 0 0 2 140 1 0
0 18.57 10 2 2 4 0.415 0 0 0 0 2 80 43 0
0 25.75 0.5 2 8 8 0.875 1 0 0 1 2 491 1 1
1 27.75 0.58 1 13 4 0.25 1 1 2 0 2 260 501 1
1 23.08 2.5 2 1 1 0.085 0 0 0 1 2 100 4209 0
1 25.5 0.37 2 7 4 0.25 1 1 3 0 2 260 15109 1
1 48.75 8.5 2 8 8 12.5 1 1 9 0 2 181 1656 1
1 28.58 3.62 2 6 4 0.25 0 0 0 1 2 100 1 0
1 23.08 2.5 2 1 1 0.085 0 0 0 1 2 100 4209 0
1 33.17 1.04 2 12 8 6.5 1 0 0 1 2 164 31286 1
1 24.08 9 2 6 4 0.25 0 0 0 1 2 0 1 0
1 62.75 7 2 10 9 0 0 0 0 0 2 0 13 0
1 17.42 6.5 2 3 4 0.125 0 0 0 0 2 60 101 0
1 22.67 0.16 2 8 3 2.25 0 0 0 1 1 0 1 1
0 45 4.58 2 4 8 1 0 0 0 1 1 240 1 0
0 29.5 2 1 10 8 2 0 0 0 0 2 256 18 0
0 28.08 15 1 10 9 0 1 0 0 0 2 0 13213 1
1 48.75 8.5 2 8 8 12.5 1 1 9 0 2 181 1656 1
1 22.08 2.33 2 4 4 0.75 0 0 0 0 2 180 1 0
1 34.42 1.33 2 3 5 0.125 0 0 0 1 2 440 4501 0
1 39.42 1.71 1 7 4 0.165 0 0 0 0 1 400 1 0
1 51.58 15 2 8 4 8.5 1 1 9 0 2 0 1 1
0 35.42 12 2 11 8 14 1 1 8 0 2 0 6591 1
0 24.75 3 2 11 8 1.835 1 1 19 0 2 0 501 1
1 39.42 1.71 1 7 4 0.165 0 0 0 0 1 400 1 0
1 44.25 0.5 2 7 4 10.75 1 0 0 0 1 400 1 0
1 34.75 2.5 2 13 5 0.5 0 0 0 0 2 348 1 0
1 29.42 1.25 2 8 8 0.25 0 1 2 1 2 400 109 0
1 48.58 6.5 2 11 8 6 1 0 0 1 2 350 1 1
1 22.67 0.16 2 8 3 2.25 0 0 0 1 1 0 1 1
0 20.5 11.83 2 8 8 6 1 0 0 0 2 340 1 1
1 30.83 0 2 9 4 1.25 1 1 1 0 2 202 1 1
0 16.32 0.21 2 6 4 0.125 0 0 0 0 2 200 2 0
1 44.83 7 1 8 4 1.625 0 0 0 0 2 160 3 0
1 31.58 0.75 1 6 4 3.5 0 0 0 1 2 320 1 0
1 37.5 0.83 2 10 4 0.04 0 0 0 0 2 120 6 0
1 42 9.78 2 14 8 7.96 1 1 8 0 2 0 1 1
0 18.82 4.41 1 8 8 3 1 0 0 0 2 240 1 1
1 31.57 0.62 2 4 4 0.25 0 0 0 0 2 380 2011 0
1 37.5 1.75 1 8 5 0.25 1 0 0 1 2 164 401 0
0 28.67 1.04 2 8 4 2.5 1 1 5 1 2 300 1431 1
1 56.42 28 1 8 4 28.5 1 1 40 0 2 0 16 1
0 58.67 4.46 2 11 8 3.04 1 1 6 0 2 43 561 1
1 37.33 2.66 2 13 4 0.165 0 0 0 1 2 0 502 0
1 41.17 4.04 2 13 8 7 1 1 8 0 2 320 1 1
0 28.5 1 2 11 4 1 1 1 2 1 2 167 501 0
1 23.33 1.5 2 8 8 1.415 1 0 0 0 2 422 201 1
0 28.75 3.75 2 8 4 1.085 1 1 1 1 2 371 1 1
1 19.57 0.58 2 1 1 0 0 1 3 0 2 350 770 0
1 37.42 2.04 2 9 4 0.04 1 0 0 1 2 400 5801 1
1 28.58 3.62 2 6 4 0.25 0 0 0 1 2 100 1 0
1 43.17 5 2 3 5 2.25 0 0 0 1 2 141 1 0
0 24.75 13.66 2 11 8 1.5 0 0 0 0 2 280 2 0
0 24.08 0.5 2 11 8 1.25 1 1 1 0 2 0 679 1
1 20.5 10 1 8 4 2.5 1 0 0 0 1 40 1 1
1 52.33 1.37 1 8 8 9.46 1 0 0 1 2 200 101 0
1 30.17 6.5 2 13 4 3.125 1 1 8 0 2 330 1201 1
1 21.17 0.87 1 8 8 0.25 0 0 0 0 2 280 205 0
1 37.17 4 2 8 5 5 1 0 0 1 1 280 1 0
1 42 0.2 2 3 8 5.125 1 0 0 0 2 400 1 1
0 22.42 5.66 2 11 4 2.585 1 1 7 0 2 129 3258 1
0 18.75 7.5 2 11 4 2.71 1 1 5 0 2 184 26727 1
0 19.17 8.58 2 13 8 0.75 1 1 7 0 2 96 1 1
1 23 0.62 1 6 4 0.125 1 0 0 0 2 180 2 0
0 33.08 1.62 2 2 4 0.54 0 0 0 1 2 0 1 0
0 65.17 14 2 1 1 0 1 1 11 1 2 0 1401 1
0 49.83 13.58 2 4 8 8.5 1 0 0 1 2 0 1 1
0 45 4.58 2 4 8 1 0 0 0 1 1 240 1 0
0 24.5 12.75 2 8 5 4.75 1 1 2 0 2 73 445 1
0 28.5 3.04 1 14 8 2.54 1 1 1 0 2 70 1 1
1 26.75 4.5 1 8 5 2.5 0 0 0 0 2 200 1211 0
1 39.17 2.5 1 3 8 10 0 0 0 1 1 200 1 0
0 32.25 1.5 2 8 4 0.25 0 0 0 1 2 372 123 0
1 51.33 10 2 3 5 0 1 1 11 0 2 0 1250 1
1 22.58 10.03 2 14 4 0.04 1 1 9 0 2 60 397 1
1 31.57 0.37 2 2 4 0.875 1 0 0 1 1 928 1 0
0 46.67 0.46 2 13 8 0.415 1 1 11 1 2 440 7 1
1 31.57 0.04 1 2 4 4.25 0 0 0 1 2 460 1 0
1 17.42 6.5 2 3 4 0.125 0 0 0 0 2 60 101 0
1 16.17 0.04 2 8 4 0.04 0 0 0 0 2 0 1 1
1 80.25 5.5 2 8 4 0.54 1 0 0 0 2 0 341 0
1 27.67 0.75 2 11 8 0.165 0 0 0 1 2 220 252 0
1 37.42 2.04 2 9 4 0.04 1 0 0 1 2 400 5801 1
0 46 4 2 5 3 0 1 0 0 0 2 100 961 1
1 31.57 10.5 2 14 4 6.5 1 0 0 0 2 0 1 1
1 28.25 0.87 2 7 4 0.96 1 1 3 1 2 396 1 1
1 20 0 2 2 4 0.5 0 0 0 0 2 144 1 0
0 38.75 1.5 2 1 1 0 0 0 0 0 2 76 1 0
0 58.33 10 2 11 4 4 1 1 14 0 2 0 1603 1
0 33.08 1.62 2 2 4 0.54 0 0 0 1 2 0 1 0
0 46.67 0.46 2 13 8 0.415 1 1 11 1 2 440 7 1
1 23.75 12 2 8 4 2.085 0 0 0 0 1 80 1 0
1 58.58 2.71 2 8 4 2.415 0 0 0 1 2 320 1 0
1 17.07 0.08 1 8 4 0.04 0 0 0 0 2 140 723 0
1 19.32 10.91 2 8 5 0.585 0 1 2 1 2 200 8 0
1 22.75 11 2 11 4 2.5 1 1 7 1 2 100 810 1
0 29.58 1.75 1 4 4 1.25 0 0 0 1 2 280 1 0
1 40.92 0.5 1 7 4 0.5 0 0 0 1 2 130 1 0
0 18.75 7.5 2 11 4 2.71 1 1 5 0 2 184 26727 1
1 34.75 15 2 12 7 5.375 1 1 9 1 2 0 135 1
1 31.58 0.75 1 6 4 3.5 0 0 0 1 2 320 1 0
0 28.17 0.37 2 11 4 0.585 1 1 4 0 2 80 1 1
1 34.92 2.5 2 9 4 0 1 0 0 1 2 239 201 1
1 33.58 0.25 2 3 5 4 0 0 0 1 1 420 1 0
0 30.42 1.37 2 9 8 0.04 0 1 3 0 2 0 34 0
1 32.33 2.5 2 8 4 1.25 0 0 0 1 2 280 1 0
1 44.25 0.5 2 7 4 10.75 1 0 0 0 1 400 1 0
1 33.17 1 2 14 4 0.75 1 1 7 1 2 340 4072 1

