0 47.42 3 2 14 4 13.875 1 1 2 1 2 519 1705 1
0 19.17 5.41 2 3 8 0.29 0 0 0 0 2 80 485 0
1 26.67 4.25 2 13 4 4.29 1 1 1 1 2 120 1 1
1 22.08 11 2 13 4 0.665 1 0 0 0 2 100 1 1
1 36.5 4.25 2 11 4 3.5 0 0 0 0 2 454 51 0
0 25.08 2.54 1 6 4 0.25 1 0 0 1 2 370 1 1
1 31.92 4.46 2 13 8 6.04 1 1 3 0 2 311 301 1
1 34.75 15 2 12 7 5.375 1 1 9 1 2 0 135 1
1 31.33 19.5 2 8 4 7 1 1 16 0 2 0 5001 1
0 21.67 11.5 1 5 3 0 1 1 11 1 2 0 1 1
0 22.42 5.66 2 11 4 2.585 1 1 7 0 2 129 3258 1
0 23.75 0.71 2 9 4 0.25 0 1 1 1 2 240 5 0
0 25.25 13.5 1 1 1 2 0 1 1 1 2 200 2 0
1 33.17 1.04 2 12 8 6.5 1 0 0 1 2 164 31286 1
1 34.08 0.08 1 7 5 0.04 1 1 1 1 2 280 2001 1
1 31.08 3.08 2 8 4 2.5 0 1 2 1 2 160 42 0
1.234 22.08 11.46 2 4 4 1.585 0 0 0 1 2 100 1213 0
1 32.67 5.5 2 11 8 5.5 1 1 12 1 2 408 1001 1
1 31.33 19.5 2 8 4 7 1 1 16 0 2 0 5001 1
1 30.75 1.58 2 2 4 0.585 0 0 0 1 1 0 1 0
1 31.58 0.75 1 6 4 3.5 0 0 0 1 2 320 1 0
0 19.17 0.58 1 6 4 0.585 1 0 0 1 2 160 1 0
0 24.75 12.5 2 6 4 1.5 1 1 12 1 2 120 568 1
0 24.08 0.5 2 11 8 1.25 1 1 1 0 2 0 679 1
1 51.33 10 2 3 5 0 1 1 11 0 2 0 1250 1
1 19.42 1.5 1 13 4 2 1 0 0 1 2 100 21 0
1 53.92 9.62 2 10 4 8.665 1 1 5 0 2 0 1 1
1 25.25 1 2 6 4 0.5 0 0 0 0 2 200 1 0
0 45.33 1 2 11 4 0.125 0 0 0 1 2 263 1 0
1 24.58 13.5 1 1 1 0 0 0 0 0 2 184 1 0
1 28 3 2 9 4 0.75 0 0 0 1 2 300 68 0
0 33.08 1.62 2 2 4 0.54 0 0 0 1 2 0 1 0
1 67.75 5.5 2 10 9 13 1 1 1 1 2 0 1 1
1 22.17 0.58 1 1 1 0 0 0 0 0 2 100 1 0
1 21.67 1.16 1 4 4 2.5 1 1 1 0 2 180 21 0
1 23.58 1.79 2 8 4 0.54 0 0 0 1 2 136 2 0
1 20.67 0.41 2 8 4 0.125 0 0 0 0 2 0 45 0
0 21.67 11.5 1 5 3 0 1 1 11 1 2 0 1 1
1 40.92 0.83 2 1 1 0 1 0 0 0 2 130 2 0
1 31.25 1.12 2 1 1 0 0 1 1 0 2 96 20 0
1 39.83 0.5 2 7 4 0.25 1 0 0 0 1 288 1 0
1 32.75 2.33 2 2 8 5.75 0 0 0 1 2 292 1 0
0 16 0.16 2 6 4 1 0 1 2 1 2 320 2 0
1 35.75 2.41 2 9 4 0.125 0 1 2 0 2 220 2 0
1 33.17 3.16 1 14 4 3.165 1 1 3 1 2 380 1 1
1 40.25 21.5 2 10 9 20 1 1 11 0 2 0 1201 1
1 73.42 17.75 2 1 1 0 1 0 0 1 2 0 1 1
1 37.42 2.04 2 9 4 0.04 1 0 0 1 2 400 5801 1
0 22.5 0.41 2 3 4 0.335 0 0 0 1 1 144 1 0
0 38.75 1.5 2 1 1 0 0 0 0 0 2 76 1 0
0 33.17 2.25 1 13 4 3.5 0 0 0 1 2 200 142 0
1 21.92 0.54 1 14 4 0.04 1 1 1 1 2 840 60 1
0 33.92 1.58 1 1 1 0 1 0 0 0 2 320 1 0
1 34.67 1.08 2 7 4 1.165 0 0 0 0 1 28 1 0
0 17.32 9.5 2 6 4 1.75 0 1 10 1 2 0 11 0
1 39 5 2 13 4 3.5 1 1 10 1 2 0 1 1
1 34.08 6.5 2 6 4 0.125 1 0 0 1 2 443 1 0
1 28.25 5.12 2 14 4 4.75 1 1 2 0 2 420 8 1
1 27.75 0.58 1 13 4 0.25 1 1 2 0 2 260 501 1
1 23.75 12 2 8 4 2.085 0 0 0 0 1 80 1 0
1 31.57 10.5 2 14 4 6.5 1 0 0 0 2 0 1 1
1 36.67 3.25 2 11 8 9 1 0 0 1 2 102 640 1
1 51.83 2.04 1 1 1 1.5 0 0 0 0 2 120 2 0
1 39.5 1.62 2 8 4 1.5 0 0 0 0 2 0 317 0
1 51.58 15 2 8 4 8.5 1 1 9 0 2 0 1 1
1 34.17 2.75 2 3 5 2.5 0 0 0 1 2 232 201 0
0 33.17 2.25 1 13 4 3.5 0 0 0 1 2 200 142 0
1 34.67 1.08 2 7 4 1.165 0 0 0 0 1 28 1 0
0 64.08 0.16 2 1 1 0 1 1 1 0 2 232 101 1
1 20.67 0.83 1 8 4 2 0 0 0 1 1 240 1 0
0 25 12.33 2 13 8 3.5 1 1 6 0 2 400 459 1
1 23.92 1.5 2 2 8 1.875 1 1 6 0 2 200 328 1
0 58.42 21 2 3 5 10 1 1 13 0 2 0 6701 1
1 36.17 0.42 1 9 4 0.29 0 0 0 1 2 309 3 0
1 28 2 2 4 8 4.165 1 1 2 1 2 181 1 1
1 19.57 0.58 2 1 1 0 0 1 3 0 2 350 770 0
1 56.42 28 1 8 4 28.5 1 1 40 0 2 0 16 1
1 53.92 9.62 2 10 4 8.665 1 1 5 0 2 0 1 1
1 43 0.28 1 13 8 1.75 1 1 8 0 2 100 376 1
0 47.42 3 2 14 4 13.875 1 1 2 1 2 519 1705 1
1 32.25 14 1 1 1 0 0 1 2 0 2 160 2 0
1 26.67 1.75 1 8 4 1 1 1 5 1 2 160 5778 1
0 35.17 3.75 2 1 1 0 0 1 6 0 2 0 201 0
1 42.75 4.08 2 6 4 0.04 0 0 0 0 2 108 101 0
1 21.67 1.16 1 4 4 2.5 1 1 1 0 2 180 21 0
0 17.57 9 2 6 4 1.375 1 0 0 1 2 0 1 1
1 25 12.5 2 6 4 3 1 0 0 1 1 20 1 1
1 23 0.75 2 7 4 0.5 1 0 0 1 1 320 1 0
1 19.57 0.58 2 1 1 0 0 1 3 0 2 350 770 0
1 18.82 3.54 1 1 1 0 0 0 0 1 2 180 2 0
1 31.57 0.62 2 4 4 0.25 0 0 0 0 2 380 2011 0
0 16.32 0.21 2 6 4 0.125 0 0 0 0 2 200 2 0
0 22.5 0.41 2 3 4 0.335 0 0 0 1 1 144 1 0
1 34.5 4.04 1 3 5 8.5 1 1 7 1 2 195 1 1
1 27.25 1.66 2 13 8 5.085 1 1 9 0 2 399 828 1
0 24.08 0.5 2 11 8 1.25 1 1 1 0 2 0 679 1
1 20 7 2 8 4 0.5 0 0 0 0 2 0 1 0
0 22.58 10.75 2 11 4 0.415 1 1 5 1 2 0 561 1
1 22.67 0.75 2 3 4 1.585 0 1 1 1 2 400 10 0
1 28.25 5.04 1 8 5 1.5 1 1 8 1 2 144 8 1
1 47.33 6.5 2 8 4 1 0 0 0 1 2 0 229 0
1 47.67 2.5 2 7 5 2.5 1 1 12 1 2 410 2511 1
1 49.17 2.29 2 1 1 0.29 0 0 0 0 2 200 4 0
1 33.67 2.16 2 8 4 1.5 0 0 0 0 3 120 1 0
0 26.17 2 2 5 3 0 0 0 0 1 2 276 2 0
0 46.67 0.46 2 13 8 0.415 1 1 11 1 2 440 7 1
1 54.42 0.5 1 4 8 3.96 1 0 0 0 2 180 315 1
1 34.08 0.08 1 7 5 0.04 1 1 1 1 2 280 2001 1
0 21.08 5 1 1 1 0 0 0 0 0 2 0 1 0
0 44.17 6.66 2 11 4 7.375 1 1 3 1 2 0 1 1
1 31.92 4.46 2 13 8 6.04 1 1 3 0 2 311 301 1
1 17.07 0.08 1 8 4 0.04 0 0 0 0 2 140 723 0
1 31.83 0.04 1 7 4 0.04 0 0 0 0 2 0 1 0
1 30.17 0.5 2 8 4 1.75 1 1 11 0 2 32 541 1
1 63.33 0.54 2 8 4 0.585 1 1 3 1 2 180 1 0
1 31.57 5 1 6 4 8.5 1 0 0 0 2 0 1 0
1 18.82 0 2 11 4 0.665 0 0 0 0 2 160 2 0
0 27.67 1.5 2 7 4 2 1 0 0 0 1 368 1 0
1 23.92 0.58 1 13 8 0.125 0 0 0 0 2 240 2 0
1 35.75 2.41 2 9 4 0.125 0 1 2 0 2 220 2 0
1 20.67 1.25 1 8 8 1.375 1 1 3 1 2 140 211 0
1 33.17 3.04 1 8 8 2.04 1 1 1 1 2 180 18028 1
1 29.5 0.57 2 9 4 0.29 0 1 1 0 2 340 2804 0
0 20.83 0.5 1 10 2 1 0 0 0 0 2 260 1 0
0 19.67 0.21 2 11 8 0.29 1 1 11 0 2 80 100 1
0 58.67 4.46 2 11 8 3.04 1 1 6 0 2 43 561 1
0 37.75 5.5 2 11 4 0.125 1 0 0 1 2 228 1 1
1 24.58 13.5 1 1 1 0 0 0 0 0 2 184 1 0
0 46.67 0.46 2 13 8 0.415 1 1 11 1 2 440 7 1
1 23.25 1 2 8 4 0.835 1 0 0 0 1 300 1 1
1 25.67 2.21 1 6 4 4 1 0 0 0 2 188 1 0
1 62.75 7 2 10 9 0 0 0 0 0 2 0 13 0
0 22.92 11.58 2 13 4 0.04 1 0 0 0 2 80 1350 1
0 20.67 1.83 2 11 4 2.085 1 1 5 0 2 220 2504 1
1 29.5 0.57 2 9 4 0.29 0 1 1 0 2 340 2804 0
1 16.17 0.04 2 8 4 0.04 0 0 0 0 2 0 1 1
1 16.32 4.08 2 3 8 0.415 0 0 0 1 2 120 1 0
1 22.92 0.17 2 7 4 0.085 0 0 0 0 1 0 1 0
1 51.33 10 2 3 5 0 1 1 11 0 2 0 1250 1
0 33.25 2.5 1 8 4 2.5 0 0 0 1 2 0 3 0
1 42.75 4.08 2 6 4 0.04 0 0 0 0 2 108 101 0
0 24.08 0.5 2 11 8 1.25 1 1 1 0 2 0 679 1
0 24.08 0.5 2 11 8 1.25 1 1 1 0 2 0 679 1
1 18.82 3.54 1 1 1 0 0 0 0 1 2 180 2 0
1 31.58 0.75 1 6 4 3.5 0 0 0 1 2 320 1 0
0 33.08 1.62 2 2 4 0.54 0 0 0 1 2 0 1 0
1 47.67 2.5 2 7 5 2.5 1 1 12 1 2 410 2511 1
0 23.58 0.83 2 11 4 0.415 0 1 1 1 2 200 12 0
1 16 3.12 2 9 4 0.085 0 1 1 0 2 0 7 0
1 23.25 4 2 8 5 0.25 1 0 0 1 2 160 1 1
1 18.82 0.41 1 8 4 0.165 0 1 1 0 2 200 2 0
1 30.17 6.5 2 13 4 3.125 1 1 8 0 2 330 1201 1
1 35.75 2.41 2 9 4 0.125 0 1 2 0 2 220 2 0
1 21.17 0.87 1 8 8 0.25 0 0 0 0 2 280 205 0
1 32.33 7.5 2 10 5 1.585 1 0 0 1 1 420 1 0
1 22 7.83 1 3 5 0.165 0 0 0 1 2 184 1 0
1 19.17 9.5 2 9 4 1.5 1 0 0 0 2 120 2207 1
0 56.83 4.25 1 1 1 5 0 0 0 1 2 0 5 0
0 71.58 0 2 8 4 0 0 0 0 0 3 184 1 1
1 23.92 0.58 1 13 8 0.125 0 0 0 0 2 240 2 0
1 32.33 3.5 2 4 4 0.5 0 0 0 1 2 232 1 0
1 25.42 0.54 2 9 4 0.165 0 1 1 0 2 272 445 0
1 23.75 12 2 8 4 2.085 0 0 0 0 1 80 1 0
0 38.75 1.5 2 1 1 0 0 0 0 0 2 76 1 0
0 28.42 3.5 2 9 4 0.835 1 0 0 0 1 280 1 1
1 17.07 0.08 1 8 4 0.04 0 0 0 0 2 140 723 0
1 25 12 2 4 4 2.25 1 1 2 1 2 120 6 0
1 23.5 3.16 1 4 4 0.415 0 1 1 1 2 280 81 0
0 33.17 2.25 1 13 4 3.5 0 0 0 1 2 200 142 0
1 23.92 0.58 1 13 8 0.125 0 0 0 0 2 240 2 0
1 23.25 1 2 8 4 0.835 1 0 0 0 1 300 1 1
1 22.58 10.03 2 14 4 0.04 1 1 9 0 2 60 397 1
0 49.83 13.58 2 4 8 8.5 1 0 0 1 2 0 1 1
0 17.57 9 2 6 4 1.375 1 0 0 1 2 0 1 1
1 23 0.75 2 7 4 0.5 1 0 0 1 1 320 1 0
1 31.67 16.16 2 2 4 3 1 1 9 0 2 250 731 1
1 32.75 2.33 2 2 8 5.75 0 0 0 1 2 292 1 0
1 22.17 0.58 1 1 1 0 0 0 0 0 2 100 1 0
1 31 2.08 2 8 4 0.085 0 0 0 0 2 300 1 0
1 17.07 3.29 2 3 4 0.335 0 0 0 1 2 140 3 0
1 56.42 28 1 8 4 28.5 1 1 40 0 2 0 16 1
1 54.33 6.75 2 8 8 2.625 1 1 11 1 2 0 285 1
0 45.83 10.5 2 11 4 5 1 1 7 1 2 0 1 1
1 57.42 8.5 2 10 8 7 1 1 3 0 2 0 1 1
1 26.67 2.71 1 13 4 5.25 1 1 1 0 2 211 1 1
0 20.67 1.83 2 11 4 2.085 1 1 5 0 2 220 2504 1
1 43.08 0.37 1 8 4 0.375 1 1 8 1 2 300 163 1
1 24.17 0.87 2 11 4 4.625 1 1 2 1 2 520 2001 1
1 26.17 0.83 2 13 4 1.165 0 0 0 0 2 100 1 0
0 21.75 1.75 1 5 3 0 0 0 0 0 2 160 1 0
1 36.17 18.12 2 9 4 0.085 0 0 0 0 2 320 3553 0
1 36.67 3.25 2 11 8 9 1 0 0 1 2 102 640 1
1 24.58 13.5 1 1 1 0 0 0 0 0 2 184 1 0
1 22.67 2.54 1 8 8 2.585 1 0 0 0 2 0 1 1
0 33.75 0.75 2 4 5 1 1 1 3 1 2 212 1 0
0 26.5 2.71 1 8 4 0.085 0 0 0 0 1 80 1 0
1 34.17 2.75 2 3 5 2.5 0 0 0 1 2 232 201 0
1 27.25 1.58 2 13 8 1.835 1 1 12 1 2 583 714 1
0 47.42 8 2 10 5 6.5 1 1 6 0 2 375 51101 1
1 30.17 6.5 2 13 4 3.125 1 1 8 0 2 330 1201 1
1 34.75 15 2 12 7 5.375 1 1 9 1 2 0 135 1
0 20.07 0.12 2 11 4 1 0 1 1 0 2 240 769 1
0 44.33 0 2 8 4 2.5 1 0 0 0 2 0 1 1
0 29.5 1.08 1 14 4 1 0 0 0 0 2 280 14 0
0 28.5 3.04 1 14 8 2.54 1 1 1 0 2 70 1 1
1 48.08 6.04 2 4 4 0.04 0 0 0 0 2 0 2691 1
1 39.25 9.5 2 7 4 6.5 1 1 14 0 2 240 4608 1
1 34 5.5 1 8 4 1.5 0 0 0 1 2 60 1 0
1 34.83 2.5 1 9 4 3 0 0 0 0 1 200 1 0
1 19.17 9.5 2 9 4 1.5 1 0 0 0 2 120 2207 1
1 31.42 15.5 2 8 4 0.5 1 0 0 0 2 120 1 0
1 34.17 9.17 2 8 4 4.5 1 1 12 1 2 0 222 1
0 31.57 3.5 2 2 4 3 1 0 0 1 2 300 1 0
1 29.25 13 2 2 8 0.5 0 0 0 0 2 228 1 0
1 23.17 0 2 8 4 0 0 0 0 0 3 184 1 1
1 18.82 3.54 1 1 1 0 0 0 0 1 2 180 2 0
0 25.42 1.12 2 11 4 1.29 1 1 2 0 2 200 1 0
0 32.25 1.5 2 8 4 0.25 0 0 0 1 2 372 123 0
0 40.83 10 2 11 8 1.75 1 0 0 0 2 29 838 1
0 42.25 1.75 1 8 4 0 0 0 0 1 2 150 2 0

