1 28 3 2 9 4 0.75 0 0 0 1 2 300 68 0
1 19.42 7.25 2 7 4 0.04 0 1 1 0 2 100 2 0
1 34.5 4.04 1 3 5 8.5 1 1 7 1 2 195 1 1
1 32.42 3 2 2 4 0.165 0 0 0 1 2 120 1 0
1 28.25 0.87 2 7 4 0.96 1 1 3 1 2 396 1 1
0 45 4.58 2 4 8 1 0 0 0 1 1 240 1 0
0 33.75 0.75 2 4 5 1 1 1 3 1 2 212 1 0
1 51.83 2.04 1 1 1 1.5 0 0 0 0 2 120 2 0
1 19.17 0 1 7 5 0 0 0 0 1 1 500 2 1
1 27.58 2.04 1 6 4 2 1 1 3 1 2 370 561 1
1 33.67 1.25 2 9 4 1.165 0 0 0 0 2 120 1 0
1 40.58 1.5 2 3 5 0 0 0 0 0 1 300 1 0
0 36.75 4.71 2 1 1 0 0 0 0 0 2 160 1 0
0 23.25 5.87 2 11 4 3.17 1 1 10 0 2 120 246 1
1 26.75 2 2 2 4 0.75 0 0 0 1 2 80 1 0
1 18.82 0.41 1 8 4 0.165 0 1 1 0 2 200 2 0
0 20.75 9.53 2 3 4 0.04 0 0 0 0 2 200 1001 0
0 17.32 9.5 2 6 4 1.75 0 1 10 1 2 0 11 0
0 26.5 2.71 1 8 4 0.085 0 0 0 0 1 80 1 0
1 27.75 0.58 1 13 4 0.25 1 1 2 0 2 260 501 1
1 24.58 1.25 2 8 4 0.25 0 0 0 0 2 110 1 0
1 39.92 0.54 1 6 4 0.5 1 1 3 0 2 200 1001 1
1 48.75 8.5 2 8 8 12.5 1 1 9 0 2 181 1656 1
1 26.92 2.25 2 3 5 0.5 0 0 0 1 2 640 4001 0
1 27.83 1.54 2 9 4 3.75 1 1 5 1 2 100 4 1
0 49.83 13.58 2 4 8 8.5 1 0 0 1 2 0 1 1
1 18.07 6.75 1 7 4 0.04 0 0 0 0 2 140 1 0
0 28.42 3.5 2 9 4 0.835 1 0 0 0 1 280 1 1
0 36.75 4.71 2 1 1 0 0 0 0 0 2 160 1 0
1 42.83 1.25 2 7 4 13.875 0 1 1 1 2 352 113 0
1 34.5 4.04 1 3 5 8.5 1 1 7 1 2 195 1 1
1 40.92 0.83 2 1 1 0 1 0 0 0 2 130 2 0
1 33.75 2.75 2 3 5 0 0 0 0 0 2 180 1 0
1 20.42 0 2 8 4 0 0 0 0 0 3 184 1 0
0 21.67 11.5 1 5 3 0 1 1 11 1 2 0 1 1
1 51.83 3 1 1 1 1.5 0 0 0 0 2 180 5 0
1 64.08 20 2 14 8 17.5 1 1 9 1 2 0 1001 1
1 32.83 2.5 2 13 8 2.75 1 1 6 0 2 160 2073 1
1 21.92 0.5 2 8 4 0.125 0 0 0 0 2 360 1 0
1 27.58 2.04 1 6 4 2 1 1 3 1 2 370 561 1
0 38.75 1.5 2 1 1 0 0 0 0 0 2 76 1 0
1 42.83 1.25 2 7 4 13.875 0 1 1 1 2 352 113 0
1 24.58 12.5 2 9 4 0.875 1 0 0 1 2 260 1 0
0 28.5 3.04 1 14 8 2.54 1 1 1 0 2 70 1 1
0 24.83 4.5 2 9 4 1 0 0 0 1 2 360 7 0
1 30.17 0.5 2 8 4 1.75 1 1 11 0 2 32 541 1
1 56.75 12.25 2 7 4 1.25 1 1 4 1 2 200 1 1
0 25.58 0 2 8 4 0 0 0 0 0 3 184 1 1
1 35.75 2.41 2 9 4 0.125 0 1 2 0 2 220 2 0
0 16.32 0.21 2 6 4 0.125 0 0 0 0 2 200 2 0
0 52.5 7 2 6 8 3 0 0 0 0 2 0 1 0
1 24.5 13.33 1 6 4 0.04 0 0 0 1 2 120 476 0
1 16.17 0.04 2 8 4 0.04 0 0 0 0 2 0 1 1
0 34.83 1.25 1 3 8 0.5 0 0 0 1 2 160 1 0
1 31.57 0.37 2 2 4 0.875 1 0 0 1 1 928 1 0
1 17.07 0.08 1 8 4 0.04 0 0 0 0 2 140 723 0
1 22 0.79 2 9 4 0.29 0 1 1 0 2 420 284 0
1 55.92 11.5 2 1 1 5 1 1 5 0 2 0 8852 1
0 18.82 9.5 2 9 4 1.625 1 1 6 1 2 40 601 1
1 39.33 5.87 2 13 8 10 1 1 14 1 2 399 1 1
1 44 2 2 7 4 1.75 1 1 2 1 2 0 16 1
0 46.67 0.46 2 13 8 0.415 1 1 11 1 2 440 7 1
1 37.75 7 2 11 8 11.5 1 1 7 1 2 300 6 0
1 18.07 6.75 1 7 4 0.04 0 0 0 0 2 140 1 0
1 20.67 0.41 2 8 4 0.125 0 0 0 0 2 0 45 0
0 38.58 5 2 13 4 13.5 1 0 0 1 2 980 1 0
0 18.82 9.53 2 6 4 0.085 1 0 0 0 2 100 1 1
1 22.67 2.54 1 8 8 2.585 1 0 0 0 2 0 1 1
1 31.57 4 1 3 4 0.085 0 0 0 1 2 411 1 0
1 32.33 3.5 2 4 4 0.5 0 0 0 1 2 232 1 0
1 25.5 0.37 2 7 4 0.25 1 1 3 0 2 260 15109 1
1 28.58 3.62 2 6 4 0.25 0 0 0 1 2 100 1 0
0 30.25 5.5 2 4 4 5.5 0 0 0 1 1 100 1 0
1 36.5 4.25 2 11 4 3.5 0 0 0 0 2 454 51 0
0 22.25 1.25 1 1 1 3.25 0 0 0 0 2 280 1 0
1 29.25 13 2 2 8 0.5 0 0 0 0 2 228 1 0
0 33.25 3 1 6 4 2 0 0 0 0 2 180 1 0
1 37.58 0 2 8 4 0 0 0 0 0 3 184 1 1
1 27.83 1.5 2 9 4 2.25 0 1 1 1 2 100 4 0
0 28.42 3.5 2 9 4 0.835 1 0 0 0 1 280 1 1
0 18.75 7.5 2 11 4 2.71 1 1 5 0 2 184 26727 1
1 34.17 1.54 2 13 4 1.54 1 1 1 1 2 520 50001 1
1 37.33 6.5 2 7 8 4.25 1 1 12 1 2 93 1 1
1 36.17 0.42 1 9 4 0.29 0 0 0 1 2 309 3 0
1 19.32 10.91 2 8 5 0.585 0 1 2 1 2 200 8 0
1 16.25 0.83 2 7 4 0.085 1 0 0 0 1 200 1 0
0 17.82 11 2 14 8 1 1 1 11 0 2 0 3001 1
1 31.92 4.46 2 13 8 6.04 1 1 3 0 2 311 301 1
1 21.17 0.87 1 8 8 0.25 0 0 0 0 2 280 205 0
0 25 12.33 2 13 8 3.5 1 1 6 0 2 400 459 1
1 28 2 2 4 8 4.165 1 1 2 1 2 181 1 1
1 31.33 19.5 2 8 4 7 1 1 16 0 2 0 5001 1
1 42 0.2 2 3 8 5.125 1 0 0 0 2 400 1 1
1 26.83 0.54 2 4 1 0 0 0 0 0 2 100 1 0
1 25.67 2.21 1 6 4 4 1 0 0 0 2 188 1 0
1 43.17 5 2 3 5 2.25 0 0 0 1 2 141 1 0
0 19.5 0.16 2 11 4 0.04 0 0 0 1 2 380 1 0
1 25.17 3 2 8 4 1.25 0 1 1 0 2 0 23 0
0 28.67 1.04 2 8 4 2.5 1 1 5 1 2 300 1431 1
1 27.75 0.58 1 13 4 0.25 1 1 2 0 2 260 501 1
1 34 5.08 1 3 5 1.085 0 0 0 1 2 480 1 0
0 32 6 2 2 4 1.25 0 0 0 0 2 272 1 0
1 26 1 2 11 4 1.75 1 0 0 1 2 280 1 1
1 44.25 0.5 2 7 4 10.75 1 0 0 0 1 400 1 0
1 30.58 2.71 1 7 4 0.125 0 0 0 1 1 80 1 0
0 38.25 6 2 4 4 1 1 0 0 1 2 0 1 1
1 44.25 11 1 2 4 1.5 1 0 0 0 1 0 1 0
1 26.67 4.25 2 13 4 4.29 1 1 1 1 2 120 1 1
1 20.67 5.29 2 11 4 0.375 1 1 1 0 2 160 1 0
1 23.08 0 2 4 4 1 0 1 11 0 1 0 1 0
0 25.33 2.08 2 8 8 2.75 1 0 0 1 2 360 2 0
1 39.33 5.87 2 13 8 10 1 1 14 1 2 399 1 1
0 31.57 11.25 2 1 1 0 0 0 0 0 2 184 5201 0
1 31.57 4 2 14 4 5 1 1 3 1 2 290 2280 1
1 34.08 6.5 2 6 4 0.125 1 0 0 1 2 443 1 0
0 33.08 4.62 2 11 8 1.625 1 1 2 0 2 0 1 1
0 25.08 2.54 1 6 4 0.25 1 0 0 1 2 370 1 1
1 31.67 16.16 2 2 4 3 1 1 9 0 2 250 731 1
1 26.75 4.5 1 8 5 2.5 0 0 0 0 2 200 1211 0
0 32.33 0.54 2 13 4 0.04 1 0 0 0 2 440 11178 1
0 18.25 10 2 9 4 1 0 1 1 0 2 120 2 0
1 31.58 0.75 1 6 4 3.5 0 0 0 1 2 320 1 0
1 32.08 4 2 7 4 2.5 1 0 0 1 2 360 1 1
1 21.5 9.75 2 8 4 0.25 1 0 0 0 2 140 1 0
1 28.67 14.5 2 2 4 0.125 0 0 0 0 2 0 287 0
1 32.75 1.5 2 13 8 5.5 1 1 3 1 2 0 1 1
1 40.92 0.83 2 1 1 0 1 0 0 0 2 130 2 0
1 36.25 5 2 8 5 2.5 1 1 6 0 2 0 368 1
1 35.25 16.5 1 8 4 4 1 0 0 0 2 80 1 0
0 16.07 0.33 2 1 1 0 0 1 1 0 2 160 127 0
1 36.25 5 2 8 5 2.5 1 1 6 0 2 0 368 1
0 23.58 0.83 2 11 4 0.415 0 1 1 1 2 200 12 0
0 28.5 1 2 11 4 1 1 1 2 1 2 167 501 0
0 28.17 0.58 2 6 4 0.04 0 0 0 0 2 260 1005 0
1 23.25 1 2 8 4 0.835 1 0 0 0 1 300 1 1
1 19.32 10.91 2 8 5 0.585 0 1 2 1 2 200 8 0
1 65.42 11 2 10 9 20 1 1 7 1 2 22 1 1
1 42.83 1.25 2 7 4 13.875 0 1 1 1 2 352 113 0
1 26.33 13 2 10 2 0 0 0 0 1 2 140 1111 0
0 22.5 8.5 2 11 4 1.75 1 1 10 0 2 80 991 0
0 22.67 0.79 2 3 4 0.085 0 0 0 0 2 144 1 0
1 21.25 1.5 2 9 4 1.5 0 0 0 0 2 150 9 1
1 42.83 1.25 2 7 4 13.875 0 1 1 1 2 352 113 0
0 58.33 10 2 11 4 4 1 1 14 0 2 0 1603 1
1 17.07 0.08 1 8 4 0.04 0 0 0 0 2 140 723 0
1 30.58 2.71 1 7 4 0.125 0 0 0 1 1 80 1 0
1 19 0 1 1 1 0 0 1 4 0 2 45 2 0
0 33.67 0.37 2 13 4 0.375 0 0 0 0 2 300 45 1
1 27.58 2.04 1 6 4 2 1 1 3 1 2 370 561 1
0 25 11 1 6 4 4.5 1 0 0 0 2 120 1 0
1 60.08 14.5 2 1 1 18 1 1 15 1 2 0 1001 1
1 34 5.5 1 8 4 1.5 0 0 0 1 2 60 1 0
1 37.5 1.75 1 8 5 0.25 1 0 0 1 2 164 401 0
1 52.5 6.5 2 4 4 6.29 1 1 15 0 2 0 11203 1
0 33.25 3 1 6 4 2 0 0 0 0 2 180 1 0
0 37.75 5.5 2 11 4 0.125 1 0 0 1 2 228 1 1
1 32.08 4 1 13 4 1.5 0 0 0 1 2 120 1 0
1 39.92 5 2 3 5 0.21 0 0 0 0 2 550 1 0
1 48.17 3.5 2 6 4 3.5 1 0 0 0 1 230 1 1
1 23.25 12.62 2 8 4 0.125 0 1 2 0 2 0 5553 0
1 41.5 1.54 2 3 5 3.5 0 0 0 0 2 216 1 1
0 35.42 12 2 11 8 14 1 1 8 0 2 0 6591 1
1 56 12.5 2 4 8 8 1 0 0 1 2 24 2029 1
1 62.75 7 2 10 9 0 0 0 0 0 2 0 13 0
1 21 3 1 2 4 1.085 1 1 8 1 2 160 2 1
1 28.33 5 2 9 4 11 1 0 0 1 2 70 1 1
0 15.75 0.37 2 8 4 1 0 0 0 0 2 120 19 0
1 21.83 0.25 2 2 8 0.665 1 0 0 1 2 0 1 1
1 31.42 15.5 2 8 4 0.5 1 0 0 0 2 120 1 0
0 39.08 4 2 8 4 3 0 0 0 0 2 480 1 0
1 33.17 3.16 1 14 4 3.165 1 1 3 1 2 380 1 1
0 24.5 12.75 2 8 5 4.75 1 1 2 0 2 73 445 1
1 27.25 1.58 2 13 8 1.835 1 1 12 1 2 583 714 1
1 54.83 15.5 2 10 9 0 1 1 20 0 2 152 131 0
1 31.67 0.83 2 14 4 1.335 1 1 8 1 2 303 3291 1
1 28.75 1.16 2 4 4 0.5 1 0 0 0 1 280 1 0
1 36.17 5.5 2 3 5 5 0 0 0 0 2 210 688 0
1 52.5 6.5 2 4 4 6.29 1 1 15 0 2 0 11203 1
1 31.57 4 1 3 4 0.085 0 0 0 1 2 411 1 0
1 28.25 5.04 1 8 5 1.5 1 1 8 1 2 144 8 1
0 18.07 0.37 3 13 1 10 0 0 0 1 1 300 1 1
1 34.42 4.25 2 3 5 3.25 1 1 2 0 2 274 611 1
0 30.25 5.5 2 4 4 5.5 0 0 0 1 1 100 1 0
1 20.42 7 2 8 4 1.625 1 1 3 0 2 200 1392 1
1 22.08 2.33 2 4 4 0.75 0 0 0 0 2 180 1 0
0 56.83 4.25 1 1 1 5 0 0 0 1 2 0 5 0
0 24.5 12.75 2 8 5 4.75 1 1 2 0 2 73 445 1
1 19.5 0.28 2 4 4 0.29 0 0 0 0 2 280 365 0
1 25 12 2 4 4 2.25 1 1 2 1 2 120 6 0
1 31.08 1.5 1 9 4 0.04 0 0 0 0 1 160 1 0
0 24.5 2.41 1 8 4 0 0 0 0 0 2 120 1 0
1 35.25 3.16 2 14 8 3.75 1 0 0 1 2 680 1 0
0 28.5 1 2 11 4 1 1 1 2 1 2 167 501 0
1 28 3 2 9 4 0.75 0 0 0 1 2 300 68 0
1 21.92 0.5 2 8 4 0.125 0 0 0 0 2 360 1 0
1 36.67 2 2 3 4 0.25 0 0 0 1 2 221 1 0
1 30.75 1.58 2 2 4 0.585 0 0 0 1 1 0 1 0
1 39.92 0.54 1 6 4 0.5 1 1 3 0 2 200 1001 1
1 20.67 0.41 2 8 4 0.125 0 0 0 0 2 0 45 0
0 16.07 0.33 2 1 1 0 0 1 1 0 2 160 127 0
0 20.5 11.83 2 8 8 6 1 0 0 0 2 340 1 1
0 33.75 0.75 2 4 5 1 1 1 3 1 2 212 1 0
1 22 0.79 2 9 4 0.29 0 1 1 0 2 420 284 0
1 23.17 11.12 2 14 8 0.46 1 1 1 0 2 100 1 1
1 34.75 2.5 2 13 5 0.5 0 0 0 0 2 348 1 0
1 23.17 0 2 8 4 0 0 0 0 0 3 184 1 1
1 21 4.79 1 9 4 2.25 1 1 1 1 2 80 301 1
1 36.17 5.5 2 3 5 5 0 0 0 0 2 210 688 0
1 36.08 2.54 2 1 1 0 0 0 0 0 2 0 1001 0
0 30.42 1.37 2 9 8 0.04 0 1 3 0 2 0 34 0
1 23.17 0 2 8 4 0 0 0 0 0 3 184 1 1
1 31.57 5 1 6 4 8.5 1 0 0 0 2 0 1 0
1 25.67 0.28 1 8 4 1.5 0 0 0 1 2 160 1 0
1 41 0.04 2 10 4 0.04 0 1 1 0 1 560 1 1
0 47 13 2 3 5 5.165 1 1 9 1 2 0 1 1
1 17.07 0.08 1 8 4 0.04 0 0 0 0 2 140 723 0
1 27.75 0.58 1 13 4 0.25 1 1 2 0 2 260 501 1
1 29.42 1.25 2 8 8 0.25 0 1 2 1 2 400 109 0
1 25.17 3 2 8 4 1.25 0 1 1 0 2 0 23 0
1 24.83 2.75 2 8 4 2.25 1 1 6 0 2 184 601 1

