0 19.5 0.16 2 11 4 0.04 0 0 0 1 2 380 1 0
1 29.25 14.79 2 6 4 5.04 1 1 5 1 2 168 1 1
1 33.58 0.25 2 3 5 4 0 0 0 1 1 420 1 0
1 52.5 6.5 2 4 4 6.29 1 1 15 0 2 0 11203 1
1 26.67 2.71 1 13 4 5.25 1 1 1 0 2 211 1 1
1 22.17 2.25 2 3 4 0.125 0 0 0 0 2 160 11 0
0 30.42 1.37 2 9 8 0.04 0 1 3 0 2 0 34 0
0 28.75 3.75 2 8 4 1.085 1 1 1 1 2 371 1 1
0 25 12.33 2 13 8 3.5 1 1 6 0 2 400 459 1
0 32.25 1.5 2 8 4 0.25 0 0 0 1 2 372 123 0
1 43.25 3 2 11 8 6 1 1 11 0 2 80 1 1
0 23.58 0.58 1 1 1 0.125 0 0 0 0 2 120 88 0
1 51.58 15 2 8 4 8.5 1 1 9 0 2 0 1 1
1 40.58 1.5 2 3 5 0 0 0 0 0 1 300 1 0
1 24.58 13.5 1 1 1 0 0 0 0 0 2 184 1 0
0 22.42 5.66 2 11 4 2.585 1 1 7 0 2 129 3258 1
1 32.25 14 1 1 1 0 0 1 2 0 2 160 2 0
0 25.17 2.87 2 14 8 0.875 1 0 0 0 2 360 1 1
1 40.92 0.83 2 1 1 0 1 0 0 0 2 130 2 0
0 52.83 15 2 8 4 5.5 1 1 14 0 2 0 2201 1
0 24.5 12.75 2 8 5 4.75 1 1 2 0 2 73 445 1
1 31.57 10.5 2 14 4 6.5 1 0 0 0 2 0 1 1
1 36.33 3.79 2 9 4 1.165 1 0 0 1 2 200 1 0
1 26.17 12.5 1 4 8 1.25 0 0 0 1 2 0 18 0
0 58.67 4.46 2 11 8 3.04 1 1 6 0 2 43 561 1
1 27.58 2.04 1 6 4 2 1 1 3 1 2 370 561 1
1 22.92 0.17 2 7 4 0.085 0 0 0 0 1 0 1 0
1 20 7 2 8 4 0.5 0 0 0 0 2 0 1 0
1 20.67 0.83 1 8 4 2 0 0 0 1 1 240 1 0
0 19.5 0.16 2 11 4 0.04 0 0 0 1 2 380 1 0
1 31.08 3.08 2 8 4 2.5 0 1 2 1 2 160 42 0
1 34.83 2.5 1 9 4 3 0 0 0 0 1 200 1 0
0 47.42 3 2 14 4 13.875 1 1 2 1 2 519 1705 1
0 29.5 1.08 1 14 4 1 0 0 0 0 2 280 14 0
1 36.5 4.25 2 11 4 3.5 0 0 0 0 2 454 51 0
1 29.67 1.41 2 9 8 0.75 1 1 1 0 2 240 101 1
1 22.17 0.58 1 1 1 0 0 0 0 0 2 100 1 0
0 22.67 3.8 2 8 4 0.165 0 0 0 0 2 160 1 0
0 26.5 2.71 1 8 4 0.085 0 0 0 0 1 80 1 0
0 22.67 3.8 2 8 4 0.165 0 0 0 0 2 160 1 0
1 23.25 1 2 8 4 0.835 1 0 0 0 1 300 1 1
0 52.17 0 1 1 1 0 0 0 0 0 2 0 1 0
1 31.57 0.37 2 2 4 0.875 1 0 0 1 1 928 1 0
1 31.57 4 2 14 4 5 1 1 3 1 2 290 2280 1
1 19 1.75 1 8 4 2.335 0 0 0 1 2 112 7 0
0 23.25 5.87 2 11 4 3.17 1 1 10 0 2 120 246 1
1 21.83 11 2 14 4 0.29 1 1 6 0 2 121 1 1
1 31.57 4 1 3 4 0.085 0 0 0 1 2 411 1 0
1 37.42 2.04 2 9 4 0.04 1 0 0 1 2 400 5801 1
1 37.58 0 2 8 4 0 0 0 0 0 3 184 1 1
0 22.92 1.25 2 11 4 0.25 0 0 0 1 2 120 810 0
1 20.67 0.83 1 8 4 2 0 0 0 1 1 240 1 0
1 32.42 3 2 2 4 0.165 0 0 0 1 2 120 1 0
1 34.42 4.25 2 3 5 3.25 1 1 2 0 2 274 611 1
1 39 5 2 13 4 3.5 1 1 10 1 2 0 1 1
1 27.42 12.5 2 6 5 0.25 0 0 0 1 2 720 1 0
0 65.17 14 2 1 1 0 1 1 11 1 2 0 1401 1
1 55.92 11.5 2 1 1 5 1 1 5 0 2 0 8852 1
0 17.92 0.54 2 8 4 1.75 0 1 1 1 2 80 6 0
1 25.42 0.54 2 9 4 0.165 0 1 1 0 2 272 445 0
1 32 1.75 1 10 8 0.04 1 0 0 1 2 393 1 1
1 24.58 13.5 1 1 1 0 0 0 0 0 2 184 1 0
0 52.17 0 1 1 1 0 0 0 0 0 2 0 1 0
0 18.07 0.37 3 13 1 10 0 0 0 1 1 300 1 1
1 22.67 1.58 1 9 4 3.085 1 1 6 0 2 80 1 1
1 48.75 26.33 1 1 1 0 1 0 0 1 2 0 1 0
1 63.33 0.54 2 8 4 0.585 1 1 3 1 2 180 1 0
1 39.25 9.5 2 7 4 6.5 1 1 14 0 2 240 4608 1
1 22.58 10.03 2 14 4 0.04 1 1 9 0 2 60 397 1
1 18.82 3.54 1 1 1 0 0 0 0 1 2 180 2 0
1 23.92 0.66 2 8 4 0.165 0 0 0 0 2 100 1 1
1 20.67 1.25 1 8 8 1.375 1 1 3 1 2 140 211 0
1 51.83 3 1 1 1 1.5 0 0 0 0 2 180 5 0
1 29.92 1.83 2 8 8 4.335 1 0 0 0 2 260 201 1
0 24.75 3 2 11 8 1.835 1 1 19 0 2 0 501 1
0 24.08 0.5 2 11 8 1.25 1 1 1 0 2 0 679 1
0 56.83 4.25 1 1 1 5 0 0 0 1 2 0 5 0
1 62.75 7 2 10 9 0 0 0 0 0 2 0 13 0
1 17.07 3.29 2 3 4 0.335 0 0 0 1 2 140 3 0
1 41.42 5 2 11 8 5 1 1 6 1 2 470 1 1
1 26.67 4.25 2 13 4 4.29 1 1 1 1 2 120 1 1
0 25.25 13.5 1 1 1 2 0 1 1 1 2 200 2 0
1 19 0 1 1 1 0 0 1 4 0 2 45 2 0
1 40.92 0.83 2 1 1 0 1 0 0 0 2 130 2 0
1 19.17 4 1 3 4 1 0 0 0 1 2 360 1001 0
1 54.42 0.5 1 4 8 3.96 1 0 0 0 2 180 315 1
1 20.42 0 2 8 4 0 0 0 0 0 3 184 1 0
1 39.83 0.5 2 7 4 0.25 1 0 0 0 1 288 1 0
1 26.75 2 2 2 4 0.75 0 0 0 1 2 80 1 0
1 34.83 4 2 2 5 12.5 1 0 0 1 2 184 1 0
1 32.75 1.5 2 13 8 5.5 1 1 3 1 2 0 1 1
1 22.67 2.54 1 8 8 2.585 1 0 0 0 2 0 1 1
1 48.08 6.04 2 4 4 0.04 0 0 0 0 2 0 2691 1
1 34.08 6.5 2 6 4 0.125 1 0 0 1 2 443 1 0
1 44 2 2 7 4 1.75 1 1 2 1 2 0 16 1
1 40.92 0.5 1 7 4 0.5 0 0 0 1 2 130 1 0
1 32.67 5.5 2 11 8 5.5 1 1 12 1 2 408 1001 1
1 31.25 1.12 2 1 1 0 0 1 1 0 2 96 20 0
1 30.83 0 2 9 4 1.25 1 1 1 0 2 202 1 1
1 36.5 4.25 2 11 4 3.5 0 0 0 0 2 454 51 0
1 38.92 1.75 2 4 4 0.5 0 0 0 1 2 300 3 0
1 44.33 0.5 2 3 8 5 1 0 0 1 2 320 1 1
1 25.67 12.5 2 13 4 1.21 1 1 67 1 2 140 259 1
1 30.58 2.71 1 7 4 0.125 0 0 0 1 1 80 1 0
1 20.67 0.83 1 8 4 2 0 0 0 1 1 240 1 0
0 50.08 12.54 2 6 4 2.29 1 1 3 1 2 156 1 1
1 20.67 0.83 1 8 4 2 0 0 0 1 1 240 1 0
0 25.58 0 2 8 4 0 0 0 0 0 3 184 1 1
1 24.83 2.75 2 8 4 2.25 1 1 6 0 2 184 601 1
0 69.5 6 2 1 1 0 0 0 0 0 1 0 1 0
0 18.42 9.25 2 11 4 1.21 1 1 4 0 2 60 541 1
1 37.33 6.5 2 7 8 4.25 1 1 12 1 2 93 1 1
1 23.25 1 2 8 4 0.835 1 0 0 0 1 300 1 1
1 25.75 0.75 2 8 5 0.25 1 0 0 0 2 349 24 1
1 17.42 6.5 2 3 4 0.125 0 0 0 0 2 60 101 0
1 62.75 7 2 10 9 0 0 0 0 0 2 0 13 0
0 33.67 0.37 2 13 4 0.375 0 0 0 0 2 300 45 1
1 20.67 5.29 2 11 4 0.375 1 1 1 0 2 160 1 0
1 51.83 3 1 1 1 1.5 0 0 0 0 2 180 5 0
1 41.17 4.04 2 13 8 7 1 1 8 0 2 320 1 1
1 36.67 2 2 3 4 0.25 0 0 0 1 2 221 1 0
1 24.58 12.5 2 9 4 0.875 1 0 0 1 2 260 1 0
1 32.08 4 1 13 4 1.5 0 0 0 1 2 120 1 0
1 33.17 3.04 1 8 8 2.04 1 1 1 1 2 180 18028 1
1 22.67 1.58 1 9 4 3.085 1 1 6 0 2 80 1 1
1 25.67 3.25 2 8 8 2.29 0 1 1 1 2 416 22 0
1 25.08 1.71 2 14 4 1.665 1 1 1 1 2 395 21 1
1 31.57 0.5 2 8 5 0.835 1 0 0 1 1 320 1 0
0 33.92 1.58 1 1 1 0 1 0 0 0 2 320 1 0
1 23.58 1.79 2 8 4 0.54 0 0 0 1 2 136 2 0
1.234 22.08 11.46 2 4 4 1.585 0 0 0 1 2 100 1213 0
0 36.58 0.28 2 1 1 0 0 1 10 0 2 200 19 0
1 22.58 10.03 2 14 4 0.04 1 1 9 0 2 60 397 1
0 36.58 0.28 2 1 1 0 0 1 10 0 2 200 19 0
1 21 4.79 1 9 4 2.25 1 1 1 1 2 80 301 1
1 21 4.79 1 9 4 2.25 1 1 1 1 2 80 301 1
0 28.58 3.54 2 3 5 0.5 1 0 0 1 2 171 1 0
1 23.42 1 2 8 4 0.5 0 0 0 1 1 280 1 0
1 20.07 0.25 2 11 4 0.125 0 0 0 0 2 200 1 0
0 19.17 5.41 2 3 8 0.29 0 0 0 0 2 80 485 0
1 19.32 10.91 2 8 5 0.585 0 1 2 1 2 200 8 0
1 29.25 14.79 2 6 4 5.04 1 1 5 1 2 168 1 1
1 24.08 9 2 6 4 0.25 0 0 0 1 2 0 1 0
0 28.5 3.04 1 14 8 2.54 1 1 1 0 2 70 1 1
1 20.17 9.25 2 8 4 1.665 1 1 3 1 2 40 29 1
1 19 0 1 1 1 0 0 1 4 0 2 45 2 0
1 34.08 6.5 2 6 4 0.125 1 0 0 1 2 443 1 0
0 28.17 0.58 2 6 4 0.04 0 0 0 0 2 260 1005 0
1 36.67 2 2 3 4 0.25 0 0 0 1 2 221 1 0
1 26.33 13 2 10 2 0 0 0 0 1 2 140 1111 0
1 27.83 1 1 2 8 3 0 0 0 0 2 176 538 0
1 21.92 0.5 2 8 4 0.125 0 0 0 0 2 360 1 0
0 47.75 8 2 8 4 7.875 1 1 6 1 2 0 1261 1
0 23 1.83 2 5 3 0 0 1 1 0 2 200 54 0
0 23.58 0.83 2 11 4 0.415 0 1 1 1 2 200 12 0
0 18.82 9.53 2 6 4 0.085 1 0 0 0 2 100 1 1
0 22.67 0.79 2 3 4 0.085 0 0 0 0 2 144 1 0
1 41 0.04 2 10 4 0.04 0 1 1 0 1 560 1 1
1 25.75 0.75 2 8 5 0.25 1 0 0 0 2 349 24 1
1 22.17 2.25 2 3 4 0.125 0 0 0 0 2 160 11 0
0 32.33 0.54 2 13 4 0.04 1 0 0 0 2 440 11178 1
1 21.33 10.5 2 8 4 3 1 0 0 1 2 0 1 1
1 35.25 16.5 1 8 4 4 1 0 0 0 2 80 1 0
1 22.92 0.17 2 7 4 0.085 0 0 0 0 1 0 1 0
1 18.5 2 2 3 4 1.5 1 1 2 0 2 120 301 1
1 80.25 5.5 2 8 4 0.54 1 0 0 0 2 0 341 0
0 40.33 7.54 1 11 8 8 1 1 14 0 2 0 2301 1
0 52.5 7 2 6 8 3 0 0 0 0 2 0 1 0
1 34.92 2.5 2 9 4 0 1 0 0 1 2 239 201 1
1 51.58 15 2 8 4 8.5 1 1 9 0 2 0 1 1
1 42.83 1.25 2 7 4 13.875 0 1 1 1 2 352 113 0
1 23.17 0 2 13 4 0.085 1 0 0 0 2 0 1 1
1 32.83 2.5 2 13 8 2.75 1 1 6 0 2 160 2073 1
0 36 1 2 8 4 2 1 1 11 0 2 0 457 1
0 40.33 7.54 1 11 8 8 1 1 14 0 2 0 2301 1
1 16.25 0.83 2 7 4 0.085 1 0 0 0 1 200 1 0
1 43.17 5 2 3 5 2.25 0 0 0 1 2 141 1 0
0 28.75 3.75 2 8 4 1.085 1 1 1 1 2 371 1 1
1 20.67 5.29 2 11 4 0.375 1 1 1 0 2 160 1 0
1 44.25 0.5 2 7 4 10.75 1 0 0 0 1 400 1 0
1 34.83 2.5 1 9 4 3 0 0 0 0 1 200 1 0
0 24.75 13.66 2 11 8 1.5 0 0 0 0 2 280 2 0
1 47.17 5.83 2 9 4 5.5 0 0 0 0 2 465 151 0
1 23.25 1 2 8 4 0.835 1 0 0 0 1 300 1 1
1 22 7.83 1 3 5 0.165 0 0 0 1 2 184 1 0
1 49.58 19 2 1 1 0 1 1 1 0 2 94 1 0
1 16.32 2.75 2 6 4 0.665 0 1 1 0 2 80 22 0
1 29.5 0.57 2 9 4 0.29 0 1 1 0 2 340 2804 0
0 38.75 1.5 2 1 1 0 0 0 0 0 2 76 1 0
1 31.33 19.5 2 8 4 7 1 1 16 0 2 0 5001 1
1 33.17 1.04 2 12 8 6.5 1 0 0 1 2 164 31286 1
0 16 0.16 2 6 4 1 0 1 2 1 2 320 2 0
1 40.25 21.5 2 10 9 20 1 1 11 0 2 0 1201 1
1 32.08 4 1 13 4 1.5 0 0 0 1 2 120 1 0
1 67.75 5.5 2 10 9 13 1 1 1 1 2 0 1 1
1 52.5 6.5 2 4 4 6.29 1 1 15 0 2 0 11203 1
1 48.75 26.33 1 1 1 0 1 0 0 1 2 0 1 0
1 26.17 0.83 2 13 4 1.165 0 0 0 0 2 100 1 0
0 18.25 10 2 9 4 1 0 1 1 0 2 120 2 0
0 37.75 5.5 2 11 4 0.125 1 0 0 1 2 228 1 1
0 22.25 1.25 1 1 1 3.25 0 0 0 0 2 280 1 0
0 16 0.16 2 6 4 1 0 1 2 1 2 320 2 0
1 33.58 2.75 2 7 4 4.25 1 1 6 0 2 204 1 1
1 29.83 3.5 2 8 4 0.165 0 0 0 0 2 216 1 0
1 43.25 3 2 11 8 6 1 1 11 0 2 80 1 1
1 21.17 0.25 1 8 8 0.25 0 0 0 0 2 280 205 0
1 16.32 2.75 2 6 4 0.665 0 1 1 0 2 80 22 0
0 36.58 0.28 2 1 1 0 0 1 10 0 2 200 19 0
0 22.67 3.8 2 8 4 0.165 0 0 0 0 2 160 1 0
1 27.83 1.5 2 9 4 2.25 0 1 1 1 2 100 4 0
0 20.07 0.12 2 11 4 1 0 1 1 0 2 240 769 1
0 33.75 0.75 2 4 5 1 1 1 3 1 2 212 1 0
1 25.58 0.33 2 4 8 3.5 0 0 0 1 2 340 1 0
1 36.42 0.75 1 2 4 0.585 0 0 0 0 2 240 4 0
0 20.75 10.25 2 11 4 0.71 1 1 2 1 2 49 1 1
1 27.67 0.75 2 11 8 0.165 0 0 0 1 2 220 252 0
1 25.67 12.5 2 13 4 1.21 1 1 67 1 2 140 259 1
1 21.5 9.75 2 8 4 0.25 1 0 0 0 2 140 1 0
0 16.32 0.21 2 6 4 0.125 0 0 0 0 2 200 2 0
1 36.42 0.75 1 2 4 0.585 0 0 0 0 2 240 4 0

