1 54.83 15.5 2 10 9 0 1 1 20 0 2 152 131 0
1 47.67 2.5 2 7 5 2.5 1 1 12 1 2 410 2511 1
1 27.83 1.5 2 9 4 2.25 0 1 1 1 2 100 4 0
0 23.58 0.58 1 1 1 0.125 0 0 0 0 2 120 88 0
0 27.58 3 2 7 4 2.79 0 1 1 1 2 280 11 0
1 20.5 2.41 2 8 4 2 1 1 11 1 2 200 3001 1
1 23.25 1.5 2 11 4 2.375 1 1 3 1 2 0 583 1
1 30.17 6.5 2 13 4 3.125 1 1 8 0 2 330 1201 1
0 15.83 7.62 2 11 4 0.125 0 1 1 1 2 0 161 0
1 21.83 11 2 14 4 0.29 1 1 6 0 2 121 1 1
0 22.92 11.58 2 13 4 0.04 1 0 0 0 2 80 1350 1
1 37.5 0.83 2 10 4 0.04 0 0 0 0 2 120 6 0
1 27.42 12.5 2 6 5 0.25 0 0 0 1 2 720 1 0
0 18.82 9.53 2 6 4 0.085 1 0 0 0 2 100 1 1
1 20 11.04 2 8 4 2 0 0 0 1 2 136 1 0
1 25 11.25 2 8 4 2.5 1 1 17 0 2 200 1209 1
1 40.58 5 2 8 4 5 1 1 7 0 2 0 3066 1
1 23.33 1.5 2 8 8 1.415 1 0 0 0 2 422 201 1
1 21.58 0.79 1 13 4 0.665 0 0 0 0 2 160 1 0
0 41.58 1.04 2 6 4 0.665 0 0 0 0 2 240 238 0
1 31.58 0.75 1 6 4 3.5 0 0 0 1 2 320 1 0
1 31.57 0.5 2 8 5 0.835 1 0 0 1 1 320 1 0
1 42 9.78 2 14 8 7.96 1 1 8 0 2 0 1 1
1 37.33 6.5 2 7 8 4.25 1 1 12 1 2 93 1 1
1 52.33 1.37 1 8 8 9.46 1 0 0 1 2 200 101 0
1 24.83 2.75 2 8 4 2.25 1 1 6 0 2 184 601 1
1 28.25 5.04 1 8 5 1.5 1 1 8 1 2 144 8 1
0 44.33 0 2 8 4 2.5 1 0 0 0 2 0 1 1
1 34.17 9.17 2 8 4 4.5 1 1 12 1 2 0 222 1
1 23.42 0.58 2 8 8 0.085 1 0 0 0 2 180 1 0
1 47.67 2.5 2 7 5 2.5 1 1 12 1 2 410 2511 1
0 52.83 15 2 8 4 5.5 1 1 14 0 2 0 2201 1
1 26.17 0.25 2 3 5 0 1 0 0 1 2 0 1 1
1 31.57 0.37 2 2 4 0.875 1 0 0 1 1 928 1 0
1 24.42 12.33 2 11 8 1.585 1 0 0 1 2 120 1 1
1 16.07 0.75 2 8 4 1.75 1 1 5 1 2 352 691 1
1 34.25 1.75 2 9 5 0.25 1 0 0 1 2 163 1 0
1 22.75 11.5 2 3 4 0.415 0 0 0 0 2 0 1 0
0 22.42 5.66 2 11 4 2.585 1 1 7 0 2 129 3258 1
1 34.75 2.5 2 13 5 0.5 0 0 0 0 2 348 1 0
0 23.58 0.83 2 11 4 0.415 0 1 1 1 2 200 12 0
0 52.17 0 1 1 1 0 0 0 0 0 2 0 1 0
1 16.32 2.75 2 6 4 0.665 0 1 1 0 2 80 22 0
1 32.33 7.5 2 10 5 1.585 1 0 0 1 1 420 1 0
0 47.42 3 2 14 4 13.875 1 1 2 1 2 519 1705 1
1 25 12.5 2 6 4 3 1 0 0 1 1 20 1 1
1 38.25 10.12 1 4 4 0.125 0 0 0 0 2 160 1 0
1 40.58 3.29 2 7 4 3.5 0 0 0 1 1 400 1 0
0 47.42 8 2 10 5 6.5 1 1 6 0 2 375 51101 1
1 28.75 1.5 1 8 4 1.5 1 0 0 1 2 0 226 0
1 31.67 16.16 2 2 4 3 1 1 9 0 2 250 731 1
0 40.83 10 2 11 8 1.75 1 0 0 0 2 29 838 1
1 43 0.28 1 13 8 1.75 1 1 8 0 2 100 376 1
1 24.58 1.25 2 8 4 0.25 0 0 0 0 2 110 1 0
1 32.25 14 1 1 1 0 0 1 2 0 2 160 2 0
0 16.07 0.33 2 1 1 0 0 1 1 0 2 160 127 0
0 20.67 3 2 11 4 0.165 1 1 3 0 2 100 7 1
1 26.17 0.83 2 13 4 1.165 0 0 0 0 2 100 1 0
1 26.33 13 2 10 2 0 0 0 0 1 2 140 1111 0
0 35.42 12 2 11 8 14 1 1 8 0 2 0 6591 1
1 26.75 2 2 2 4 0.75 0 0 0 1 2 80 1 0
0 31.75 3 1 5 3 0 0 0 0 0 2 160 21 0
0 20.67 3 2 11 4 0.165 1 1 3 0 2 100 7 1
1 19.57 0.58 2 1 1 0 0 1 3 0 2 350 770 0
0 38.75 1.5 2 1 1 0 0 0 0 0 2 76 1 0
1 42 0.2 2 3 8 5.125 1 0 0 0 2 400 1 1
0 25.75 0.5 2 8 8 0.875 1 0 0 1 2 491 1 1
1 25.92 0.87 2 4 4 0.375 0 1 2 1 2 174 4 0
0 36 1 2 8 4 2 1 1 11 0 2 0 457 1
0 29.5 1.08 1 14 4 1 0 0 0 0 2 280 14 0
1 17.07 3.29 2 3 4 0.335 0 0 0 1 2 140 3 0
1 40.58 3.29 2 7 4 3.5 0 0 0 1 1 400 1 0
0 18.82 4.41 1 8 8 3 1 0 0 0 2 240 1 1
0 22.42 11.25 1 14 8 0.75 1 1 4 0 2 0 322 1
0 23.58 0.58 1 1 1 0.125 0 0 0 0 2 120 88 0
1 25 12.5 2 6 4 3 1 0 0 1 1 20 1 1
0 36.75 4.71 2 1 1 0 0 0 0 0 2 160 1 0
1 23.58 0.46 1 9 4 2.625 1 1 6 1 2 208 348 0
1 16.07 0.75 2 8 4 1.75 1 1 5 1 2 352 691 1
1 31.57 4 2 14 4 5 1 1 3 1 2 290 2280 1
1 20.5 2.41 2 8 4 2 1 1 11 1 2 200 3001 1
1 54.33 6.75 2 8 8 2.625 1 1 11 1 2 0 285 1
1 29.25 14.79 2 6 4 5.04 1 1 5 1 2 168 1 1
0 31.57 11.25 2 1 1 0 0 0 0 0 2 184 5201 0
1 36.67 2 2 3 4 0.25 0 0 0 1 2 221 1 0
1 19.5 0.28 2 4 4 0.29 0 0 0 0 2 280 365 0
1 26.83 0.54 2 4 1 0 0 0 0 0 2 100 1 0
0 60.58 16.5 2 11 4 11 1 0 0 1 2 21 10562 1
0 52.17 0 1 1 1 0 0 0 0 0 2 0 1 0
0 21.08 5 1 1 1 0 0 0 0 0 2 0 1 0
0 22.58 10.75 2 11 4 0.415 1 1 5 1 2 0 561 1
0 25.17 2.87 2 14 8 0.875 1 0 0 0 2 360 1 1
1 29.58 4.75 2 7 4 2 0 1 1 1 2 460 69 0
1 29.83 2.04 1 14 8 0.04 0 0 0 0 2 128 2 0
1 52.5 6.5 2 4 4 6.29 1 1 15 0 2 0 11203 1
0 40.33 7.54 1 11 8 8 1 1 14 0 2 0 2301 1
0 57.58 2 2 1 1 6.5 0 1 1 0 2 0 11 0
1 20.42 7 2 8 4 1.625 1 1 3 0 2 200 1392 1
1 41.5 1.54 2 3 5 3.5 0 0 0 0 2 216 1 1
0 35.17 3.75 2 1 1 0 0 1 6 0 2 0 201 0
1 25.75 0.75 2 8 5 0.25 1 0 0 0 2 349 24 1
0 23.42 0.79 1 11 4 1.5 1 1 2 1 2 80 401 1
0 32 6 2 2 4 1.25 0 0 0 0 2 272 1 0
0 25 12.33 2 13 8 3.5 1 1 6 0 2 400 459 1
1 25.17 3 2 8 4 1.25 0 1 1 0 2 0 23 0
1 16 3.12 2 9 4 0.085 0 1 1 0 2 0 7 0
0 49 1.5 2 5 3 0 1 0 0 1 2 100 28 0
1 36.17 5.5 2 3 5 5 0 0 0 0 2 210 688 0
0 20.5 11.83 2 8 8 6 1 0 0 0 2 340 1 1
0 47.42 3 2 14 4 13.875 1 1 2 1 2 519 1705 1
0 33.25 3 1 6 4 2 0 0 0 0 2 180 1 0
0 64.08 0.16 2 1 1 0 1 1 1 0 2 232 101 1
1 23.92 0.58 1 13 8 0.125 0 0 0 0 2 240 2 0
0 16.5 1.25 2 11 4 0.25 0 1 1 0 2 108 99 0
1 22.92 0.17 2 7 4 0.085 0 0 0 0 1 0 1 0
0 25.25 13.5 1 1 1 2 0 1 1 1 2 200 2 0
0 33.67 0.37 2 13 4 0.375 0 0 0 0 2 300 45 1
0 20.07 1.25 2 8 4 0 0 0 0 0 2 0 1 0
1 32.08 4 2 7 4 2.5 1 0 0 1 2 360 1 1
1 23.25 4 2 8 5 0.25 1 0 0 1 2 160 1 1
1 39.33 5.87 2 13 8 10 1 1 14 1 2 399 1 1
1 39.25 9.5 2 7 4 6.5 1 1 14 0 2 240 4608 1
1 40.92 0.83 2 1 1 0 1 0 0 0 2 130 2 0
0 46 4 2 5 3 0 1 0 0 0 2 100 961 1
0 22.5 0.41 2 3 4 0.335 0 0 0 1 1 144 1 0
0 26.08 8.66 2 6 4 1.415 1 0 0 0 2 160 151 1
1 36.25 5 2 8 5 2.5 1 1 6 0 2 0 368 1
1 18.82 0 2 11 4 0.665 0 0 0 0 2 160 2 0
1 38.25 10.12 1 4 4 0.125 0 0 0 0 2 160 1 0
1 26.17 0.25 2 3 5 0 1 0 0 1 2 0 1 1
1 21.25 1.5 2 9 4 1.5 0 0 0 0 2 150 9 1
0 19.75 0.75 2 8 4 0.795 1 1 5 1 2 140 6 0
1 25.08 1.71 2 14 4 1.665 1 1 1 1 2 395 21 1
1 60.08 14.5 2 1 1 18 1 1 15 1 2 0 1001 1
1 21.17 0.25 1 8 8 0.25 0 0 0 0 2 280 205 0
1 31.57 3 1 3 5 7 0 0 0 0 2 0 2 0
1 38.42 0.7 2 8 4 0.375 0 1 2 0 2 225 501 0
1 25.67 2.21 1 6 4 4 1 0 0 0 2 188 1 0
1 25.67 12.5 2 13 4 1.21 1 1 67 1 2 140 259 1
1 33.58 0.33 1 13 4 0.085 0 0 0 0 2 180 1 0
0 64.08 0.16 2 1 1 0 1 1 1 0 2 232 101 1
0 41 2.04 1 11 8 0.125 1 1 23 1 2 455 1237 1
1 26.75 4.5 1 8 5 2.5 0 0 0 0 2 200 1211 0
1.234 22.08 11.46 2 4 4 1.585 0 0 0 1 2 100 1213 0
0 31.57 11.25 2 1 1 0 0 0 0 0 2 184 5201 0
1 34.83 4 2 2 5 12.5 1 0 0 1 2 184 1 0
1 27.58 3.25 1 11 8 5.085 0 1 2 1 2 369 2 0
1 40 6.5 2 6 5 3.5 1 1 1 0 2 0 501 1
1 29.58 4.75 2 7 4 2 0 1 1 1 2 460 69 0
1 25.67 12.5 2 13 4 1.21 1 1 67 1 2 140 259 1
0 16 0.16 2 6 4 1 0 1 2 1 2 320 2 0
1 34 5.5 1 8 4 1.5 0 0 0 1 2 60 1 0
0 41 2.04 1 11 8 0.125 1 1 23 1 2 455 1237 1
1 33.5 1.75 2 14 8 4.5 1 1 4 1 2 253 858 1
1 28.25 5.12 2 14 4 4.75 1 1 2 0 2 420 8 1
1 26.67 1.75 1 8 4 1 1 1 5 1 2 160 5778 1
1 34 5.08 1 3 5 1.085 0 0 0 1 2 480 1 0
1 16.25 0.83 2 7 4 0.085 1 0 0 0 1 200 1 0
0 21.75 11.75 2 8 4 0.25 0 0 0 1 2 180 1 0
0 22.42 11.25 1 14 8 0.75 1 1 4 0 2 0 322 1
1 48.75 26.33 1 1 1 0 1 0 0 1 2 0 1 0
1 73.42 17.75 2 1 1 0 1 0 0 1 2 0 1 1
1 25.08 1.71 2 14 4 1.665 1 1 1 1 2 395 21 1
0 22.92 1.25 2 11 4 0.25 0 0 0 1 2 120 810 0
1 20.67 0.83 1 8 4 2 0 0 0 1 1 240 1 0
1 18.67 5 2 11 4 0.375 1 1 2 0 2 0 39 0
0 25.17 2.87 2 14 8 0.875 1 0 0 0 2 360 1 1
1 48.08 6.04 2 4 4 0.04 0 0 0 0 2 0 2691 1
0 47 13 2 3 5 5.165 1 1 9 1 2 0 1 1
0 24.83 4.5 2 9 4 1 0 0 0 1 2 360 7 0
1 18.82 3.54 1 1 1 0 0 0 0 1 2 180 2 0
1 26.75 2 2 2 4 0.75 0 0 0 1 2 80 1 0
0 26.5 2.71 1 8 4 0.085 0 0 0 0 1 80 1 0
1 36.42 0.75 1 2 4 0.585 0 0 0 0 2 240 4 0
1 31.08 1.5 1 9 4 0.04 0 0 0 0 1 160 1 0
1.234 22.08 11.46 2 4 4 1.585 0 0 0 1 2 100 1213 0
1 19.17 0 1 7 5 0 0 0 0 1 1 500 2 1
1 31.33 19.5 2 8 4 7 1 1 16 0 2 0 5001 1
1 45 8.5 2 13 8 14 1 1 1 1 2 88 2001 1
1 19.5 9.58 2 6 4 0.79 0 0 0 0 2 80 351 0
1 23.25 1.5 2 11 4 2.375 1 1 3 1 2 0 583 1
1 41.17 4.04 2 13 8 7 1 1 8 0 2 320 1 1
1 58.58 2.71 2 8 4 2.415 0 0 0 1 2 320 1 0
0 30 5.29 2 10 2 2.25 1 1 5 1 2 99 501 1
1 41.92 0.42 2 8 8 0.21 1 1 6 0 2 220 949 1
0 26.17 2 2 5 3 0 0 0 0 1 2 276 2 0
1 32.92 2.5 2 6 4 1.75 0 1 2 1 2 720 1 0
0 26.17 2 2 5 3 0 0 0 0 1 2 276 2 0
0 24.5 1.75 1 8 4 0.165 0 0 0 0 2 132 1 0
1 24.17 0.87 2 11 4 4.625 1 1 2 1 2 520 2001 1
0 45.33 1 2 11 4 0.125 0 0 0 1 2 263 1 0
1 26.92 2.25 2 3 5 0.5 0 0 0 1 2 640 4001 0
1 20 7 2 8 4 0.5 0 0 0 0 2 0 1 0
1 23.58 1.79 2 8 4 0.54 0 0 0 1 2 136 2 0
1 23 0.62 1 6 4 0.125 1 0 0 0 2 180 2 0
1 22.67 1.58 1 9 4 3.085 1 1 6 0 2 80 1 1
1 32.25 14 1 1 1 0 0 1 2 0 2 160 2 0
0 18.07 0.37 3 13 1 10 0 0 0 1 1 300 1 1
1 18.5 2 2 3 4 1.5 1 1 2 0 2 120 301 1
1 26.67 1.75 1 8 4 1 1 1 5 1 2 160 5778 1
0 30.25 5.5 2 4 4 5.5 0 0 0 1 1 100 1 0
0 38.75 1.5 2 1 1 0 0 0 0 0 2 76 1 0
1 54.42 0.5 1 4 8 3.96 1 0 0 0 2 180 315 1
1 31.57 0.5 2 8 5 0.835 1 0 0 1 1 320 1 0
1 56 12.5 2 4 8 8 1 0 0 1 2 24 2029 1
1 28.25 0.87 2 7 4 0.96 1 1 3 1 2 396 1 1
1 23.25 1.5 2 11 4 2.375 1 1 3 1 2 0 583 1
1 19.17 4 1 3 4 1 0 0 0 1 2 360 1001 0
0 15.75 0.37 2 8 4 1 0 0 0 0 2 120 19 0
0 25 12.33 2 13 8 3.5 1 1 6 0 2 400 459 1
1 44.83 7 1 8 4 1.625 0 0 0 0 2 160 3 0
1 42 0.2 2 3 8 5.125 1 0 0 0 2 400 1 1
0 31.57 11.25 2 1 1 0 0 0 0 0 2 184 5201 0
1 35.25 16.5 1 8 4 4 1 0 0 0 2 80 1 0
0 18.82 4.41 1 8 8 3 1 0 0 0 2 240 1 1
0 23.58 11.5 1 4 8 3 0 0 0 1 2 20 17 0
1 18.82 0 2 11 4 0.665 0 0 0 0 2 160 2 0
1 39.5 1.62 2 8 4 1.5 0 0 0 0 2 0 317 0
0 58.33 10 2 11 4 4 1 1 14 0 2 0 1603 1
1 15.17 7 2 10 4 1 0 0 0 0 2 600 1 0

