0 71.58 0 2 8 4 0 0 0 0 0 3 184 1 1
1 24.42 12.33 2 11 8 1.585 1 0 0 1 2 120 1 1
1 25.5 0.37 2 7 4 0.25 1 1 3 0 2 260 15109 1
1 21 3 1 2 4 1.085 1 1 8 1 2 160 2 1
1 25.08 1.71 2 14 4 1.665 1 1 1 1 2 395 21 1
1 21.08 10.08 1 10 8 1.25 0 0 0 0 2 260 1 0
0 36.58 0.28 2 1 1 0 0 1 10 0 2 200 19 0
1 26.17 12.5 1 4 8 1.25 0 0 0 1 2 0 18 0
1 54.83 15.5 2 10 9 0 1 1 20 0 2 152 131 0
1 39.25 9.5 2 7 4 6.5 1 1 14 0 2 240 4608 1
1 47.17 5.83 2 9 4 5.5 0 0 0 0 2 465 151 0
0 28.5 3.04 1 14 8 2.54 1 1 1 0 2 70 1 1
0 38.75 1.5 2 1 1 0 0 0 0 0 2 76 1 0
0 18.57 10 2 2 4 0.415 0 0 0 0 2 80 43 0
1 31.92 4.46 2 13 8 6.04 1 1 3 0 2 311 301 1
1 29.5 0.57 2 9 4 0.29 0 1 1 0 2 340 2804 0
1 31.92 4.46 2 13 8 6.04 1 1 3 0 2 311 301 1
1 34.08 0.08 1 7 5 0.04 1 1 1 1 2 280 2001 1
0 50.25 0.83 2 6 4 0.5 0 0 0 1 2 240 118 0
1 22 0.79 2 9 4 0.29 0 1 1 0 2 420 284 0
1 31.57 0.62 2 4 4 0.25 0 0 0 0 2 380 2011 0
1 16.25 0 1 6 4 0.25 0 0 0 0 2 60 1 0
1 30.83 0 2 9 4 1.25 1 1 1 0 2 202 1 1
1 39.92 6.21 2 11 4 0.04 1 1 1 0 2 200 301 1
1 21.92 0.5 2 8 4 0.125 0 0 0 0 2 360 1 0
1 28.25 0.87 2 7 4 0.96 1 1 3 1 2 396 1 1
1 20.67 5.29 2 11 4 0.375 1 1 1 0 2 160 1 0
1 28.25 5.12 2 14 4 4.75 1 1 2 0 2 420 8 1
0 16.32 0.21 2 6 4 0.125 0 0 0 0 2 200 2 0
0 23.58 0.58 1 1 1 0.125 0 0 0 0 2 120 88 0
1 25.58 0.33 2 4 8 3.5 0 0 0 1 2 340 1 0
0 22.58 10.75 2 11 4 0.415 1 1 5 1 2 0 561 1
1 20 0 2 2 4 0.5 0 0 0 0 2 144 1 0
1 42 0.2 2 3 8 5.125 1 0 0 0 2 400 1 1
1 20.67 5.29 2 11 4 0.375 1 1 1 0 2 160 1 0
0 50.25 0.83 2 6 4 0.5 0 0 0 1 2 240 118 0
0 21.5 6 2 6 4 2.5 1 1 3 0 2 80 919 1
0 29.58 1.75 1 4 4 1.25 0 0 0 1 2 280 1 0
0 20.07 0.12 2 11 4 1 0 1 1 0 2 240 769 1
1 25.92 0.87 2 4 4 0.375 0 1 2 1 2 174 4 0
1 29.5 0.57 2 9 4 0.29 0 1 1 0 2 340 2804 0
1 26.33 13 2 10 2 0 0 0 0 1 2 140 1111 0
1 23.25 1.5 2 11 4 2.375 1 1 3 1 2 0 583 1
1 32 1.75 1 10 8 0.04 1 0 0 1 2 393 1 1
1 28.25 5.04 1 8 5 1.5 1 1 8 1 2 144 8 1
1 27.58 2.04 1 6 4 2 1 1 3 1 2 370 561 1
1 22.17 2.25 2 3 4 0.125 0 0 0 0 2 160 11 0
0 26.5 2.71 1 8 4 0.085 0 0 0 0 1 80 1 0
0 25.08 2.54 1 6 4 0.25 1 0 0 1 2 370 1 1
1 39.83 0.5 2 7 4 0.25 1 0 0 0 1 288 1 0
1 31.42 15.5 2 8 4 0.5 1 0 0 0 2 120 1 0
1 25.83 12.83 2 13 4 0.5 0 0 0 0 2 0 3 0
1 31.33 19.5 2 8 4 7 1 1 16 0 2 0 5001 1
0 22.58 10.75 2 11 4 0.415 1 1 5 1 2 0 561 1
1 34.5 4.04 1 3 5 8.5 1 1 7 1 2 195 1 1
1 20.17 5.62 2 9 4 1.71 1 0 0 0 1 120 1 1
1 29.5 0.57 2 9 4 0.29 0 1 1 0 2 340 2804 0
1 22.75 11 2 11 4 2.5 1 1 7 1 2 100 810 1
1 20 0 2 2 4 0.5 0 0 0 0 2 144 1 0
1 24.58 13.5 1 1 1 0 0 0 0 0 2 184 1 0
0 23 11.75 2 14 8 0.5 1 1 2 1 2 300 552 1
0 20.75 10.25 2 11 4 0.71 1 1 2 1 2 49 1 1
0 21.08 5 1 1 1 0 0 0 0 0 2 0 1 0
1 20.67 0.41 2 8 4 0.125 0 0 0 0 2 0 45 0
1 35.17 2.5 2 4 4 4.5 1 1 7 0 2 150 1271 1
1 22.25 0.46 2 4 4 0.125 0 0 0 1 2 280 56 0
0 22.67 0.33 2 11 4 0.75 0 0 0 0 1 160 1 0
1 27.75 0.58 1 13 4 0.25 1 1 2 0 2 260 501 1
1 39.42 1.71 1 7 4 0.165 0 0 0 0 1 400 1 0
0 33.25 2.5 1 8 4 2.5 0 0 0 1 2 0 3 0
1 34.17 9.17 2 8 4 4.5 1 1 12 1 2 0 222 1
0 38.58 5 2 13 4 13.5 1 0 0 1 2 980 1 0
1 39.17 2.5 1 3 8 10 0 0 0 1 1 200 1 0
1 38.25 10.12 1 4 4 0.125 0 0 0 0 2 160 1 0
1 25.25 1 2 6 4 0.5 0 0 0 0 2 200 1 0
0 37.75 5.5 2 11 4 0.125 1 0 0 1 2 228 1 1
1 44.33 0.5 2 3 8 5 1 0 0 1 2 320 1 1
1 28.25 5.04 1 8 5 1.5 1 1 8 1 2 144 8 1
1 31.67 0.83 2 14 4 1.335 1 1 8 1 2 303 3291 1
1 18.17 2.46 2 8 7 0.96 0 1 2 1 2 160 588 0
0 51.92 6.5 2 3 5 3.085 0 0 0 1 2 73 1 0
0 22.92 11.58 2 13 4 0.04 1 0 0 0 2 80 1350 1
1 39.17 2.5 1 3 8 10 0 0 0 1 1 200 1 0
1 26.75 1.12 2 14 8 1.25 1 0 0 0 2 0 5299 1
1 20.5 10 1 8 4 2.5 1 0 0 0 1 40 1 1
1 27.42 12.5 2 6 5 0.25 0 0 0 1 2 720 1 0
0 25 11 1 6 4 4.5 1 0 0 0 2 120 1 0
0 24.75 13.66 2 11 8 1.5 0 0 0 0 2 280 2 0
1 20.5 10 1 8 4 2.5 1 0 0 0 1 40 1 1
0 45.83 10.5 2 11 4 5 1 1 7 1 2 0 1 1
1 28.75 1.5 1 8 4 1.5 1 0 0 1 2 0 226 0
1 32.75 2.33 2 2 8 5.75 0 0 0 1 2 292 1 0
0 18.82 4.41 1 8 8 3 1 0 0 0 2 240 1 1
0 32.25 1.5 2 8 4 0.25 0 0 0 1 2 372 123 0
1 40.92 0.83 2 1 1 0 1 0 0 0 2 130 2 0
1 36.42 0.75 1 2 4 0.585 0 0 0 0 2 240 4 0
0 17.57 9 2 6 4 1.375 1 0 0 1 2 0 1 1
1 34.92 5 2 14 8 7.5 1 1 6 1 2 0 1001 1
0 23.58 0.83 2 11 4 0.415 0 1 1 1 2 200 12 0
1 29.25 14.79 2 6 4 5.04 1 1 5 1 2 168 1 1
1 34.42 1.33 2 3 5 0.125 0 0 0 1 2 440 4501 0
0 45.83 10.5 2 11 4 5 1 1 7 1 2 0 1 1
1 27.25 0.62 2 6 4 0.455 1 0 0 1 2 200 1 0
0 33.17 2.25 1 13 4 3.5 0 0 0 1 2 200 142 0
0 28.5 1 2 11 4 1 1 1 2 1 2 167 501 0
1 60.08 14.5 2 1 1 18 1 1 15 1 2 0 1001 1
0 17.92 10.21 2 1 1 0 0 0 0 0 2 0 51 0
1 34.42 1.33 2 3 5 0.125 0 0 0 1 2 440 4501 0
1 48.33 12 2 7 4 16 1 0 0 0 1 110 1 1
1 29.67 0.75 1 8 4 0.04 0 0 0 0 2 240 1 0
1 25.08 1.71 2 14 4 1.665 1 1 1 1 2 395 21 1
0 33.08 4.62 2 11 8 1.625 1 1 2 0 2 0 1 1
1 26.67 4.25 2 13 4 4.29 1 1 1 1 2 120 1 1
1 25.67 0.28 1 8 4 1.5 0 0 0 1 2 160 1 0
0 41 2.04 1 11 8 0.125 1 1 23 1 2 455 1237 1
1 30.83 0 2 9 4 1.25 1 1 1 0 2 202 1 1
1 25.83 12.83 2 13 4 0.5 0 0 0 0 2 0 3 0
0 15.75 0.37 2 8 4 1 0 0 0 0 2 120 19 0
1 36.25 5 2 8 5 2.5 1 1 6 0 2 0 368 1
1 26.75 4.5 1 8 5 2.5 0 0 0 0 2 200 1211 0
1 51.33 10 2 3 5 0 1 1 11 0 2 0 1250 1
1 40.92 0.5 1 7 4 0.5 0 0 0 1 2 130 1 0
1 29.92 1.83 2 8 8 4.335 1 0 0 0 2 260 201 1
0 20.07 1.25 2 8 4 0 0 0 0 0 2 0 1 0
1 16.25 0.83 2 7 4 0.085 1 0 0 0 1 200 1 0
1 21.33 7.5 2 6 4 1.415 1 1 1 0 2 80 9801 1
1 27.58 2.04 1 6 4 2 1 1 3 1 2 370 561 1
1 34.83 4 2 2 5 12.5 1 0 0 1 2 184 1 0
1 19.5 0.28 2 4 4 0.29 0 0 0 0 2 280 365 0
1 22.92 3.16 1 8 4 0.165 0 0 0 0 2 160 1059 0
1 20.67 1.25 1 8 8 1.375 1 1 3 1 2 140 211 0
1 39.17 1.62 2 8 4 1.5 1 1 10 0 2 186 4701 1
0 40.83 10 2 11 8 1.75 1 0 0 0 2 29 838 1
0 36.75 5.12 2 10 4 5 1 0 0 1 2 0 4001 1
0 23 1.83 2 5 3 0 0 1 1 0 2 200 54 0
0 40.83 3.5 2 3 5 0.5 0 0 0 0 1 1160 1 0
1 29.67 1.41 2 9 8 0.75 1 1 1 0 2 240 101 1
1 16.25 0 1 6 4 0.25 0 0 0 0 2 60 1 0
1 19.17 9.5 2 9 4 1.5 1 0 0 0 2 120 2207 1
1 25.08 1.71 2 14 4 1.665 1 1 1 1 2 395 21 1
0 28.42 3.5 2 9 4 0.835 1 0 0 0 1 280 1 1
1 32.75 1.5 2 13 8 5.5 1 1 3 1 2 0 1 1
1 25 11.25 2 8 4 2.5 1 1 17 0 2 200 1209 1
1 22.25 0.46 2 4 4 0.125 0 0 0 1 2 280 56 0
1 19.67 10 1 4 8 0.835 1 0 0 1 2 140 1 0
0 20.75 9.53 2 3 4 0.04 0 0 0 0 2 200 1001 0
0 22.83 2.29 2 11 8 2.29 1 1 7 1 2 140 2385 1
0 22.67 0.33 2 11 4 0.75 0 0 0 0 1 160 1 0
1 23.5 3.16 1 4 4 0.415 0 1 1 1 2 280 81 0
1 30.58 2.71 1 7 4 0.125 0 0 0 1 1 80 1 0
0 57.58 2 2 1 1 6.5 0 1 1 0 2 0 11 0
0 20.5 11.83 2 8 8 6 1 0 0 0 2 340 1 1
1 18.17 2.46 2 8 7 0.96 0 1 2 1 2 160 588 0
1 32.33 3.5 2 4 4 0.5 0 0 0 1 2 232 1 0
0 24.5 1.04 1 1 1 0.5 1 1 3 0 2 180 148 0
0 39.08 4 2 8 4 3 0 0 0 0 2 480 1 0
0 23.75 0.71 2 9 4 0.25 0 1 1 1 2 240 5 0
1 22.58 10.03 2 14 4 0.04 1 1 9 0 2 60 397 1
0 46 4 2 5 3 0 1 0 0 0 2 100 961 1
0 28.08 15 1 10 9 0 1 0 0 0 2 0 13213 1
0 32 6 2 2 4 1.25 0 0 0 0 2 272 1 0
1 40 6.5 2 6 5 3.5 1 1 1 0 2 0 501 1
1 33.17 1.04 2 12 8 6.5 1 0 0 1 2 164 31286 1
1 22.17 12.12 2 8 4 3.335 0 1 2 1 2 180 174 0
1 23.17 11.12 2 14 8 0.46 1 1 1 0 2 100 1 1
1 36.75 0.12 1 8 4 1.5 0 0 0 1 2 232 114 1
1 62.75 7 2 10 9 0 0 0 0 0 2 0 13 0
0 20.5 11.83 2 8 8 6 1 0 0 0 2 340 1 1
1 27.83 1 1 2 8 3 0 0 0 0 2 176 538 0
1 27.83 1 1 2 8 3 0 0 0 0 2 176 538 0
0 23 11.75 2 14 8 0.5 1 1 2 1 2 300 552 1
1 17.42 6.5 2 3 4 0.125 0 0 0 0 2 60 101 0
0 49 1.5 2 5 3 0 1 0 0 1 2 100 28 0
1 39 5 2 13 4 3.5 1 1 10 1 2 0 1 1
0 36.75 5.12 2 10 4 5 1 0 0 1 2 0 4001 1
1 31.57 0.37 2 2 4 0.875 1 0 0 1 1 928 1 0
0 27.67 2.04 2 9 4 0.25 0 0 0 1 2 180 51 0
1 23.42 0.58 2 8 8 0.085 1 0 0 0 2 180 1 0
1 36.17 0.42 1 9 4 0.29 0 0 0 1 2 309 3 0
1 31.57 4 1 3 4 0.085 0 0 0 1 2 411 1 0
1 37.5 1.12 1 2 4 1.5 0 0 0 1 2 431 1 1
1 41.17 4.04 2 13 8 7 1 1 8 0 2 320 1 1
1 36.17 5.5 2 3 5 5 0 0 0 0 2 210 688 0
1 74.83 19 1 1 1 0.04 0 1 2 0 2 0 352 0
0 45.33 1 2 11 4 0.125 0 0 0 1 2 263 1 0
1 41.42 5 2 11 8 5 1 1 6 1 2 470 1 1
1 23.92 0.66 2 8 4 0.165 0 0 0 0 2 100 1 1
1 25.17 3 2 8 4 1.25 0 1 1 0 2 0 23 0
0 20.67 1.83 2 11 4 2.085 1 1 5 0 2 220 2504 1
1 30.17 1.08 1 8 4 0.04 0 0 0 0 2 170 180 0
0 17.57 9 2 6 4 1.375 1 0 0 1 2 0 1 1
1 47.67 2.5 2 7 5 2.5 1 1 12 1 2 410 2511 1
1 32.33 2.5 2 8 4 1.25 0 0 0 1 2 280 1 0
1 54.33 6.75 2 8 8 2.625 1 1 11 1 2 0 285 1
1 20.67 0.83 1 8 4 2 0 0 0 1 1 240 1 0
0 52.83 15 2 8 4 5.5 1 1 14 0 2 0 2201 1
1 18.42 10.41 1 6 4 0.125 1 0 0 0 2 120 376 0
1 32.33 7.5 2 10 5 1.585 1 0 0 1 1 420 1 0
1 31.08 3.08 2 8 4 2.5 0 1 2 1 2 160 42 0
0 18.92 9.25 1 8 4 1 1 1 4 1 2 80 501 1
1 36.25 5 2 8 5 2.5 1 1 6 0 2 0 368 1
1 23.92 1.5 2 2 8 1.875 1 1 6 0 2 200 328 1
1 20 11.04 2 8 4 2 0 0 0 1 2 136 1 0
0 23.58 11.5 1 4 8 3 0 0 0 1 2 20 17 0
0 27.67 2.04 2 9 4 0.25 0 0 0 1 2 180 51 0
1 21.5 9.75 2 8 4 0.25 1 0 0 0 2 140 1 0
0 41.58 1.04 2 6 4 0.665 0 0 0 0 2 240 238 0
1 21.25 1.5 2 9 4 1.5 0 0 0 0 2 150 9 1
1 23.58 1.79 2 8 4 0.54 0 0 0 1 2 136 2 0
1 25.83 12.83 2 13 4 0.5 0 0 0 0 2 0 3 0
0 20.67 3 2 11 4 0.165 1 1 3 0 2 100 7 1
1 20.67 0.41 2 8 4 0.125 0 0 0 0 2 0 45 0
0 47.75 8 2 8 4 7.875 1 1 6 1 2 0 1261 1
1 32.75 1.5 2 13 8 5.5 1 1 3 1 2 0 1 1
1 26.17 0.25 2 3 5 0 1 0 0 1 2 0 1 1
1 18.82 0.41 1 8 4 0.165 0 1 1 0 2 200 2 0
0 28.17 0.37 2 11 4 0.585 1 1 4 0 2 80 1 1
1 31.92 4.46 2 13 8 6.04 1 1 3 0 2 311 301 1
1 51.33 10 2 3 5 0 1 1 11 0 2 0 1250 1
1 48.33 12 2 7 4 16 1 0 0 0 1 110 1 1

