0 18.57 10 2 2 4 0.415 0 0 0 0 2 80 43 0
0 28.58 3.54 2 3 5 0.5 1 0 0 1 2 171 1 0
1 24.83 2.75 2 8 4 2.25 1 1 6 0 2 184 601 1
1 32.75 2.33 2 2 8 5.75 0 0 0 1 2 292 1 0
1 56.75 12.25 2 7 4 1.25 1 1 4 1 2 200 1 1
0 22.5 8.5 2 11 4 1.75 1 1 10 0 2 80 991 0
1 33.17 3.16 1 14 4 3.165 1 1 3 1 2 380 1 1
1 62.5 12.75 1 8 8 5 1 0 0 0 2 112 1 0
1 54.42 0.5 1 4 8 3.96 1 0 0 0 2 180 315 1
1 41.17 1.25 1 9 4 0.25 0 0 0 0 2 0 196 0
1 23.42 0.58 2 8 8 0.085 1 0 0 0 2 180 1 0
1 26.67 2.71 1 13 4 5.25 1 1 1 0 2 211 1 1
0 25 12.33 2 13 8 3.5 1 1 6 0 2 400 459 1
1 39.5 1.62 2 8 4 1.5 0 0 0 0 2 0 317 0
1 27.67 13.75 2 9 4 5.75 1 0 0 1 2 487 501 1
1 39.5 4.25 2 8 5 6.5 1 1 16 0 2 117 1211 1
0 52.5 7 2 6 8 3 0 0 0 0 2 0 1 0
0 20.83 8.5 2 8 4 0.165 0 0 0 0 2 0 352 0
0 58.42 21 2 3 5 10 1 1 13 0 2 0 6701 1
0 27.58 3 2 7 4 2.79 0 1 1 1 2 280 11 0
0 33.92 1.58 1 1 1 0 1 0 0 0 2 320 1 0
1 18.82 3.54 1 1 1 0 0 0 0 1 2 180 2 0
1 28.25 5.12 2 14 4 4.75 1 1 2 0 2 420 8 1
0 46.67 0.46 2 13 8 0.415 1 1 11 1 2 440 7 1
0 28.58 1.66 2 11 4 2.415 1 0 0 1 2 440 1 0
1 38.17 10.12 2 14 4 2.5 1 1 6 0 2 520 197 1
1 18.32 1.21 1 10 2 0 0 0 0 0 2 100 1 0
0 21.08 5 1 1 1 0 0 0 0 0 2 0 1 0
0 41.17 6.5 2 11 4 0.5 1 1 3 1 2 145 1 1
1 40.92 2.25 1 14 8 10 1 0 0 1 2 176 1 0
1 32.83 2.5 2 13 8 2.75 1 1 6 0 2 160 2073 1
1 48.5 4.25 2 7 4 0.125 1 0 0 1 2 225 1 1
0 24.08 0.5 2 11 8 1.25 1 1 1 0 2 0 679 1
1 23.08 11.5 2 3 4 3.5 1 1 9 0 2 56 743 1
0 16 0.16 2 6 4 1 0 1 2 1 2 320 2 0
0 20.75 10.25 2 11 4 0.71 1 1 2 1 2 49 1 1
1 39.17 1.62 2 8 4 1.5 1 1 10 0 2 186 4701 1
1 48.17 3.5 2 6 4 3.5 1 0 0 0 1 230 1 1
1 22.67 0.75 2 3 4 1.585 0 1 1 1 2 400 10 0
0 40.33 8.12 1 4 4 0.165 0 1 2 0 2 184 19 0
1 48.75 26.33 1 1 1 0 1 0 0 1 2 0 1 0
1 54.58 9.41 2 1 1 14.415 1 1 11 1 2 30 301 1
1 31.57 4 1 3 4 0.085 0 0 0 1 2 411 1 0
1 34.17 5.25 2 9 4 0.085 0 0 0 1 2 290 7 1
1 25.75 0.75 2 8 5 0.25 1 0 0 0 2 349 24 1
1 39.92 0.54 1 6 4 0.5 1 1 3 0 2 200 1001 1
1 24.58 13.5 1 1 1 0 0 0 0 0 2 184 1 0
1 23.92 0.66 2 8 4 0.165 0 0 0 0 2 100 1 1
1 51.33 10 2 3 5 0 1 1 11 0 2 0 1250 1
0 20.07 1.25 2 8 4 0 0 0 0 0 2 0 1 0
1 34.17 2.75 2 3 5 2.5 0 0 0 1 2 232 201 0
0 45.83 10.5 2 11 4 5 1 1 7 1 2 0 1 1
1 19.5 0.28 2 4 4 0.29 0 0 0 0 2 280 365 0
1 32.33 3.5 2 4 4 0.5 0 0 0 1 2 232 1 0
0 27.25 0.28 2 7 8 0.125 0 1 1 1 2 272 109 0
1 38.58 3.33 2 9 4 4 1 1 14 0 2 383 1345 1
0 57.08 19.5 2 8 4 5.5 1 1 7 0 2 0 3001 1
0 30.42 1.37 2 9 8 0.04 0 1 3 0 2 0 34 0
0 71.58 0 2 8 4 0 0 0 0 0 3 184 1 1
0 20.42 7.5 2 4 4 1.5 1 1 1 0 2 160 235 1
1 16.32 4.08 2 3 8 0.415 0 0 0 1 2 120 1 0
1 44.83 7 1 8 4 1.625 0 0 0 0 2 160 3 0
1 29.58 4.75 2 7 4 2 0 1 1 1 2 460 69 0
1 56.42 28 1 8 4 28.5 1 1 40 0 2 0 16 1
1 23.25 4 2 8 5 0.25 1 0 0 1 2 160 1 1
0 19.57 0.66 1 8 4 1 0 1 1 0 2 2000 3 0
0 22.67 0.33 2 11 4 0.75 0 0 0 0 1 160 1 0
1 47.67 0.28 2 8 5 15 1 1 20 0 2 0 15001 1
1 31.42 15.5 2 8 4 0.5 1 0 0 0 2 120 1 0
1 19.67 0.37 2 11 4 2 1 1 2 1 2 80 1 1
0 40.33 7.54 1 11 8 8 1 1 14 0 2 0 2301 1
1 38.42 0.7 2 8 4 0.375 0 1 2 0 2 225 501 0
0 24.5 1.04 1 1 1 0.5 1 1 3 0 2 180 148 0
1 22.08 0.83 2 8 8 2.165 0 0 0 1 2 128 1 1
1 26.67 4.25 2 13 4 4.29 1 1 1 1 2 120 1 1
0 22.67 0.75 2 8 4 2 0 1 2 1 2 200 395 0
1 48.25 25.08 2 9 4 1.75 1 1 3 0 2 120 15 1
0 20.5 11.83 2 8 8 6 1 0 0 0 2 340 1 1
1 27.83 1.54 2 9 4 3.75 1 1 5 1 2 100 4 1
0 55.75 7.08 2 4 8 6.75 1 1 3 1 2 100 51 0
0 18.82 9.53 2 6 4 0.085 1 0 0 0 2 100 1 1
1 30.83 0 2 9 4 1.25 1 1 1 0 2 202 1 1
1 45 8.5 2 13 8 14 1 1 1 1 2 88 2001 1
0 38.92 1.66 2 6 4 0.25 0 0 0 0 2 0 391 0
1 44.25 11 1 2 4 1.5 1 0 0 0 1 0 1 0
1 26.17 0.25 2 3 5 0 1 0 0 1 2 0 1 1
1 33.75 2.75 2 3 5 0 0 0 0 0 2 180 1 0
1 36.33 2.12 1 9 4 0.085 1 1 1 0 2 50 1188 1
1 32.42 2.16 1 4 1 0 0 0 0 0 2 120 1 0
1 39.08 6 2 7 4 1.29 1 1 5 1 2 108 1098 1
0 24.5 0.5 2 11 8 1.5 1 0 0 0 2 280 825 1
1 44.25 0.5 2 7 4 10.75 1 0 0 0 1 400 1 0
1 19.17 4 1 3 4 1 0 0 0 1 2 360 1001 0
0 21.75 11.75 2 8 4 0.25 0 0 0 1 2 180 1 0
1 39.83 0.5 2 7 4 0.25 1 0 0 0 1 288 1 0
1 51.83 3 1 1 1 1.5 0 0 0 0 2 180 5 0
1 26.17 0.83 2 13 4 1.165 0 0 0 0 2 100 1 0
0 37.33 2.5 2 3 8 0.21 0 0 0 0 2 260 247 0
1 17.07 0.08 1 8 4 0.04 0 0 0 0 2 140 723 0
1 21.5 11.5 2 3 4 0.5 1 0 0 1 2 100 69 0
1 43.25 3 2 11 8 6 1 1 11 0 2 80 1 1
0 32.25 1.5 2 8 4 0.25 0 0 0 1 2 372 123 0
1 42 9.78 2 14 8 7.96 1 1 8 0 2 0 1 1
1 40.58 3.29 2 7 4 3.5 0 0 0 1 1 400 1 0
1 34 5.08 1 3 5 1.085 0 0 0 1 2 480 1 0
1 49.5 7.58 2 3 5 7.585 1 1 15 1 2 0 5001 1
0 19.5 0.16 2 11 4 0.04 0 0 0 1 2 380 1 0
0 25.33 2.08 2 8 8 2.75 1 0 0 1 2 360 2 0
1 28 2 2 4 8 4.165 1 1 2 1 2 181 1 1
1 28.92 15 2 8 8 5.335 1 1 11 0 2 0 2284 1
1 31.57 5 1 6 4 8.5 1 0 0 0 2 0 1 0
0 30.67 12 2 8 4 2 1 1 1 0 2 220 20 1
1 18.82 0.41 1 8 4 0.165 0 1 1 0 2 200 2 0
0 22.42 11.25 1 14 8 0.75 1 1 4 0 2 0 322 1
1 13.75 4 1 9 4 1.75 1 1 2 1 2 120 1001 1
1 19.17 9.5 2 9 4 1.5 1 0 0 0 2 120 2207 1
1 41.58 1.75 2 4 4 0.21 1 0 0 0 2 160 1 0
0 33.08 1.62 2 2 4 0.54 0 0 0 1 2 0 1 0
1 42.83 1.25 2 7 4 13.875 0 1 1 1 2 352 113 0
1 26.75 2 2 2 4 0.75 0 0 0 1 2 80 1 0
0 30 5.29 2 10 2 2.25 1 1 5 1 2 99 501 1
0 17.92 10.21 2 1 1 0 0 0 0 0 2 0 51 0
1 37.5 1.12 1 2 4 1.5 0 0 0 1 2 431 1 1
1 33.17 3.04 1 8 8 2.04 1 1 1 1 2 180 18028 1
1 22.75 11 2 11 4 2.5 1 1 7 1 2 100 810 1
1 16.92 0.33 1 4 4 0.29 0 0 0 0 1 200 1 0
1 35.17 25.12 2 14 8 1.625 1 1 1 1 2 515 501 1
1 31.08 1.5 1 9 4 0.04 0 0 0 0 1 160 1 0
1 36.17 0.42 1 9 4 0.29 0 0 0 1 2 309 3 0
1 41.5 1.54 2 3 5 3.5 0 0 0 0 2 216 1 1
0 20.42 10.5 1 14 8 0 0 0 0 1 2 154 33 0
0 39.08 4 2 8 4 3 0 0 0 0 2 480 1 0
0 36 1 2 8 4 2 1 1 11 0 2 0 457 1
1 34.25 3 2 13 8 7.415 1 0 0 1 2 0 1 1
1 17.07 0.25 2 11 4 0.335 0 1 4 0 2 160 9 0
0 69.5 6 2 1 1 0 0 0 0 0 1 0 1 0
0 21.92 11.66 2 4 8 0.085 0 0 0 0 2 320 6 0
0 38.25 6 2 4 4 1 1 0 0 1 2 0 1 1
1 36.5 4.25 2 11 4 3.5 0 0 0 0 2 454 51 0
0 64.08 0.16 2 1 1 0 1 1 1 0 2 232 101 1
0 58.33 10 2 11 4 4 1 1 14 0 2 0 1603 1
0 40.83 10 2 11 8 1.75 1 0 0 0 2 29 838 1
1 21.5 9.75 2 8 4 0.25 1 0 0 0 2 140 1 0
1 39.58 13.91 2 9 4 8.625 1 1 6 1 2 70 1 1
1 16.25 0 1 6 4 0.25 0 0 0 0 2 60 1 0
1 52.33 1.37 1 8 8 9.46 1 0 0 1 2 200 101 0
1 47.17 5.83 2 9 4 5.5 0 0 0 0 2 465 151 0
1 23.08 2.5 2 8 4 1.085 1 1 11 1 2 60 2185 1
0 21.5 6 2 6 4 2.5 1 1 3 0 2 80 919 1
1 21.92 0.54 1 14 4 0.04 1 1 1 1 2 840 60 1
0 22.75 6.16 2 6 4 0.165 0 0 0 0 2 220 1001 0
0 47.75 8 2 8 4 7.875 1 1 6 1 2 0 1261 1
1 24.42 12.33 2 11 8 1.585 1 0 0 1 2 120 1 1
0 24.58 0.67 2 6 8 1.75 1 0 0 0 2 400 1 0
0 35.75 0.91 2 6 4 0.75 1 1 4 0 2 0 1584 1
1 20.5 2.41 2 8 4 2 1 1 11 1 2 200 3001 1
0 24.75 3 2 11 8 1.835 1 1 19 0 2 0 501 1
1 18.82 0 2 11 4 0.665 0 0 0 0 2 160 2 0
1 16.5 0.12 2 8 4 0.165 0 0 0 0 2 132 1 0
0 31.57 11.25 2 1 1 0 0 0 0 0 2 184 5201 0
1 54.33 6.75 2 8 8 2.625 1 1 11 1 2 0 285 1
1 55.92 11.5 2 1 1 5 1 1 5 0 2 0 8852 1
0 31.75 3 1 5 3 0 0 0 0 0 2 160 21 0
0 30.25 5.5 2 4 4 5.5 0 0 0 1 1 100 1 0
1 20.5 10 1 8 4 2.5 1 0 0 0 1 40 1 1

