0 38.75 1.5 2 1 1 0 0 0 0 0 2 76 1 0
1 29.83 3.5 2 8 4 0.165 0 0 0 0 2 216 1 0
1 41.92 0.42 2 8 8 0.21 1 1 6 0 2 220 949 1
1 41.42 5 2 11 8 5 1 1 6 1 2 470 1 1
1 22.08 2.33 2 4 4 0.75 0 0 0 0 2 180 1 0
1 39.92 6.21 2 11 4 0.04 1 1 1 0 2 200 301 1
1 21.83 0.25 2 2 8 0.665 1 0 0 1 2 0 1 1
1 23.75 0.41 1 8 4 0.04 0 1 2 0 2 128 7 0
0 21.67 11.5 1 5 3 0 1 1 11 1 2 0 1 1
0 22.75 6.16 2 6 4 0.165 0 0 0 0 2 220 1001 0
1 23.58 0.46 1 9 4 2.625 1 1 6 1 2 208 348 0
0 42.25 1.75 1 8 4 0 0 0 0 1 2 150 2 0
0 28.5 1 2 11 4 1 1 1 2 1 2 167 501 0
1 37.5 1.75 1 8 5 0.25 1 0 0 1 2 164 401 0
1 19.67 10 1 4 8 0.835 1 0 0 1 2 140 1 0
0 40.33 8.12 1 4 4 0.165 0 1 2 0 2 184 19 0
1 24.42 12.33 2 11 8 1.585 1 0 0 1 2 120 1 1
1 44.25 11 1 2 4 1.5 1 0 0 0 1 0 1 0
1 59.67 1.54 2 11 4 0.125 1 0 0 1 2 260 1 1
1 26.17 12.5 1 4 8 1.25 0 0 0 1 2 0 18 0
1 25.75 0.75 2 8 5 0.25 1 0 0 0 2 349 24 1
1 16.92 0.33 1 4 4 0.29 0 0 0 0 1 200 1 0
1 39.25 9.5 2 7 4 6.5 1 1 14 0 2 240 4608 1
1 19.42 1.5 1 13 4 2 1 0 0 1 2 100 21 0
1 48.75 8.5 2 8 8 12.5 1 1 9 0 2 181 1656 1
0 45.83 10.5 2 11 4 5 1 1 7 1 2 0 1 1
0 35.75 0.91 2 6 4 0.75 1 1 4 0 2 0 1584 1
1 26.67 2.71 1 13 4 5.25 1 1 1 0 2 211 1 1
1 22.5 11.5 1 7 4 1.5 0 0 0 1 2 0 4001 0
1 20.42 1.08 2 11 4 1.5 0 0 0 0 2 108 8 0
1 48.08 6.04 2 4 4 0.04 0 0 0 0 2 0 2691 1
0 21.25 2.33 2 3 5 0.5 1 1 4 0 1 80 1 1
1 33.67 2.16 2 8 4 1.5 0 0 0 0 3 120 1 0
1 17.07 0.08 1 8 4 0.04 0 0 0 0 2 140 723 0
1 27.42 12.5 2 6 5 0.25 0 0 0 1 2 720 1 0
0 24.08 0.5 2 11 8 1.25 1 1 1 0 2 0 679 1
1 42.08 1.04 2 9 4 5 1 1 6 1 2 500 10001 1
1 23.92 0.66 2 8 4 0.165 0 0 0 0 2 100 1 1
0 21.92 11.66 2 4 8 0.085 0 0 0 0 2 320 6 0
0 16.5 1.25 2 11 4 0.25 0 1 1 0 2 108 99 0
1 17.5 22 3 1 7 0 0 0 0 1 3 450 100001 1
1 27.25 1.58 2 13 8 1.835 1 1 12 1 2 583 714 1
1 28.75 1.5 1 8 4 1.5 1 0 0 1 2 0 226 0
1 29.58 4.75 2 7 4 2 0 1 1 1 2 460 69 0
1 51.42 0.04 2 14 8 0.04 1 0 0 0 2 0 3001 1
1 41.17 4.04 2 13 8 7 1 1 8 0 2 320 1 1
1 58.58 2.71 2 8 4 2.415 0 0 0 1 2 320 1 0
1 39.17 2.5 1 3 8 10 0 0 0 1 1 200 1 0
1 21.58 0.79 1 13 4 0.665 0 0 0 0 2 160 1 0
1 36.5 4.25 2 11 4 3.5 0 0 0 0 2 454 51 0
1 52.5 6.5 2 4 4 6.29 1 1 15 0 2 0 11203 1
1 32.83 2.5 2 13 8 2.75 1 1 6 0 2 160 2073 1
1 31.57 4 2 14 4 5 1 1 3 1 2 290 2280 1
1 23.58 0.83 2 3 8 0.085 0 0 0 1 2 220 6 0
1 32 1.75 1 10 8 0.04 1 0 0 1 2 393 1 1
0 20.07 0.12 2 11 4 1 0 1 1 0 2 240 769 1
1 56 12.5 2 4 8 8 1 0 0 1 2 24 2029 1
0 22.67 0.33 2 11 4 0.75 0 0 0 0 1 160 1 0
0 20.67 3 2 11 4 0.165 1 1 3 0 2 100 7 1
1 22.67 0.16 2 8 3 2.25 0 0 0 1 1 0 1 1
1 27.83 1.5 2 9 4 2.25 0 1 1 1 2 100 4 0
1 34.75 2.5 2 13 5 0.5 0 0 0 0 2 348 1 0
1 23.08 11.5 2 3 4 3.5 1 1 9 0 2 56 743 1
1 17.57 10 2 9 8 0.165 0 1 1 0 2 120 2 0
1 39.33 5.87 2 13 8 10 1 1 14 1 2 399 1 1
0 41.33 1 2 3 5 2.25 1 0 0 1 2 0 301 1
0 18.92 9 2 6 4 0.75 1 1 2 0 2 88 592 1
1 41.5 1.54 2 3 5 3.5 0 0 0 0 2 216 1 1
1 23.08 2.5 2 8 4 1.085 1 1 11 1 2 60 2185 1
0 33.67 0.37 2 13 4 0.375 0 0 0 0 2 300 45 1
1 17.92 0.2 2 6 4 0.04 0 0 0 0 2 280 751 0
1 26.75 4.5 1 8 5 2.5 0 0 0 0 2 200 1211 0
1 31.25 2.83 2 1 1 0 0 1 5 0 2 176 147 0
1 44.83 7 1 8 4 1.625 0 0 0 0 2 160 3 0
1 43.25 25.21 2 11 8 0.21 1 1 1 0 2 760 91 0
1 21.5 11.5 2 3 4 0.5 1 0 0 1 2 100 69 0
1 28.33 5 2 9 4 11 1 0 0 1 2 70 1 1
1 30.33 0.5 2 2 8 0.085 0 0 0 1 1 252 1 0
1 33.58 0.33 1 13 4 0.085 0 0 0 0 2 180 1 0
1 29.67 1.41 2 9 8 0.75 1 1 1 0 2 240 101 1
1 39.58 13.91 2 9 4 8.625 1 1 6 1 2 70 1 1
1 25.5 0.37 2 7 4 0.25 1 1 3 0 2 260 15109 1
1 35.58 0.75 2 4 4 1.5 0 0 0 1 2 231 1 0
1 49.58 19 2 1 1 0 1 1 1 0 2 94 1 0
1 40.92 0.5 1 7 4 0.5 0 0 0 1 2 130 1 0
1 25.67 12.5 2 13 4 1.21 1 1 67 1 2 140 259 1
1 23.08 0 2 4 4 1 0 1 11 0 1 0 1 0
1 48.58 0.2 1 4 4 0.25 1 1 11 0 2 380 2733 1
1 36.33 3.79 2 9 4 1.165 1 0 0 1 2 200 1 0
1 43.08 0.37 1 8 4 0.375 1 1 8 1 2 300 163 1
1 27.58 2.04 1 6 4 2 1 1 3 1 2 370 561 1
1 28.58 3.62 2 6 4 0.25 0 0 0 1 2 100 1 0
1 25 11.25 2 8 4 2.5 1 1 17 0 2 200 1209 1
0 29.75 0.66 2 9 4 0.25 0 0 0 1 2 300 1 0
0 28.75 3.75 2 8 4 1.085 1 1 1 1 2 371 1 1
0 31.57 1.5 2 1 1 0 0 1 2 1 2 200 106 0
0 18.82 9.53 2 6 4 0.085 1 0 0 0 2 100 1 1
1 43.17 5 2 3 5 2.25 0 0 0 1 2 141 1 0
1 33.58 2.75 2 7 4 4.25 1 1 6 0 2 204 1 1
0 20.75 10.25 2 11 4 0.71 1 1 2 1 2 49 1 1
0 36.75 5.12 2 10 4 5 1 0 0 1 2 0 4001 1
1 32.33 2.5 2 8 4 1.25 0 0 0 1 2 280 1 0
0 22.67 3.8 2 8 4 0.165 0 0 0 0 2 160 1 0
1 25.17 3 2 8 4 1.25 0 1 1 0 2 0 23 0
1 43.25 3 2 11 8 6 1 1 11 0 2 80 1 1
1 23.92 0.58 1 13 8 0.125 0 0 0 0 2 240 2 0
1 31.57 10.5 2 14 4 6.5 1 0 0 0 2 0 1 1
1 31.67 16.16 2 2 4 3 1 1 9 0 2 250 731 1
1 51.83 3 1 1 1 1.5 0 0 0 0 2 180 5 0
1 25.17 6 2 8 4 1 1 1 3 0 2 0 1 1
1 47.67 0.28 2 8 5 15 1 1 20 0 2 0 15001 1
1 38.58 3.33 2 9 4 4 1 1 14 0 2 383 1345 1
1 21.92 0.5 2 8 4 0.125 0 0 0 0 2 360 1 0
1 24.08 0.87 2 7 4 0.085 0 1 4 0 2 254 1951 0
1 35 2.5 2 3 4 1 0 0 0 1 2 210 1 0
1 25.83 12.83 2 13 4 0.5 0 0 0 0 2 0 3 0
0 27.25 0.28 2 7 8 0.125 0 1 1 1 2 272 109 0
1 30.08 1.04 1 3 5 0.5 1 1 10 1 2 132 29 0
0 33.25 3 1 6 4 2 0 0 0 0 2 180 1 0
1 23.17 0 2 13 4 0.085 1 0 0 0 2 0 1 1
0 19.5 0.16 2 11 4 0.04 0 0 0 1 2 380 1 0
1 17.42 6.5 2 3 4 0.125 0 0 0 0 2 60 101 0
1 59.5 2.75 2 9 4 1.75 1 1 5 1 2 60 59 1
0 22.92 1.25 2 11 4 0.25 0 0 0 1 2 120 810 0
1 23 0.62 1 6 4 0.125 1 0 0 0 2 180 2 0
1 23.42 0.58 2 8 8 0.085 1 0 0 0 2 180 1 0
1 41.17 1.25 1 9 4 0.25 0 0 0 0 2 0 196 0
0 20.07 1.25 2 8 4 0 0 0 0 0 2 0 1 0
1 22.17 2.25 2 3 4 0.125 0 0 0 0 2 160 11 0
0 20.5 11.83 2 8 8 6 1 0 0 0 2 340 1 1
1 42.75 3 2 3 5 1 1 0 0 0 2 0 201 0
1 35.25 16.5 1 8 4 4 1 0 0 0 2 80 1 0
0 25.33 2.08 2 8 8 2.75 1 0 0 1 2 360 2 0
1 21 3 1 2 4 1.085 1 1 8 1 2 160 2 1
0 41.58 1.04 2 6 4 0.665 0 0 0 0 2 240 238 0
1 31.92 4.46 2 13 8 6.04 1 1 3 0 2 311 301 1
1 21.08 10.08 1 10 8 1.25 0 0 0 0 2 260 1 0
1 26.25 1.54 2 9 4 0.125 0 0 0 0 2 100 1 0
1 33.75 2.75 2 3 5 0 0 0 0 0 2 180 1 0
0 33.08 4.62 2 11 8 1.625 1 1 2 0 2 0 1 1
1 40.92 0.83 2 1 1 0 1 0 0 0 2 130 2 0
0 18.42 9.25 2 11 4 1.21 1 1 4 0 2 60 541 1
1 19.42 7.25 2 7 4 0.04 0 1 1 0 2 100 2 0
1 34.17 2.75 2 3 5 2.5 0 0 0 1 2 232 201 0
1 23.58 1.79 2 8 4 0.54 0 0 0 1 2 136 2 0
0 33.08 1.62 2 2 4 0.54 0 0 0 1 2 0 1 0
1 38.92 1.75 2 4 4 0.5 0 0 0 1 2 300 3 0
1 23.5 3.16 1 4 4 0.415 0 1 1 1 2 280 81 0
0 15.83 0.58 2 8 8 1.5 1 1 2 0 2 100 1 1
1 44.25 0.5 2 7 4 10.75 1 0 0 0 1 400 1 0
1 27.75 0.58 1 13 4 0.25 1 1 2 0 2 260 501 1
1 26.33 13 2 10 2 0 0 0 0 1 2 140 1111 0
0 27.42 14.5 2 14 8 3.085 1 1 1 0 2 120 12 1
0 26.17 2 2 5 3 0 0 0 0 1 2 276 2 0
1 13.75 4 1 9 4 1.75 1 1 2 1 2 120 1001 1
1 33.17 3.16 1 14 4 3.165 1 1 3 1 2 380 1 1
0 47.25 0.75 2 11 8 2.75 1 1 1 0 2 333 893 1
0 68.67 15 2 10 9 0 1 1 14 0 2 0 3377 1
1 25.33 0.57 2 8 4 0.29 1 1 7 1 2 96 5125 1
1 31.83 2.5 2 6 4 7.5 1 0 0 1 2 523 1 0
1 31.57 0.04 1 2 4 4.25 0 0 0 1 2 460 1 0
1 25.75 0.5 2 8 4 1.46 1 1 5 1 2 312 1 1
1 28 3 2 9 4 0.75 0 0 0 1 2 300 68 0
0 26.58 2.54 1 1 1 0 0 0 0 1 2 180 61 0
0 31.57 3.5 2 2 4 3 1 0 0 1 2 300 1 0

