1 23.08 2.5 2 8 4 1.085 1 1 11 1 2 60 2185 1
1 21.17 0.87 1 8 8 0.25 0 0 0 0 2 280 205 0
0 23.58 11.5 1 4 8 3 0 0 0 1 2 20 17 0
0 20.42 10.5 1 14 8 0 0 0 0 1 2 154 33 0
1 31.25 2.83 2 1 1 0 0 1 5 0 2 176 147 0
1 32.08 4 1 13 4 1.5 0 0 0 1 2 120 1 0
1 42 0.2 2 3 8 5.125 1 0 0 0 2 400 1 1
1 57.42 8.5 2 10 8 7 1 1 3 0 2 0 1 1
1 43.08 0.37 1 8 4 0.375 1 1 8 1 2 300 163 1
1 54.42 0.5 1 4 8 3.96 1 0 0 0 2 180 315 1
0 27.58 3 2 7 4 2.79 0 1 1 1 2 280 11 0
0 18.17 10 1 11 8 0.165 0 0 0 0 2 340 1 0
1 40.25 21.5 2 10 9 20 1 1 11 0 2 0 1201 1
0 18.82 4.41 1 8 8 3 1 0 0 0 2 240 1 1
1 41.75 0.96 2 14 4 2.5 1 0 0 0 2 510 601 1
1 22.67 1.58 1 9 4 3.085 1 1 6 0 2 80 1 1
1 45 8.5 2 13 8 14 1 1 1 1 2 88 2001 1
1 44.25 11 1 2 4 1.5 1 0 0 0 1 0 1 0
1 32.25 0.16 1 8 8 3.25 1 1 1 1 2 432 8001 1
1 30.58 2.71 1 7 4 0.125 0 0 0 1 1 80 1 0
1 23.17 11.12 2 14 8 0.46 1 1 1 0 2 100 1 1
0 22.5 8.46 1 14 4 2.46 0 0 0 0 2 164 1 1
0 15.83 0.58 2 8 8 1.5 1 1 2 0 2 100 1 1
1 20.42 1.08 2 11 4 1.5 0 0 0 0 2 108 8 0
1 56 12.5 2 4 8 8 1 0 0 1 2 24 2029 1
1 44 2 2 7 4 1.75 1 1 2 1 2 0 16 1
1 20.25 9.96 2 10 2 0 1 0 0 0 2 0 1 1
1 24.08 0.87 2 7 4 0.085 0 1 4 0 2 254 1951 0
1 23.25 4 2 8 5 0.25 1 0 0 1 2 160 1 1
0 25.25 13.5 1 1 1 2 0 1 1 1 2 200 2 0
0 33.08 4.62 2 11 8 1.625 1 1 2 0 2 0 1 1
1 27.67 13.75 2 9 4 5.75 1 0 0 1 2 487 501 1
1 21.92 0.5 2 8 4 0.125 0 0 0 0 2 360 1 0
1 18.57 5.71 2 2 4 0.54 0 0 0 0 2 120 1 0
1 22 0.79 2 9 4 0.29 0 1 1 0 2 420 284 0
0 26.08 8.66 2 6 4 1.415 1 0 0 0 2 160 151 1
1 48.33 12 2 7 4 16 1 0 0 0 1 110 1 1
0 19.57 0.66 2 9 4 1.665 0 0 0 0 2 220 6 0
1 36.67 4.41 1 4 4 0.25 1 1 10 1 2 320 1 1
1 32 1.75 1 10 8 0.04 1 0 0 1 2 393 1 1
0 39.08 4 2 8 4 3 0 0 0 0 2 480 1 0
1 23 0.62 1 6 4 0.125 1 0 0 0 2 180 2 0
0 20.42 7.5 2 4 4 1.5 1 1 1 0 2 160 235 1
0 17.92 0.54 2 8 4 1.75 0 1 1 1 2 80 6 0
0 30.58 10.66 2 11 8 0.085 0 1 12 1 2 129 4 0
1 25 11.25 2 8 4 2.5 1 1 17 0 2 200 1209 1
1 26 1 2 11 4 1.75 1 0 0 1 2 280 1 1
1 17.5 22 3 1 7 0 0 0 0 1 3 450 100001 1
0 35.17 3.75 2 1 1 0 0 1 6 0 2 0 201 0
0 25 11 1 6 4 4.5 1 0 0 0 2 120 1 0
1 34.75 15 2 12 7 5.375 1 1 9 1 2 0 135 1
1 53.92 9.62 2 10 4 8.665 1 1 5 0 2 0 1 1
1 33.17 3.04 1 8 8 2.04 1 1 1 1 2 180 18028 1
1 32.75 2.33 2 2 8 5.75 0 0 0 1 2 292 1 0
0 57.58 2 2 1 1 6.5 0 1 1 0 2 0 11 0
1 35 3.37 2 8 8 8.29 0 0 0 1 2 0 1 0
0 53.33 0.16 2 1 1 0 0 0 0 1 1 62 28 0
1 40.58 1.5 2 3 5 0 0 0 0 0 1 300 1 0
1 28.75 1.16 2 4 4 0.5 1 0 0 0 1 280 1 0
1 22 7.83 1 3 5 0.165 0 0 0 1 2 184 1 0
0 27.33 1.66 2 1 1 0 0 0 0 0 2 340 2 0
1 26.67 2.71 1 13 4 5.25 1 1 1 0 2 211 1 1
1 20.67 0.41 2 8 4 0.125 0 0 0 0 2 0 45 0
1 22.75 11.5 2 3 4 0.415 0 0 0 0 2 0 1 0
1 23 0.75 2 7 4 0.5 0 0 0 1 1 320 1 0
1 25.92 0.87 2 4 4 0.375 0 1 2 1 2 174 4 0
1 25 12 2 4 4 2.25 1 1 2 1 2 120 6 0
0 65.17 14 2 1 1 0 1 1 11 1 2 0 1401 1
1 19.17 9.5 2 9 4 1.5 1 0 0 0 2 120 2207 1
1 36.42 0.75 1 2 4 0.585 0 0 0 0 2 240 4 0
1 43.17 2.25 2 3 5 0.75 1 0 0 0 2 560 1 0
1 32.25 14 1 1 1 0 0 1 2 0 2 160 2 0
1 48.58 6.5 2 11 8 6 1 0 0 1 2 350 1 1
1 33.17 1.04 2 12 8 6.5 1 0 0 1 2 164 31286 1
1 34.25 3 2 13 8 7.415 1 0 0 1 2 0 1 1
1 42.17 5.04 2 11 8 12.75 1 0 0 1 2 92 1 1
0 23.25 5.87 2 11 4 3.17 1 1 10 0 2 120 246 1
0 47.42 8 2 10 5 6.5 1 1 6 0 2 375 51101 1
0 40.33 7.54 1 11 8 8 1 1 14 0 2 0 2301 1
1 22.17 12.12 2 8 4 3.335 0 1 2 1 2 180 174 0
1 31.83 0.04 1 7 4 0.04 0 0 0 0 2 0 1 0
1 24.08 9 2 6 4 0.25 0 0 0 1 2 0 1 0
1 48.58 0.2 1 4 4 0.25 1 1 11 0 2 380 2733 1
1 26.33 13 2 10 2 0 0 0 0 1 2 140 1111 0
1 16.25 0 1 6 4 0.25 0 0 0 0 2 60 1 0
0 18.07 0.37 3 13 1 10 0 0 0 1 1 300 1 1
0 22.67 3.8 2 8 4 0.165 0 0 0 0 2 160 1 0
0 22.92 1.25 2 11 4 0.25 0 0 0 1 2 120 810 0
0 16.07 0.33 2 1 1 0 0 1 1 0 2 160 127 0
0 37.75 5.5 2 11 4 0.125 1 0 0 1 2 228 1 1
1 21 3 1 2 4 1.085 1 1 8 1 2 160 2 1
1 16.07 0.75 2 8 4 1.75 1 1 5 1 2 352 691 1
1 18.82 0 2 11 4 0.665 0 0 0 0 2 160 2 0
1 28.92 15 2 8 8 5.335 1 1 11 0 2 0 2284 1
1 31.33 19.5 2 8 4 7 1 1 16 0 2 0 5001 1
1 48.08 6.04 2 4 4 0.04 0 0 0 0 2 0 2691 1
1 62.5 12.75 1 8 8 5 1 0 0 0 2 112 1 0
1 21.17 0.25 1 8 8 0.25 0 0 0 0 2 280 205 0
1 32.67 5.5 2 11 8 5.5 1 1 12 1 2 408 1001 1
1 42.83 1.25 2 7 4 13.875 0 1 1 1 2 352 113 0
0 41.33 1 2 3 5 2.25 1 0 0 1 2 0 301 1
0 30.67 12 2 8 4 2 1 1 1 0 2 220 20 1
1 25.67 2.21 1 6 4 4 1 0 0 0 2 188 1 0
1 28 2 2 4 8 4.165 1 1 2 1 2 181 1 1
0 20.42 0.83 2 11 4 1.585 1 1 1 0 2 0 1 1
0 57.08 19.5 2 8 4 5.5 1 1 7 0 2 0 3001 1
1 25.08 1.71 2 14 4 1.665 1 1 1 1 2 395 21 1
1 21.83 1.54 2 4 4 0.085 0 0 0 1 2 356 1 0
1 27.83 1.5 2 9 4 2.25 0 1 1 1 2 100 4 0
1 28.75 1.5 1 8 4 1.5 1 0 0 1 2 0 226 0
1 28.58 3.62 2 6 4 0.25 0 0 0 1 2 100 1 0
1 22.67 2.54 1 8 8 2.585 1 0 0 0 2 0 1 1
1 23.08 11.5 2 9 8 2.125 1 1 11 1 2 290 285 1
0 24.75 12.5 2 6 4 1.5 1 1 12 1 2 120 568 1
1 29.5 0.57 2 9 4 0.29 0 1 1 0 2 340 2804 0
1 34.42 1.33 2 3 5 0.125 0 0 0 1 2 440 4501 0
1 19.32 9.5 2 11 4 1 1 0 0 1 2 60 401 1
1 34.17 1.54 2 13 4 1.54 1 1 1 1 2 520 50001 1
0 24.5 1.04 1 1 1 0.5 1 1 3 0 2 180 148 0
1 20.42 0 2 8 4 0 0 0 0 0 3 184 1 0
0 60.58 16.5 2 11 4 11 1 0 0 1 2 21 10562 1
1 27.25 1.58 2 13 8 1.835 1 1 12 1 2 583 714 1
0 20.07 0.12 2 11 4 1 0 1 1 0 2 240 769 1
1 17.57 10 2 9 8 0.165 0 1 1 0 2 120 2 0
0 27.17 1.25 2 1 1 0 0 1 1 0 2 92 301 0
1 31 2.08 2 8 4 0.085 0 0 0 0 2 300 1 0
1 39.17 1.62 2 8 4 1.5 1 1 10 0 2 186 4701 1
1 31.57 4 1 3 4 0.085 0 0 0 1 2 411 1 0
1 26.17 0.25 2 3 5 0 1 0 0 1 2 0 1 1
1 18.5 2 2 3 4 1.5 1 1 2 0 2 120 301 1
0 47 13 2 3 5 5.165 1 1 9 1 2 0 1 1
1 27.67 2 2 14 8 1 1 1 4 0 2 140 7545 1
1 28.33 5 2 9 4 11 1 0 0 1 2 70 1 1
1 40.58 3.29 2 7 4 3.5 0 0 0 1 1 400 1 0
1 41.5 1.54 2 3 5 3.5 0 0 0 0 2 216 1 1
1 36.08 2.54 2 1 1 0 0 0 0 0 2 0 1001 0
1 22.33 11 2 9 4 2 1 1 1 0 2 80 279 1
0 26.92 13.5 2 11 8 5 1 1 2 0 2 0 5001 1
1 39.92 6.21 2 11 4 0.04 1 1 1 0 2 200 301 1
1 38.67 0.21 2 4 4 0.085 1 0 0 1 2 280 1 1
0 24.75 3 2 11 8 1.835 1 1 19 0 2 0 501 1
1 19.67 0.37 2 11 4 2 1 1 2 1 2 80 1 1
1 38.58 3.33 2 9 4 4 1 1 14 0 2 383 1345 1
0 20.75 10.33 2 13 8 0.335 1 1 1 1 2 80 51 1
1 39.5 4.25 2 8 5 6.5 1 1 16 0 2 117 1211 1
1 26.67 1.75 1 8 4 1 1 1 5 1 2 160 5778 1
1 31.67 0.83 2 14 4 1.335 1 1 8 1 2 303 3291 1
0 25.25 12.5 2 2 4 1 0 0 0 1 2 180 1063 0
0 18.42 9.25 2 11 4 1.21 1 1 4 0 2 60 541 1
1 44.33 0.5 2 3 8 5 1 0 0 1 2 320 1 1
1 22.17 0.58 1 1 1 0 0 0 0 0 2 100 1 0
1 19.17 4 1 3 4 1 0 0 0 1 2 360 1001 0
1 20 0 2 2 4 0.5 0 0 0 0 2 144 1 0
1 44.25 0.5 2 7 4 10.75 1 0 0 0 1 400 1 0
1 23.92 1.5 2 2 8 1.875 1 1 6 0 2 200 328 1
0 28.58 1.66 2 11 4 2.415 1 0 0 1 2 440 1 0
1 25.25 1 2 6 4 0.5 0 0 0 0 2 200 1 0
1 28.17 0.12 1 4 4 0.085 0 0 0 0 2 216 2101 0
0 22.67 0.75 2 8 4 2 0 1 2 1 2 200 395 0
0 33.75 0.75 2 4 5 1 1 1 3 1 2 212 1 0
1 56.58 18.5 2 2 5 15 1 1 17 1 2 0 1 1
1 36.17 18.12 2 9 4 0.085 0 0 0 0 2 320 3553 0
0 20.32 10 2 8 8 1 1 1 4 0 2 50 1466 1
0 24.5 2.41 1 8 4 0 0 0 0 0 2 120 1 0
0 20.67 3 2 11 4 0.165 1 1 3 0 2 100 7 1

