0 28.5 3.04 1 14 8 2.54 1 1 1 0 2 70 1 1
1 25.25 1 2 6 4 0.5 0 0 0 0 2 200 1 0
0 17.92 0.54 2 8 4 1.75 0 1 1 1 2 80 6 0
0 19.17 8.58 2 13 8 0.75 1 1 7 0 2 96 1 1
1 31.83 0.04 1 7 4 0.04 0 0 0 0 2 0 1 0
0 47 13 2 3 5 5.165 1 1 9 1 2 0 1 1
1 28.75 1.16 2 4 4 0.5 1 0 0 0 1 280 1 0
0 41.33 1 2 3 5 2.25 1 0 0 1 2 0 301 1
1 23.5 2.75 2 1 1 4.5 0 0 0 0 2 160 26 0
1 20.75 5.08 1 5 4 0.29 0 0 0 0 2 140 185 0
0 18.75 7.5 2 11 4 2.71 1 1 5 0 2 184 26727 1
1 29.83 3.5 2 8 4 0.165 0 0 0 0 2 216 1 0
1 23.25 1.5 2 11 4 2.375 1 1 3 1 2 0 583 1
1 24.42 2 2 10 2 0.165 0 1 2 0 2 320 1301 0
0 23.75 0.71 2 9 4 0.25 0 1 1 1 2 240 5 0
1 34.08 0.08 1 7 5 0.04 1 1 1 1 2 280 2001 1
0 60.92 5 2 6 4 4 1 1 4 0 2 0 100 1
0 23.58 0.83 2 11 4 0.415 0 1 1 1 2 200 12 0
1 23.17 0 2 13 4 0.085 1 0 0 0 2 0 1 1
0 22.42 11.25 1 14 8 0.75 1 1 4 0 2 0 322 1
0 47.42 8 2 10 5 6.5 1 1 6 0 2 375 51101 1
0 33.75 0.75 2 4 5 1 1 1 3 1 2 212 1 0
0 24.75 13.66 2 11 8 1.5 0 0 0 0 2 280 2 0
1 21.33 10.5 2 8 4 3 1 0 0 1 2 0 1 1
1 40 6.5 2 6 5 3.5 1 1 1 0 2 0 501 1
0 26.08 8.66 2 6 4 1.415 1 0 0 0 2 160 151 1
1 40.92 0.5 1 7 4 0.5 0 0 0 1 2 130 1 0
1 33.75 2.75 2 3 5 0 0 0 0 0 2 180 1 0
1 22 0.79 2 9 4 0.29 0 1 1 0 2 420 284 0
1 36.08 2.54 2 1 1 0 0 0 0 0 2 0 1001 0
1 36.17 18.12 2 9 4 0.085 0 0 0 0 2 320 3553 0
1 35.17 4.5 2 14 8 5.75 0 0 0 1 1 711 1 1
1 34.17 9.17 2 8 4 4.5 1 1 12 1 2 0 222 1
1 47.67 0.28 2 8 5 15 1 1 20 0 2 0 15001 1
1 39.5 4.25 2 8 5 6.5 1 1 16 0 2 117 1211 1
1 22.58 10.03 2 14 4 0.04 1 1 9 0 2 60 397 1
0 21.67 11.5 1 5 3 0 1 1 11 1 2 0 1 1
1 36.67 4.41 1 4 4 0.25 1 1 10 1 2 320 1 1
1 51.58 15 2 8 4 8.5 1 1 9 0 2 0 1 1
1 23.17 11.12 2 14 8 0.46 1 1 1 0 2 100 1 1
0 31.25 3.75 2 13 8 0.625 1 1 9 1 2 181 1 1
0 25 12.33 2 13 8 3.5 1 1 6 0 2 400 459 1
1 34.25 1.75 2 9 5 0.25 1 0 0 1 2 163 1 0
1 26.67 4.25 2 13 4 4.29 1 1 1 1 2 120 1 1
0 22.92 11.58 2 13 4 0.04 1 0 0 0 2 80 1350 1
1 29.83 2.04 1 14 8 0.04 0 0 0 0 2 128 2 0
0 33.25 3 1 6 4 2 0 0 0 0 2 180 1 0
1 37.33 6.5 2 7 8 4.25 1 1 12 1 2 93 1 1
1 26.75 1.12 2 14 8 1.25 1 0 0 0 2 0 5299 1
1 21 3 1 2 4 1.085 1 1 8 1 2 160 2 1
1 43 0.28 1 13 8 1.75 1 1 8 0 2 100 376 1
1 26 1 2 11 4 1.75 1 0 0 1 2 280 1 1
1 29.17 3.5 2 9 4 3.5 1 1 3 1 2 329 1 0
0 32 6 2 2 4 1.25 0 0 0 0 2 272 1 0
1 54.58 9.41 2 1 1 14.415 1 1 11 1 2 30 301 1
1 25.33 0.57 2 8 4 0.29 1 1 7 1 2 96 5125 1
0 36 1 2 8 4 2 1 1 11 0 2 0 457 1
0 45 4.58 2 4 8 1 0 0 0 1 1 240 1 0
0 31.75 3 1 5 3 0 0 0 0 0 2 160 21 0
1 51.42 0.04 2 14 8 0.04 1 0 0 0 2 0 3001 1
0 29.5 2 1 10 8 2 0 0 0 0 2 256 18 0
1 21.83 11 2 14 4 0.29 1 1 6 0 2 121 1 1
1 28 3 2 9 4 0.75 0 0 0 1 2 300 68 0
0 26.92 13.5 2 11 8 5 1 1 2 0 2 0 5001 1
0 20.67 1.83 2 11 4 2.085 1 1 5 0 2 220 2504 1
1 19.42 6.5 2 9 8 1.46 1 1 7 0 2 80 2955 1
1 33.17 1.04 2 12 8 6.5 1 0 0 1 2 164 31286 1
0 51.92 6.5 2 3 5 3.085 0 0 0 1 2 73 1 0
0 27.25 0.28 2 7 8 0.125 0 1 1 1 2 272 109 0
1 34.83 2.5 1 9 4 3 0 0 0 0 1 200 1 0
1 32.75 1.5 2 13 8 5.5 1 1 3 1 2 0 1 1
1 22.5 11.5 1 7 4 1.5 0 0 0 1 2 0 4001 0
1 31.57 5 1 6 4 8.5 1 0 0 0 2 0 1 0
1 26.67 2.71 1 13 4 5.25 1 1 1 0 2 211 1 1
1 22.67 2.54 1 8 8 2.585 1 0 0 0 2 0 1 1
1 25.67 3.25 2 8 8 2.29 0 1 1 1 2 416 22 0
1 33.67 2.16 2 8 4 1.5 0 0 0 0 3 120 1 0
1 44.25 11 1 2 4 1.5 1 0 0 0 1 0 1 0
1 35.17 2.5 2 4 4 4.5 1 1 7 0 2 150 1271 1
1 39.08 6 2 7 4 1.29 1 1 5 1 2 108 1098 1
1 28.33 5 2 9 4 11 1 0 0 1 2 70 1 1
0 52.83 15 2 8 4 5.5 1 1 14 0 2 0 2201 1
1 31.57 0.5 2 8 5 0.835 1 0 0 1 1 320 1 0
0 20.32 10 2 8 8 1 1 1 4 0 2 50 1466 1
1 39.83 0.5 2 7 4 0.25 1 0 0 0 1 288 1 0
0 47.75 8 2 8 4 7.875 1 1 6 1 2 0 1261 1
1 32.08 4 1 13 4 1.5 0 0 0 1 2 120 1 0
1 17.42 6.5 2 3 4 0.125 0 0 0 0 2 60 101 0
1 47.17 5.83 2 9 4 5.5 0 0 0 0 2 465 151 0
1 23.08 0 2 4 4 1 0 1 11 0 1 0 1 0
1 27.58 3.25 1 11 8 5.085 0 1 2 1 2 369 2 0
1 33.17 3.04 1 8 8 2.04 1 1 1 1 2 180 18028 1
0 22.5 8.5 2 11 4 1.75 1 1 10 0 2 80 991 0
0 28.75 3.75 2 8 4 1.085 1 1 1 1 2 371 1 1
0 35.17 3.75 2 1 1 0 0 1 6 0 2 0 201 0
1 22.08 11 2 13 4 0.665 1 0 0 0 2 100 1 1
1 18.82 3.54 1 1 1 0 0 0 0 1 2 180 2 0
0 25.25 13.5 1 1 1 2 0 1 1 1 2 200 2 0
1 27.83 1 1 2 8 3 0 0 0 0 2 176 538 0
0 35.75 0.91 2 6 4 0.75 1 1 4 0 2 0 1584 1
1 27.83 1.54 2 9 4 3.75 1 1 5 1 2 100 4 1
1 31.08 1.5 1 9 4 0.04 0 0 0 0 1 160 1 0
1 23 0.75 2 7 4 0.5 0 0 0 1 1 320 1 0
1 41.5 1.54 2 3 5 3.5 0 0 0 0 2 216 1 1
0 20.67 3 2 11 4 0.165 1 1 3 0 2 100 7 1
0 29.75 0.66 2 9 4 0.25 0 0 0 1 2 300 1 0
1 38.92 1.75 2 4 4 0.5 0 0 0 1 2 300 3 0
0 20.83 0.5 1 10 2 1 0 0 0 0 2 260 1 0
0 16 0.16 2 6 4 1 0 1 2 1 2 320 2 0
1 49.58 19 2 1 1 0 1 1 1 0 2 94 1 0
1 38.17 10.12 2 14 4 2.5 1 1 6 0 2 520 197 1
1 20.17 5.62 2 9 4 1.71 1 0 0 0 1 120 1 1
1 22.08 0.83 2 8 8 2.165 0 0 0 1 2 128 1 1
1 34.75 2.5 2 13 5 0.5 0 0 0 0 2 348 1 0
1 20.17 9.25 2 8 4 1.665 1 1 3 1 2 40 29 1
0 40.33 7.54 1 11 8 8 1 1 14 0 2 0 2301 1
1 23.08 2.5 2 1 1 0.085 0 0 0 1 2 100 4209 0
1 42 9.78 2 14 8 7.96 1 1 8 0 2 0 1 1
0 40.83 10 2 11 8 1.75 1 0 0 0 2 29 838 1
1 38.67 0.21 2 4 4 0.085 1 0 0 1 2 280 1 1
1 21.42 0.75 1 12 7 0.75 0 0 0 1 2 132 3 0
0 16.5 1.25 2 11 4 0.25 0 1 1 0 2 108 99 0
1 34.08 2.5 2 8 4 1 0 0 0 0 2 460 17 0
1 42.5 4.91 1 9 4 3.165 1 0 0 1 2 52 1443 1
1 20.42 0 2 8 4 0 0 0 0 0 3 184 1 0
1 37.5 1.12 1 2 4 1.5 0 0 0 1 2 431 1 1
1 25.67 2.21 1 6 4 4 1 0 0 0 2 188 1 0
1 16.32 4.08 2 3 8 0.415 0 0 0 1 2 120 1 0
1 48.58 0.2 1 4 4 0.25 1 1 11 0 2 380 2733 1
0 37.33 2.5 2 3 8 0.21 0 0 0 0 2 260 247 0
0 60.58 16.5 2 11 4 11 1 0 0 1 2 21 10562 1
1 39.25 9.5 2 7 4 6.5 1 1 14 0 2 240 4608 1
1 49.5 7.58 2 3 5 7.585 1 1 15 1 2 0 5001 1
0 16.32 0.21 2 6 4 0.125 0 0 0 0 2 200 2 0
1 56.58 18.5 2 2 5 15 1 1 17 1 2 0 1 1
0 36.75 5.12 2 10 4 5 1 0 0 1 2 0 4001 1
0 33.08 4.62 2 11 8 1.625 1 1 2 0 2 0 1 1
0 32.33 0.54 2 13 4 0.04 1 0 0 0 2 440 11178 1
0 26.17 2 2 5 3 0 0 0 0 1 2 276 2 0
0 23.5 1.5 2 9 4 0.875 0 0 0 1 2 160 1 0
1 54.83 15.5 2 10 9 0 1 1 20 0 2 152 131 0
1 56.42 28 1 8 4 28.5 1 1 40 0 2 0 16 1
1 62.75 7 2 10 9 0 0 0 0 0 2 0 13 0
0 18.82 9.5 2 9 4 1.625 1 1 6 1 2 40 601 1
1 19.57 0.58 2 1 1 0 0 1 3 0 2 350 770 0
1 24.58 1.25 2 8 4 0.25 0 0 0 0 2 110 1 0
1 39 5 2 13 4 3.5 1 1 10 1 2 0 1 1
0 28.08 15 1 10 9 0 1 0 0 0 2 0 13213 1
1 34.83 4 2 2 5 12.5 1 0 0 1 2 184 1 0
1 23.75 0.41 1 8 4 0.04 0 1 2 0 2 128 7 0
0 38.75 1.5 2 1 1 0 0 0 0 0 2 76 1 0
1 29.42 1.25 2 9 4 1.75 0 0 0 0 2 200 1 0
1 42 0.2 2 3 8 5.125 1 0 0 0 2 400 1 1
1 38.42 0.7 2 8 4 0.375 0 1 2 0 2 225 501 0
1 31.57 0.04 1 2 4 4.25 0 0 0 1 2 460 1 0
0 44.17 6.66 2 11 4 7.375 1 1 3 1 2 0 1 1
0 37.75 5.5 2 11 4 0.125 1 0 0 1 2 228 1 1
1 36.17 0.42 1 9 4 0.29 0 0 0 1 2 309 3 0
1 35.25 16.5 1 8 4 4 1 0 0 0 2 80 1 0
0 29.5 0.46 2 4 4 0.54 1 1 4 0 2 380 501 1
1 34.92 2.5 2 9 4 0 1 0 0 1 2 239 201 1
1 31.57 0.62 2 4 4 0.25 0 0 0 0 2 380 2011 0
1 21.92 0.5 2 8 4 0.125 0 0 0 0 2 360 1 0
1 18.82 0 2 11 4 0.665 0 0 0 0 2 160 2 0
0 28.58 1.66 2 11 4 2.415 1 0 0 1 2 440 1 0

