1 31.58 0.75 1 6 4 3.5 0 0 0 1 2 320 1 0
1 17.07 3.29 2 3 4 0.335 0 0 0 1 2 140 3 0
1 22.33 11 2 9 4 2 1 1 1 0 2 80 279 1
0 19.67 0.21 2 11 8 0.29 1 1 11 0 2 80 100 1
0 33.17 2.25 1 13 4 3.5 0 0 0 1 2 200 142 0
1 22.5 11.5 1 7 4 1.5 0 0 0 1 2 0 4001 0
1 23.25 1.5 2 11 4 2.375 1 1 3 1 2 0 583 1
1 49.58 19 2 1 1 0 1 1 1 0 2 94 1 0
1 52.33 1.37 1 8 8 9.46 1 0 0 1 2 200 101 0
1 34.75 15 2 12 7 5.375 1 1 9 1 2 0 135 1
1 26.17 0.83 2 13 4 1.165 0 0 0 0 2 100 1 0
0 38.25 6 2 4 4 1 1 0 0 1 2 0 1 1
0 31.57 1.5 2 1 1 0 0 1 2 1 2 200 106 0
0 18.92 9 2 6 4 0.75 1 1 2 0 2 88 592 1
1 28.92 15 2 8 8 5.335 1 1 11 0 2 0 2284 1
1 32.08 4 2 7 4 2.5 1 0 0 1 2 360 1 1
1 34 5.08 1 3 5 1.085 0 0 0 1 2 480 1 0
1 25.67 3.25 2 8 8 2.29 0 1 1 1 2 416 22 0
1 37.75 7 2 11 8 11.5 1 1 7 1 2 300 6 0
0 24.92 1.25 2 1 1 0 1 0 0 0 2 80 1 0
1 28.33 5 2 9 4 11 1 0 0 1 2 70 1 1
0 52.83 15 2 8 4 5.5 1 1 14 0 2 0 2201 1
1 34.17 9.17 2 8 4 4.5 1 1 12 1 2 0 222 1
0 38.58 5 2 13 4 13.5 1 0 0 1 2 980 1 0
0 41 2.04 1 11 8 0.125 1 1 23 1 2 455 1237 1
0 20.75 10.25 2 11 4 0.71 1 1 2 1 2 49 1 1
0 26.17 2 2 5 3 0 0 0 0 1 2 276 2 0
0 25.33 2.08 2 8 8 2.75 1 0 0 1 2 360 2 0
1 34 5.5 1 8 4 1.5 0 0 0 1 2 60 1 0
0 17.32 9.5 2 6 4 1.75 0 1 10 1 2 0 11 0
1 27.67 13.75 2 9 4 5.75 1 0 0 1 2 487 501 1
1 24.75 0.54 2 7 4 1 0 0 0 1 2 120 2 0
1 23.25 12.62 2 8 4 0.125 0 1 2 0 2 0 5553 0
1 31.57 0.37 2 2 4 0.875 1 0 0 1 1 928 1 0
1 49.5 7.58 2 3 5 7.585 1 1 15 1 2 0 5001 1
1 34.17 5.25 2 9 4 0.085 0 0 0 1 2 290 7 1
1 56 12.5 2 4 8 8 1 0 0 1 2 24 2029 1
1 26.75 2 2 2 4 0.75 0 0 0 1 2 80 1 0
1 28.25 5.04 1 8 5 1.5 1 1 8 1 2 144 8 1
1 28.25 0.87 2 7 4 0.96 1 1 3 1 2 396 1 1
1 27.58 2.04 1 6 4 2 1 1 3 1 2 370 561 1
1 27.42 12.5 2 6 5 0.25 0 0 0 1 2 720 1 0
1 27.83 1.5 2 9 4 2.25 0 1 1 1 2 100 4 0
1 25.75 0.5 2 8 4 1.46 1 1 5 1 2 312 1 1
0 15.75 0.37 2 8 4 1 0 0 0 0 2 120 19 0
1 22.92 0.17 2 7 4 0.085 0 0 0 0 1 0 1 0
1 18.82 0 2 11 4 0.665 0 0 0 0 2 160 2 0
0 60.58 16.5 2 11 4 11 1 0 0 1 2 21 10562 1
1 21.33 7.5 2 6 4 1.415 1 1 1 0 2 80 9801 1
1 60.08 14.5 2 1 1 18 1 1 15 1 2 0 1001 1
0 25.17 2.87 2 14 8 0.875 1 0 0 0 2 360 1 1
1 20.17 5.62 2 9 4 1.71 1 0 0 0 1 120 1 1
1 19.42 6.5 2 9 8 1.46 1 1 7 0 2 80 2955 1
0 18.82 9.53 2 6 4 0.085 1 0 0 0 2 100 1 1
1 44.33 0.5 2 3 8 5 1 0 0 1 2 320 1 1
1 37.5 1.75 1 8 5 0.25 1 0 0 1 2 164 401 0
1 23.08 2.5 2 1 1 0.085 0 0 0 1 2 100 4209 0
0 27.33 1.66 2 1 1 0 0 0 0 0 2 340 2 0
0 47.42 3 2 14 4 13.875 1 1 2 1 2 519 1705 1
0 34.83 1.25 1 3 8 0.5 0 0 0 1 2 160 1 0
0 18.75 7.5 2 11 4 2.71 1 1 5 0 2 184 26727 1
1 23.42 0.58 2 8 8 0.085 1 0 0 0 2 180 1 0
1 41.92 0.42 2 8 8 0.21 1 1 6 0 2 220 949 1
0 22.67 0.75 2 8 4 2 0 1 2 1 2 200 395 0
1 23.92 1.5 2 2 8 1.875 1 1 6 0 2 200 328 1
1 32.42 3 2 2 4 0.165 0 0 0 1 2 120 1 0
1 37.17 4 2 8 5 5 1 0 0 1 1 280 1 0
1 23.17 11.12 2 14 8 0.46 1 1 1 0 2 100 1 1
1 20.5 10 1 8 4 2.5 1 0 0 0 1 40 1 1
1 47.17 5.83 2 9 4 5.5 0 0 0 0 2 465 151 0
1 41.5 1.54 2 3 5 3.5 0 0 0 0 2 216 1 1
1 56.42 28 1 8 4 28.5 1 1 40 0 2 0 16 1
1 23.42 1 2 8 4 0.5 0 0 0 1 1 280 1 0
1 57.42 8.5 2 10 8 7 1 1 3 0 2 0 1 1
0 19.57 0.66 2 9 4 1.665 0 0 0 0 2 220 6 0
1 26.25 1.54 2 9 4 0.125 0 0 0 0 2 100 1 0
1 22.67 2.54 1 8 8 2.585 1 0 0 0 2 0 1 1
0 20.5 11.83 2 8 8 6 1 0 0 0 2 340 1 1
1 41.33 0 2 8 5 15 1 0 0 0 2 0 1 1
1 26.67 14.58 2 3 5 0 0 0 0 1 2 178 1 0
1 58.58 2.71 2 8 4 2.415 0 0 0 1 2 320 1 0
0 30.25 5.5 2 4 4 5.5 0 0 0 1 1 100 1 0
1 32.83 2.5 2 13 8 2.75 1 1 6 0 2 160 2073 1
0 19.5 0.16 2 11 4 0.04 0 0 0 1 2 380 1 0
1 29.25 13 2 2 8 0.5 0 0 0 0 2 228 1 0
1 18.82 0.41 1 8 4 0.165 0 1 1 0 2 200 2 0
0 31.25 3.75 2 13 8 0.625 1 1 9 1 2 181 1 1
0 29.5 0.46 2 4 4 0.54 1 1 4 0 2 380 501 1
1 29.5 0.57 2 9 4 0.29 0 1 1 0 2 340 2804 0
0 25 11 1 6 4 4.5 1 0 0 0 2 120 1 0
1 74.83 19 1 1 1 0.04 0 1 2 0 2 0 352 0
1 18.57 10.29 2 1 1 0.415 0 0 0 0 2 80 1 0
0 19.17 8.58 2 13 8 0.75 1 1 7 0 2 96 1 1
1 35.58 0.75 2 4 4 1.5 0 0 0 1 2 231 1 0
0 25.75 0.5 2 8 8 0.875 1 0 0 1 2 491 1 1
1 39.25 9.5 2 7 4 6.5 1 1 14 0 2 240 4608 1
0 24.83 4.5 2 9 4 1 0 0 0 1 2 360 7 0
1 20.17 9.25 2 8 4 1.665 1 1 3 1 2 40 29 1
1 27.75 0.58 1 13 4 0.25 1 1 2 0 2 260 501 1
0 18.57 10 2 2 4 0.415 0 0 0 0 2 80 43 0
1 76.75 22.29 2 10 9 12.75 1 1 1 1 2 0 110 1
1 22.58 10.03 2 14 4 0.04 1 1 9 0 2 60 397 1
1 20.67 0.83 1 8 4 2 0 0 0 1 1 240 1 0
1 23.17 0 2 8 4 0 0 0 0 0 3 184 1 1
1 48.33 12 2 7 4 16 1 0 0 0 1 110 1 1
1 23.33 11.62 1 9 4 0.835 1 0 0 1 2 160 301 1
1 19 0 1 1 1 0 0 1 4 0 2 45 2 0
1 25.83 12.83 2 13 4 0.5 0 0 0 0 2 0 3 0
0 58.67 4.46 2 11 8 3.04 1 1 6 0 2 43 561 1
1 25.67 12.5 2 13 4 1.21 1 1 67 1 2 140 259 1
1 48.58 6.5 2 11 8 6 1 0 0 1 2 350 1 1
1 23.58 0.83 2 3 8 0.085 0 0 0 1 2 220 6 0
0 68.67 15 2 10 9 0 1 1 14 0 2 0 3377 1
1 21.25 1.5 2 9 4 1.5 0 0 0 0 2 150 9 1
1 23.08 11.5 2 9 8 2.125 1 1 11 1 2 290 285 1
1 24.83 2.75 2 8 4 2.25 1 1 6 0 2 184 601 1
0 28.17 0.37 2 11 4 0.585 1 1 4 0 2 80 1 1
1 51.33 10 2 3 5 0 1 1 11 0 2 0 1250 1
1 36.33 3.79 2 9 4 1.165 1 0 0 1 2 200 1 0
1 69.17 9 2 1 1 4 0 1 1 0 2 70 7 0
1 48.17 3.5 2 6 4 3.5 1 0 0 0 1 230 1 1
0 57.08 0.33 2 3 5 1 1 0 0 1 2 252 2198 0
0 19.17 0.58 1 6 4 0.585 1 0 0 1 2 160 1 0
0 64.08 0.16 2 1 1 0 1 1 1 0 2 232 101 1
0 28.42 3.5 2 9 4 0.835 1 0 0 0 1 280 1 1
1 35.25 3.16 2 14 8 3.75 1 0 0 1 2 680 1 0
1 24.42 12.33 2 11 8 1.585 1 0 0 1 2 120 1 1
1 21 3 1 2 4 1.085 1 1 8 1 2 160 2 1
1 23.25 4 2 8 5 0.25 1 0 0 1 2 160 1 1
1 20 0 2 2 4 0.5 0 0 0 0 2 144 1 0
0 22.5 0.41 2 3 4 0.335 0 0 0 1 1 144 1 0
0 21.08 5 1 1 1 0 0 0 0 0 2 0 1 0
1 27.83 1 1 2 8 3 0 0 0 0 2 176 538 0
1 57.83 7.04 2 7 4 14 1 1 6 1 2 360 1333 1
1 44 2 2 7 4 1.75 1 1 2 1 2 0 16 1
1 42.5 4.91 1 9 4 3.165 1 0 0 1 2 52 1443 1
1 20.67 0.41 2 8 4 0.125 0 0 0 0 2 0 45 0
0 23.58 0.58 1 1 1 0.125 0 0 0 0 2 120 88 0
1 22.58 1.5 1 6 4 0.54 0 0 0 1 2 120 68 0
1 31.57 0.04 1 2 4 4.25 0 0 0 1 2 460 1 0
1 31.57 3 1 3 5 7 0 0 0 0 2 0 2 0
1 37.58 0 2 8 4 0 0 0 0 0 3 184 1 1
1 23.58 0.46 1 9 4 2.625 1 1 6 1 2 208 348 0
1 35.75 2.41 2 9 4 0.125 0 1 2 0 2 220 2 0
1 34.42 4.25 2 3 5 3.25 1 1 2 0 2 274 611 1
0 69.5 6 2 1 1 0 0 0 0 0 1 0 1 0
0 36.75 4.71 2 1 1 0 0 0 0 0 2 160 1 0
0 21.25 2.33 2 3 5 0.5 1 1 4 0 1 80 1 1
1 26.17 12.5 1 4 8 1.25 0 0 0 1 2 0 18 0
1 16.32 4.08 2 3 8 0.415 0 0 0 1 2 120 1 0
1 21.92 0.5 2 8 4 0.125 0 0 0 0 2 360 1 0
1 47.83 4.16 2 14 5 0.085 0 0 0 1 2 520 1 0
1 23 0.75 2 7 4 0.5 0 0 0 1 1 320 1 0
1 29.58 4.5 2 9 4 7.5 1 1 2 1 2 330 1 1
1 42 0.2 2 3 8 5.125 1 0 0 0 2 400 1 1
1.234 22.08 11.46 2 4 4 1.585 0 0 0 1 2 100 1213 0
1 32.25 0.16 1 8 8 3.25 1 1 1 1 2 432 8001 1
1 24.58 1.25 2 8 4 0.25 0 0 0 0 2 110 1 0
0 25 12.33 2 13 8 3.5 1 1 6 0 2 400 459 1
1 25.42 0.54 2 9 4 0.165 0 1 1 0 2 272 445 0
0 27.17 1.25 2 1 1 0 0 1 1 0 2 92 301 0
1 23.75 12 2 8 4 2.085 0 0 0 0 1 80 1 0
1 22.67 1.58 1 9 4 3.085 1 1 6 0 2 80 1 1
0 22.42 11.25 1 14 8 0.75 1 1 4 0 2 0 322 1
1 42.83 4.62 2 11 4 4.58 1 0 0 0 1 0 1 1

