1 33.58 2.75 2 7 4 4.25 1 1 6 0 2 204 1 1
0 26.08 8.66 2 6 4 1.415 1 0 0 0 2 160 151 1
1 39.83 0.5 2 7 4 0.25 1 0 0 0 1 288 1 0
1 27.42 12.5 2 6 5 0.25 0 0 0 1 2 720 1 0
0 20.67 1.83 2 11 4 2.085 1 1 5 0 2 220 2504 1
0 33.08 1.62 2 2 4 0.54 0 0 0 1 2 0 1 0
0 60.58 16.5 2 11 4 11 1 0 0 1 2 21 10562 1
1 19 0 1 1 1 0 0 1 4 0 2 45 2 0
0 28.5 3.04 1 14 8 2.54 1 1 1 0 2 70 1 1
1 49.5 7.58 2 3 5 7.585 1 1 15 1 2 0 5001 1
1 20.67 0.41 2 8 4 0.125 0 0 0 0 2 0 45 0
1 48.08 6.04 2 4 4 0.04 0 0 0 0 2 0 2691 1
1 26.75 1.12 2 14 8 1.25 1 0 0 0 2 0 5299 1
1 17.25 3 2 4 4 0.04 0 0 0 1 2 160 41 0
1 47.67 0.28 2 8 5 15 1 1 20 0 2 0 15001 1
1 20.42 7 2 8 4 1.625 1 1 3 0 2 200 1392 1
1 13.75 4 1 9 4 1.75 1 1 2 1 2 120 1001 1
1 20.5 10 1 8 4 2.5 1 0 0 0 1 40 1 1
0 65.17 14 2 1 1 0 1 1 11 1 2 0 1401 1
1 33.67 2.16 2 8 4 1.5 0 0 0 0 3 120 1 0
1 18.57 10.29 2 1 1 0.415 0 0 0 0 2 80 1 0
0 23 11.75 2 14 8 0.5 1 1 2 1 2 300 552 1
0 26.17 2 2 5 3 0 0 0 0 1 2 276 2 0
1 22.25 0.46 2 4 4 0.125 0 0 0 1 2 280 56 0
1 21.92 0.54 1 14 4 0.04 1 1 1 1 2 840 60 1
0 25.58 0 2 8 4 0 0 0 0 0 3 184 1 1
1 41.17 1.33 2 2 4 0.165 0 0 0 0 2 168 1 0
1 27.58 3.25 1 11 8 5.085 0 1 2 1 2 369 2 0
1 23.33 1.5 2 8 8 1.415 1 0 0 0 2 422 201 1
1 26.67 2.71 1 13 4 5.25 1 1 1 0 2 211 1 1
0 20.07 1.25 2 8 4 0 0 0 0 0 2 0 1 0
1 36.75 0.12 1 8 4 1.5 0 0 0 1 2 232 114 1
1 73.42 17.75 2 1 1 0 1 0 0 1 2 0 1 1
1 44 2 2 7 4 1.75 1 1 2 1 2 0 16 1
1 22.92 0.17 2 7 4 0.085 0 0 0 0 1 0 1 0
1 43.17 2.25 2 3 5 0.75 1 0 0 0 2 560 1 0
1 22.25 9 2 6 4 0.085 0 0 0 0 2 0 1 0
0 20.42 10.5 1 14 8 0 0 0 0 1 2 154 33 0
1 16.25 0 1 6 4 0.25 0 0 0 0 2 60 1 0
1 41.42 5 2 11 8 5 1 1 6 1 2 470 1 1
0 33.17 2.25 1 13 4 3.5 0 0 0 1 2 200 142 0
1 23.42 0.58 2 8 8 0.085 1 0 0 0 2 180 1 0
0 24.58 0.67 2 6 8 1.75 1 0 0 0 2 400 1 0
1 26.75 4.5 1 8 5 2.5 0 0 0 0 2 200 1211 0
1 37.5 1.12 1 2 4 1.5 0 0 0 1 2 431 1 1
1 48.75 26.33 1 1 1 0 1 0 0 1 2 0 1 0
1 24.5 13.33 1 6 4 0.04 0 0 0 1 2 120 476 0
0 31.25 3.75 2 13 8 0.625 1 1 9 1 2 181 1 1
0 27.33 1.66 2 1 1 0 0 0 0 0 2 340 2 0
1 39.17 1.71 2 14 4 0.125 1 1 5 1 2 480 1 1
0 26.92 13.5 2 11 8 5 1 1 2 0 2 0 5001 1
1 17.5 22 3 1 7 0 0 0 0 1 3 450 100001 1
1 30.83 0 2 9 4 1.25 1 1 1 0 2 202 1 1
1 27.75 0.58 1 13 4 0.25 1 1 2 0 2 260 501 1
1 22.58 10.03 2 14 4 0.04 1 1 9 0 2 60 397 1
1 35.17 2.5 2 4 4 4.5 1 1 7 0 2 150 1271 1
1 44.33 0.5 2 3 8 5 1 0 0 1 2 320 1 1
1 24.42 2 2 10 2 0.165 0 1 2 0 2 320 1301 0
0 52.83 15 2 8 4 5.5 1 1 14 0 2 0 2201 1
1 32.75 1.5 2 13 8 5.5 1 1 3 1 2 0 1 1
1 16.5 0.12 2 8 4 0.165 0 0 0 0 2 132 1 0
1 38.92 1.75 2 4 4 0.5 0 0 0 1 2 300 3 0
1 19.42 1.5 1 13 4 2 1 0 0 1 2 100 21 0
0 18.82 4.41 1 8 8 3 1 0 0 0 2 240 1 1
1 22.33 11 2 9 4 2 1 1 1 0 2 80 279 1
0 22.92 1.25 2 11 4 0.25 0 0 0 1 2 120 810 0
1 56.58 18.5 2 2 5 15 1 1 17 1 2 0 1 1
0 18.57 10 2 2 4 0.415 0 0 0 0 2 80 43 0
1 23.92 0.58 1 13 8 0.125 0 0 0 0 2 240 2 0
1 34.17 9.17 2 8 4 4.5 1 1 12 1 2 0 222 1
1 19.42 7.25 2 7 4 0.04 0 1 1 0 2 100 2 0
0 28.58 3.54 2 3 5 0.5 1 0 0 1 2 171 1 0
1 41.58 1.75 2 4 4 0.21 1 0 0 0 2 160 1 0
0 50.08 12.54 2 6 4 2.29 1 1 3 1 2 156 1 1
1 39.25 9.5 2 7 4 6.5 1 1 14 0 2 240 4608 1
0 41 2.04 1 11 8 0.125 1 1 23 1 2 455 1237 1
0 47.42 3 2 14 4 13.875 1 1 2 1 2 519 1705 1
1 39.33 5.87 2 13 8 10 1 1 14 1 2 399 1 1
1 33.75 2.75 2 3 5 0 0 0 0 0 2 180 1 0
0 38.92 1.66 2 6 4 0.25 0 0 0 0 2 0 391 0
0 57.08 19.5 2 8 4 5.5 1 1 7 0 2 0 3001 1
1 16.92 0.33 1 4 4 0.29 0 0 0 0 1 200 1 0
0 22.58 10.75 2 11 4 0.415 1 1 5 1 2 0 561 1
1 20.67 0.83 1 8 4 2 0 0 0 1 1 240 1 0
0 25 12.33 2 13 8 3.5 1 1 6 0 2 400 459 1
0 27.58 3 2 7 4 2.79 0 1 1 1 2 280 11 0
0 16.92 0.5 2 3 4 0.165 0 1 6 1 2 240 36 0
1 20.17 8.17 2 6 4 1.96 1 1 14 0 2 60 159 1
1 26.75 2 2 2 4 0.75 0 0 0 1 2 80 1 0
1 18.57 5.71 2 2 4 0.54 0 0 0 0 2 120 1 0
1 24.58 13.5 1 1 1 0 0 0 0 0 2 184 1 0
1 36.67 4.41 1 4 4 0.25 1 1 10 1 2 320 1 1
0 27.67 2.04 2 9 4 0.25 0 0 0 1 2 180 51 0
1 42.5 4.91 1 9 4 3.165 1 0 0 1 2 52 1443 1
0 47.25 0.75 2 11 8 2.75 1 1 1 0 2 333 893 1
1 37.75 7 2 11 8 11.5 1 1 7 1 2 300 6 0
1 41.5 1.54 2 3 5 3.5 0 0 0 0 2 216 1 1
1 24.58 12.5 2 9 4 0.875 1 0 0 1 2 260 1 0
1 28.67 14.5 2 2 4 0.125 0 0 0 0 2 0 287 0
0 46.67 0.46 2 13 8 0.415 1 1 11 1 2 440 7 1
1 36.67 3.25 2 11 8 9 1 0 0 1 2 102 640 1
1 40.58 1.5 2 3 5 0 0 0 0 0 1 300 1 0
1 39.42 1.71 1 7 4 0.165 0 0 0 0 1 400 1 0
0 24.5 12.75 2 8 5 4.75 1 1 2 0 2 73 445 1
1 33.5 1.75 2 14 8 4.5 1 1 4 1 2 253 858 1
1 25.25 1 2 6 4 0.5 0 0 0 0 2 200 1 0
1 31.42 15.5 2 8 4 0.5 1 0 0 0 2 120 1 0
1 34.08 2.5 2 8 4 1 0 0 0 0 2 460 17 0
0 33.92 1.58 1 1 1 0 1 0 0 0 2 320 1 0
0 31.57 1.5 2 1 1 0 0 1 2 1 2 200 106 0
1 25.17 3 2 8 4 1.25 0 1 1 0 2 0 23 0
1 18.82 0.41 1 8 4 0.165 0 1 1 0 2 200 2 0
1 33.17 1.04 2 12 8 6.5 1 0 0 1 2 164 31286 1
1 23.42 1 2 8 4 0.5 0 0 0 1 1 280 1 0
1 19.17 0 1 7 5 0 0 0 0 1 1 500 2 1
1 26 1 2 11 4 1.75 1 0 0 1 2 280 1 1
0 17.82 11 2 14 8 1 1 1 11 0 2 0 3001 1
1 24.58 1.25 2 8 4 0.25 0 0 0 0 2 110 1 0
1 34.17 1.54 2 13 4 1.54 1 1 1 1 2 520 50001 1
1 31.25 2.83 2 1 1 0 0 1 5 0 2 176 147 0
0 22.92 11.58 2 13 4 0.04 1 0 0 0 2 80 1350 1
1 24.17 0.87 2 11 4 4.625 1 1 2 1 2 520 2001 1
1 18.17 2.46 2 8 7 0.96 0 1 2 1 2 160 588 0
1 29.5 0.57 2 9 4 0.29 0 1 1 0 2 340 2804 0
1 41.33 0 2 8 5 15 1 0 0 0 2 0 1 1
1 31 2.08 2 8 4 0.085 0 0 0 0 2 300 1 0
1 27 0.75 2 8 8 4.25 1 1 3 1 2 312 151 1
1 42 0.2 2 3 8 5.125 1 0 0 0 2 400 1 1
1 28.92 0.37 2 8 4 0.29 0 0 0 0 2 220 141 0
1 20 1.25 1 4 4 0.125 0 0 0 0 2 140 5 0
0 29.5 0.46 2 4 4 0.54 1 1 4 0 2 380 501 1
0 24.5 2.41 1 8 4 0 0 0 0 0 2 120 1 0
1 38.42 0.7 2 8 4 0.375 0 1 2 0 2 225 501 0
1 32.08 4 1 13 4 1.5 0 0 0 1 2 120 1 0
1 43 0.28 1 13 8 1.75 1 1 8 0 2 100 376 1
0 22.83 2.29 2 11 8 2.29 1 1 7 1 2 140 2385 1
0 45 4.58 2 4 8 1 0 0 0 1 1 240 1 0
0 47.42 8 2 10 5 6.5 1 1 6 0 2 375 51101 1
1 39.92 0.54 1 6 4 0.5 1 1 3 0 2 200 1001 1
1 25.92 0.87 2 4 4 0.375 0 1 2 1 2 174 4 0
1 20.67 5.29 2 11 4 0.375 1 1 1 0 2 160 1 0
0 28.17 0.37 2 11 4 0.585 1 1 4 0 2 80 1 1
0 57.08 0.33 2 3 5 1 1 0 0 1 2 252 2198 0
1 42.75 3 2 3 5 1 1 0 0 0 2 0 201 0
1 34.17 2.75 2 3 5 2.5 0 0 0 1 2 232 201 0
1 25.75 0.5 2 8 4 1.46 1 1 5 1 2 312 1 1
0 17.67 0 1 5 1 0 0 0 0 0 2 86 1 0
1 40 6.5 2 6 5 3.5 1 1 1 0 2 0 501 1
1 34.67 1.08 2 7 4 1.165 0 0 0 0 1 28 1 0
1 41 0.04 2 10 4 0.04 0 1 1 0 1 560 1 1
0 18.42 9.25 2 11 4 1.21 1 1 4 0 2 60 541 1
0 39.08 4 2 8 4 3 0 0 0 0 2 480 1 0
1 36.42 0.75 1 2 4 0.585 0 0 0 0 2 240 4 0
1 27 1.5 1 9 4 0.375 1 0 0 1 2 260 1066 1
1 28.75 1.5 1 8 4 1.5 1 0 0 1 2 0 226 0
1 21.83 0.25 2 2 8 0.665 1 0 0 1 2 0 1 1
0 24.75 12.5 2 6 4 1.5 1 1 12 1 2 120 568 1
1 38.67 0.21 2 4 4 0.085 1 0 0 1 2 280 1 1
1 17.92 0.2 2 6 4 0.04 0 0 0 0 2 280 751 0
1 32.42 3 2 2 4 0.165 0 0 0 1 2 120 1 0
1 25.42 0.54 2 9 4 0.165 0 1 1 0 2 272 445 0
1 43.25 25.21 2 11 8 0.21 1 1 1 0 2 760 91 0
1 19.5 0.28 2 4 4 0.29 0 0 0 0 2 280 365 0
0 34.83 1.25 1 3 8 0.5 0 0 0 1 2 160 1 0
1 56 12.5 2 4 8 8 1 0 0 1 2 24 2029 1

