1 22.67 0.75 2 3 4 1.585 0 1 1 1 2 400 10 0
1 35.17 2.5 2 4 4 4.5 1 1 7 0 2 150 1271 1
1 30.08 1.04 1 3 5 0.5 1 1 10 1 2 132 29 0
0 71.58 0 2 8 4 0 0 0 0 0 3 184 1 1
1 23.25 1 2 8 4 0.835 1 0 0 0 1 300 1 1
1 23 0.75 2 7 4 0.5 0 0 0 1 1 320 1 0
1 25.08 1.71 2 14 4 1.665 1 1 1 1 2 395 21 1
1 39.17 2.5 1 3 8 10 0 0 0 1 1 200 1 0
0 20.83 8.5 2 8 4 0.165 0 0 0 0 2 0 352 0
1 18.57 10.29 2 1 1 0.415 0 0 0 0 2 80 1 0
1 40 6.5 2 6 5 3.5 1 1 1 0 2 0 501 1
1 27.83 1.54 2 9 4 3.75 1 1 5 1 2 100 4 1
1 20.42 1.83 2 8 4 2.25 1 1 1 0 2 100 151 1
0 26.5 2.71 1 8 4 0.085 0 0 0 0 1 80 1 0
1 21.17 0.25 1 8 8 0.25 0 0 0 0 2 280 205 0
1 34.75 15 2 12 7 5.375 1 1 9 1 2 0 135 1
1 36.08 2.54 2 1 1 0 0 0 0 0 2 0 1001 0
1 18.07 5.5 2 4 4 0.5 1 0 0 0 2 80 1 1
1 20.42 1.08 2 11 4 1.5 0 0 0 0 2 108 8 0
0 28.17 0.58 2 6 4 0.04 0 0 0 0 2 260 1005 0
0 24.5 2.41 1 8 4 0 0 0 0 0 2 120 1 0
1 26 1 2 11 4 1.75 1 0 0 1 2 280 1 1
0 55.75 7.08 2 4 8 6.75 1 1 3 1 2 100 51 0
1 24.5 13.33 1 6 4 0.04 0 0 0 1 2 120 476 0
1 18.67 5 2 11 4 0.375 1 1 2 0 2 0 39 0
1 25.67 12.5 2 13 4 1.21 1 1 67 1 2 140 259 1
1 44.33 0.5 2 3 8 5 1 0 0 1 2 320 1 1
0 23.5 9 2 11 4 8.5 1 1 5 1 2 120 1 1
1 22 0.79 2 9 4 0.29 0 1 1 0 2 420 284 0
1 37.33 2.66 2 13 4 0.165 0 0 0 1 2 0 502 0
1 31.57 5 1 6 4 8.5 1 0 0 0 2 0 1 0
1 40.58 3.29 2 7 4 3.5 0 0 0 1 1 400 1 0
0 24.5 0.5 2 11 8 1.5 1 0 0 0 2 280 825 1
0 22.75 6.16 2 6 4 0.165 0 0 0 0 2 220 1001 0
1 13.75 4 1 9 4 1.75 1 1 2 1 2 120 1001 1
0 25 11 1 6 4 4.5 1 0 0 0 2 120 1 0
0 20.75 9.53 2 3 4 0.04 0 0 0 0 2 200 1001 0
1 34.08 2.5 2 8 4 1 0 0 0 0 2 460 17 0
1 42 0.2 2 3 8 5.125 1 0 0 0 2 400 1 1
1 17.57 10 2 9 8 0.165 0 1 1 0 2 120 2 0
1 22.17 12.12 2 8 4 3.335 0 1 2 1 2 180 174 0
1 27.58 3.25 1 11 8 5.085 0 1 2 1 2 369 2 0
0 22.67 0.79 2 3 4 0.085 0 0 0 0 2 144 1 0
0 27.17 1.25 2 1 1 0 0 1 1 0 2 92 301 0
1 34.25 3 2 13 8 7.415 1 0 0 1 2 0 1 1
0 33.67 0.37 2 13 4 0.375 0 0 0 0 2 300 45 1
0 58.33 10 2 11 4 4 1 1 14 0 2 0 1603 1
0 31.75 3 1 5 3 0 0 0 0 0 2 160 21 0
1 47.33 6.5 2 8 4 1 0 0 0 1 2 0 229 0
1 22.17 0.58 1 1 1 0 0 0 0 0 2 100 1 0
1 48.33 12 2 7 4 16 1 0 0 0 1 110 1 1
0 41 2.04 1 11 8 0.125 1 1 23 1 2 455 1237 1
0 49.83 13.58 2 4 8 8.5 1 0 0 1 2 0 1 1
1 36.5 4.25 2 11 4 3.5 0 0 0 0 2 454 51 0
1 34 5.5 1 8 4 1.5 0 0 0 1 2 60 1 0
1 27.83 1.5 2 9 4 2.25 0 1 1 1 2 100 4 0
1 33.67 2.16 2 8 4 1.5 0 0 0 0 3 120 1 0
0 18.07 0.37 3 13 1 10 0 0 0 1 1 300 1 1
1 51.83 2.04 1 1 1 1.5 0 0 0 0 2 120 2 0
1 38.25 10.12 1 4 4 0.125 0 0 0 0 2 160 1 0
0 25 12.33 2 13 8 3.5 1 1 6 0 2 400 459 1
0 33.17 2.25 1 13 4 3.5 0 0 0 1 2 200 142 0
1 52.5 6.5 2 4 4 6.29 1 1 15 0 2 0 11203 1
1 38.42 0.7 2 8 4 0.375 0 1 2 0 2 225 501 0
0 36.58 0.28 2 1 1 0 0 1 10 0 2 200 19 0
0 18.82 4.41 1 8 8 3 1 0 0 0 2 240 1 1
1 76.75 22.29 2 10 9 12.75 1 1 1 1 2 0 110 1
1 19.17 9.5 2 9 4 1.5 1 0 0 0 2 120 2207 1
0 16.32 0.21 2 6 4 0.125 0 0 0 0 2 200 2 0
0 22.92 11.58 2 13 4 0.04 1 0 0 0 2 80 1350 1
1 34.5 4.04 1 3 5 8.5 1 1 7 1 2 195 1 1
0 25.33 2.08 2 8 8 2.75 1 0 0 1 2 360 2 0
1 32.33 7.5 2 10 5 1.585 1 0 0 1 1 420 1 0
1 20.5 10 1 8 4 2.5 1 0 0 0 1 40 1 1
1 22.67 1.58 1 9 4 3.085 1 1 6 0 2 80 1 1
1 44.25 11 1 2 4 1.5 1 0 0 0 1 0 1 0
1 31 2.08 2 8 4 0.085 0 0 0 0 2 300 1 0
1 28.25 0.87 2 7 4 0.96 1 1 3 1 2 396 1 1
1 52.42 1.5 2 2 4 3.75 0 0 0 1 2 0 351 0
1 57.83 7.04 2 7 4 14 1 1 6 1 2 360 1333 1
1 58.58 2.71 2 8 4 2.415 0 0 0 1 2 320 1 0
1 18.07 6.75 1 7 4 0.04 0 0 0 0 2 140 1 0
0 28.08 15 1 10 9 0 1 0 0 0 2 0 13213 1
1 25.75 0.75 2 8 5 0.25 1 0 0 0 2 349 24 1
1 30.33 0.5 2 2 8 0.085 0 0 0 1 1 252 1 0
0 22.67 0.33 2 11 4 0.75 0 0 0 0 1 160 1 0
0 57.58 2 2 1 1 6.5 0 1 1 0 2 0 11 0
1 16.5 0.12 2 8 4 0.165 0 0 0 0 2 132 1 0
0 57.08 0.33 2 3 5 1 1 0 0 1 2 252 2198 0
1 27.67 13.75 2 9 4 5.75 1 0 0 1 2 487 501 1
0 30.42 1.37 2 9 8 0.04 0 1 3 0 2 0 34 0
0 22.5 8.5 2 11 4 1.75 1 1 10 0 2 80 991 0
1 23.58 0.46 1 9 4 2.625 1 1 6 1 2 208 348 0
0 22.5 8.46 1 14 4 2.46 0 0 0 0 2 164 1 1
1 28.92 15 2 8 8 5.335 1 1 11 0 2 0 2284 1
0 18.17 10 1 11 8 0.165 0 0 0 0 2 340 1 0
1 21.33 7.5 2 6 4 1.415 1 1 1 0 2 80 9801 1
1 18 0.16 2 11 7 0.21 0 0 0 0 2 200 41 1
0 37.75 5.5 2 11 4 0.125 1 0 0 1 2 228 1 1
1 34.42 1.33 2 3 5 0.125 0 0 0 1 2 440 4501 0
1 27.42 12.5 2 6 5 0.25 0 0 0 1 2 720 1 0
1 31.83 0.04 1 7 4 0.04 0 0 0 0 2 0 1 0
1 25.58 0.33 2 4 8 3.5 0 0 0 1 2 340 1 0
1 48.08 3.75 2 3 5 1 0 0 0 0 2 100 3 0
1 22 7.83 1 3 5 0.165 0 0 0 1 2 184 1 0
0 19.57 0.66 2 9 4 1.665 0 0 0 0 2 220 6 0
1 28.25 5.04 1 8 5 1.5 1 1 8 1 2 144 8 1
1 16 3.12 2 9 4 0.085 0 1 1 0 2 0 7 0
1 34.83 4 2 2 5 12.5 1 0 0 1 2 184 1 0
1 19.32 10.91 2 8 5 0.585 0 1 2 1 2 200 8 0
0 19.67 0.21 2 11 8 0.29 1 1 11 0 2 80 100 1
0 65.17 14 2 1 1 0 1 1 11 1 2 0 1401 1
0 46.67 0.46 2 13 8 0.415 1 1 11 1 2 440 7 1
1 30.17 6.5 2 13 4 3.125 1 1 8 0 2 330 1201 1
1 32.25 0.16 1 8 8 3.25 1 1 1 1 2 432 8001 1
0 28.67 1.04 2 8 4 2.5 1 1 5 1 2 300 1431 1
1 36.17 18.12 2 9 4 0.085 0 0 0 0 2 320 3553 0
0 36 1 2 8 4 2 1 1 11 0 2 0 457 1
1 62.5 12.75 1 8 8 5 1 0 0 0 2 112 1 0
1 23.92 0.58 1 13 8 0.125 0 0 0 0 2 240 2 0
1 42.75 4.08 2 6 4 0.04 0 0 0 0 2 108 101 0
0 52.83 15 2 8 4 5.5 1 1 14 0 2 0 2201 1
0 24.83 4.5 2 9 4 1 0 0 0 1 2 360 7 0
1 24.42 2 2 10 2 0.165 0 1 2 0 2 320 1301 0
1 24.17 0.87 2 11 4 4.625 1 1 2 1 2 520 2001 1
0 36.75 5.12 2 10 4 5 1 0 0 1 2 0 4001 1
1 33.17 3.04 1 8 8 2.04 1 1 1 1 2 180 18028 1
1 34.08 6.5 2 6 4 0.125 1 0 0 1 2 443 1 0
1 35.75 2.41 2 9 4 0.125 0 1 2 0 2 220 2 0
1 42.75 3 2 3 5 1 1 0 0 0 2 0 201 0
0 33.92 1.58 1 1 1 0 1 0 0 0 2 320 1 0
1 32.92 2.5 2 6 4 1.75 0 1 2 1 2 720 1 0
1 23.75 12 2 8 4 2.085 0 0 0 0 1 80 1 0
1 27.25 1.66 2 13 8 5.085 1 1 9 0 2 399 828 1
1 39.92 5 2 3 5 0.21 0 0 0 0 2 550 1 0
1 48.17 7.62 2 9 8 15.5 1 1 12 0 2 0 791 1
1 24.83 2.75 2 8 4 2.25 1 1 6 0 2 184 601 1
1 33.17 1.04 2 12 8 6.5 1 0 0 1 2 164 31286 1
1 39.17 1.71 2 14 4 0.125 1 1 5 1 2 480 1 1
1 20.67 0.83 1 8 4 2 0 0 0 1 1 240 1 0
1 41.17 4.04 2 13 8 7 1 1 8 0 2 320 1 1
1 20.75 5.08 1 5 4 0.29 0 0 0 0 2 140 185 0
0 25.75 0.5 2 8 8 0.875 1 0 0 1 2 491 1 1
0 28.5 3.04 1 14 8 2.54 1 1 1 0 2 70 1 1
0 20.42 0.83 2 11 4 1.585 1 1 1 0 2 0 1 1
1 26.67 2.71 1 13 4 5.25 1 1 1 0 2 211 1 1
1 34.25 1.75 2 9 5 0.25 1 0 0 1 2 163 1 0
1 20 11.04 2 8 4 2 0 0 0 1 2 136 1 0
0 20.5 11.83 2 8 8 6 1 0 0 0 2 340 1 1
1 24.33 6.62 1 2 4 5.5 1 0 0 1 1 100 1 1
1 27.83 4 1 3 8 5.75 1 1 2 1 2 75 1 0
0 18.82 9.5 2 9 4 1.625 1 1 6 1 2 40 601 1
1 41.75 0.96 2 14 4 2.5 1 0 0 0 2 510 601 1
0 28.58 1.66 2 11 4 2.415 1 0 0 1 2 440 1 0
0 19.57 0.66 1 8 4 1 0 1 1 0 2 2000 3 0
1 36.67 2 2 3 4 0.25 0 0 0 1 2 221 1 0
1 25 12 2 4 4 2.25 1 1 2 1 2 120 6 0
1 39.25 9.5 2 7 4 6.5 1 1 14 0 2 240 4608 1
1 33.67 1.25 2 9 4 1.165 0 0 0 0 2 120 1 0
0 24.08 0.5 2 11 8 1.25 1 1 1 0 2 0 679 1
0 56.5 16 2 5 1 0 1 1 15 0 2 0 248 1
1 29.67 0.75 1 8 4 0.04 0 0 0 0 2 240 1 0
1 39.58 5 2 1 1 0 0 1 2 0 2 17 2 0
1 21.17 0 2 8 4 0.5 0 0 0 1 1 0 1 0
1 43.08 0.37 1 8 4 0.375 1 1 8 1 2 300 163 1

