1 32.67 9 1 9 8 5.25 1 0 0 1 2 154 1 1
1 22.92 3.16 1 8 4 0.165 0 0 0 0 2 160 1059 0
1 27.83 1.5 2 9 4 2.25 0 1 1 1 2 100 4 0
1 28.67 14.5 2 2 4 0.125 0 0 0 0 2 0 287 0
1 39.5 1.62 2 8 4 1.5 0 0 0 0 2 0 317 0
0 56.83 4.25 1 1 1 5 0 0 0 1 2 0 5 0
0 29.58 1.75 1 4 4 1.25 0 0 0 1 2 280 1 0
1 28.75 1.5 1 8 4 1.5 1 0 0 1 2 0 226 0
0 30.42 1.37 2 9 8 0.04 0 1 3 0 2 0 34 0
0 24.08 0.5 2 11 8 1.25 1 1 1 0 2 0 679 1
0 31.57 1.5 2 1 1 0 0 1 2 1 2 200 106 0
1 37.75 7 2 11 8 11.5 1 1 7 1 2 300 6 0
1 18 0.16 2 11 7 0.21 0 0 0 0 2 200 41 1
0 20.67 1.83 2 11 4 2.085 1 1 5 0 2 220 2504 1
1 23.08 11.5 2 3 4 3.5 1 1 9 0 2 56 743 1
1 21.25 1.5 2 9 4 1.5 0 0 0 0 2 150 9 1
0 24.5 12.75 2 8 5 4.75 1 1 2 0 2 73 445 1
1 35.25 16.5 1 8 4 4 1 0 0 0 2 80 1 0
0 31.92 3.12 2 1 1 3.04 0 1 2 1 2 200 5 0
1 42.5 4.91 1 9 4 3.165 1 0 0 1 2 52 1443 1
1 23.5 3.16 1 4 4 0.415 0 1 1 1 2 280 81 0
1 17.25 3 2 4 4 0.04 0 0 0 1 2 160 41 0
0 21.5 6 2 6 4 2.5 1 1 3 0 2 80 919 1
0 23.5 1.5 2 9 4 0.875 0 0 0 1 2 160 1 0
0 17.82 11 2 14 8 1 1 1 11 0 2 0 3001 1
0 20.42 10.5 1 14 8 0 0 0 0 1 2 154 33 0
1 31.25 1.12 2 1 1 0 0 1 1 0 2 96 20 0
1 24.83 2.75 2 8 4 2.25 1 1 6 0 2 184 601 1
1 20.42 1.08 2 11 4 1.5 0 0 0 0 2 108 8 0
1 24.5 13.33 1 6 4 0.04 0 0 0 1 2 120 476 0
1 23 0.75 2 7 4 0.5 1 0 0 1 1 320 1 0
0 20.32 10 2 8 8 1 1 1 4 0 2 50 1466 1
0 51.92 6.5 2 3 5 3.085 0 0 0 1 2 73 1 0
1 48.58 6.5 2 11 8 6 1 0 0 1 2 350 1 1
1 39.92 5 2 3 5 0.21 0 0 0 0 2 550 1 0
1 23.25 1 2 8 4 0.835 1 0 0 0 1 300 1 1
1 59.67 1.54 2 11 4 0.125 1 0 0 1 2 260 1 1
1 36.17 5.5 2 3 5 5 0 0 0 0 2 210 688 0
0 36 1 2 8 4 2 1 1 11 0 2 0 457 1
0 56.5 16 2 5 1 0 1 1 15 0 2 0 248 1
1 19 0 1 1 1 0 0 1 4 0 2 45 2 0
0 58.33 10 2 11 4 4 1 1 14 0 2 0 1603 1
0 33.17 2.25 1 13 4 3.5 0 0 0 1 2 200 142 0
1 31.67 0.83 2 14 4 1.335 1 1 8 1 2 303 3291 1
1 16.25 0.83 2 7 4 0.085 1 0 0 0 1 200 1 0
1 39.92 6.21 2 11 4 0.04 1 1 1 0 2 200 301 1
1 16.5 0.12 2 8 4 0.165 0 0 0 0 2 132 1 0
1 28.67 9.33 2 11 8 5.665 1 1 6 0 2 381 169 1
1 27.58 2.04 1 6 4 2 1 1 3 1 2 370 561 1
1 27.67 0.75 2 11 8 0.165 0 0 0 1 2 220 252 0
1 69.17 9 2 1 1 4 0 1 1 0 2 70 7 0
1 20.07 0.25 2 11 4 0.125 0 0 0 0 2 200 1 0
0 31.57 3.5 2 2 4 3 1 0 0 1 2 300 1 0
1 23.33 11.62 1 9 4 0.835 1 0 0 1 2 160 301 1
0 36.75 5.12 2 10 4 5 1 0 0 1 2 0 4001 1
0 40.33 8.12 1 4 4 0.165 0 1 2 0 2 184 19 0
1 25.67 2.21 1 6 4 4 1 0 0 0 2 188 1 0
0 25.42 1.12 2 11 4 1.29 1 1 2 0 2 200 1 0
0 29.5 1.08 1 14 4 1 0 0 0 0 2 280 14 0
1 37.17 4 2 8 5 5 1 0 0 1 1 280 1 0
1 29.17 3.5 2 9 4 3.5 1 1 3 1 2 329 1 0
1 24.58 12.5 2 9 4 0.875 1 0 0 1 2 260 1 0
0 38.92 1.66 2 6 4 0.25 0 0 0 0 2 0 391 0
0 31.75 3 1 5 3 0 0 0 0 0 2 160 21 0
1 34 4.5 2 6 4 1 1 0 0 1 2 240 1 0
1 26.25 1.54 2 9 4 0.125 0 0 0 0 2 100 1 0
1 22.17 2.25 2 3 4 0.125 0 0 0 0 2 160 11 0
1 31.67 16.16 2 2 4 3 1 1 9 0 2 250 731 1
1 30.33 0.5 2 2 8 0.085 0 0 0 1 1 252 1 0
1 23.58 0.83 2 3 8 0.085 0 0 0 1 2 220 6 0
1 22.92 0.17 2 7 4 0.085 0 0 0 0 1 0 1 0
0 24.5 0.5 2 11 8 1.5 1 0 0 0 2 280 825 1
1 16.32 4.08 2 3 8 0.415 0 0 0 1 2 120 1 0
0 27.42 14.5 2 14 8 3.085 1 1 1 0 2 120 12 1
1 39.17 1.71 2 14 4 0.125 1 1 5 1 2 480 1 1
1 29.58 4.5 2 9 4 7.5 1 1 2 1 2 330 1 1
1 36.17 0.42 1 9 4 0.29 0 0 0 1 2 309 3 0
0 22.5 0.41 2 3 4 0.335 0 0 0 1 1 144 1 0
0 20.83 3 2 6 4 0.04 1 0 0 0 2 100 1 1
1 22.75 11 2 11 4 2.5 1 1 7 1 2 100 810 1
1 19.67 0.37 2 11 4 2 1 1 2 1 2 80 1 1
1 18.07 6.75 1 7 4 0.04 0 0 0 0 2 140 1 0
1 38.92 1.75 2 4 4 0.5 0 0 0 1 2 300 3 0
1 32.67 5.5 2 11 8 5.5 1 1 12 1 2 408 1001 1
0 22.5 8.46 1 14 4 2.46 0 0 0 0 2 164 1 1
1 33.17 1 2 14 4 0.75 1 1 7 1 2 340 4072 1
1 32.25 14 1 1 1 0 0 1 2 0 2 160 2 0
1 44.25 0.5 2 7 4 10.75 1 0 0 0 1 400 1 0
1 40.58 3.29 2 7 4 3.5 0 0 0 1 1 400 1 0
1 34.92 5 2 14 8 7.5 1 1 6 1 2 0 1001 1
1 39.17 1.62 2 8 4 1.5 1 1 10 0 2 186 4701 1
0 19.57 0.66 2 9 4 1.665 0 0 0 0 2 220 6 0
0 46.08 3 2 8 4 2.375 1 1 8 1 2 396 4160 1
0 20.83 8.5 2 8 4 0.165 0 0 0 0 2 0 352 0
1 56.75 12.25 2 7 4 1.25 1 1 4 1 2 200 1 1
0 25.25 12.5 2 2 4 1 0 0 0 1 2 180 1063 0
1 18.17 10.25 2 8 8 1.085 0 0 0 0 2 320 14 0
0 17.57 9 2 6 4 1.375 1 0 0 1 2 0 1 1
0 27.67 1.5 2 7 4 2 1 0 0 0 1 368 1 0
1 49.5 7.58 2 3 5 7.585 1 1 15 1 2 0 5001 1
1 39.83 0.5 2 7 4 0.25 1 0 0 0 1 288 1 0
1 41.17 1.25 1 9 4 0.25 0 0 0 0 2 0 196 0
1 37.5 0.83 2 10 4 0.04 0 0 0 0 2 120 6 0
1 31 2.08 2 8 4 0.085 0 0 0 0 2 300 1 0
1 37.33 6.5 2 7 8 4.25 1 1 12 1 2 93 1 1
1 60.08 14.5 2 1 1 18 1 1 15 1 2 0 1001 1
1 43.25 3 2 11 8 6 1 1 11 0 2 80 1 1
0 19.5 0.16 2 11 4 0.04 0 0 0 1 2 380 1 0
0 26.58 2.54 1 1 1 0 0 0 0 1 2 180 61 0
0 15.75 0.37 2 8 4 1 0 0 0 0 2 120 19 0
1 19.42 1.5 1 13 4 2 1 0 0 1 2 100 21 0
1 34.42 4.25 2 3 5 3.25 1 1 2 0 2 274 611 1
0 18.17 10 1 11 8 0.165 0 0 0 0 2 340 1 0
1 58.58 2.71 2 8 4 2.415 0 0 0 1 2 320 1 0
0 28.17 0.58 2 6 4 0.04 0 0 0 0 2 260 1005 0
1 33.17 1.04 2 12 8 6.5 1 0 0 1 2 164 31286 1
0 33.75 0.75 2 4 5 1 1 1 3 1 2 212 1 0
1 17.07 0.25 2 11 4 0.335 0 1 4 0 2 160 9 0
1 22.08 11 2 13 4 0.665 1 0 0 0 2 100 1 1
1 24.75 0.54 2 7 4 1 0 0 0 1 2 120 2 0
0 28.67 1.04 2 8 4 2.5 1 1 5 1 2 300 1431 1
0 29.5 0.46 2 4 4 0.54 1 1 4 0 2 380 501 1
1 35.58 0.75 2 4 4 1.5 0 0 0 1 2 231 1 0
1 25 11.25 2 8 4 2.5 1 1 17 0 2 200 1209 1
1 30.17 6.5 2 13 4 3.125 1 1 8 0 2 330 1201 1
1 28.92 0.37 2 8 4 0.29 0 0 0 0 2 220 141 0
1 41.17 1.33 2 2 4 0.165 0 0 0 0 2 168 1 0
0 19.75 0.75 2 8 4 0.795 1 1 5 1 2 140 6 0
1 21 4.79 1 9 4 2.25 1 1 1 1 2 80 301 1
1 42.75 3 2 3 5 1 1 0 0 0 2 0 201 0
1 33.5 1.75 2 14 8 4.5 1 1 4 1 2 253 858 1
0 23 11.75 2 14 8 0.5 1 1 2 1 2 300 552 1
1 56.58 18.5 2 2 5 15 1 1 17 1 2 0 1 1
1 42.83 1.25 2 7 4 13.875 0 1 1 1 2 352 113 0
0 19.17 8.58 2 13 8 0.75 1 1 7 0 2 96 1 1
1 23.08 2.5 2 1 1 0.085 0 0 0 1 2 100 4209 0
1 19.57 0.58 2 1 1 0 0 1 3 0 2 350 770 0
0 22.58 10.75 2 11 4 0.415 1 1 5 1 2 0 561 1
1 25.75 0.75 2 8 5 0.25 1 0 0 0 2 349 24 1
1 36.67 2 2 3 4 0.25 0 0 0 1 2 221 1 0
1 38.58 3.33 2 9 4 4 1 1 14 0 2 383 1345 1
0 46.67 0.46 2 13 8 0.415 1 1 11 1 2 440 7 1
0 34.83 1.25 1 3 8 0.5 0 0 0 1 2 160 1 0
1 22.75 11.5 2 3 4 0.415 0 0 0 0 2 0 1 0
1 25.75 0.5 2 8 4 1.46 1 1 5 1 2 312 1 1
1 67.75 5.5 2 10 9 13 1 1 1 1 2 0 1 1
1 21.83 11 2 14 4 0.29 1 1 6 0 2 121 1 1
1 31.08 1.5 1 9 4 0.04 0 0 0 0 1 160 1 0
1 23.42 0.58 2 8 8 0.085 1 0 0 0 2 180 1 0
1 32.25 0.16 1 8 8 3.25 1 1 1 1 2 432 8001 1
1 41.42 5 2 11 8 5 1 1 6 1 2 470 1 1
1 51.83 3 1 1 1 1.5 0 0 0 0 2 180 5 0
1 28.92 15 2 8 8 5.335 1 1 11 0 2 0 2284 1
1 37.58 0 2 8 4 0 0 0 0 0 3 184 1 1
1 39.25 9.5 2 7 4 6.5 1 1 14 0 2 240 4608 1
1 31.92 4.46 2 13 8 6.04 1 1 3 0 2 311 301 1
0 55.75 7.08 2 4 8 6.75 1 1 3 1 2 100 51 0
1 54.83 15.5 2 10 9 0 1 1 20 0 2 152 131 0
1 17.67 4.46 2 8 4 0.25 0 0 0 0 1 80 1 0
1 76.75 22.29 2 10 9 12.75 1 1 1 1 2 0 110 1
0 49 1.5 2 5 3 0 1 0 0 1 2 100 28 0
1 35.17 4.5 2 14 8 5.75 0 0 0 1 1 711 1 1
0 24.33 2.5 1 3 5 4.5 0 0 0 0 2 200 457 0
1 18.32 1.21 1 10 2 0 0 0 0 0 2 100 1 0
0 22.75 6.16 2 6 4 0.165 0 0 0 0 2 220 1001 0

