1 19.42 6.5 2 9 8 1.46 1 1 7 0 2 80 2955 1
0 23.58 0.58 1 1 1 0.125 0 0 0 0 2 120 88 0
1 36.08 2.54 2 1 1 0 0 0 0 0 2 0 1001 0
1 39.08 6 2 7 4 1.29 1 1 5 1 2 108 1098 1
1 22.92 3.16 1 8 4 0.165 0 0 0 0 2 160 1059 0
1 20 7 2 8 4 0.5 0 0 0 0 2 0 1 0
0 16.92 0.5 2 3 4 0.165 0 1 6 1 2 240 36 0
1 28.25 0.87 2 7 4 0.96 1 1 3 1 2 396 1 1
1 26.67 14.58 2 3 5 0 0 0 0 1 2 178 1 0
0 15.83 0.58 2 8 8 1.5 1 1 2 0 2 100 1 1
0 25 12.33 2 13 8 3.5 1 1 6 0 2 400 459 1
0 20.67 1.83 2 11 4 2.085 1 1 5 0 2 220 2504 1
1 16.17 0.04 2 8 4 0.04 0 0 0 0 2 0 1 1
1 33.5 1.75 2 14 8 4.5 1 1 4 1 2 253 858 1
1 19.5 9.58 2 6 4 0.79 0 0 0 0 2 80 351 0
1 74.83 19 1 1 1 0.04 0 1 2 0 2 0 352 0
0 48.17 1.33 2 3 7 0.335 0 0 0 0 2 0 121 0
0 24.5 1.75 1 8 4 0.165 0 0 0 0 2 132 1 0
1 27.83 1 1 2 8 3 0 0 0 0 2 176 538 0
0 41.17 6.5 2 11 4 0.5 1 1 3 1 2 145 1 1
1 19.17 9.5 2 9 4 1.5 1 0 0 0 2 120 2207 1
0 17.82 11 2 14 8 1 1 1 11 0 2 0 3001 1
1 48.33 12 2 7 4 16 1 0 0 0 1 110 1 1
1 27.42 12.5 2 6 5 0.25 0 0 0 1 2 720 1 0
1 34 4.5 2 6 4 1 1 0 0 1 2 240 1 0
1 36.67 3.25 2 11 8 9 1 0 0 1 2 102 640 1
1 23.5 2.75 2 1 1 4.5 0 0 0 0 2 160 26 0
0 28.67 1.04 2 8 4 2.5 1 1 5 1 2 300 1431 1
1 36.17 0.42 1 9 4 0.29 0 0 0 1 2 309 3 0
1 41.33 0 2 8 5 15 1 0 0 0 2 0 1 1
1 29.25 13 2 2 8 0.5 0 0 0 0 2 228 1 0
0 35.42 12 2 11 8 14 1 1 8 0 2 0 6591 1
0 40.33 8.12 1 4 4 0.165 0 1 2 0 2 184 19 0
1 28.25 5.04 1 8 5 1.5 1 1 8 1 2 144 8 1
1 35.75 2.41 2 9 4 0.125 0 1 2 0 2 220 2 0
1 52.33 1.37 1 8 8 9.46 1 0 0 1 2 200 101 0
0 19.17 0.58 1 6 4 0.585 1 0 0 1 2 160 1 0
0 19.67 0.21 2 11 8 0.29 1 1 11 0 2 80 100 1
1 33.17 3.16 1 14 4 3.165 1 1 3 1 2 380 1 1
0 20.42 7.5 2 4 4 1.5 1 1 1 0 2 160 235 1
1 48.58 6.5 2 11 8 6 1 0 0 1 2 350 1 1
1 21.5 9.75 2 8 4 0.25 1 0 0 0 2 140 1 0
0 58.42 21 2 3 5 10 1 1 13 0 2 0 6701 1
1 31.67 0.83 2 14 4 1.335 1 1 8 1 2 303 3291 1
0 20.07 0.12 2 11 4 1 0 1 1 0 2 240 769 1
0 24.75 12.5 2 6 4 1.5 1 1 12 1 2 120 568 1
1 34 5.5 1 8 4 1.5 0 0 0 1 2 60 1 0
0 22.67 3.8 2 8 4 0.165 0 0 0 0 2 160 1 0
1 20.17 8.17 2 6 4 1.96 1 1 14 0 2 60 159 1
1 25 12 2 4 4 2.25 1 1 2 1 2 120 6 0
1 40.92 2.25 1 14 8 10 1 0 0 1 2 176 1 0
1 35.17 25.12 2 14 8 1.625 1 1 1 1 2 515 501 1
0 65.17 14 2 1 1 0 1 1 11 1 2 0 1401 1
1 29.67 0.75 1 8 4 0.04 0 0 0 0 2 240 1 0
1 31.25 1.12 2 1 1 0 0 1 1 0 2 96 20 0
0 28.08 15 1 10 9 0 1 0 0 0 2 0 13213 1
1 21.58 0.79 1 13 4 0.665 0 0 0 0 2 160 1 0
1 32.75 1.5 2 13 8 5.5 1 1 3 1 2 0 1 1
0 19.17 5.41 2 3 8 0.29 0 0 0 0 2 80 485 0
1 30.17 0.5 2 8 4 1.75 1 1 11 0 2 32 541 1
1 26.75 1.12 2 14 8 1.25 1 0 0 0 2 0 5299 1
0 40.83 10 2 11 8 1.75 1 0 0 0 2 29 838 1
1 48.08 3.75 2 3 5 1 0 0 0 0 2 100 3 0
0 51.92 6.5 2 3 5 3.085 0 0 0 1 2 73 1 0
1 21.08 10.08 1 10 8 1.25 0 0 0 0 2 260 1 0
0 21.67 11.5 1 5 3 0 1 1 11 1 2 0 1 1
0 22.5 0.41 2 3 4 0.335 0 0 0 1 1 144 1 0
1 31.58 0.75 1 6 4 3.5 0 0 0 1 2 320 1 0
1 28.92 15 2 8 8 5.335 1 1 11 0 2 0 2284 1
0 31.57 11.25 2 1 1 0 0 0 0 0 2 184 5201 0
1 28.67 14.5 2 2 4 0.125 0 0 0 0 2 0 287 0
1 22.25 9 2 6 4 0.085 0 0 0 0 2 0 1 0
1 62.75 7 2 10 9 0 0 0 0 0 2 0 13 0
1 26.75 4.5 1 8 5 2.5 0 0 0 0 2 200 1211 0
1 34.25 1.75 2 9 5 0.25 1 0 0 1 2 163 1 0
1 22.17 2.25 2 3 4 0.125 0 0 0 0 2 160 11 0
1 29.17 3.5 2 9 4 3.5 1 1 3 1 2 329 1 0
1 25.08 1.71 2 14 4 1.665 1 1 1 1 2 395 21 1
1 23.25 4 2 8 5 0.25 1 0 0 1 2 160 1 1
1 44.25 0.5 2 7 4 10.75 1 0 0 0 1 400 1 0
1 27 0.75 2 8 8 4.25 1 1 3 1 2 312 151 1
1 39.33 5.87 2 13 8 10 1 1 14 1 2 399 1 1
1 31.67 16.16 2 2 4 3 1 1 9 0 2 250 731 1
1 28.58 3.62 2 6 4 0.25 0 0 0 1 2 100 1 0
1 34.08 0.08 1 7 5 0.04 1 1 1 1 2 280 2001 1
1 20.42 0 2 8 4 0 0 0 0 0 3 184 1 0
1 22.83 3 2 7 4 1.29 1 1 1 0 2 260 801 1
1 36.17 5.5 2 3 5 5 0 0 0 0 2 210 688 0
1 32.25 14 1 1 1 0 0 1 2 0 2 160 2 0
1 27.83 1.54 2 9 4 3.75 1 1 5 1 2 100 4 1
0 16 0.16 2 6 4 1 0 1 2 1 2 320 2 0
1 59.67 1.54 2 11 4 0.125 1 0 0 1 2 260 1 1
1 34.58 0 2 8 4 0 0 0 0 0 3 184 1 0
1 31.33 19.5 2 8 4 7 1 1 16 0 2 0 5001 1
0 18.82 9.53 2 6 4 0.085 1 0 0 0 2 100 1 1
1 23.08 11.5 2 9 8 2.125 1 1 11 1 2 290 285 1
1 28.25 5.12 2 14 4 4.75 1 1 2 0 2 420 8 1
1 22.08 0.83 2 8 8 2.165 0 0 0 1 2 128 1 1
1 43.17 2.25 2 3 5 0.75 1 0 0 0 2 560 1 0
0 23.58 0.83 2 11 4 0.415 0 1 1 1 2 200 12 0
0 26.17 2 2 5 3 0 0 0 0 1 2 276 2 0
1 33 2.5 1 9 4 7 0 0 0 1 2 280 1 0
0 25.08 2.54 1 6 4 0.25 1 0 0 1 2 370 1 1
1 21.08 4.12 1 3 8 0.04 0 0 0 0 2 140 101 0
1 29.5 0.57 2 9 4 0.29 0 1 1 0 2 340 2804 0
1 15.17 7 2 10 4 1 0 0 0 0 2 600 1 0
0 32 6 2 2 4 1.25 0 0 0 0 2 272 1 0
1 23.92 1.5 2 2 8 1.875 1 1 6 0 2 200 328 1
1 38.17 10.12 2 14 4 2.5 1 1 6 0 2 520 197 1
1 42.83 1.25 2 7 4 13.875 0 1 1 1 2 352 113 0
1 27.25 1.66 2 13 8 5.085 1 1 9 0 2 399 828 1
1 25 11.25 2 8 4 2.5 1 1 17 0 2 200 1209 1
1 54.42 0.5 1 4 8 3.96 1 0 0 0 2 180 315 1
0 45 4.58 2 4 8 1 0 0 0 1 1 240 1 0
0 34.83 1.25 1 3 8 0.5 0 0 0 1 2 160 1 0
0 22.58 10.75 2 11 4 0.415 1 1 5 1 2 0 561 1
0 20.32 10 2 8 8 1 1 1 4 0 2 50 1466 1
0 22.67 0.75 2 8 4 2 0 1 2 1 2 200 395 0
1 32.08 4 2 7 4 2.5 1 0 0 1 2 360 1 1
1 23.17 11.12 2 14 8 0.46 1 1 1 0 2 100 1 1
1 21 4.79 1 9 4 2.25 1 1 1 1 2 80 301 1
1 49.58 19 2 1 1 0 1 1 1 0 2 94 1 0
0 38.58 5 2 13 4 13.5 1 0 0 1 2 980 1 0
0 42.25 1.75 1 8 4 0 0 0 0 1 2 150 2 0
1 41.5 1.54 2 3 5 3.5 0 0 0 0 2 216 1 1
1 38.67 0.21 2 4 4 0.085 1 0 0 1 2 280 1 1
0 23 11.75 2 14 8 0.5 1 1 2 1 2 300 552 1
1 22.17 0.58 1 1 1 0 0 0 0 0 2 100 1 0
0 41.33 1 2 3 5 2.25 1 0 0 1 2 0 301 1
1 22.33 11 2 9 4 2 1 1 1 0 2 80 279 1
1 19.5 0.28 2 4 4 0.29 0 0 0 0 2 280 365 0
1 22.58 1.5 1 6 4 0.54 0 0 0 1 2 120 68 0
0 47.42 3 2 14 4 13.875 1 1 2 1 2 519 1705 1
1 42 9.78 2 14 8 7.96 1 1 8 0 2 0 1 1
1 49.5 7.58 2 3 5 7.585 1 1 15 1 2 0 5001 1
1 18.17 2.46 2 8 7 0.96 0 1 2 1 2 160 588 0
0 49.83 13.58 2 4 8 8.5 1 0 0 1 2 0 1 1
1 62.5 12.75 1 8 8 5 1 0 0 0 2 112 1 0
0 47.25 0.75 2 11 8 2.75 1 1 1 0 2 333 893 1
1 21.83 11 2 14 4 0.29 1 1 6 0 2 121 1 1
0 22.5 8.5 2 11 4 1.75 1 1 10 0 2 80 991 0
1 16.92 0.33 1 4 4 0.29 0 0 0 0 1 200 1 0
1 52.5 6.5 2 4 4 6.29 1 1 15 0 2 0 11203 1
1 48.75 26.33 1 1 1 0 1 0 0 1 2 0 1 0
0 24.5 0.5 2 11 8 1.5 1 0 0 0 2 280 825 1
0 25 11 1 6 4 4.5 1 0 0 0 2 120 1 0
0 35.75 0.91 2 6 4 0.75 1 1 4 0 2 0 1584 1
0 20.42 10.5 1 14 8 0 0 0 0 1 2 154 33 0
1 36.75 0.12 1 8 4 1.5 0 0 0 1 2 232 114 1
0 21.5 6 2 6 4 2.5 1 1 3 0 2 80 919 1
0 26.5 2.71 1 8 4 0.085 0 0 0 0 1 80 1 0
1 34.42 1.33 2 3 5 0.125 0 0 0 1 2 440 4501 0
0 56.5 16 2 5 1 0 1 1 15 0 2 0 248 1
0 24.5 12.75 2 8 5 4.75 1 1 2 0 2 73 445 1
1 23.33 1.5 2 8 8 1.415 1 0 0 0 2 422 201 1
1 18.57 10.29 2 1 1 0.415 0 0 0 0 2 80 1 0
1 39.5 4.25 2 8 5 6.5 1 1 16 0 2 117 1211 1
0 22.92 11.58 2 13 4 0.04 1 0 0 0 2 80 1350 1
0 45.33 1 2 11 4 0.125 0 0 0 1 2 263 1 0
1 34.83 2.5 1 9 4 3 0 0 0 0 1 200 1 0
1 43.17 5 2 3 5 2.25 0 0 0 1 2 141 1 0
0 38.33 4.41 2 8 4 0.125 0 0 0 0 2 160 1 0
0 22.42 11.25 1 14 8 0.75 1 1 4 0 2 0 322 1
1 19.42 1.5 1 13 4 2 1 0 0 1 2 100 21 0
1 33.17 1 2 14 4 0.75 1 1 7 1 2 340 4072 1

