1 40.25 21.5 2 10 9 20 1 1 11 0 2 0 1201 1
1 39.08 6 2 7 4 1.29 1 1 5 1 2 108 1098 1
1 18.82 0 2 11 4 0.665 0 0 0 0 2 160 2 0
1 34.42 1.33 2 3 5 0.125 0 0 0 1 2 440 4501 0
1 36.33 2.12 1 9 4 0.085 1 1 1 0 2 50 1188 1
0 21.67 11.5 1 5 3 0 1 1 11 1 2 0 1 1
1 25 12 2 4 4 2.25 1 1 2 1 2 120 6 0
1 19.5 9.58 2 6 4 0.79 0 0 0 0 2 80 351 0
1 45 8.5 2 13 8 14 1 1 1 1 2 88 2001 1
1 43 0.28 1 13 8 1.75 1 1 8 0 2 100 376 1
0 26.5 2.71 1 8 4 0.085 0 0 0 0 1 80 1 0
1 22 0.79 2 9 4 0.29 0 1 1 0 2 420 284 0
0 25.33 2.08 2 8 8 2.75 1 0 0 1 2 360 2 0
1 25.75 0.5 2 8 4 1.46 1 1 5 1 2 312 1 1
1 48.58 6.5 2 11 8 6 1 0 0 1 2 350 1 1
1 36.67 2 2 3 4 0.25 0 0 0 1 2 221 1 0
0 23.42 0.79 1 11 4 1.5 1 1 2 1 2 80 401 1
1 39.83 0.5 2 7 4 0.25 1 0 0 0 1 288 1 0
1 20.67 1.25 1 8 8 1.375 1 1 3 1 2 140 211 0
1 27.83 1.5 2 9 4 2.25 0 1 1 1 2 100 4 0
1 34.67 1.08 2 7 4 1.165 0 0 0 0 1 28 1 0
1 15.17 7 2 10 4 1 0 0 0 0 2 600 1 0
1 36.67 4.41 1 4 4 0.25 1 1 10 1 2 320 1 1
1 18.82 3.54 1 1 1 0 0 0 0 1 2 180 2 0
1 31.57 3 1 3 5 7 0 0 0 0 2 0 2 0
1 36.25 5 2 8 5 2.5 1 1 6 0 2 0 368 1
1 62.75 7 2 10 9 0 0 0 0 0 2 0 13 0
1 28.25 0.87 2 7 4 0.96 1 1 3 1 2 396 1 1
0 30.25 5.5 2 4 4 5.5 0 0 0 1 1 100 1 0
1 40.92 0.5 1 7 4 0.5 0 0 0 1 2 130 1 0
1 17.92 0.2 2 6 4 0.04 0 0 0 0 2 280 751 0
1 20.5 10 1 8 4 2.5 1 0 0 0 1 40 1 1
1 36.5 4.25 2 11 4 3.5 0 0 0 0 2 454 51 0
1 16.32 2.75 2 6 4 0.665 0 1 1 0 2 80 22 0
1 48.5 4.25 2 7 4 0.125 1 0 0 1 2 225 1 1
0 17.32 9.5 2 6 4 1.75 0 1 10 1 2 0 11 0
1 28.25 5.04 1 8 5 1.5 1 1 8 1 2 144 8 1
1 24.17 0.87 2 11 4 4.625 1 1 2 1 2 520 2001 1
1 44 2 2 7 4 1.75 1 1 2 1 2 0 16 1
1 35.25 3.16 2 14 8 3.75 1 0 0 1 2 680 1 0
0 28.17 0.58 2 6 4 0.04 0 0 0 0 2 260 1005 0
0 37.75 5.5 2 11 4 0.125 1 0 0 1 2 228 1 1
0 50.25 0.83 2 6 4 0.5 0 0 0 1 2 240 118 0
1 28.75 1.16 2 4 4 0.5 1 0 0 0 1 280 1 0
0 18.75 7.5 2 11 4 2.71 1 1 5 0 2 184 26727 1
1 23.5 2.75 2 1 1 4.5 0 0 0 0 2 160 26 0
1 33.17 1.04 2 12 8 6.5 1 0 0 1 2 164 31286 1
1 24.5 13.33 1 6 4 0.04 0 0 0 1 2 120 476 0
0 20.83 3 2 6 4 0.04 1 0 0 0 2 100 1 1
1 42.83 4.62 2 11 4 4.58 1 0 0 0 1 0 1 1
0 17.92 10.21 2 1 1 0 0 0 0 0 2 0 51 0
0 17.82 11 2 14 8 1 1 1 11 0 2 0 3001 1
1 28 2 2 4 8 4.165 1 1 2 1 2 181 1 1
0 22.92 1.25 2 11 4 0.25 0 0 0 1 2 120 810 0
0 20.07 0.12 2 11 4 1 0 1 1 0 2 240 769 1
1 36.42 0.75 1 2 4 0.585 0 0 0 0 2 240 4 0
1 40 6.5 2 6 5 3.5 1 1 1 0 2 0 501 1
0 21.75 11.75 2 8 4 0.25 0 0 0 1 2 180 1 0
0 18.92 9.25 1 8 4 1 1 1 4 1 2 80 501 1
0 16 0.16 2 6 4 1 0 1 2 1 2 320 2 0
0 45.33 1 2 11 4 0.125 0 0 0 1 2 263 1 0
1 18.17 2.46 2 8 7 0.96 0 1 2 1 2 160 588 0
0 22.42 5.66 2 11 4 2.585 1 1 7 0 2 129 3258 1
0 31.57 3.5 2 2 4 3 1 0 0 1 2 300 1 0
1 20.25 9.96 2 10 2 0 1 0 0 0 2 0 1 1
0 52.83 15 2 8 4 5.5 1 1 14 0 2 0 2201 1
0 28.42 3.5 2 9 4 0.835 1 0 0 0 1 280 1 1
1 19.42 7.25 2 7 4 0.04 0 1 1 0 2 100 2 0
1 51.58 15 2 8 4 8.5 1 1 9 0 2 0 1 1
1 24.58 1.25 2 8 4 0.25 0 0 0 0 2 110 1 0
0 29.5 0.46 2 4 4 0.54 1 1 4 0 2 380 501 1
1 25.5 0.37 2 7 4 0.25 1 1 3 0 2 260 15109 1
0 20.83 8.5 2 8 4 0.165 0 0 0 0 2 0 352 0
0 57.08 0.33 2 3 5 1 1 0 0 1 2 252 2198 0
1 23.92 0.58 1 13 8 0.125 0 0 0 0 2 240 2 0
0 15.83 0.58 2 8 8 1.5 1 1 2 0 2 100 1 1
1 26.92 2.25 2 3 5 0.5 0 0 0 1 2 640 4001 0
1 38.92 1.75 2 4 4 0.5 0 0 0 1 2 300 3 0
0 40.33 7.54 1 11 8 8 1 1 14 0 2 0 2301 1
1 23 0.75 2 7 4 0.5 1 0 0 1 1 320 1 0
1 23.58 0.83 2 3 8 0.085 0 0 0 1 2 220 6 0
1 22.58 1.5 1 6 4 0.54 0 0 0 1 2 120 68 0
1 18.07 6.75 1 7 4 0.04 0 0 0 0 2 140 1 0
1 25.67 0.28 1 8 4 1.5 0 0 0 1 2 160 1 0
1 36.17 18.12 2 9 4 0.085 0 0 0 0 2 320 3553 0
1 28.25 5.12 2 14 4 4.75 1 1 2 0 2 420 8 1
1 24.33 6.62 1 2 4 5.5 1 0 0 1 1 100 1 1
0 30 5.29 2 10 2 2.25 1 1 5 1 2 99 501 1
0 29.5 1.08 1 14 4 1 0 0 0 0 2 280 14 0
1 23.92 0.66 2 8 4 0.165 0 0 0 0 2 100 1 1
1 37.33 2.66 2 13 4 0.165 0 0 0 1 2 0 502 0
1 35 3.37 2 8 8 8.29 0 0 0 1 2 0 1 0
1 33.58 2.75 2 7 4 4.25 1 1 6 0 2 204 1 1
1.234 22.08 11.46 2 4 4 1.585 0 0 0 1 2 100 1213 0
0 20.75 10.33 2 13 8 0.335 1 1 1 1 2 80 51 1
1 49.17 2.29 2 1 1 0.29 0 0 0 0 2 200 4 0
0 24.5 1.04 1 1 1 0.5 1 1 3 0 2 180 148 0
0 21.08 5 1 1 1 0 0 0 0 0 2 0 1 0
1 26.25 1.54 2 9 4 0.125 0 0 0 0 2 100 1 0
0 56.5 16 2 5 1 0 1 1 15 0 2 0 248 1
1 40.92 0.83 2 1 1 0 1 0 0 0 2 130 2 0
1 26.17 0.83 2 13 4 1.165 0 0 0 0 2 100 1 0
0 38.58 5 2 13 4 13.5 1 0 0 1 2 980 1 0
1 30.33 0.5 2 2 8 0.085 0 0 0 1 1 252 1 0
1 34.17 2.75 2 3 5 2.5 0 0 0 1 2 232 201 0
1 32.33 3.5 2 4 4 0.5 0 0 0 1 2 232 1 0
0 18.25 10 2 9 4 1 0 1 1 0 2 120 2 0
0 36.58 0.28 2 1 1 0 0 1 10 0 2 200 19 0
1 20.42 0 2 8 4 0 0 0 0 0 3 184 1 0
1 40.92 2.25 1 14 8 10 1 0 0 1 2 176 1 0
1 30.58 2.71 1 7 4 0.125 0 0 0 1 1 80 1 0
1 50.75 0.58 2 1 1 0 0 0 0 0 2 145 1 0
0 22.42 11.25 1 14 8 0.75 1 1 4 0 2 0 322 1
1 22.17 2.25 2 3 4 0.125 0 0 0 0 2 160 11 0
0 24.5 2.41 1 8 4 0 0 0 0 0 2 120 1 0
1 39.25 9.5 2 7 4 6.5 1 1 14 0 2 240 4608 1
0 28.58 3.75 2 8 4 0.25 0 1 1 1 2 40 155 0
1 24.08 0.87 2 7 4 0.085 0 1 4 0 2 254 1951 0
1 33.17 3.04 1 8 8 2.04 1 1 1 1 2 180 18028 1
1 42.17 5.04 2 11 8 12.75 1 0 0 1 2 92 1 1
0 24.75 12.5 2 6 4 1.5 1 1 12 1 2 120 568 1
0 28.17 0.37 2 11 4 0.585 1 1 4 0 2 80 1 1
1 26.75 4.5 1 8 5 2.5 0 0 0 0 2 200 1211 0
1 22.08 11 2 13 4 0.665 1 0 0 0 2 100 1 1
0 20.42 7.5 2 4 4 1.5 1 1 1 0 2 160 235 1
1 13.75 4 1 9 4 1.75 1 1 2 1 2 120 1001 1
1 22.67 0.16 2 8 3 2.25 0 0 0 1 1 0 1 1
0 28.58 1.66 2 11 4 2.415 1 0 0 1 2 440 1 0
1 41.17 1.25 1 9 4 0.25 0 0 0 0 2 0 196 0
0 21.75 1.75 1 5 3 0 0 0 0 0 2 160 1 0
1 23.42 1 2 8 4 0.5 0 0 0 1 1 280 1 0
1 30.67 2.5 2 13 8 2.25 0 0 0 1 1 340 1 0
1 23.08 11.5 2 9 8 2.125 1 1 11 1 2 290 285 1
1 27.75 1.29 2 4 8 0.25 0 0 0 1 1 140 1 0
1 27.42 12.5 2 6 5 0.25 0 0 0 1 2 720 1 0
1 49.58 19 2 1 1 0 1 1 1 0 2 94 1 0
1 23.08 2.5 2 1 1 0.085 0 0 0 1 2 100 4209 0
1 19.5 0.28 2 4 4 0.29 0 0 0 0 2 280 365 0
0 15.83 7.62 2 11 4 0.125 0 1 1 1 2 0 161 0
0 18.82 9.5 2 9 4 1.625 1 1 6 1 2 40 601 1
1 24.08 9 2 6 4 0.25 0 0 0 1 2 0 1 0
1 25.25 1 2 6 4 0.5 0 0 0 0 2 200 1 0
0 19.57 0.66 1 8 4 1 0 1 1 0 2 2000 3 0
1 57.42 8.5 2 10 8 7 1 1 3 0 2 0 1 1
1 34.08 2.5 2 8 4 1 0 0 0 0 2 460 17 0
1 23 0.75 2 7 4 0.5 0 0 0 1 1 320 1 0
1 27.25 0.62 2 6 4 0.455 1 0 0 1 2 200 1 0
1 35 2.5 2 3 4 1 0 0 0 1 2 210 1 0
1 28.67 9.33 2 11 8 5.665 1 1 6 0 2 381 169 1
1 29.58 4.75 2 7 4 2 0 1 1 1 2 460 69 0
0 33.92 1.58 1 1 1 0 1 0 0 0 2 320 1 0
1 27.83 4 1 3 8 5.75 1 1 2 1 2 75 1 0
0 25.42 1.12 2 11 4 1.29 1 1 2 0 2 200 1 0
1 29.25 14.79 2 6 4 5.04 1 1 5 1 2 168 1 1
1 42.83 1.25 2 7 4 13.875 0 1 1 1 2 352 113 0
1 29.25 13 2 2 8 0.5 0 0 0 0 2 228 1 0
1 19 0 1 1 1 0 0 1 4 0 2 45 2 0
0 23.5 9 2 11 4 8.5 1 1 5 1 2 120 1 1
1 23.08 2.5 2 8 4 1.085 1 1 11 1 2 60 2185 1
0 56.83 4.25 1 1 1 5 0 0 0 1 2 0 5 0
1 34.17 1.54 2 13 4 1.54 1 1 1 1 2 520 50001 1
1 25.33 0.57 2 8 4 0.29 1 1 7 1 2 96 5125 1
0 33.17 2.25 1 13 4 3.5 0 0 0 1 2 200 142 0
1 22.67 1.58 1 9 4 3.085 1 1 6 0 2 80 1 1
1 29.58 4.5 2 9 4 7.5 1 1 2 1 2 330 1 1

