1 25.67 2.21 1 6 4 4 1 0 0 0 2 188 1 0
0 18.25 10 2 9 4 1 0 1 1 0 2 120 2 0
1 34.17 1.54 2 13 4 1.54 1 1 1 1 2 520 50001 1
0 38.33 4.41 2 8 4 0.125 0 0 0 0 2 160 1 0
1 54.42 0.5 1 4 8 3.96 1 0 0 0 2 180 315 1
0 33.08 1.62 2 2 4 0.54 0 0 0 1 2 0 1 0
1 41.17 1.33 2 2 4 0.165 0 0 0 0 2 168 1 0
1 21 3 1 2 4 1.085 1 1 8 1 2 160 2 1
1 53.92 9.62 2 10 4 8.665 1 1 5 0 2 0 1 1
0 19.5 0.16 2 11 4 0.04 0 0 0 1 2 380 1 0
1 32 1.75 1 10 8 0.04 1 0 0 1 2 393 1 1
1 19.17 9.5 2 9 4 1.5 1 0 0 0 2 120 2207 1
0 17.92 10.21 2 1 1 0 0 0 0 0 2 0 51 0
0 26.08 8.66 2 6 4 1.415 1 0 0 0 2 160 151 1
1 38.25 10.12 1 4 4 0.125 0 0 0 0 2 160 1 0
1 24.75 0.54 2 7 4 1 0 0 0 1 2 120 2 0
1 40.92 0.5 1 7 4 0.5 0 0 0 1 2 130 1 0
0 46.08 3 2 8 4 2.375 1 1 8 1 2 396 4160 1
0 18.82 9.53 2 6 4 0.085 1 0 0 0 2 100 1 1
0 20.07 0.12 2 11 4 1 0 1 1 0 2 240 769 1
1 32.33 3.5 2 4 4 0.5 0 0 0 1 2 232 1 0
0 20.07 1.25 2 8 4 0 0 0 0 0 2 0 1 0
0 23 11.75 2 14 8 0.5 1 1 2 1 2 300 552 1
1 23.5 2.75 2 1 1 4.5 0 0 0 0 2 160 26 0
1 31.57 0.5 2 8 5 0.835 1 0 0 1 1 320 1 0
1 22.58 1.5 1 6 4 0.54 0 0 0 1 2 120 68 0
1 32.08 4 2 7 4 2.5 1 0 0 1 2 360 1 1
1 27.83 1 1 2 8 3 0 0 0 0 2 176 538 0
0 31.75 3 1 5 3 0 0 0 0 0 2 160 21 0
0 28.58 1.66 2 11 4 2.415 1 0 0 1 2 440 1 0
1 25.92 0.87 2 4 4 0.375 0 1 2 1 2 174 4 0
1 28.25 5.04 1 8 5 1.5 1 1 8 1 2 144 8 1
1 22.08 11 2 13 4 0.665 1 0 0 0 2 100 1 1
1 34.67 1.08 2 7 4 1.165 0 0 0 0 1 28 1 0
1 31 2.08 2 8 4 0.085 0 0 0 0 2 300 1 0
0 29.5 2 1 10 8 2 0 0 0 0 2 256 18 0
1 24.58 12.5 2 9 4 0.875 1 0 0 1 2 260 1 0
1 21.17 0.25 1 8 8 0.25 0 0 0 0 2 280 205 0
1 20.67 1.25 1 8 8 1.375 1 1 3 1 2 140 211 0
0 33.25 3 1 6 4 2 0 0 0 0 2 180 1 0
1 25.17 3 2 8 4 1.25 0 1 1 0 2 0 23 0
0 36 1 2 8 4 2 1 1 11 0 2 0 457 1
0 24.58 0.67 2 6 8 1.75 1 0 0 0 2 400 1 0
1 32.92 2.5 2 6 4 1.75 0 1 2 1 2 720 1 0
0 22.67 3.8 2 8 4 0.165 0 0 0 0 2 160 1 0
1 34.25 1.75 2 9 5 0.25 1 0 0 1 2 163 1 0
1 26.75 2 2 2 4 0.75 0 0 0 1 2 80 1 0
1 51.33 10 2 3 5 0 1 1 11 0 2 0 1250 1
1 50.75 0.58 2 1 1 0 0 0 0 0 2 145 1 0
1 16.25 0.83 2 7 4 0.085 1 0 0 0 1 200 1 0
1 52.5 6.5 2 4 4 6.29 1 1 15 0 2 0 11203 1
0 38.25 6 2 4 4 1 1 0 0 1 2 0 1 1
1 42.75 3 2 3 5 1 1 0 0 0 2 0 201 0
0 55.75 7.08 2 4 8 6.75 1 1 3 1 2 100 51 0
0 24.5 0.5 2 11 8 1.5 1 0 0 0 2 280 825 1
0 38.58 5 2 13 4 13.5 1 0 0 1 2 980 1 0
0 23.58 11.5 1 4 8 3 0 0 0 1 2 20 17 0
0 27.67 1.5 2 7 4 2 1 0 0 0 1 368 1 0
1 58.58 2.71 2 8 4 2.415 0 0 0 1 2 320 1 0
1 48.58 0.2 1 4 4 0.25 1 1 11 0 2 380 2733 1
1 27 0.75 2 8 8 4.25 1 1 3 1 2 312 151 1
0 24.75 12.5 2 6 4 1.5 1 1 12 1 2 120 568 1
1 18.42 10.41 1 6 4 0.125 1 0 0 0 2 120 376 0
0 20.67 1.83 2 11 4 2.085 1 1 5 0 2 220 2504 1
1 27.42 12.5 2 6 5 0.25 0 0 0 1 2 720 1 0
1 34 4.5 2 6 4 1 1 0 0 1 2 240 1 0
1 56 12.5 2 4 8 8 1 0 0 1 2 24 2029 1
1 20.42 1.08 2 11 4 1.5 0 0 0 0 2 108 8 0
0 28.75 3.75 2 8 4 1.085 1 1 1 1 2 371 1 1
0 25.75 0.5 2 8 8 0.875 1 0 0 1 2 491 1 1
1 19.17 4 1 3 4 1 0 0 0 1 2 360 1001 0
1 39.08 6 2 7 4 1.29 1 1 5 1 2 108 1098 1
1 48.25 25.08 2 9 4 1.75 1 1 3 0 2 120 15 1
1 23.17 0 2 13 4 0.085 1 0 0 0 2 0 1 1
1 41.75 0.96 2 14 4 2.5 1 0 0 0 2 510 601 1
1 31.08 3.08 2 8 4 2.5 0 1 2 1 2 160 42 0
1 23.08 2.5 2 8 4 1.085 1 1 11 1 2 60 2185 1
1 29.58 4.5 2 9 4 7.5 1 1 2 1 2 330 1 1
1 56.75 12.25 2 7 4 1.25 1 1 4 1 2 200 1 1
1 19.42 1.5 1 13 4 2 1 0 0 1 2 100 21 0
1 17.42 6.5 2 3 4 0.125 0 0 0 0 2 60 101 0
0 36.75 5.12 2 10 4 5 1 0 0 1 2 0 4001 1
1 39.33 5.87 2 13 8 10 1 1 14 1 2 399 1 1
1 35.25 3.16 2 14 8 3.75 1 0 0 1 2 680 1 0
1 18 0.16 2 11 7 0.21 0 0 0 0 2 200 41 1
0 21.5 6 2 6 4 2.5 1 1 3 0 2 80 919 1
1 25.08 1.71 2 14 4 1.665 1 1 1 1 2 395 21 1
1 36.75 0.12 1 8 4 1.5 0 0 0 1 2 232 114 1
1 39.5 1.62 2 8 4 1.5 0 0 0 0 2 0 317 0
0 40.83 10 2 11 8 1.75 1 0 0 0 2 29 838 1
1 16.07 0.75 2 8 4 1.75 1 1 5 1 2 352 691 1
0 19.17 8.58 2 13 8 0.75 1 1 7 0 2 96 1 1
0 20.83 3 2 6 4 0.04 1 0 0 0 2 100 1 1
0 19.57 0.66 2 9 4 1.665 0 0 0 0 2 220 6 0
1 65.42 11 2 10 9 20 1 1 7 1 2 22 1 1
1 19.17 0 1 7 5 0 0 0 0 1 1 500 2 1
0 25.17 2.87 2 14 8 0.875 1 0 0 0 2 360 1 1
1 26.25 1.54 2 9 4 0.125 0 0 0 0 2 100 1 0
1 34.92 2.5 2 9 4 0 1 0 0 1 2 239 201 1
1 37.33 6.5 2 7 8 4.25 1 1 12 1 2 93 1 1
1 43.25 3 2 11 8 6 1 1 11 0 2 80 1 1
1 52.33 1.37 1 8 8 9.46 1 0 0 1 2 200 101 0
1 33.58 0.33 1 13 4 0.085 0 0 0 0 2 180 1 0
0 32.33 0.54 2 13 4 0.04 1 0 0 0 2 440 11178 1
1 41.58 1.75 2 4 4 0.21 1 0 0 0 2 160 1 0
0 44.17 6.66 2 11 4 7.375 1 1 3 1 2 0 1 1
0 35.75 0.91 2 6 4 0.75 1 1 4 0 2 0 1584 1
1 19.67 10 1 4 8 0.835 1 0 0 1 2 140 1 0
1 24.08 9 2 6 4 0.25 0 0 0 1 2 0 1 0
1 18.67 5 2 11 4 0.375 1 1 2 0 2 0 39 0
0 18.82 4.41 1 8 8 3 1 0 0 0 2 240 1 1
1 48.17 7.62 2 9 8 15.5 1 1 12 0 2 0 791 1
1 49.58 19 2 1 1 0 1 1 1 0 2 94 1 0
1 67.75 5.5 2 10 9 13 1 1 1 1 2 0 1 1
1 25 11.25 2 8 4 2.5 1 1 17 0 2 200 1209 1
1 38.42 0.7 2 8 4 0.375 0 1 2 0 2 225 501 0
1 18.25 0.16 2 2 4 0.25 0 0 0 1 1 280 1 0
1 47.83 4.16 2 14 5 0.085 0 0 0 1 2 520 1 0
0 33.67 0.37 2 13 4 0.375 0 0 0 0 2 300 45 1
1 45.17 1.5 2 8 4 2.5 1 0 0 1 2 140 1 0
1 35.58 0.75 2 4 4 1.5 0 0 0 1 2 231 1 0
1 43.08 0.37 1 8 4 0.375 1 1 8 1 2 300 163 1
1 33.5 1.75 2 14 8 4.5 1 1 4 1 2 253 858 1
1 20.07 0.25 2 11 4 0.125 0 0 0 0 2 200 1 0
0 21.08 5 1 1 1 0 0 0 0 0 2 0 1 0
0 20.32 10 2 8 8 1 1 1 4 0 2 50 1466 1
0 36.58 0.28 2 1 1 0 0 1 10 0 2 200 19 0
0 19.17 5.41 2 3 8 0.29 0 0 0 0 2 80 485 0
1 27.83 1.54 2 9 4 3.75 1 1 5 1 2 100 4 1
0 38.92 1.66 2 6 4 0.25 0 0 0 0 2 0 391 0
1 16.92 0.33 1 4 4 0.29 0 0 0 0 1 200 1 0
1 19.57 0.58 2 1 1 0 0 1 3 0 2 350 770 0
1 64.08 20 2 14 8 17.5 1 1 9 1 2 0 1001 1
1 27.75 0.58 1 13 4 0.25 1 1 2 0 2 260 501 1
0 21.75 11.75 2 8 4 0.25 0 0 0 1 2 180 1 0
1 17.07 0.08 1 8 4 0.04 0 0 0 0 2 140 723 0
1 30.17 1.08 1 8 4 0.04 0 0 0 0 2 170 180 0
1 23.33 11.62 1 9 4 0.835 1 0 0 1 2 160 301 1
1 22.25 0.46 2 4 4 0.125 0 0 0 1 2 280 56 0
1 44.25 0.5 2 7 4 10.75 1 0 0 0 1 400 1 0
1 19.32 9.5 2 11 4 1 1 0 0 1 2 60 401 1
1 42.83 4.62 2 11 4 4.58 1 0 0 0 1 0 1 1
1 25.75 0.5 2 8 4 1.46 1 1 5 1 2 312 1 1
1 30.17 0.5 2 8 4 1.75 1 1 11 0 2 32 541 1
1 32.42 2.16 1 4 1 0 0 0 0 0 2 120 1 0
0 18.42 9.25 2 11 4 1.21 1 1 4 0 2 60 541 1
0 33.25 2.5 1 8 4 2.5 0 0 0 1 2 0 3 0
1 31.67 16.16 2 2 4 3 1 1 9 0 2 250 731 1
1 51.42 0.04 2 14 8 0.04 1 0 0 0 2 0 3001 1
1 35 2.5 2 3 4 1 0 0 0 1 2 210 1 0
0 26.92 13.5 2 11 8 5 1 1 2 0 2 0 5001 1
0 37.75 5.5 2 11 4 0.125 1 0 0 1 2 228 1 1
0 18.57 10 2 2 4 0.415 0 0 0 0 2 80 43 0
1 47.17 5.83 2 9 4 5.5 0 0 0 0 2 465 151 0
1 43 0.28 1 13 8 1.75 1 1 8 0 2 100 376 1
1 23.17 11.12 2 14 8 0.46 1 1 1 0 2 100 1 1
1 36.17 5.5 2 3 5 5 0 0 0 0 2 210 688 0
1 28 3 2 9 4 0.75 0 0 0 1 2 300 68 0
1 34.58 0 2 8 4 0 0 0 0 0 3 184 1 0
1 20.5 2.41 2 8 4 2 1 1 11 1 2 200 3001 1
1 18.57 5.71 2 2 4 0.54 0 0 0 0 2 120 1 0
1 35.17 25.12 2 14 8 1.625 1 1 1 1 2 515 501 1
0 47.75 8 2 8 4 7.875 1 1 6 1 2 0 1261 1
1 27.58 3.25 1 11 8 5.085 0 1 2 1 2 369 2 0
0 56.5 16 2 5 1 0 1 1 15 0 2 0 248 1

