1 39.08 6 2 7 4 1.29 1 1 5 1 2 108 1098 1
1 24.75 0.54 2 7 4 1 0 0 0 1 2 120 2 0
0 16.92 0.5 2 3 4 0.165 0 1 6 1 2 240 36 0
0 28.75 3.75 2 8 4 1.085 1 1 1 1 2 371 1 1
1 34 5.5 1 8 4 1.5 0 0 0 1 2 60 1 0
0 20.83 0.5 1 10 2 1 0 0 0 0 2 260 1 0
1 31.92 4.46 2 13 8 6.04 1 1 3 0 2 311 301 1
1 31.57 10.5 2 14 4 6.5 1 0 0 0 2 0 1 1
0 48.17 1.33 2 3 7 0.335 0 0 0 0 2 0 121 0
0 19.5 0.16 2 11 4 0.04 0 0 0 1 2 380 1 0
1 30.83 0 2 9 4 1.25 1 1 1 0 2 202 1 1
0 20.07 0.12 2 11 4 1 0 1 1 0 2 240 769 1
1 24.08 0.87 2 7 4 0.085 0 1 4 0 2 254 1951 0
0 40.33 7.54 1 11 8 8 1 1 14 0 2 0 2301 1
1 22.5 11.5 1 7 4 1.5 0 0 0 1 2 0 4001 0
1 32 1.75 1 10 8 0.04 1 0 0 1 2 393 1 1
1 32.42 3 2 2 4 0.165 0 0 0 1 2 120 1 0
0 24.75 3 2 11 8 1.835 1 1 19 0 2 0 501 1
1 31.57 0.5 2 8 5 0.835 1 0 0 1 1 320 1 0
1 28.92 0.37 2 8 4 0.29 0 0 0 0 2 220 141 0
1 21.42 0.75 1 12 7 0.75 0 0 0 1 2 132 3 0
1 32.67 5.5 2 11 8 5.5 1 1 12 1 2 408 1001 1
1 34.17 1.54 2 13 4 1.54 1 1 1 1 2 520 50001 1
1 23.25 4 2 8 5 0.25 1 0 0 1 2 160 1 1
1 18.57 10.29 2 1 1 0.415 0 0 0 0 2 80 1 0
1 48.75 8.5 2 8 8 12.5 1 1 9 0 2 181 1656 1
0 38.33 4.41 2 8 4 0.125 0 0 0 0 2 160 1 0
1 45.17 1.5 2 8 4 2.5 1 0 0 1 2 140 1 0
1 36.17 18.12 2 9 4 0.085 0 0 0 0 2 320 3553 0
0 44.33 0 2 8 4 2.5 1 0 0 0 2 0 1 1
0 15.92 2.87 2 11 4 0.085 0 0 0 0 2 120 1 0
1 26.67 1.75 1 8 4 1 1 1 5 1 2 160 5778 1
1 52.42 1.5 2 2 4 3.75 0 0 0 1 2 0 351 0
1 17.07 0.25 2 11 4 0.335 0 1 4 0 2 160 9 0
1 41.5 1.54 2 3 5 3.5 0 0 0 0 2 216 1 1
0 35.42 12 2 11 8 14 1 1 8 0 2 0 6591 1
1 56.42 28 1 8 4 28.5 1 1 40 0 2 0 16 1
1 37.33 6.5 2 7 8 4.25 1 1 12 1 2 93 1 1
1 23.58 1.79 2 8 4 0.54 0 0 0 1 2 136 2 0
1 21.58 0.79 1 13 4 0.665 0 0 0 0 2 160 1 0
0 26.92 13.5 2 11 8 5 1 1 2 0 2 0 5001 1
1 33.75 2.75 2 3 5 0 0 0 0 0 2 180 1 0
0 20.75 9.53 2 3 4 0.04 0 0 0 0 2 200 1001 0
1 36.67 3.25 2 11 8 9 1 0 0 1 2 102 640 1
1 41.42 5 2 11 8 5 1 1 6 1 2 470 1 1
1 38.58 3.33 2 9 4 4 1 1 14 0 2 383 1345 1
1 40 6.5 2 6 5 3.5 1 1 1 0 2 0 501 1
0 22.67 0.79 2 3 4 0.085 0 0 0 0 2 144 1 0
1 19.5 9.58 2 6 4 0.79 0 0 0 0 2 80 351 0
1 22.75 11 2 11 4 2.5 1 1 7 1 2 100 810 1
0 18.07 0.37 3 13 1 10 0 0 0 1 1 300 1 1
1 25.75 0.5 2 8 4 1.46 1 1 5 1 2 312 1 1
1 30.58 2.71 1 7 4 0.125 0 0 0 1 1 80 1 0
1 26.25 1.54 2 9 4 0.125 0 0 0 0 2 100 1 0
1 23.92 1.5 2 2 8 1.875 1 1 6 0 2 200 328 1
1 59.5 2.75 2 9 4 1.75 1 1 5 1 2 60 59 1
0 22.67 0.33 2 11 4 0.75 0 0 0 0 1 160 1 0
0 41.17 6.5 2 11 4 0.5 1 1 3 1 2 145 1 1
1 22.17 2.25 2 3 4 0.125 0 0 0 0 2 160 11 0
1 22 0.79 2 9 4 0.29 0 1 1 0 2 420 284 0
0 35.75 0.91 2 6 4 0.75 1 1 4 0 2 0 1584 1
1 18.32 1.21 1 10 2 0 0 0 0 0 2 100 1 0
1 34.08 6.5 2 6 4 0.125 1 0 0 1 2 443 1 0
0 25.25 13.5 1 1 1 2 0 1 1 1 2 200 2 0
0 30.58 10.66 2 11 8 0.085 0 1 12 1 2 129 4 0
1 27.75 1.29 2 4 8 0.25 0 0 0 1 1 140 1 0
1 31.08 3.08 2 8 4 2.5 0 1 2 1 2 160 42 0
0 57.08 19.5 2 8 4 5.5 1 1 7 0 2 0 3001 1
1 19.5 0.28 2 4 4 0.29 0 0 0 0 2 280 365 0
1 29.83 1.25 1 4 4 0.25 0 0 0 0 2 224 1 0
1 56 12.5 2 4 8 8 1 0 0 1 2 24 2029 1
1 43.17 2.25 2 3 5 0.75 1 0 0 0 2 560 1 0
1 54.58 9.41 2 1 1 14.415 1 1 11 1 2 30 301 1
0 31.57 11.25 2 1 1 0 0 0 0 0 2 184 5201 0
1 31.83 0.04 1 7 4 0.04 0 0 0 0 2 0 1 0
1 29.42 1.25 2 8 8 0.25 0 1 2 1 2 400 109 0
1 29.58 4.75 2 7 4 2 0 1 1 1 2 460 69 0
0 46.08 3 2 8 4 2.375 1 1 8 1 2 396 4160 1
1 24.42 12.33 2 11 8 1.585 1 0 0 1 2 120 1 1
1 22.5 0.12 1 4 4 0.125 0 0 0 0 2 200 71 0
1 22.58 1.5 1 6 4 0.54 0 0 0 1 2 120 68 0
0 29.5 0.46 2 4 4 0.54 1 1 4 0 2 380 501 1
0 39.08 4 2 8 4 3 0 0 0 0 2 480 1 0
1 56.75 12.25 2 7 4 1.25 1 1 4 1 2 200 1 1
0 20.83 3 2 6 4 0.04 1 0 0 0 2 100 1 1
1 27.42 12.5 2 6 5 0.25 0 0 0 1 2 720 1 0
1 47.67 2.5 2 7 5 2.5 1 1 12 1 2 410 2511 1
0 29.5 2 1 10 8 2 0 0 0 0 2 256 18 0
1 28.67 14.5 2 2 4 0.125 0 0 0 0 2 0 287 0
1 31.67 0.83 2 14 4 1.335 1 1 8 1 2 303 3291 1
1 34.83 2.5 1 9 4 3 0 0 0 0 1 200 1 0
1 27.58 2.04 1 6 4 2 1 1 3 1 2 370 561 1
1 20.42 1.83 2 8 4 2.25 1 1 1 0 2 100 151 1
0 16 0.16 2 6 4 1 0 1 2 1 2 320 2 0
1 28.58 3.62 2 6 4 0.25 0 0 0 1 2 100 1 0
1 38.42 0.7 2 8 4 0.375 0 1 2 0 2 225 501 0
1 23.33 11.62 1 9 4 0.835 1 0 0 1 2 160 301 1
0 23.25 5.87 2 11 4 3.17 1 1 10 0 2 120 246 1
1 22.08 11 2 13 4 0.665 1 0 0 0 2 100 1 1
0 31.92 3.12 2 1 1 3.04 0 1 2 1 2 200 5 0
1 20.25 9.96 2 10 2 0 1 0 0 0 2 0 1 1
1 19.32 9.5 2 11 4 1 1 0 0 1 2 60 401 1
1 23.17 0 2 8 4 0 0 0 0 0 3 184 1 1
1 22.17 0.58 1 1 1 0 0 0 0 0 2 100 1 0
1 54.42 0.5 1 4 8 3.96 1 0 0 0 2 180 315 1
1 21.83 1.54 2 4 4 0.085 0 0 0 1 2 356 1 0
0 32 6 2 2 4 1.25 0 0 0 0 2 272 1 0
1 20 11.04 2 8 4 2 0 0 0 1 2 136 1 0
1 42.83 1.25 2 7 4 13.875 0 1 1 1 2 352 113 0
1 17.92 0.2 2 6 4 0.04 0 0 0 0 2 280 751 0
1 48.33 12 2 7 4 16 1 0 0 0 1 110 1 1
1 18.82 3.54 1 1 1 0 0 0 0 1 2 180 2 0
1 44.83 7 1 8 4 1.625 0 0 0 0 2 160 3 0
1 50.75 0.58 2 1 1 0 0 0 0 0 2 145 1 0
1 32.42 2.16 1 4 1 0 0 0 0 0 2 120 1 0
0 21.67 11.5 1 5 3 0 1 1 11 1 2 0 1 1
1 21.08 10.08 1 10 8 1.25 0 0 0 0 2 260 1 0
1 18.42 10.41 1 6 4 0.125 1 0 0 0 2 120 376 0
0 60.92 5 2 6 4 4 1 1 4 0 2 0 100 1
1 27.25 0.62 2 6 4 0.455 1 0 0 1 2 200 1 0
1 13.75 4 1 9 4 1.75 1 1 2 1 2 120 1001 1
1 34.67 1.08 2 7 4 1.165 0 0 0 0 1 28 1 0
1 26.33 13 2 10 2 0 0 0 0 1 2 140 1111 0
1 19 0 1 1 1 0 0 1 4 0 2 45 2 0
0 33.25 2.5 1 8 4 2.5 0 0 0 1 2 0 3 0
1 28.25 0.87 2 7 4 0.96 1 1 3 1 2 396 1 1
1 37.5 0.83 2 10 4 0.04 0 0 0 0 2 120 6 0
0 19.67 0.21 2 11 8 0.29 1 1 11 0 2 80 100 1
1 22.25 0.46 2 4 4 0.125 0 0 0 1 2 280 56 0
0 20.42 7.5 2 4 4 1.5 1 1 1 0 2 160 235 1
1 80.25 5.5 2 8 4 0.54 1 0 0 0 2 0 341 0
1 24.17 0.87 2 11 4 4.625 1 1 2 1 2 520 2001 1
0 21.75 11.75 2 8 4 0.25 0 0 0 1 2 180 1 0
0 56.5 16 2 5 1 0 1 1 15 0 2 0 248 1
1 73.42 17.75 2 1 1 0 1 0 0 1 2 0 1 1
0 21.5 6 2 6 4 2.5 1 1 3 0 2 80 919 1
1 32.25 14 1 1 1 0 0 1 2 0 2 160 2 0
1 29.58 4.5 2 9 4 7.5 1 1 2 1 2 330 1 1
1 27.75 0.58 1 13 4 0.25 1 1 2 0 2 260 501 1
1 31.42 15.5 2 8 4 0.5 1 0 0 0 2 120 1 0
1 43.25 25.21 2 11 8 0.21 1 1 1 0 2 760 91 0
0 52.5 7 2 6 8 3 0 0 0 0 2 0 1 0
1 41.17 1.25 1 9 4 0.25 0 0 0 0 2 0 196 0
1 20.67 5.29 2 11 4 0.375 1 1 1 0 2 160 1 0
1 23.5 3.16 1 4 4 0.415 0 1 1 1 2 280 81 0
0 22.67 3.8 2 8 4 0.165 0 0 0 0 2 160 1 0
1 25.33 0.57 2 8 4 0.29 1 1 7 1 2 96 5125 1
1 60.08 14.5 2 1 1 18 1 1 15 1 2 0 1001 1
1 20 7 2 8 4 0.5 0 0 0 0 2 0 1 0
0 18.25 10 2 9 4 1 0 1 1 0 2 120 2 0
1 41.58 1.75 2 4 4 0.21 1 0 0 0 2 160 1 0
1 34.42 1.33 2 3 5 0.125 0 0 0 1 2 440 4501 0
1 17.07 0.08 1 8 4 0.04 0 0 0 0 2 140 723 0
1 39.83 0.5 2 7 4 0.25 1 0 0 0 1 288 1 0
1 47.83 4.16 2 14 5 0.085 0 0 0 1 2 520 1 0
0 24.5 2.41 1 8 4 0 0 0 0 0 2 120 1 0
0 46 4 2 5 3 0 1 0 0 0 2 100 961 1
1 17.25 3 2 4 4 0.04 0 0 0 1 2 160 41 0
1 32.08 4 1 13 4 1.5 0 0 0 1 2 120 1 0
1 20 1.25 1 4 4 0.125 0 0 0 0 2 140 5 0
1 62.75 7 2 10 9 0 0 0 0 0 2 0 13 0
1 22.75 11.5 2 3 4 0.415 0 0 0 0 2 0 1 0
1 27 0.75 2 8 8 4.25 1 1 3 1 2 312 151 1
0 31.57 1.5 2 1 1 0 0 1 2 1 2 200 106 0
0 31.57 3.5 2 2 4 3 1 0 0 1 2 300 1 0

