1 42.83 1.25 2 7 4 13.875 0 1 1 1 2 352 113 0
1 19.57 0.58 2 1 1 0 0 1 3 0 2 350 770 0
1 23.5 3.16 1 4 4 0.415 0 1 1 1 2 280 81 0
1 19.67 0.37 2 11 4 2 1 1 2 1 2 80 1 1
1 31.83 2.5 2 6 4 7.5 1 0 0 1 2 523 1 0
0 45.33 1 2 11 4 0.125 0 0 0 1 2 263 1 0
1 31.57 0.5 2 8 5 0.835 1 0 0 1 1 320 1 0
1 23.5 2.75 2 1 1 4.5 0 0 0 0 2 160 26 0
1 32.75 2.33 2 2 8 5.75 0 0 0 1 2 292 1 0
0 40.33 7.54 1 11 8 8 1 1 14 0 2 0 2301 1
1 57.42 8.5 2 10 8 7 1 1 3 0 2 0 1 1
1 38.25 10.12 1 4 4 0.125 0 0 0 0 2 160 1 0
0 18.07 0.37 3 13 1 10 0 0 0 1 1 300 1 1
1 26.83 0.54 2 4 1 0 0 0 0 0 2 100 1 0
1 25 11.25 2 8 4 2.5 1 1 17 0 2 200 1209 1
0 24.75 12.5 2 6 4 1.5 1 1 12 1 2 120 568 1
1 16 3.12 2 9 4 0.085 0 1 1 0 2 0 7 0
0 24.5 0.5 2 11 8 1.5 1 0 0 0 2 280 825 1
1 51.58 15 2 8 4 8.5 1 1 9 0 2 0 1 1
1 32.83 2.5 2 13 8 2.75 1 1 6 0 2 160 2073 1
0 17.57 9 2 6 4 1.375 1 0 0 1 2 0 1 1
0 42.25 1.75 1 8 4 0 0 0 0 1 2 150 2 0
1 34.42 1.33 2 3 5 0.125 0 0 0 1 2 440 4501 0
1 29.42 1.25 2 9 4 1.75 0 0 0 0 2 200 1 0
1 28.25 5.12 2 14 4 4.75 1 1 2 0 2 420 8 1
0 31.25 3.75 2 13 8 0.625 1 1 9 1 2 181 1 1
0 25.08 2.54 1 6 4 0.25 1 0 0 1 2 370 1 1
1 27.75 0.58 1 13 4 0.25 1 1 2 0 2 260 501 1
0 23 1.83 2 5 3 0 0 1 1 0 2 200 54 0
1 33.17 3.04 1 8 8 2.04 1 1 1 1 2 180 18028 1
1 28.33 5 2 9 4 11 1 0 0 1 2 70 1 1
1 23.08 0 2 4 4 1 0 1 11 0 1 0 1 0
1 18.82 3.54 1 1 1 0 0 0 0 1 2 180 2 0
0 36.58 0.28 2 1 1 0 0 1 10 0 2 200 19 0
0 22.58 10.75 2 11 4 0.415 1 1 5 1 2 0 561 1
1 37.33 6.5 2 7 8 4.25 1 1 12 1 2 93 1 1
1 23.75 0.41 1 8 4 0.04 0 1 2 0 2 128 7 0
1 63.33 0.54 2 8 4 0.585 1 1 3 1 2 180 1 0
1 31.58 0.75 1 6 4 3.5 0 0 0 1 2 320 1 0
1 19.17 9.5 2 9 4 1.5 1 0 0 0 2 120 2207 1
1 25 12.5 2 6 4 3 1 0 0 1 1 20 1 1
1 27 1.5 1 9 4 0.375 1 0 0 1 2 260 1066 1
1 31.42 15.5 2 8 4 0.5 1 0 0 0 2 120 1 0
1 28.17 0.12 1 4 4 0.085 0 0 0 0 2 216 2101 0
1 20.42 0 2 8 4 0 0 0 0 0 3 184 1 0
1 35.58 0.75 2 4 4 1.5 0 0 0 1 2 231 1 0
1 18.67 5 2 11 4 0.375 1 1 2 0 2 0 39 0
0 25.25 12.5 2 2 4 1 0 0 0 1 2 180 1063 0
0 19.5 0.16 2 11 4 0.04 0 0 0 1 2 380 1 0
1 23.25 1.5 2 11 4 2.375 1 1 3 1 2 0 583 1
1 73.42 17.75 2 1 1 0 1 0 0 1 2 0 1 1
1 34.83 4 2 2 5 12.5 1 0 0 1 2 184 1 0
0 28.17 0.37 2 11 4 0.585 1 1 4 0 2 80 1 1
0 25.42 1.12 2 11 4 1.29 1 1 2 0 2 200 1 0
0 20.42 7.5 2 4 4 1.5 1 1 1 0 2 160 235 1
1 25.25 1 2 6 4 0.5 0 0 0 0 2 200 1 0
1 24.08 0.87 2 7 4 0.085 0 1 4 0 2 254 1951 0
1 36.25 5 2 8 5 2.5 1 1 6 0 2 0 368 1
1 38.92 1.75 2 4 4 0.5 0 0 0 1 2 300 3 0
0 16.07 0.33 2 1 1 0 0 1 1 0 2 160 127 0
1 22.67 1.58 1 9 4 3.085 1 1 6 0 2 80 1 1
1 23.58 0.46 1 9 4 2.625 1 1 6 1 2 208 348 0
0 56.83 4.25 1 1 1 5 0 0 0 1 2 0 5 0
0 32.33 0.54 2 13 4 0.04 1 0 0 0 2 440 11178 1
1 22.67 0.75 2 3 4 1.585 0 1 1 1 2 400 10 0
0 21.25 2.33 2 3 5 0.5 1 1 4 0 1 80 1 1
0 60.58 16.5 2 11 4 11 1 0 0 1 2 21 10562 1
1 62.75 7 2 10 9 0 0 0 0 0 2 0 13 0
0 22.42 5.66 2 11 4 2.585 1 1 7 0 2 129 3258 1
1 18.07 5.5 2 4 4 0.5 1 0 0 0 2 80 1 1
0 48.17 1.33 2 3 7 0.335 0 0 0 0 2 0 121 0
1 26.67 14.58 2 3 5 0 0 0 0 1 2 178 1 0
1 39.17 1.71 2 14 4 0.125 1 1 5 1 2 480 1 1
1 40 6.5 2 6 5 3.5 1 1 1 0 2 0 501 1
0 36 1 2 8 4 2 1 1 11 0 2 0 457 1
1 34.25 1.75 2 9 5 0.25 1 0 0 1 2 163 1 0
1 23.25 4 2 8 5 0.25 1 0 0 1 2 160 1 1
1 17.07 3.29 2 3 4 0.335 0 0 0 1 2 140 3 0
1 25.67 3.25 2 8 8 2.29 0 1 1 1 2 416 22 0
0 27.17 1.25 2 1 1 0 0 1 1 0 2 92 301 0
1 39.58 13.91 2 9 4 8.625 1 1 6 1 2 70 1 1
0 33.25 3 1 6 4 2 0 0 0 0 2 180 1 0
1 21.83 1.54 2 4 4 0.085 0 0 0 1 2 356 1 0
0 31.75 3 1 5 3 0 0 0 0 0 2 160 21 0
1 25.83 12.83 2 13 4 0.5 0 0 0 0 2 0 3 0
1 41 0.04 2 10 4 0.04 0 1 1 0 1 560 1 1
1 42 0.2 2 3 8 5.125 1 0 0 0 2 400 1 1
1 39.92 5 2 3 5 0.21 0 0 0 0 2 550 1 0
1 36.67 4.41 1 4 4 0.25 1 1 10 1 2 320 1 1
0 38.33 4.41 2 8 4 0.125 0 0 0 0 2 160 1 0
1 29.25 14.79 2 6 4 5.04 1 1 5 1 2 168 1 1
1 80.25 5.5 2 8 4 0.54 1 0 0 0 2 0 341 0
1 48.17 3.5 2 6 4 3.5 1 0 0 0 1 230 1 1
0 44.17 6.66 2 11 4 7.375 1 1 3 1 2 0 1 1
1 18.5 2 2 3 4 1.5 1 1 2 0 2 120 301 1
1 42 9.78 2 14 8 7.96 1 1 8 0 2 0 1 1
0 58.33 10 2 11 4 4 1 1 14 0 2 0 1603 1
0 53.33 0.16 2 1 1 0 0 0 0 1 1 62 28 0
0 22.67 0.75 2 8 4 2 0 1 2 1 2 200 395 0
0 71.58 0 2 8 4 0 0 0 0 0 3 184 1 1
1 52.5 6.5 2 4 4 6.29 1 1 15 0 2 0 11203 1
1 22.08 0.83 2 8 8 2.165 0 0 0 1 2 128 1 1
1 42.75 4.08 2 6 4 0.04 0 0 0 0 2 108 101 0
0 49 1.5 2 5 3 0 1 0 0 1 2 100 28 0
1 49.5 7.58 2 3 5 7.585 1 1 15 1 2 0 5001 1
1 29.83 3.5 2 8 4 0.165 0 0 0 0 2 216 1 0
1 33.67 2.16 2 8 4 1.5 0 0 0 0 3 120 1 0
1 32.25 14 1 1 1 0 0 1 2 0 2 160 2 0
1 23.92 0.58 1 13 8 0.125 0 0 0 0 2 240 2 0
1 34.08 2.5 2 8 4 1 0 0 0 0 2 460 17 0
1 36.67 2 2 3 4 0.25 0 0 0 1 2 221 1 0
0 47.42 8 2 10 5 6.5 1 1 6 0 2 375 51101 1
1 22.58 1.5 1 6 4 0.54 0 0 0 1 2 120 68 0
1 26.67 4.25 2 13 4 4.29 1 1 1 1 2 120 1 1
1 19.5 9.58 2 6 4 0.79 0 0 0 0 2 80 351 0
1 30.75 1.58 2 2 4 0.585 0 0 0 1 1 0 1 0
1 28.92 15 2 8 8 5.335 1 1 11 0 2 0 2284 1
1 26.25 1.54 2 9 4 0.125 0 0 0 0 2 100 1 0
1 51.83 2.04 1 1 1 1.5 0 0 0 0 2 120 2 0
0 33.08 4.62 2 11 8 1.625 1 1 2 0 2 0 1 1
1 25.92 0.87 2 4 4 0.375 0 1 2 1 2 174 4 0
0 26.17 2 2 5 3 0 0 0 0 1 2 276 2 0
0 22.67 3.8 2 8 4 0.165 0 0 0 0 2 160 1 0
1 28.58 3.62 2 6 4 0.25 0 0 0 1 2 100 1 0
1 25.67 12.5 2 13 4 1.21 1 1 67 1 2 140 259 1
1 16.32 2.75 2 6 4 0.665 0 1 1 0 2 80 22 0
1 22.08 11 2 13 4 0.665 1 0 0 0 2 100 1 1
1 33 2.5 1 9 4 7 0 0 0 1 2 280 1 0
1 27.42 12.5 2 6 5 0.25 0 0 0 1 2 720 1 0
1 31.57 0.62 2 4 4 0.25 0 0 0 0 2 380 2011 0
1 54.42 0.5 1 4 8 3.96 1 0 0 0 2 180 315 1
0 26.5 2.71 1 8 4 0.085 0 0 0 0 1 80 1 0
0 16 0.16 2 6 4 1 0 1 2 1 2 320 2 0
0 27.67 2.04 2 9 4 0.25 0 0 0 1 2 180 51 0
1 16.07 0.75 2 8 4 1.75 1 1 5 1 2 352 691 1
1 27.58 2.04 1 6 4 2 1 1 3 1 2 370 561 1
1 35.25 3.16 2 14 8 3.75 1 0 0 1 2 680 1 0
0 19.17 0.58 1 6 4 0.585 1 0 0 1 2 160 1 0
1 23.58 0.83 2 3 8 0.085 0 0 0 1 2 220 6 0
1 15.17 7 2 10 4 1 0 0 0 0 2 600 1 0
1 25.42 0.54 2 9 4 0.165 0 1 1 0 2 272 445 0
1 21.5 11.5 2 3 4 0.5 1 0 0 1 2 100 69 0
0 45 4.58 2 4 8 1 0 0 0 1 1 240 1 0
1 54.58 9.41 2 1 1 14.415 1 1 11 1 2 30 301 1
1 21 4.79 1 9 4 2.25 1 1 1 1 2 80 301 1
1 17.07 0.08 1 8 4 0.04 0 0 0 0 2 140 723 0
1 16.32 4.08 2 3 8 0.415 0 0 0 1 2 120 1 0
0 28.67 1.04 2 8 4 2.5 1 1 5 1 2 300 1431 1
1 31.33 19.5 2 8 4 7 1 1 16 0 2 0 5001 1
0 31.92 3.12 2 1 1 3.04 0 1 2 1 2 200 5 0
0 50.25 0.83 2 6 4 0.5 0 0 0 1 2 240 118 0
1 32.08 4 1 13 4 1.5 0 0 0 1 2 120 1 0
1 57.83 7.04 2 7 4 14 1 1 6 1 2 360 1333 1
1 27.25 1.58 2 13 8 1.835 1 1 12 1 2 583 714 1
0 20.32 10 2 8 8 1 1 1 4 0 2 50 1466 1
1 31.25 2.83 2 1 1 0 0 1 5 0 2 176 147 0
1 19.67 10 1 4 8 0.835 1 0 0 1 2 140 1 0
0 20.67 3 2 11 4 0.165 1 1 3 0 2 100 7 1
1 25.75 0.5 2 8 4 1.46 1 1 5 1 2 312 1 1
1 37.58 0 2 8 4 0 0 0 0 0 3 184 1 1
1 20.17 9.25 2 8 4 1.665 1 1 3 1 2 40 29 1
1 41.42 5 2 11 8 5 1 1 6 1 2 470 1 1
1 34.17 9.17 2 8 4 4.5 1 1 12 1 2 0 222 1
1 28 2 2 4 8 4.165 1 1 2 1 2 181 1 1
1 17.67 4.46 2 8 4 0.25 0 0 0 0 1 80 1 0

