1 40.58 3.29 2 7 4 3.5 0 0 0 1 1 400 1 0
0 18.17 10 1 11 8 0.165 0 0 0 0 2 340 1 0
0 18.07 0.37 3 13 1 10 0 0 0 1 1 300 1 1
1 31.57 0.5 2 8 5 0.835 1 0 0 1 1 320 1 0
1 25.17 3.5 2 13 4 0.625 1 1 7 0 2 0 7060 1
1 26.83 0.54 2 4 1 0 0 0 0 0 2 100 1 0
1 20.25 9.96 2 10 2 0 1 0 0 0 2 0 1 1
0 15.75 0.37 2 8 4 1 0 0 0 0 2 120 19 0
1 34.83 2.5 1 9 4 3 0 0 0 0 1 200 1 0
1 56.42 28 1 8 4 28.5 1 1 40 0 2 0 16 1
0 33.67 0.37 2 13 4 0.375 0 0 0 0 2 300 45 1
0 30.67 12 2 8 4 2 1 1 1 0 2 220 20 1
1 22.25 0.46 2 4 4 0.125 0 0 0 1 2 280 56 0
0 41.58 1.04 2 6 4 0.665 0 0 0 0 2 240 238 0
0 17.57 9 2 6 4 1.375 1 0 0 1 2 0 1 1
0 52.83 15 2 8 4 5.5 1 1 14 0 2 0 2201 1
1 33.17 1 2 14 4 0.75 1 1 7 1 2 340 4072 1
1 21.17 0.87 1 8 8 0.25 0 0 0 0 2 280 205 0
1 32.33 7.5 2 10 5 1.585 1 0 0 1 1 420 1 0
0 57.58 2 2 1 1 6.5 0 1 1 0 2 0 11 0
0 69.5 6 2 1 1 0 0 0 0 0 1 0 1 0
0 19.67 0.21 2 11 8 0.29 1 1 11 0 2 80 100 1
1 21.5 9.75 2 8 4 0.25 1 0 0 0 2 140 1 0
1 19.32 9.5 2 11 4 1 1 0 0 1 2 60 401 1
1 16 3.12 2 9 4 0.085 0 1 1 0 2 0 7 0
1 51.42 0.04 2 14 8 0.04 1 0 0 0 2 0 3001 1
0 24.33 2.5 1 3 5 4.5 0 0 0 0 2 200 457 0
0 58.42 21 2 3 5 10 1 1 13 0 2 0 6701 1
0 21.75 1.75 1 5 3 0 0 0 0 0 2 160 1 0
1 22.5 11.5 1 7 4 1.5 0 0 0 1 2 0 4001 0
0 23.5 9 2 11 4 8.5 1 1 5 1 2 120 1 1
1 31.58 0.75 1 6 4 3.5 0 0 0 1 2 320 1 0
1 31.25 1.12 2 1 1 0 0 1 1 0 2 96 20 0
1 27.83 1.5 2 9 4 2 1 1 11 1 2 434 36 1
1 42.83 4.62 2 11 4 4.58 1 0 0 0 1 0 1 1
1 20 0 2 2 4 0.5 0 0 0 0 2 144 1 0
0 56.5 16 2 5 1 0 1 1 15 0 2 0 248 1
1 41.58 1.75 2 4 4 0.21 1 0 0 0 2 160 1 0
1 37.75 7 2 11 8 11.5 1 1 7 1 2 300 6 0
0 23.58 0.58 1 1 1 0.125 0 0 0 0 2 120 88 0
0 31.25 3.75 2 13 8 0.625 1 1 9 1 2 181 1 1
1 34.5 4.04 1 3 5 8.5 1 1 7 1 2 195 1 1
1 38.25 10.12 1 4 4 0.125 0 0 0 0 2 160 1 0
1 33.58 2.75 2 7 4 4.25 1 1 6 0 2 204 1 1
1 27.25 0.62 2 6 4 0.455 1 0 0 1 2 200 1 0
1 62.5 12.75 1 8 8 5 1 0 0 0 2 112 1 0
1 31.57 5 1 6 4 8.5 1 0 0 0 2 0 1 0
0 68.67 15 2 10 9 0 1 1 14 0 2 0 3377 1
1 41.17 1.25 1 9 4 0.25 0 0 0 0 2 0 196 0
0 28.67 1.04 2 8 4 2.5 1 1 5 1 2 300 1431 1
1 24.08 0.87 2 7 4 0.085 0 1 4 0 2 254 1951 0
1 27.83 1.5 2 9 4 2.25 0 1 1 1 2 100 4 0
1 29.67 0.75 1 8 4 0.04 0 0 0 0 2 240 1 0
1 60.08 14.5 2 1 1 18 1 1 15 1 2 0 1001 1
1 36.17 18.12 2 9 4 0.085 0 0 0 0 2 320 3553 0
1 40.92 0.83 2 1 1 0 1 0 0 0 2 130 2 0
1 32.75 2.33 2 2 8 5.75 0 0 0 1 2 292 1 0
0 22.92 11.58 2 13 4 0.04 1 0 0 0 2 80 1350 1
0 27.42 14.5 2 14 8 3.085 1 1 1 0 2 120 12 1
1 36.67 4.41 1 4 4 0.25 1 1 10 1 2 320 1 1
0 32.17 1.46 2 9 4 1.085 1 1 16 0 2 120 2080 1
1 26.67 14.58 2 3 5 0 0 0 0 1 2 178 1 0
0 20.75 10.33 2 13 8 0.335 1 1 1 1 2 80 51 1
1 42.5 4.91 1 9 4 3.165 1 0 0 1 2 52 1443 1
1 54.42 0.5 1 4 8 3.96 1 0 0 0 2 180 315 1
0 47.25 0.75 2 11 8 2.75 1 1 1 0 2 333 893 1
1 16.25 0 1 6 4 0.25 0 0 0 0 2 60 1 0
1 21.5 11.5 2 3 4 0.5 1 0 0 1 2 100 69 0
1 55.92 11.5 2 1 1 5 1 1 5 0 2 0 8852 1
0 51.92 6.5 2 3 5 3.085 0 0 0 1 2 73 1 0
1 23.17 0 2 13 4 0.085 1 0 0 0 2 0 1 1
0 71.58 0 2 8 4 0 0 0 0 0 3 184 1 1
1 40.25 21.5 2 10 9 20 1 1 11 0 2 0 1201 1
1 33.17 1.04 2 12 8 6.5 1 0 0 1 2 164 31286 1
1 27.83 4 1 3 8 5.75 1 1 2 1 2 75 1 0
1 23.08 2.5 2 1 1 0.085 0 0 0 1 2 100 4209 0
1 23.33 11.62 1 9 4 0.835 1 0 0 1 2 160 301 1
1 33.17 3.16 1 14 4 3.165 1 1 3 1 2 380 1 1
1 27.75 1.29 2 4 8 0.25 0 0 0 1 1 140 1 0
1 23.42 0.58 2 8 8 0.085 1 0 0 0 2 180 1 0
0 25.58 0 2 8 4 0 0 0 0 0 3 184 1 1
0 25.25 13.5 1 1 1 2 0 1 1 1 2 200 2 0
0 28.42 3.5 2 9 4 0.835 1 0 0 0 1 280 1 1
1 35.17 4.5 2 14 8 5.75 0 0 0 1 1 711 1 1
0 25.17 2.87 2 14 8 0.875 1 0 0 0 2 360 1 1
0 27.25 0.28 2 7 8 0.125 0 1 1 1 2 272 109 0
0 32.33 0.54 2 13 4 0.04 1 0 0 0 2 440 11178 1
1 19.5 9.58 2 6 4 0.79 0 0 0 0 2 80 351 0
0 30.5 6.5 2 8 5 4 1 1 7 1 2 0 3066 1
1 16.5 0.12 2 8 4 0.165 0 0 0 0 2 132 1 0
0 24.5 1.75 1 8 4 0.165 0 0 0 0 2 132 1 0
0 48.17 1.33 2 3 7 0.335 0 0 0 0 2 0 121 0
0 49 1.5 2 5 3 0 1 0 0 1 2 100 28 0
1 28.92 0.37 2 8 4 0.29 0 0 0 0 2 220 141 0
0 30.58 10.66 2 11 8 0.085 0 1 12 1 2 129 4 0
1 21.25 1.5 2 9 4 1.5 0 0 0 0 2 150 9 1
1 23.08 0 2 4 4 1 0 1 11 0 1 0 1 0
1 18.42 10.41 1 6 4 0.125 1 0 0 0 2 120 376 0
1 13.75 4 1 9 4 1.75 1 1 2 1 2 120 1001 1
1 29.25 14.79 2 6 4 5.04 1 1 5 1 2 168 1 1
1 26.75 1.12 2 14 8 1.25 1 0 0 0 2 0 5299 1
1 34.92 2.5 2 9 4 0 1 0 0 1 2 239 201 1
1 38.42 0.7 2 8 4 0.375 0 1 2 0 2 225 501 0
0 18.42 9.25 2 11 4 1.21 1 1 4 0 2 60 541 1
1 17.25 3 2 4 4 0.04 0 0 0 1 2 160 41 0
0 20.42 7.5 2 4 4 1.5 1 1 1 0 2 160 235 1
1 57.42 8.5 2 10 8 7 1 1 3 0 2 0 1 1
1 48.58 0.2 1 4 4 0.25 1 1 11 0 2 380 2733 1
0 40.33 7.54 1 11 8 8 1 1 14 0 2 0 2301 1
1 32.25 0.16 1 8 8 3.25 1 1 1 1 2 432 8001 1
1 18.07 5.5 2 4 4 0.5 1 0 0 0 2 80 1 1
1 34.08 0.08 1 7 5 0.04 1 1 1 1 2 280 2001 1
1 29.83 1.25 1 4 4 0.25 0 0 0 0 2 224 1 0
1 73.42 17.75 2 1 1 0 1 0 0 1 2 0 1 1
0 55.75 7.08 2 4 8 6.75 1 1 3 1 2 100 51 0
1 34.42 4.25 2 3 5 3.25 1 1 2 0 2 274 611 1
1 22 0.79 2 9 4 0.29 0 1 1 0 2 420 284 0
1 27.25 1.58 2 13 8 1.835 1 1 12 1 2 583 714 1
1 21.42 0.75 1 12 7 0.75 0 0 0 1 2 132 3 0
0 21.67 11.5 1 5 3 0 1 1 11 1 2 0 1 1
0 19.5 0.16 2 11 4 0.04 0 0 0 1 2 380 1 0
1 33.17 3.04 1 8 8 2.04 1 1 1 1 2 180 18028 1
1 40.92 0.5 1 7 4 0.5 0 0 0 1 2 130 1 0
1 27.58 2.04 1 6 4 2 1 1 3 1 2 370 561 1
0 47.42 3 2 14 4 13.875 1 1 2 1 2 519 1705 1
1 36.67 2 2 3 4 0.25 0 0 0 1 2 221 1 0
1 43.25 3 2 11 8 6 1 1 11 0 2 80 1 1
1 20.67 1.25 1 8 8 1.375 1 1 3 1 2 140 211 0
1 18.07 6.75 1 7 4 0.04 0 0 0 0 2 140 1 0
1 43.17 2.25 2 3 5 0.75 1 0 0 0 2 560 1 0
1 17.67 4.46 2 8 4 0.25 0 0 0 0 1 80 1 0
1 24.58 12.5 2 9 4 0.875 1 0 0 1 2 260 1 0
1 24.58 13.5 1 1 1 0 0 0 0 0 2 184 1 0
1 29.83 3.5 2 8 4 0.165 0 0 0 0 2 216 1 0
0 31.57 11.25 2 1 1 0 0 0 0 0 2 184 5201 0
0 18.92 9.25 1 8 4 1 1 1 4 1 2 80 501 1
1 20.5 2.41 2 8 4 2 1 1 11 1 2 200 3001 1
1 23.08 11.5 2 3 4 3.5 1 1 9 0 2 56 743 1
1 21.33 7.5 2 6 4 1.415 1 1 1 0 2 80 9801 1
1 54.58 9.41 2 1 1 14.415 1 1 11 1 2 30 301 1
1 67.75 5.5 2 10 9 13 1 1 1 1 2 0 1 1
1 25 11.25 2 8 4 2.5 1 1 17 0 2 200 1209 1
0 24.75 13.66 2 11 8 1.5 0 0 0 0 2 280 2 0
0 18.82 9.5 2 9 4 1.625 1 1 6 1 2 40 601 1
1 23 0.75 2 7 4 0.5 0 0 0 1 1 320 1 0
1 16.32 2.75 2 6 4 0.665 0 1 1 0 2 80 22 0
1 54.83 15.5 2 10 9 0 1 1 20 0 2 152 131 0
0 47.75 8 2 8 4 7.875 1 1 6 1 2 0 1261 1
0 22.67 0.33 2 11 4 0.75 0 0 0 0 1 160 1 0
1 28.58 3.62 2 6 4 0.25 0 0 0 1 2 100 1 0
0 28.17 0.37 2 11 4 0.585 1 1 4 0 2 80 1 1
0 20.83 8.5 2 8 4 0.165 0 0 0 0 2 0 352 0
0 23.75 0.71 2 9 4 0.25 0 1 1 1 2 240 5 0
1 57.83 7.04 2 7 4 14 1 1 6 1 2 360 1333 1
1 26.75 4.5 1 8 5 2.5 0 0 0 0 2 200 1211 0
0 20.67 1.83 2 11 4 2.085 1 1 5 0 2 220 2504 1
0 29.75 0.66 2 9 4 0.25 0 0 0 1 2 300 1 0
1 39.92 6.21 2 11 4 0.04 1 1 1 0 2 200 301 1
1 30.75 1.58 2 2 4 0.585 0 0 0 1 1 0 1 0
0 22.75 6.16 2 6 4 0.165 0 0 0 0 2 220 1001 0
1 48.5 4.25 2 7 4 0.125 1 0 0 1 2 225 1 1
1 25.67 0.28 1 8 4 1.5 0 0 0 1 2 160 1 0
1 23.75 12 2 8 4 2.085 0 0 0 0 1 80 1 0
0 15.83 0.58 2 8 8 1.5 1 1 2 0 2 100 1 1
1 22.92 0.17 2 7 4 0.085 0 0 0 0 1 0 1 0

