0 15.83 7.62 2 11 4 0.125 0 1 1 1 2 0 161 0
1 19.67 0.37 2 11 4 2 1 1 2 1 2 80 1 1
0 28.75 3.75 2 8 4 1.085 1 1 1 1 2 371 1 1
1 29.25 13 2 2 8 0.5 0 0 0 0 2 228 1 0
1 23.92 0.66 2 8 4 0.165 0 0 0 0 2 100 1 1
1 32.33 7.5 2 10 5 1.585 1 0 0 1 1 420 1 0
1 28.75 1.16 2 4 4 0.5 1 0 0 0 1 280 1 0
0 28.08 15 1 10 9 0 1 0 0 0 2 0 13213 1
0 16 0.16 2 6 4 1 0 1 2 1 2 320 2 0
0 35.75 0.91 2 6 4 0.75 1 1 4 0 2 0 1584 1
1 37.75 7 2 11 8 11.5 1 1 7 1 2 300 6 0
0 20.42 7.5 2 4 4 1.5 1 1 1 0 2 160 235 1
1 35.17 25.12 2 14 8 1.625 1 1 1 1 2 515 501 1
1 27.42 12.5 2 6 5 0.25 0 0 0 1 2 720 1 0
1 34.08 6.5 2 6 4 0.125 1 0 0 1 2 443 1 0
1 22.67 2.54 1 8 8 2.585 1 0 0 0 2 0 1 1
0 24.5 0.5 2 11 8 1.5 1 0 0 0 2 280 825 1
0 26.92 13.5 2 11 8 5 1 1 2 0 2 0 5001 1
1 37.42 2.04 2 9 4 0.04 1 0 0 1 2 400 5801 1
0 16.5 1.25 2 11 4 0.25 0 1 1 0 2 108 99 0
0 32.25 1.5 2 8 4 0.25 0 0 0 1 2 372 123 0
0 18.75 7.5 2 11 4 2.71 1 1 5 0 2 184 26727 1
1 40 6.5 2 6 5 3.5 1 1 1 0 2 0 501 1
1 21.33 10.5 2 8 4 3 1 0 0 1 2 0 1 1
1 35 3.37 2 8 8 8.29 0 0 0 1 2 0 1 0
1 52.42 1.5 2 2 4 3.75 0 0 0 1 2 0 351 0
0 25.25 13.5 1 1 1 2 0 1 1 1 2 200 2 0
0 20.83 0.5 1 10 2 1 0 0 0 0 2 260 1 0
1 26.33 13 2 10 2 0 0 0 0 1 2 140 1111 0
0 20.75 10.25 2 11 4 0.71 1 1 2 1 2 49 1 1
1 25.67 3.25 2 8 8 2.29 0 1 1 1 2 416 22 0
0 30.5 6.5 2 8 5 4 1 1 7 1 2 0 3066 1
1 44.25 11 1 2 4 1.5 1 0 0 0 1 0 1 0
1 31.57 3 1 3 5 7 0 0 0 0 2 0 2 0
0 41.33 1 2 3 5 2.25 1 0 0 1 2 0 301 1
1 43.25 25.21 2 11 8 0.21 1 1 1 0 2 760 91 0
0 16.92 0.5 2 3 4 0.165 0 1 6 1 2 240 36 0
1 20.67 1.25 1 8 8 1.375 1 1 3 1 2 140 211 0
1 49.17 2.29 2 1 1 0.29 0 0 0 0 2 200 4 0
0 47.25 0.75 2 11 8 2.75 1 1 1 0 2 333 893 1
1 57.42 8.5 2 10 8 7 1 1 3 0 2 0 1 1
0 68.67 15 2 10 9 0 1 1 14 0 2 0 3377 1
0 37.33 2.5 2 3 8 0.21 0 0 0 0 2 260 247 0
1 27.25 1.58 2 13 8 1.835 1 1 12 1 2 583 714 1
0 20.75 9.53 2 3 4 0.04 0 0 0 0 2 200 1001 0
0 35.17 3.75 2 1 1 0 0 1 6 0 2 0 201 0
0 25.17 2.87 2 14 8 0.875 1 0 0 0 2 360 1 1
1 30.75 1.58 2 2 4 0.585 0 0 0 1 1 0 1 0
1 43.08 0.37 1 8 4 0.375 1 1 8 1 2 300 163 1
0 23 1.83 2 5 3 0 0 1 1 0 2 200 54 0
1 26.67 14.58 2 3 5 0 0 0 0 1 2 178 1 0
1 28 3 2 9 4 0.75 0 0 0 1 2 300 68 0
1 38.67 0.21 2 4 4 0.085 1 0 0 1 2 280 1 1
1 24.08 0.87 2 7 4 0.085 0 1 4 0 2 254 1951 0
1 22.25 9 2 6 4 0.085 0 0 0 0 2 0 1 0
1 25.17 6 2 8 4 1 1 1 3 0 2 0 1 1
0 17.32 9.5 2 6 4 1.75 0 1 10 1 2 0 11 0
1 26.17 12.5 1 4 8 1.25 0 0 0 1 2 0 18 0
0 60.92 5 2 6 4 4 1 1 4 0 2 0 100 1
0 28.67 1.04 2 8 4 2.5 1 1 5 1 2 300 1431 1
1 36.25 5 2 8 5 2.5 1 1 6 0 2 0 368 1
1 16.25 0.83 2 7 4 0.085 1 0 0 0 1 200 1 0
0 21.75 1.75 1 5 3 0 0 0 0 0 2 160 1 0
1 29.67 0.75 1 8 4 0.04 0 0 0 0 2 240 1 0
1 18.07 5.5 2 4 4 0.5 1 0 0 0 2 80 1 1
1 33.17 3.16 1 14 4 3.165 1 1 3 1 2 380 1 1
0 30.25 5.5 2 4 4 5.5 0 0 0 1 1 100 1 0
1 48.58 6.5 2 11 8 6 1 0 0 1 2 350 1 1
1 44.33 0.5 2 3 8 5 1 0 0 1 2 320 1 1
1 31.42 15.5 2 8 4 0.5 1 0 0 0 2 120 1 0
1 21.08 4.12 1 3 8 0.04 0 0 0 0 2 140 101 0
1 22.67 1.58 1 9 4 3.085 1 1 6 0 2 80 1 1
0 28.5 1 2 11 4 1 1 1 2 1 2 167 501 0
1 25.75 0.5 2 8 4 1.46 1 1 5 1 2 312 1 1
0 22.75 6.16 2 6 4 0.165 0 0 0 0 2 220 1001 0
0 22.92 1.25 2 11 4 0.25 0 0 0 1 2 120 810 0
1 52.33 1.37 1 8 8 9.46 1 0 0 1 2 200 101 0
1 60.08 14.5 2 1 1 18 1 1 15 1 2 0 1001 1
0 26.5 2.71 1 8 4 0.085 0 0 0 0 1 80 1 0
1 27.58 2.04 1 6 4 2 1 1 3 1 2 370 561 1
1 17.07 0.08 1 8 4 0.04 0 0 0 0 2 140 723 0
0 23 11.75 2 14 8 0.5 1 1 2 1 2 300 552 1
1 23.25 12.62 2 8 4 0.125 0 1 2 0 2 0 5553 0
1 62.75 7 2 10 9 0 0 0 0 0 2 0 13 0
0 15.75 0.37 2 8 4 1 0 0 0 0 2 120 19 0
1 59.67 1.54 2 11 4 0.125 1 0 0 1 2 260 1 1
0 16.07 0.33 2 1 1 0 0 1 1 0 2 160 127 0
0 15.92 2.87 2 11 4 0.085 0 0 0 0 2 120 1 0
1 33.17 3.04 1 8 8 2.04 1 1 1 1 2 180 18028 1
0 33.08 4.62 2 11 8 1.625 1 1 2 0 2 0 1 1
0 23.25 5.87 2 11 4 3.17 1 1 10 0 2 120 246 1
1 32.42 2.16 1 4 1 0 0 0 0 0 2 120 1 0
1 69.17 9 2 1 1 4 0 1 1 0 2 70 7 0
0 28.58 3.75 2 8 4 0.25 0 1 1 1 2 40 155 0
0 57.08 0.33 2 3 5 1 1 0 0 1 2 252 2198 0
1 16.32 2.75 2 6 4 0.665 0 1 1 0 2 80 22 0
1 31.08 3.08 2 8 4 2.5 0 1 2 1 2 160 42 0
1 19.42 7.25 2 7 4 0.04 0 1 1 0 2 100 2 0
1 37.5 1.75 1 8 5 0.25 1 0 0 1 2 164 401 0
1 42.83 4.62 2 11 4 4.58 1 0 0 0 1 0 1 1
0 17.57 9 2 6 4 1.375 1 0 0 1 2 0 1 1
1 36.5 4.25 2 11 4 3.5 0 0 0 0 2 454 51 0
0 17.67 0 1 5 1 0 0 0 0 0 2 86 1 0
1 19.32 10.91 2 8 5 0.585 0 1 2 1 2 200 8 0
1 73.42 17.75 2 1 1 0 1 0 0 1 2 0 1 1
0 18.57 10 2 2 4 0.415 0 0 0 0 2 80 43 0
0 19.57 0.66 1 8 4 1 0 1 1 0 2 2000 3 0
1 21.83 1.54 2 4 4 0.085 0 0 0 1 2 356 1 0
0 20.83 8.5 2 8 4 0.165 0 0 0 0 2 0 352 0
0 23.42 0.79 1 11 4 1.5 1 1 2 1 2 80 401 1
1 25 12.5 2 6 4 3 1 0 0 1 1 20 1 1
1 21.33 7.5 2 6 4 1.415 1 1 1 0 2 80 9801 1
1 29.42 1.25 2 8 8 0.25 0 1 2 1 2 400 109 0
1 31.83 0.04 1 7 4 0.04 0 0 0 0 2 0 1 0
0 21.67 11.5 1 5 3 0 1 1 11 1 2 0 1 1
1 23 0.75 2 7 4 0.5 0 0 0 1 1 320 1 0
1 41.58 1.75 2 4 4 0.21 1 0 0 0 2 160 1 0
0 22.67 0.33 2 11 4 0.75 0 0 0 0 1 160 1 0
1 39.5 4.25 2 8 5 6.5 1 1 16 0 2 117 1211 1
1 31.57 0.37 2 2 4 0.875 1 0 0 1 1 928 1 0
1 44.25 0.5 2 7 4 10.75 1 0 0 0 1 400 1 0
1 40.58 5 2 8 4 5 1 1 7 0 2 0 3066 1
1 20.42 1.08 2 11 4 1.5 0 0 0 0 2 108 8 0
0 28.5 3.04 1 14 8 2.54 1 1 1 0 2 70 1 1
1 34.75 15 2 12 7 5.375 1 1 9 1 2 0 135 1
0 34.83 1.25 1 3 8 0.5 0 0 0 1 2 160 1 0
1 18.5 2 2 3 4 1.5 1 1 2 0 2 120 301 1
1 34.42 4.25 2 3 5 3.25 1 1 2 0 2 274 611 1
0 26.08 8.66 2 6 4 1.415 1 0 0 0 2 160 151 1
1 23.75 0.41 1 8 4 0.04 0 1 2 0 2 128 7 0
1 49.5 7.58 2 3 5 7.585 1 1 15 1 2 0 5001 1
1 26.67 1.75 1 8 4 1 1 1 5 1 2 160 5778 1
1 51.42 0.04 2 14 8 0.04 1 0 0 0 2 0 3001 1
1 39.92 5 2 3 5 0.21 0 0 0 0 2 550 1 0
1 25.17 3.5 2 13 4 0.625 1 1 7 0 2 0 7060 1
0 20.32 10 2 8 8 1 1 1 4 0 2 50 1466 1
0 22.83 2.29 2 11 8 2.29 1 1 7 1 2 140 2385 1
1 28.17 0.12 1 4 4 0.085 0 0 0 0 2 216 2101 0
1 48.5 4.25 2 7 4 0.125 1 0 0 1 2 225 1 1
1 34.25 1.75 2 9 5 0.25 1 0 0 1 2 163 1 0
1 27.25 0.62 2 6 4 0.455 1 0 0 1 2 200 1 0
0 47.42 8 2 10 5 6.5 1 1 6 0 2 375 51101 1
1 34.08 0.08 1 7 5 0.04 1 1 1 1 2 280 2001 1
1 23.75 12 2 8 4 2.085 0 0 0 0 1 80 1 0
1 28.92 0.37 2 8 4 0.29 0 0 0 0 2 220 141 0
1 47.33 6.5 2 8 4 1 0 0 0 1 2 0 229 0
0 58.42 21 2 3 5 10 1 1 13 0 2 0 6701 1
1 35.25 16.5 1 8 4 4 1 0 0 0 2 80 1 0
1 28.58 3.62 2 6 4 0.25 0 0 0 1 2 100 1 0
1 41.17 1.25 1 9 4 0.25 0 0 0 0 2 0 196 0
1 38.25 10.12 1 4 4 0.125 0 0 0 0 2 160 1 0
1 30.08 1.04 1 3 5 0.5 1 1 10 1 2 132 29 0
1 24.75 0.54 2 7 4 1 0 0 0 1 2 120 2 0
1 27.67 0.75 2 11 8 0.165 0 0 0 1 2 220 252 0
1 20 7 2 8 4 0.5 0 0 0 0 2 0 1 0
1 25 11.25 2 8 4 2.5 1 1 17 0 2 200 1209 1
0 18.25 10 2 9 4 1 0 1 1 0 2 120 2 0
1 26.75 2 2 2 4 0.75 0 0 0 1 2 80 1 0
1 32.67 9 1 9 8 5.25 1 0 0 1 2 154 1 1
1 31.67 0.83 2 14 4 1.335 1 1 8 1 2 303 3291 1
1 25.92 0.87 2 4 4 0.375 0 1 2 1 2 174 4 0
1 25.25 1 2 6 4 0.5 0 0 0 0 2 200 1 0
1 36.67 4.41 1 4 4 0.25 1 1 10 1 2 320 1 1
1 35.17 4.5 2 14 8 5.75 0 0 0 1 1 711 1 1
0 31.92 3.12 2 1 1 3.04 0 1 2 1 2 200 5 0

