1 39.17 1.62 2 8 4 1.5 1 1 10 0 2 186 4701 1
1 40.92 0.83 2 1 1 0 1 0 0 0 2 130 2 0
0 24.75 12.5 2 6 4 1.5 1 1 12 1 2 120 568 1
1 20.67 0.83 1 8 4 2 0 0 0 1 1 240 1 0
1 29.67 0.75 1 8 4 0.04 0 0 0 0 2 240 1 0
0 56.83 4.25 1 1 1 5 0 0 0 1 2 0 5 0
1 21.17 0.87 1 8 8 0.25 0 0 0 0 2 280 205 0
1 25.42 0.54 2 9 4 0.165 0 1 1 0 2 272 445 0
1 34.83 4 2 2 5 12.5 1 0 0 1 2 184 1 0
1 39.33 5.87 2 13 8 10 1 1 14 1 2 399 1 1
1 31.08 3.08 2 8 4 2.5 0 1 2 1 2 160 42 0
1 22.67 10.5 2 11 8 1.335 1 0 0 0 2 100 1 1
1 23.08 2.5 2 1 1 0.085 0 0 0 1 2 100 4209 0
0 23.58 11.5 1 4 8 3 0 0 0 1 2 20 17 0
1 42.08 1.04 2 9 4 5 1 1 6 1 2 500 10001 1
1 19.32 10.91 2 8 5 0.585 0 1 2 1 2 200 8 0
1 36.17 18.12 2 9 4 0.085 0 0 0 0 2 320 3553 0
1 34.25 1.75 2 9 5 0.25 1 0 0 1 2 163 1 0
0 15.75 0.37 2 8 4 1 0 0 0 0 2 120 19 0
0 16.92 0.5 2 3 4 0.165 0 1 6 1 2 240 36 0
1 34.08 2.5 2 8 4 1 0 0 0 0 2 460 17 0
1 48.08 6.04 2 4 4 0.04 0 0 0 0 2 0 2691 1
1 20.25 9.96 2 10 2 0 1 0 0 0 2 0 1 1
1 34.25 3 2 13 8 7.415 1 0 0 1 2 0 1 1
1 17.5 22 3 1 7 0 0 0 0 1 3 450 100001 1
1 20.42 7 2 8 4 1.625 1 1 3 0 2 200 1392 1
1 25.92 0.87 2 4 4 0.375 0 1 2 1 2 174 4 0
1 19.17 4 1 3 4 1 0 0 0 1 2 360 1001 0
1 31.42 15.5 2 8 4 0.5 1 0 0 0 2 120 1 0
1 35 3.37 2 8 8 8.29 0 0 0 1 2 0 1 0
1 47.67 2.5 2 7 5 2.5 1 1 12 1 2 410 2511 1
1 39.58 5 2 1 1 0 0 1 2 0 2 17 2 0
1 63.33 0.54 2 8 4 0.585 1 1 3 1 2 180 1 0
1 54.33 6.75 2 8 8 2.625 1 1 11 1 2 0 285 1
0 47 13 2 3 5 5.165 1 1 9 1 2 0 1 1
0 20.5 11.83 2 8 8 6 1 0 0 0 2 340 1 1
1 40.25 21.5 2 10 9 20 1 1 11 0 2 0 1201 1
0 17.67 0 1 5 1 0 0 0 0 0 2 86 1 0
1 22.67 0.16 2 8 3 2.25 0 0 0 1 1 0 1 1
1 19 1.75 1 8 4 2.335 0 0 0 1 2 112 7 0
1 42 0.2 2 3 8 5.125 1 0 0 0 2 400 1 1
1 17.57 10 2 9 8 0.165 0 1 1 0 2 120 2 0
0 30.5 6.5 2 8 5 4 1 1 7 1 2 0 3066 1
1 24.17 0.87 2 11 4 4.625 1 1 2 1 2 520 2001 1
1 21.42 0.75 1 12 7 0.75 0 0 0 1 2 132 3 0
1 34.92 5 2 14 8 7.5 1 1 6 1 2 0 1001 1
1 21.17 0 2 8 4 0.5 0 0 0 1 1 0 1 0
1 40.58 1.5 2 3 5 0 0 0 0 0 1 300 1 0
1 36.42 0.75 1 2 4 0.585 0 0 0 0 2 240 4 0
0 21.67 11.5 1 5 3 0 1 1 11 1 2 0 1 1
1 20.17 5.62 2 9 4 1.71 1 0 0 0 1 120 1 1
1 25.08 1.71 2 14 4 1.665 1 1 1 1 2 395 21 1
0 31.25 3.75 2 13 8 0.625 1 1 9 1 2 181 1 1
1 31.67 16.16 2 2 4 3 1 1 9 0 2 250 731 1
1 51.42 0.04 2 14 8 0.04 1 0 0 0 2 0 3001 1
1 48.75 8.5 2 8 8 12.5 1 1 9 0 2 181 1656 1
1 20.5 2.41 2 8 4 2 1 1 11 1 2 200 3001 1
0 21.25 2.33 2 3 5 0.5 1 1 4 0 1 80 1 1
0 48.17 1.33 2 3 7 0.335 0 0 0 0 2 0 121 0
1 51.58 15 2 8 4 8.5 1 1 9 0 2 0 1 1
1 23.08 0 2 4 4 1 0 1 11 0 1 0 1 0
0 56.5 16 2 5 1 0 1 1 15 0 2 0 248 1
0 24.5 1.75 1 8 4 0.165 0 0 0 0 2 132 1 0
1 44 2 2 7 4 1.75 1 1 2 1 2 0 16 1
1 41.92 0.42 2 8 8 0.21 1 1 6 0 2 220 949 1
0 57.08 19.5 2 8 4 5.5 1 1 7 0 2 0 3001 1
0 21.92 11.66 2 4 8 0.085 0 0 0 0 2 320 6 0
1 27.83 1.54 2 9 4 3.75 1 1 5 1 2 100 4 1
1 23 0.75 2 7 4 0.5 1 0 0 1 1 320 1 0
1 38.42 0.7 2 8 4 0.375 0 1 2 0 2 225 501 0
1 24.08 0.87 2 7 4 0.085 0 1 4 0 2 254 1951 0
0 26.08 8.66 2 6 4 1.415 1 0 0 0 2 160 151 1
0 35.75 0.91 2 6 4 0.75 1 1 4 0 2 0 1584 1
1 21.5 9.75 2 8 4 0.25 1 0 0 0 2 140 1 0
1 39.92 6.21 2 11 4 0.04 1 1 1 0 2 200 301 1
1 42.83 4.62 2 11 4 4.58 1 0 0 0 1 0 1 1
0 58.67 4.46 2 11 8 3.04 1 1 6 0 2 43 561 1
1 32.25 14 1 1 1 0 0 1 2 0 2 160 2 0
1 57.83 7.04 2 7 4 14 1 1 6 1 2 360 1333 1
1 34.83 2.5 1 9 4 3 0 0 0 0 1 200 1 0
1 27.67 0.75 2 11 8 0.165 0 0 0 1 2 220 252 0
1 29.83 1.25 1 4 4 0.25 0 0 0 0 2 224 1 0
0 27.58 3 2 7 4 2.79 0 1 1 1 2 280 11 0
1 36.17 5.5 2 3 5 5 0 0 0 0 2 210 688 0
1 34 5.5 1 8 4 1.5 0 0 0 1 2 60 1 0
1 28.58 3.62 2 6 4 0.25 0 0 0 1 2 100 1 0
1 20.75 5.08 1 5 4 0.29 0 0 0 0 2 140 185 0
1 39.5 1.62 2 8 4 1.5 0 0 0 0 2 0 317 0
1 18.17 10.25 2 8 8 1.085 0 0 0 0 2 320 14 0
1 60.08 14.5 2 1 1 18 1 1 15 1 2 0 1001 1
1 20 0 2 2 4 0.5 0 0 0 0 2 144 1 0
0 24.92 1.25 2 1 1 0 1 0 0 0 2 80 1 0
1 21.58 0.79 1 13 4 0.665 0 0 0 0 2 160 1 0
0 58.42 21 2 3 5 10 1 1 13 0 2 0 6701 1
0 18.17 10 1 11 8 0.165 0 0 0 0 2 340 1 0
0 23.5 9 2 11 4 8.5 1 1 5 1 2 120 1 1
1 31.08 1.5 1 9 4 0.04 0 0 0 0 1 160 1 0
1 43.25 25.21 2 11 8 0.21 1 1 1 0 2 760 91 0
1 76.75 22.29 2 10 9 12.75 1 1 1 1 2 0 110 1
1 28.33 5 2 9 4 11 1 0 0 1 2 70 1 1
1 31.57 0.04 1 2 4 4.25 0 0 0 1 2 460 1 0
0 49 1.5 2 5 3 0 1 0 0 1 2 100 28 0
1 41.42 5 2 11 8 5 1 1 6 1 2 470 1 1
0 17.92 10.21 2 1 1 0 0 0 0 0 2 0 51 0
1 27.75 0.58 1 13 4 0.25 1 1 2 0 2 260 501 1
1 38.17 10.12 2 14 4 2.5 1 1 6 0 2 520 197 1
1 34.17 9.17 2 8 4 4.5 1 1 12 1 2 0 222 1
0 18.75 7.5 2 11 4 2.71 1 1 5 0 2 184 26727 1
0 34.83 1.25 1 3 8 0.5 0 0 0 1 2 160 1 0
1 29.25 13 2 2 8 0.5 0 0 0 0 2 228 1 0
1 22.75 11 2 11 4 2.5 1 1 7 1 2 100 810 1
1 27 1.5 1 9 4 0.375 1 0 0 1 2 260 1066 1
1 37.75 7 2 11 8 11.5 1 1 7 1 2 300 6 0
1 18.17 2.46 2 8 7 0.96 0 1 2 1 2 160 588 0
0 65.17 14 2 1 1 0 1 1 11 1 2 0 1401 1
0 52.83 15 2 8 4 5.5 1 1 14 0 2 0 2201 1
1 23.58 1.79 2 8 4 0.54 0 0 0 1 2 136 2 0
1 20.67 0.41 2 8 4 0.125 0 0 0 0 2 0 45 0
1 23.33 11.62 1 9 4 0.835 1 0 0 1 2 160 301 1
1 27.67 2 2 14 8 1 1 1 4 0 2 140 7545 1
1 28 2 2 4 8 4.165 1 1 2 1 2 181 1 1
1 25.67 3.25 2 8 8 2.29 0 1 1 1 2 416 22 0
0 52.5 7 2 6 8 3 0 0 0 0 2 0 1 0
1 20.5 10 1 8 4 2.5 1 0 0 0 1 40 1 1
0 42.25 1.75 1 8 4 0 0 0 0 1 2 150 2 0
1 21.17 0.25 1 8 8 0.25 0 0 0 0 2 280 205 0
0 55.75 7.08 2 4 8 6.75 1 1 3 1 2 100 51 0
1 22.5 0.12 1 4 4 0.125 0 0 0 0 2 200 71 0
1 23.42 0.58 2 8 8 0.085 1 0 0 0 2 180 1 0
1 22 7.83 1 3 5 0.165 0 0 0 1 2 184 1 0
0 21.75 1.75 1 5 3 0 0 0 0 0 2 160 1 0
1 41.33 0 2 8 5 15 1 0 0 0 2 0 1 1
1 21.33 7.5 2 6 4 1.415 1 1 1 0 2 80 9801 1
0 25.33 2.08 2 8 8 2.75 1 0 0 1 2 360 2 0
1 48.58 6.5 2 11 8 6 1 0 0 1 2 350 1 1
1 35.17 4.5 2 14 8 5.75 0 0 0 1 1 711 1 1
1 35.17 2.5 2 4 4 4.5 1 1 7 0 2 150 1271 1
1 19 0 1 1 1 0 0 1 4 0 2 45 2 0
1 27.83 1.5 2 9 4 2 1 1 11 1 2 434 36 1
1 23.17 0 2 13 4 0.085 1 0 0 0 2 0 1 1
1 74.83 19 1 1 1 0.04 0 1 2 0 2 0 352 0
1 56.58 18.5 2 2 5 15 1 1 17 1 2 0 1 1
0 20.83 3 2 6 4 0.04 1 0 0 0 2 100 1 1
0 23 11.75 2 14 8 0.5 1 1 2 1 2 300 552 1
0 30 5.29 2 10 2 2.25 1 1 5 1 2 99 501 1
1 51.33 10 2 3 5 0 1 1 11 0 2 0 1250 1
1 26.83 0.54 2 4 1 0 0 0 0 0 2 100 1 0
0 20.42 7.5 2 4 4 1.5 1 1 1 0 2 160 235 1
0 44.17 6.66 2 11 4 7.375 1 1 3 1 2 0 1 1
1 17.07 0.08 1 8 4 0.04 0 0 0 0 2 140 723 0
0 40.83 10 2 11 8 1.75 1 0 0 0 2 29 838 1
1 18 0.16 2 11 7 0.21 0 0 0 0 2 200 41 1
0 36.75 4.71 2 1 1 0 0 0 0 0 2 160 1 0
1 25 12 2 4 4 2.25 1 1 2 1 2 120 6 0
1 29.17 3.5 2 9 4 3.5 1 1 3 1 2 329 1 0
1 22 0.79 2 9 4 0.29 0 1 1 0 2 420 284 0
1 39.42 1.71 1 7 4 0.165 0 0 0 0 1 400 1 0
1 23.92 1.5 2 2 8 1.875 1 1 6 0 2 200 328 1
0 20.32 10 2 8 8 1 1 1 4 0 2 50 1466 1
1 48.5 4.25 2 7 4 0.125 1 0 0 1 2 225 1 1
0 28.08 15 1 10 9 0 1 0 0 0 2 0 13213 1
1 33.75 2.75 2 3 5 0 0 0 0 0 2 180 1 0
1 19.17 0 1 7 5 0 0 0 0 1 1 500 2 1
0 44.33 0 2 8 4 2.5 1 0 0 0 2 0 1 1
0 16.5 1.25 2 11 4 0.25 0 1 1 0 2 108 99 0

