1 18.5 2 2 3 4 1.5 1 1 2 0 2 120 301 1
1 23.58 0.46 1 9 4 2.625 1 1 6 1 2 208 348 0
0 52.5 7 2 6 8 3 0 0 0 0 2 0 1 0
1 17.07 3.29 2 3 4 0.335 0 0 0 1 2 140 3 0
1 26.67 2.71 1 13 4 5.25 1 1 1 0 2 211 1 1
1 29.42 1.25 2 8 8 0.25 0 1 2 1 2 400 109 0
1 27 0.75 2 8 8 4.25 1 1 3 1 2 312 151 1
0 45 4.58 2 4 8 1 0 0 0 1 1 240 1 0
1 31.08 3.08 2 8 4 2.5 0 1 2 1 2 160 42 0
1 37.17 4 2 8 5 5 1 0 0 1 1 280 1 0
1 22.25 0.46 2 4 4 0.125 0 0 0 1 2 280 56 0
0 18.92 9 2 6 4 0.75 1 1 2 0 2 88 592 1
1 34.08 0.08 1 7 5 0.04 1 1 1 1 2 280 2001 1
1 27.25 1.58 2 13 8 1.835 1 1 12 1 2 583 714 1
1 25.67 2.21 1 6 4 4 1 0 0 0 2 188 1 0
0 15.83 0.58 2 8 8 1.5 1 1 2 0 2 100 1 1
1 22.58 10.03 2 14 4 0.04 1 1 9 0 2 60 397 1
0 25 0.87 2 14 8 1.04 1 0 0 1 2 160 5861 1
1 18.17 10.25 2 8 8 1.085 0 0 0 0 2 320 14 0
1 34.17 1.54 2 13 4 1.54 1 1 1 1 2 520 50001 1
1 22.67 1.58 1 9 4 3.085 1 1 6 0 2 80 1 1
1 27.25 0.62 2 6 4 0.455 1 0 0 1 2 200 1 0
1 35.75 2.41 2 9 4 0.125 0 1 2 0 2 220 2 0
1 28.25 5.12 2 14 4 4.75 1 1 2 0 2 420 8 1
1 18.17 2.46 2 8 7 0.96 0 1 2 1 2 160 588 0
0 28.58 3.75 2 8 4 0.25 0 1 1 1 2 40 155 0
1 26.67 14.58 2 3 5 0 0 0 0 1 2 178 1 0
1 20.25 9.96 2 10 2 0 1 0 0 0 2 0 1 1
1 55.92 11.5 2 1 1 5 1 1 5 0 2 0 8852 1
1 26 1 2 11 4 1.75 1 0 0 1 2 280 1 1
1 20.67 0.83 1 8 4 2 0 0 0 1 1 240 1 0
1 41.5 1.54 2 3 5 3.5 0 0 0 0 2 216 1 1
1 26.17 0.25 2 3 5 0 1 0 0 1 2 0 1 1
0 33.25 3 1 6 4 2 0 0 0 0 2 180 1 0
1 32.75 2.33 2 2 8 5.75 0 0 0 1 2 292 1 0
0 19.75 0.75 2 8 4 0.795 1 1 5 1 2 140 6 0
1 37.33 6.5 2 7 8 4.25 1 1 12 1 2 93 1 1
1 17.07 0.25 2 11 4 0.335 0 1 4 0 2 160 9 0
0 20.42 0.83 2 11 4 1.585 1 1 1 0 2 0 1 1
1 35.25 16.5 1 8 4 4 1 0 0 0 2 80 1 0
1 39.58 13.91 2 9 4 8.625 1 1 6 1 2 70 1 1
1 22.67 10.5 2 11 8 1.335 1 0 0 0 2 100 1 1
0 15.92 2.87 2 11 4 0.085 0 0 0 0 2 120 1 0
1 23.75 0.41 1 8 4 0.04 0 1 2 0 2 128 7 0
0 28.17 0.37 2 11 4 0.585 1 1 4 0 2 80 1 1
1 24.5 13.33 1 6 4 0.04 0 0 0 1 2 120 476 0
1 23.92 0.66 2 8 4 0.165 0 0 0 0 2 100 1 1
0 32 6 2 2 4 1.25 0 0 0 0 2 272 1 0
1 37.5 0.83 2 10 4 0.04 0 0 0 0 2 120 6 0
1 24.42 12.33 2 11 8 1.585 1 0 0 1 2 120 1 1
1 32.42 2.16 1 4 1 0 0 0 0 0 2 120 1 0
1 37.5 1.75 1 8 5 0.25 1 0 0 1 2 164 401 0
1 19.32 10.91 2 8 5 0.585 0 1 2 1 2 200 8 0
0 24.58 0.67 2 6 8 1.75 1 0 0 0 2 400 1 0
1 32.25 0.16 1 8 8 3.25 1 1 1 1 2 432 8001 1
0 30.42 1.37 2 9 8 0.04 0 1 3 0 2 0 34 0
1 26.17 0.83 2 13 4 1.165 0 0 0 0 2 100 1 0
0 18.57 10 2 2 4 0.415 0 0 0 0 2 80 43 0
0 25.58 0 2 8 4 0 0 0 0 0 3 184 1 1
1 31.57 0.5 2 8 5 0.835 1 0 0 1 1 320 1 0
0 25 11 1 6 4 4.5 1 0 0 0 2 120 1 0
1 25.17 3.5 2 13 4 0.625 1 1 7 0 2 0 7060 1
1 31.57 0.04 1 2 4 4.25 0 0 0 1 2 460 1 0
0 24.5 0.5 2 11 8 1.5 1 0 0 0 2 280 825 1
0 23 1.83 2 5 3 0 0 1 1 0 2 200 54 0
1 21.25 1.5 2 9 4 1.5 0 0 0 0 2 150 9 1
1 23.25 12.62 2 8 4 0.125 0 1 2 0 2 0 5553 0
1 44.33 0.5 2 3 8 5 1 0 0 1 2 320 1 1
1 17.67 4.46 2 8 4 0.25 0 0 0 0 1 80 1 0
1 18.82 0 2 11 4 0.665 0 0 0 0 2 160 2 0
1 17.42 6.5 2 3 4 0.125 0 0 0 0 2 60 101 0
0 27.33 1.66 2 1 1 0 0 0 0 0 2 340 2 0
0 22.83 2.29 2 11 8 2.29 1 1 7 1 2 140 2385 1
1 43.25 25.21 2 11 8 0.21 1 1 1 0 2 760 91 0
1 29.25 14.79 2 6 4 5.04 1 1 5 1 2 168 1 1
1 27.25 1.66 2 13 8 5.085 1 1 9 0 2 399 828 1
0 20.67 3 2 11 4 0.165 1 1 3 0 2 100 7 1
1 16.17 0.04 2 8 4 0.04 0 0 0 0 2 0 1 1
1 51.83 3 1 1 1 1.5 0 0 0 0 2 180 5 0
0 22.25 1.25 1 1 1 3.25 0 0 0 0 2 280 1 0
1 20.42 0 2 8 4 0 0 0 0 0 3 184 1 0
1 26.75 4.5 1 8 5 2.5 0 0 0 0 2 200 1211 0
1 28 3 2 9 4 0.75 0 0 0 1 2 300 68 0
0 29.5 0.46 2 4 4 0.54 1 1 4 0 2 380 501 1
1 40.58 1.5 2 3 5 0 0 0 0 0 1 300 1 0
1 31.67 0.83 2 14 4 1.335 1 1 8 1 2 303 3291 1
0 41 2.04 1 11 8 0.125 1 1 23 1 2 455 1237 1
1 33.58 0.25 2 3 5 4 0 0 0 1 1 420 1 0
1 38.17 10.12 2 14 4 2.5 1 1 6 0 2 520 197 1
0 64.08 0.16 2 1 1 0 1 1 1 0 2 232 101 1
1 41.17 1.25 1 9 4 0.25 0 0 0 0 2 0 196 0
1 25.83 12.83 2 13 4 0.5 0 0 0 0 2 0 3 0
1 32.92 2.5 2 6 4 1.75 0 1 2 1 2 720 1 0
1 18 0.16 2 11 7 0.21 0 0 0 0 2 200 41 1
1 25.42 0.54 2 9 4 0.165 0 1 1 0 2 272 445 0
0 53.33 0.16 2 1 1 0 0 0 0 1 1 62 28 0
1 35 2.5 2 3 4 1 0 0 0 1 2 210 1 0
1 34.92 2.5 2 9 4 0 1 0 0 1 2 239 201 1
1 22.67 0.75 2 3 4 1.585 0 1 1 1 2 400 10 0
1 25.33 0.57 2 8 4 0.29 1 1 7 1 2 96 5125 1
1 23.17 11.12 2 14 8 0.46 1 1 1 0 2 100 1 1
1 42.83 1.25 2 7 4 13.875 0 1 1 1 2 352 113 0
0 17.32 9.5 2 6 4 1.75 0 1 10 1 2 0 11 0
0 33.08 4.62 2 11 8 1.625 1 1 2 0 2 0 1 1
1 21.17 0.25 1 8 8 0.25 0 0 0 0 2 280 205 0
1 31.25 1.12 2 1 1 0 0 1 1 0 2 96 20 0
0 31.57 11.25 2 1 1 0 0 0 0 0 2 184 5201 0
1 22.08 2.33 2 4 4 0.75 0 0 0 0 2 180 1 0
1 31.08 1.5 1 9 4 0.04 0 0 0 0 1 160 1 0
0 17.82 11 2 14 8 1 1 1 11 0 2 0 3001 1
1 34.25 1.75 2 9 5 0.25 1 0 0 1 2 163 1 0
0 16.5 1.25 2 11 4 0.25 0 1 1 0 2 108 99 0
0 36.75 4.71 2 1 1 0 0 0 0 0 2 160 1 0
1 23.42 0.58 2 8 8 0.085 1 0 0 0 2 180 1 0
1 31.57 10.5 2 14 4 6.5 1 0 0 0 2 0 1 1
0 28.75 3.75 2 8 4 1.085 1 1 1 1 2 371 1 1
1 30.17 0.5 2 8 4 1.75 1 1 11 0 2 32 541 1
0 31.75 3 1 5 3 0 0 0 0 0 2 160 21 0
1 56 12.5 2 4 8 8 1 0 0 1 2 24 2029 1
0 41.33 1 2 3 5 2.25 1 0 0 1 2 0 301 1
0 22.92 1.25 2 11 4 0.25 0 0 0 1 2 120 810 0
1 20.67 0.41 2 8 4 0.125 0 0 0 0 2 0 45 0
0 46.67 0.46 2 13 8 0.415 1 1 11 1 2 440 7 1
0 33.08 1.62 2 2 4 0.54 0 0 0 1 2 0 1 0
1 16 3.12 2 9 4 0.085 0 1 1 0 2 0 7 0
0 27.67 1.5 2 7 4 2 1 0 0 0 1 368 1 0
1 29.58 4.75 2 7 4 2 0 1 1 1 2 460 69 0
1 38.25 10.12 1 4 4 0.125 0 0 0 0 2 160 1 0
1 20.42 7 2 8 4 1.625 1 1 3 0 2 200 1392 1
0 28.5 3.04 1 14 8 2.54 1 1 1 0 2 70 1 1
1 41.58 1.75 2 4 4 0.21 1 0 0 0 2 160 1 0
1 26.83 0.54 2 4 1 0 0 0 0 0 2 100 1 0
0 21.5 6 2 6 4 2.5 1 1 3 0 2 80 919 1
1 23.25 1 2 8 4 0.835 1 0 0 0 1 300 1 1
1 30.17 1.08 1 8 4 0.04 0 0 0 0 2 170 180 0
1 42 9.78 2 14 8 7.96 1 1 8 0 2 0 1 1
0 35.17 3.75 2 1 1 0 0 1 6 0 2 0 201 0
1 24.42 2 2 10 2 0.165 0 1 2 0 2 320 1301 0
0 32.25 1.5 2 8 4 0.25 0 0 0 1 2 372 123 0
1 38.67 0.21 2 4 4 0.085 1 0 0 1 2 280 1 1
1 32.25 14 1 1 1 0 0 1 2 0 2 160 2 0
1 19.5 9.58 2 6 4 0.79 0 0 0 0 2 80 351 0
1 38.58 3.33 2 9 4 4 1 1 14 0 2 383 1345 1
1 64.08 20 2 14 8 17.5 1 1 9 1 2 0 1001 1
1 34.67 1.08 2 7 4 1.165 0 0 0 0 1 28 1 0
0 19.17 0.58 1 6 4 0.585 1 0 0 1 2 160 1 0
0 71.58 0 2 8 4 0 0 0 0 0 3 184 1 1
1 22.08 0.83 2 8 8 2.165 0 0 0 1 2 128 1 1
0 16 0.16 2 6 4 1 0 1 2 1 2 320 2 0
1 21.33 7.5 2 6 4 1.415 1 1 1 0 2 80 9801 1
1 39.5 4.25 2 8 5 6.5 1 1 16 0 2 117 1211 1
1 40.92 0.5 1 7 4 0.5 0 0 0 1 2 130 1 0
1 23.42 1 2 8 4 0.5 0 0 0 1 1 280 1 0
1 30.67 2.5 2 13 8 2.25 0 0 0 1 1 340 1 0
0 30.25 5.5 2 4 4 5.5 0 0 0 1 1 100 1 0
1 25.67 3.25 2 8 8 2.29 0 1 1 1 2 416 22 0
0 33.75 0.75 2 4 5 1 1 1 3 1 2 212 1 0
1 24.58 13.5 1 1 1 0 0 0 0 0 2 184 1 0
1 17.5 22 3 1 7 0 0 0 0 1 3 450 100001 1
1 33.17 1 2 14 4 0.75 1 1 7 1 2 340 4072 1
1 34.17 9.17 2 8 4 4.5 1 1 12 1 2 0 222 1
0 20.32 10 2 8 8 1 1 1 4 0 2 50 1466 1
1 59.5 2.75 2 9 4 1.75 1 1 5 1 2 60 59 1
0 24.5 1.75 1 8 4 0.165 0 0 0 0 2 132 1 0
0 23.5 1.5 2 9 4 0.875 0 0 0 1 2 160 1 0

