1 37.5 0.83 2 10 4 0.04 0 0 0 0 2 120 6 0
1 20.42 1.08 2 11 4 1.5 0 0 0 0 2 108 8 0
0 28.17 0.37 2 11 4 0.585 1 1 4 0 2 80 1 1
0 56.5 16 2 5 1 0 1 1 15 0 2 0 248 1
1 48.58 6.5 2 11 8 6 1 0 0 1 2 350 1 1
0 23.58 11.5 1 4 8 3 0 0 0 1 2 20 17 0
1 37.5 1.75 1 8 5 0.25 1 0 0 1 2 164 401 0
1 36.17 18.12 2 9 4 0.085 0 0 0 0 2 320 3553 0
1 43.17 2.25 2 3 5 0.75 1 0 0 0 2 560 1 0
1 21.33 7.5 2 6 4 1.415 1 1 1 0 2 80 9801 1
1 33.58 0.25 2 3 5 4 0 0 0 1 1 420 1 0
1 18.07 6.75 1 7 4 0.04 0 0 0 0 2 140 1 0
1 22 7.83 1 3 5 0.165 0 0 0 1 2 184 1 0
0 60.92 5 2 6 4 4 1 1 4 0 2 0 100 1
1 37.42 2.04 2 9 4 0.04 1 0 0 1 2 400 5801 1
1 28 3 2 9 4 0.75 0 0 0 1 2 300 68 0
1 16.25 0.83 2 7 4 0.085 1 0 0 0 1 200 1 0
0 25.58 0 2 8 4 0 0 0 0 0 3 184 1 1
1 24.08 0.87 2 7 4 0.085 0 1 4 0 2 254 1951 0
0 18.82 9.5 2 9 4 1.625 1 1 6 1 2 40 601 1
0 16.07 0.33 2 1 1 0 0 1 1 0 2 160 127 0
1 44.33 0.5 2 3 8 5 1 0 0 1 2 320 1 1
0 25 11 1 6 4 4.5 1 0 0 0 2 120 1 0
1 31.67 16.16 2 2 4 3 1 1 9 0 2 250 731 1
1 16 3.12 2 9 4 0.085 0 1 1 0 2 0 7 0
1 59.5 2.75 2 9 4 1.75 1 1 5 1 2 60 59 1
1 16.25 0 1 6 4 0.25 0 0 0 0 2 60 1 0
0 36 1 2 8 4 2 1 1 11 0 2 0 457 1
0 30.67 12 2 8 4 2 1 1 1 0 2 220 20 1
1 44.25 0.5 2 7 4 10.75 1 0 0 0 1 400 1 0
1 36.33 3.79 2 9 4 1.165 1 0 0 1 2 200 1 0
1 17.25 3 2 4 4 0.04 0 0 0 1 2 160 41 0
1 51.33 10 2 3 5 0 1 1 11 0 2 0 1250 1
1 51.58 15 2 8 4 8.5 1 1 9 0 2 0 1 1
1 38.58 3.33 2 9 4 4 1 1 14 0 2 383 1345 1
1 47.67 0.28 2 8 5 15 1 1 20 0 2 0 15001 1
1 21.92 0.54 1 14 4 0.04 1 1 1 1 2 840 60 1
1 26.17 12.5 1 4 8 1.25 0 0 0 1 2 0 18 0
0 30.5 6.5 2 8 5 4 1 1 7 1 2 0 3066 1
1 56 12.5 2 4 8 8 1 0 0 1 2 24 2029 1
1 22.58 1.5 1 6 4 0.54 0 0 0 1 2 120 68 0
1 28.17 0.12 1 4 4 0.085 0 0 0 0 2 216 2101 0
0 19.17 0.58 1 6 4 0.585 1 0 0 1 2 160 1 0
0 50.25 0.83 2 6 4 0.5 0 0 0 1 2 240 118 0
0 20.83 0.5 1 10 2 1 0 0 0 0 2 260 1 0
0 31.92 3.12 2 1 1 3.04 0 1 2 1 2 200 5 0
0 23.75 0.71 2 9 4 0.25 0 1 1 1 2 240 5 0
1 30.33 0.5 2 2 8 0.085 0 0 0 1 1 252 1 0
0 33.08 4.62 2 11 8 1.625 1 1 2 0 2 0 1 1
1 23.58 0.83 2 3 8 0.085 0 0 0 1 2 220 6 0
1 26.17 0.83 2 13 4 1.165 0 0 0 0 2 100 1 0
1 40.58 3.29 2 7 4 3.5 0 0 0 1 1 400 1 0
0 33.17 2.25 1 13 4 3.5 0 0 0 1 2 200 142 0
0 20.83 8.5 2 8 4 0.165 0 0 0 0 2 0 352 0
1 28.75 1.5 1 8 4 1.5 1 0 0 1 2 0 226 0
0 15.83 0.58 2 8 8 1.5 1 1 2 0 2 100 1 1
1 34.17 9.17 2 8 4 4.5 1 1 12 1 2 0 222 1
1 48.17 3.5 2 6 4 3.5 1 0 0 0 1 230 1 1
1 47.33 6.5 2 8 4 1 0 0 0 1 2 0 229 0
1 19.17 9.5 2 9 4 1.5 1 0 0 0 2 120 2207 1
1 63.33 0.54 2 8 4 0.585 1 1 3 1 2 180 1 0
1 74.83 19 1 1 1 0.04 0 1 2 0 2 0 352 0
1 25 11.25 2 8 4 2.5 1 1 17 0 2 200 1209 1
1 23.25 4 2 8 5 0.25 1 0 0 1 2 160 1 1
0 58.42 21 2 3 5 10 1 1 13 0 2 0 6701 1
1 21.08 10.08 1 10 8 1.25 0 0 0 0 2 260 1 0
1 27.67 2 2 14 8 1 1 1 4 0 2 140 7545 1
1 26.33 13 2 10 2 0 0 0 0 1 2 140 1111 0
0 20.32 10 2 8 8 1 1 1 4 0 2 50 1466 1
1 69.17 9 2 1 1 4 0 1 1 0 2 70 7 0
1 24.17 0.87 2 11 4 4.625 1 1 2 1 2 520 2001 1
1 24.83 2.75 2 8 4 2.25 1 1 6 0 2 184 601 1
1 62.5 12.75 1 8 8 5 1 0 0 0 2 112 1 0
0 18.92 9 2 6 4 0.75 1 1 2 0 2 88 592 1
0 24.5 12.75 2 8 5 4.75 1 1 2 0 2 73 445 1
1 76.75 22.29 2 10 9 12.75 1 1 1 1 2 0 110 1
1 16.07 0.75 2 8 4 1.75 1 1 5 1 2 352 691 1
0 46 4 2 5 3 0 1 0 0 0 2 100 961 1
1 20.17 5.62 2 9 4 1.71 1 0 0 0 1 120 1 1
1 42 9.78 2 14 8 7.96 1 1 8 0 2 0 1 1
0 24.83 4.5 2 9 4 1 0 0 0 1 2 360 7 0
1 40.58 5 2 8 4 5 1 1 7 0 2 0 3066 1
1 44.83 7 1 8 4 1.625 0 0 0 0 2 160 3 0
1 38.17 10.12 2 14 4 2.5 1 1 6 0 2 520 197 1
0 37.75 5.5 2 11 4 0.125 1 0 0 1 2 228 1 1
0 15.83 7.62 2 11 4 0.125 0 1 1 1 2 0 161 0
1 41.42 5 2 11 8 5 1 1 6 1 2 470 1 1
1 53.92 9.62 2 10 4 8.665 1 1 5 0 2 0 1 1
0 26.08 8.66 2 6 4 1.415 1 0 0 0 2 160 151 1
1 22.67 0.16 2 8 3 2.25 0 0 0 1 1 0 1 1
1 34.75 2.5 2 13 5 0.5 0 0 0 0 2 348 1 0
1 20 11.04 2 8 4 2 0 0 0 1 2 136 1 0
1 22.08 0.83 2 8 8 2.165 0 0 0 1 2 128 1 1
1 17.42 6.5 2 3 4 0.125 0 0 0 0 2 60 101 0
1 49.17 2.29 2 1 1 0.29 0 0 0 0 2 200 4 0
0 31.75 3 1 5 3 0 0 0 0 0 2 160 21 0
1 21.17 0 2 8 4 0.5 0 0 0 1 1 0 1 0
1 18.17 10.25 2 8 8 1.085 0 0 0 0 2 320 14 0
1 30.67 2.5 2 13 8 2.25 0 0 0 1 1 340 1 0
0 17.32 9.5 2 6 4 1.75 0 1 10 1 2 0 11 0
1 20.07 0.25 2 11 4 0.125 0 0 0 0 2 200 1 0
0 40.33 7.54 1 11 8 8 1 1 14 0 2 0 2301 1
0 20.75 10.33 2 13 8 0.335 1 1 1 1 2 80 51 1
1 22.08 2.33 2 4 4 0.75 0 0 0 0 2 180 1 0
1 22.33 11 2 9 4 2 1 1 1 0 2 80 279 1
1 47.67 2.5 2 7 5 2.5 1 1 12 1 2 410 2511 1
1 35 3.37 2 8 8 8.29 0 0 0 1 2 0 1 0
0 23 11.75 2 14 8 0.5 1 1 2 1 2 300 552 1
1 21.33 10.5 2 8 4 3 1 0 0 1 2 0 1 1
0 24.5 1.75 1 8 4 0.165 0 0 0 0 2 132 1 0
0 46.67 0.46 2 13 8 0.415 1 1 11 1 2 440 7 1
0 58.67 4.46 2 11 8 3.04 1 1 6 0 2 43 561 1
0 18.17 10 1 11 8 0.165 0 0 0 0 2 340 1 0
1 80.25 5.5 2 8 4 0.54 1 0 0 0 2 0 341 0
1 34.83 2.5 1 9 4 3 0 0 0 0 1 200 1 0
1 21.17 0.87 1 8 8 0.25 0 0 0 0 2 280 205 0
1 56.58 18.5 2 2 5 15 1 1 17 1 2 0 1 1
0 32.33 0.54 2 13 4 0.04 1 0 0 0 2 440 11178 1
1 23 0.62 1 6 4 0.125 1 0 0 0 2 180 2 0
1 18.42 10.41 1 6 4 0.125 1 0 0 0 2 120 376 0
0 19.67 0.21 2 11 8 0.29 1 1 11 0 2 80 100 1
1 32.33 7.5 2 10 5 1.585 1 0 0 1 1 420 1 0
1 40 6.5 2 6 5 3.5 1 1 1 0 2 0 501 1
1 39.25 9.5 2 7 4 6.5 1 1 14 0 2 240 4608 1
1 21.42 0.75 1 12 7 0.75 0 0 0 1 2 132 3 0
1 27.67 0.75 2 11 8 0.165 0 0 0 1 2 220 252 0
1 73.42 17.75 2 1 1 0 1 0 0 1 2 0 1 1
1 24.42 12.33 2 11 8 1.585 1 0 0 1 2 120 1 1
1 22.17 12.12 2 8 4 3.335 0 1 2 1 2 180 174 0
1 26.67 2.71 1 13 4 5.25 1 1 1 0 2 211 1 1
0 22.5 8.5 2 11 4 1.75 1 1 10 0 2 80 991 0
1 30.17 1.08 1 8 4 0.04 0 0 0 0 2 170 180 0
1 20.5 10 1 8 4 2.5 1 0 0 0 1 40 1 1
0 38.75 1.5 2 1 1 0 0 0 0 0 2 76 1 0
1 30.83 0 2 9 4 1.25 1 1 1 0 2 202 1 1
1 25 12.5 2 6 4 3 1 0 0 1 1 20 1 1
0 21.25 2.33 2 3 5 0.5 1 1 4 0 1 80 1 1
0 33.75 0.75 2 4 5 1 1 1 3 1 2 212 1 0
1 40.92 2.25 1 14 8 10 1 0 0 1 2 176 1 0
1 42.75 4.08 2 6 4 0.04 0 0 0 0 2 108 101 0
1 23.75 0.41 1 8 4 0.04 0 1 2 0 2 128 7 0
0 20.83 3 2 6 4 0.04 1 0 0 0 2 100 1 1
1 25.08 1.71 2 14 4 1.665 1 1 1 1 2 395 21 1
1 13.75 4 1 9 4 1.75 1 1 2 1 2 120 1001 1
1 27.75 1.29 2 4 8 0.25 0 0 0 1 1 140 1 0
1 37.75 7 2 11 8 11.5 1 1 7 1 2 300 6 0
1 25.67 2.21 1 6 4 4 1 0 0 0 2 188 1 0
0 71.58 0 2 8 4 0 0 0 0 0 3 184 1 1
1 35.17 2.5 2 4 4 4.5 1 1 7 0 2 150 1271 1
1 28.33 5 2 9 4 11 1 0 0 1 2 70 1 1
1 19.32 10.91 2 8 5 0.585 0 1 2 1 2 200 8 0
1 25.17 6 2 8 4 1 1 1 3 0 2 0 1 1
1 31.83 2.5 2 6 4 7.5 1 0 0 1 2 523 1 0
1 34 5.5 1 8 4 1.5 0 0 0 1 2 60 1 0
1 33.17 1.04 2 12 8 6.5 1 0 0 1 2 164 31286 1
1 21 4.79 1 9 4 2.25 1 1 1 1 2 80 301 1
1 55.92 11.5 2 1 1 5 1 1 5 0 2 0 8852 1
1 18.25 0.16 2 2 4 0.25 0 0 0 1 1 280 1 0
1 22.08 11 2 13 4 0.665 1 0 0 0 2 100 1 1
0 22.25 1.25 1 1 1 3.25 0 0 0 0 2 280 1 0
0 24.33 2.5 1 3 5 4.5 0 0 0 0 2 200 457 0
1 39.58 13.91 2 9 4 8.625 1 1 6 1 2 70 1 1
0 27.42 14.5 2 14 8 3.085 1 1 1 0 2 120 12 1
1 16.32 2.75 2 6 4 0.665 0 1 1 0 2 80 22 0
1 39.58 5 2 1 1 0 0 1 2 0 2 17 2 0

