0 31.92 3.12 2 1 1 3.04 0 1 2 1 2 200 5 0
0 27.17 1.25 2 1 1 0 0 1 1 0 2 92 301 0
1 43.25 3 2 11 8 6 1 1 11 0 2 80 1 1
1 23.08 11.5 2 3 4 3.5 1 1 9 0 2 56 743 1
1 19 1.75 1 8 4 2.335 0 0 0 1 2 112 7 0
1 35.17 2.5 2 4 4 4.5 1 1 7 0 2 150 1271 1
0 20.83 3 2 6 4 0.04 1 0 0 0 2 100 1 1
0 22.5 8.5 2 11 4 1.75 1 1 10 0 2 80 991 0
1 34.17 2.75 2 3 5 2.5 0 0 0 1 2 232 201 0
1 35.17 4.5 2 14 8 5.75 0 0 0 1 1 711 1 1
0 21.08 5 1 1 1 0 0 0 0 0 2 0 1 0
1 60.08 14.5 2 1 1 18 1 1 15 1 2 0 1001 1
0 38.58 5 2 13 4 13.5 1 0 0 1 2 980 1 0
0 18.82 9.5 2 9 4 1.625 1 1 6 1 2 40 601 1
0 24.5 1.75 1 8 4 0.165 0 0 0 0 2 132 1 0
1 41.17 4.04 2 13 8 7 1 1 8 0 2 320 1 1
1 22 7.83 1 3 5 0.165 0 0 0 1 2 184 1 0
0 33.92 1.58 1 1 1 0 1 0 0 0 2 320 1 0
1 34.08 0.08 1 7 5 0.04 1 1 1 1 2 280 2001 1
0 22.25 1.25 1 1 1 3.25 0 0 0 0 2 280 1 0
0 20.83 0.5 1 10 2 1 0 0 0 0 2 260 1 0
1 21.08 10.08 1 10 8 1.25 0 0 0 0 2 260 1 0
0 25.75 0.5 2 8 8 0.875 1 0 0 1 2 491 1 1
1 30.08 1.04 1 3 5 0.5 1 1 10 1 2 132 29 0
0 36.58 0.28 2 1 1 0 0 1 10 0 2 200 19 0
0 22.42 11.25 1 14 8 0.75 1 1 4 0 2 0 322 1
1 36.17 5.5 2 3 5 5 0 0 0 0 2 210 688 0
1 20.42 7 2 8 4 1.625 1 1 3 0 2 200 1392 1
1 36.17 0.42 1 9 4 0.29 0 0 0 1 2 309 3 0
1 30.17 0.5 2 8 4 1.75 1 1 11 0 2 32 541 1
1 48.08 6.04 2 4 4 0.04 0 0 0 0 2 0 2691 1
1 33.5 1.75 2 14 8 4.5 1 1 4 1 2 253 858 1
1 27 1.5 1 9 4 0.375 1 0 0 1 2 260 1066 1
1 34 4.5 2 6 4 1 1 0 0 1 2 240 1 0
1 26.33 13 2 10 2 0 0 0 0 1 2 140 1111 0
0 22.5 11 1 11 4 3 1 0 0 1 2 268 1 0
1 23.17 11.12 2 14 8 0.46 1 1 1 0 2 100 1 1
1 29.92 1.83 2 8 8 4.335 1 0 0 0 2 260 201 1
1 44.33 0.5 2 3 8 5 1 0 0 1 2 320 1 1
1 31.67 0.83 2 14 4 1.335 1 1 8 1 2 303 3291 1
1 44.25 0.5 2 7 4 10.75 1 0 0 0 1 400 1 0
1 19.67 10 1 4 8 0.835 1 0 0 1 2 140 1 0
0 31.57 3.5 2 2 4 3 1 0 0 1 2 300 1 0
1 33.75 2.75 2 3 5 0 0 0 0 0 2 180 1 0
1 26.75 2 2 2 4 0.75 0 0 0 1 2 80 1 0
1 34.83 2.5 1 9 4 3 0 0 0 0 1 200 1 0
1 30.58 2.71 1 7 4 0.125 0 0 0 1 1 80 1 0
1 39.83 0.5 2 7 4 0.25 1 0 0 0 1 288 1 0
1 26.75 4.5 1 8 5 2.5 0 0 0 0 2 200 1211 0
0 22.5 0.41 2 3 4 0.335 0 0 0 1 1 144 1 0
1 21.67 1.16 1 4 4 2.5 1 1 1 0 2 180 21 0
1 22.25 0.46 2 4 4 0.125 0 0 0 1 2 280 56 0
0 29.58 1.75 1 4 4 1.25 0 0 0 1 2 280 1 0
0 38.75 1.5 2 1 1 0 0 0 0 0 2 76 1 0
0 37.75 5.5 2 11 4 0.125 1 0 0 1 2 228 1 1
1 53.92 9.62 2 10 4 8.665 1 1 5 0 2 0 1 1
0 18.17 10 1 11 8 0.165 0 0 0 0 2 340 1 0
1 42.75 4.08 2 6 4 0.04 0 0 0 0 2 108 101 0
1 17.57 10 2 9 8 0.165 0 1 1 0 2 120 2 0
1 19.5 9.58 2 6 4 0.79 0 0 0 0 2 80 351 0
0 33.25 2.5 1 8 4 2.5 0 0 0 1 2 0 3 0
0 40.83 3.5 2 3 5 0.5 0 0 0 0 1 1160 1 0
0 22.67 0.33 2 11 4 0.75 0 0 0 0 1 160 1 0
1 27.25 1.66 2 13 8 5.085 1 1 9 0 2 399 828 1
0 32 6 2 2 4 1.25 0 0 0 0 2 272 1 0
1 23.25 12.62 2 8 4 0.125 0 1 2 0 2 0 5553 0
1 29.5 0.57 2 9 4 0.29 0 1 1 0 2 340 2804 0
1 45.17 1.5 2 8 4 2.5 1 0 0 1 2 140 1 0
0 17.32 9.5 2 6 4 1.75 0 1 10 1 2 0 11 0
1 27.83 1.5 2 9 4 2.25 0 1 1 1 2 100 4 0
0 34.83 1.25 1 3 8 0.5 0 0 0 1 2 160 1 0
0 26.92 13.5 2 11 8 5 1 1 2 0 2 0 5001 1
0 27.67 1.5 2 7 4 2 1 0 0 0 1 368 1 0
1 22.67 1.58 1 9 4 3.085 1 1 6 0 2 80 1 1
1 26.92 2.25 2 3 5 0.5 0 0 0 1 2 640 4001 0
0 32.33 0.54 2 13 4 0.04 1 0 0 0 2 440 11178 1
1 39.58 5 2 1 1 0 0 1 2 0 2 17 2 0
1 31.57 0.5 2 8 5 0.835 1 0 0 1 1 320 1 0
1 27.25 1.58 2 13 8 1.835 1 1 12 1 2 583 714 1
1 22.67 10.5 2 11 8 1.335 1 0 0 0 2 100 1 1
1 22.17 2.25 2 3 4 0.125 0 0 0 0 2 160 11 0
1 22.67 2.54 1 8 8 2.585 1 0 0 0 2 0 1 1
1 18.07 5.5 2 4 4 0.5 1 0 0 0 2 80 1 1
1 31.57 4 2 14 4 5 1 1 3 1 2 290 2280 1
1 59.5 2.75 2 9 4 1.75 1 1 5 1 2 60 59 1
1 52.5 6.5 2 4 4 6.29 1 1 15 0 2 0 11203 1
1 39.17 1.71 2 14 4 0.125 1 1 5 1 2 480 1 1
1 18 0.16 2 11 7 0.21 0 0 0 0 2 200 41 1
1 19.57 0.58 2 1 1 0 0 1 3 0 2 350 770 0
1 38.67 0.21 2 4 4 0.085 1 0 0 1 2 280 1 1
1 23.75 12 2 8 4 2.085 0 0 0 0 1 80 1 0
0 40.33 8.12 1 4 4 0.165 0 1 2 0 2 184 19 0
0 33.08 4.62 2 11 8 1.625 1 1 2 0 2 0 1 1
1 29.17 3.5 2 9 4 3.5 1 1 3 1 2 329 1 0
1 22.08 0.83 2 8 8 2.165 0 0 0 1 2 128 1 1
0 16.5 1.25 2 11 4 0.25 0 1 1 0 2 108 99 0
1 40.92 0.5 1 7 4 0.5 0 0 0 1 2 130 1 0
1 17.5 22 3 1 7 0 0 0 0 1 3 450 100001 1
1 41.5 1.54 2 3 5 3.5 0 0 0 0 2 216 1 1
1 34.5 4.04 1 3 5 8.5 1 1 7 1 2 195 1 1
1 27.75 1.29 2 4 8 0.25 0 0 0 1 1 140 1 0
1 28.25 0.87 2 7 4 0.96 1 1 3 1 2 396 1 1
0 24.5 0.5 2 11 8 1.5 1 0 0 0 2 280 825 1
0 36.75 4.71 2 1 1 0 0 0 0 0 2 160 1 0
1 25.75 0.5 2 8 4 1.46 1 1 5 1 2 312 1 1
1 31.57 3 1 3 5 7 0 0 0 0 2 0 2 0
0 24.58 0.67 2 6 8 1.75 1 0 0 0 2 400 1 0
1 28.92 0.37 2 8 4 0.29 0 0 0 0 2 220 141 0
0 47.42 8 2 10 5 6.5 1 1 6 0 2 375 51101 1
1 36.17 18.12 2 9 4 0.085 0 0 0 0 2 320 3553 0
1 39.25 9.5 2 7 4 6.5 1 1 14 0 2 240 4608 1
1 40.58 3.29 2 7 4 3.5 0 0 0 1 1 400 1 0
0 22.67 3.8 2 8 4 0.165 0 0 0 0 2 160 1 0
1 42.83 4.62 2 11 4 4.58 1 0 0 0 1 0 1 1
0 50.08 12.54 2 6 4 2.29 1 1 3 1 2 156 1 1
1 31.67 16.16 2 2 4 3 1 1 9 0 2 250 731 1
0 22.5 8.46 1 14 4 2.46 0 0 0 0 2 164 1 1
1 51.83 2.04 1 1 1 1.5 0 0 0 0 2 120 2 0
1 26.17 0.83 2 13 4 1.165 0 0 0 0 2 100 1 0
1 25.33 0.57 2 8 4 0.29 1 1 7 1 2 96 5125 1
0 40.83 10 2 11 8 1.75 1 0 0 0 2 29 838 1
1 22.75 11 2 11 4 2.5 1 1 7 1 2 100 810 1
0 18.92 9.25 1 8 4 1 1 1 4 1 2 80 501 1
1 57.83 7.04 2 7 4 14 1 1 6 1 2 360 1333 1
1 47.83 4.16 2 14 5 0.085 0 0 0 1 2 520 1 0
1 21.17 0 2 8 4 0.5 0 0 0 1 1 0 1 0
1 22.92 0.17 2 7 4 0.085 0 0 0 0 1 0 1 0
1 62.5 12.75 1 8 8 5 1 0 0 0 2 112 1 0
1 56.42 28 1 8 4 28.5 1 1 40 0 2 0 16 1
1 23.33 1.5 2 8 8 1.415 1 0 0 0 2 422 201 1
0 27.42 14.5 2 14 8 3.085 1 1 1 0 2 120 12 1
1 54.33 6.75 2 8 8 2.625 1 1 11 1 2 0 285 1
1 34.17 5.25 2 9 4 0.085 0 0 0 1 2 290 7 1
0 28.17 0.58 2 6 4 0.04 0 0 0 0 2 260 1005 0
1 38.58 3.33 2 9 4 4 1 1 14 0 2 383 1345 1
1 32.67 9 1 9 8 5.25 1 0 0 1 2 154 1 1
0 58.67 4.46 2 11 8 3.04 1 1 6 0 2 43 561 1
0 24.5 1.04 1 1 1 0.5 1 1 3 0 2 180 148 0
1 28 2 2 4 8 4.165 1 1 2 1 2 181 1 1
1 33.58 2.75 2 7 4 4.25 1 1 6 0 2 204 1 1
1 63.33 0.54 2 8 4 0.585 1 1 3 1 2 180 1 0
1 29.42 1.25 2 8 8 0.25 0 1 2 1 2 400 109 0
1 42.5 4.91 1 9 4 3.165 1 0 0 1 2 52 1443 1
1 37.5 1.12 1 2 4 1.5 0 0 0 1 2 431 1 1
1 27.67 2 2 14 8 1 1 1 4 0 2 140 7545 1
0 19.5 0.16 2 11 4 0.04 0 0 0 1 2 380 1 0
1 23.42 1 2 8 4 0.5 0 0 0 1 1 280 1 0
1 22.25 9 2 6 4 0.085 0 0 0 0 2 0 1 0
0 16.92 0.5 2 3 4 0.165 0 1 6 1 2 240 36 0
1 39.5 1.62 2 8 4 1.5 0 0 0 0 2 0 317 0
0 18.07 0.37 3 13 1 10 0 0 0 1 1 300 1 1
1 24.83 2.75 2 8 4 2.25 1 1 6 0 2 184 601 1
1 17.07 0.25 2 11 4 0.335 0 1 4 0 2 160 9 0
0 57.08 0.33 2 3 5 1 1 0 0 1 2 252 2198 0
1.234 22.08 11.46 2 4 4 1.585 0 0 0 1 2 100 1213 0
0 51.92 6.5 2 3 5 3.085 0 0 0 1 2 73 1 0
0 26.5 2.71 1 8 4 0.085 0 0 0 0 1 80 1 0
1 22.08 2.33 2 4 4 0.75 0 0 0 0 2 180 1 0
1 16.17 0.04 2 8 4 0.04 0 0 0 0 2 0 1 1
1 32.25 0.16 1 8 8 3.25 1 1 1 1 2 432 8001 1
1 42.08 1.04 2 9 4 5 1 1 6 1 2 500 10001 1
1 21.08 4.12 1 3 8 0.04 0 0 0 0 2 140 101 0
1 22.92 3.16 1 8 4 0.165 0 0 0 0 2 160 1059 0
1 21.83 11 2 14 4 0.29 1 1 6 0 2 121 1 1
1 40.92 2.25 1 14 8 10 1 0 0 1 2 176 1 0

