0 33.17 2.25 1 13 4 3.5 0 0 0 1 2 200 142 0
0 22.67 0.79 2 3 4 0.085 0 0 0 0 2 144 1 0
1 18.5 2 2 3 4 1.5 1 1 2 0 2 120 301 1
0 47.42 8 2 10 5 6.5 1 1 6 0 2 375 51101 1
0 28.42 3.5 2 9 4 0.835 1 0 0 0 1 280 1 1
0 18.92 9 2 6 4 0.75 1 1 2 0 2 88 592 1
0 33.67 0.37 2 13 4 0.375 0 0 0 0 2 300 45 1
0 24.75 3 2 11 8 1.835 1 1 19 0 2 0 501 1
0 47.42 3 2 14 4 13.875 1 1 2 1 2 519 1705 1
1 62.75 7 2 10 9 0 0 0 0 0 2 0 13 0
0 20.75 9.53 2 3 4 0.04 0 0 0 0 2 200 1001 0
1 23.42 0.58 2 8 8 0.085 1 0 0 0 2 180 1 0
0 19.17 0.58 1 6 4 0.585 1 0 0 1 2 160 1 0
1 54.58 9.41 2 1 1 14.415 1 1 11 1 2 30 301 1
0 32 6 2 2 4 1.25 0 0 0 0 2 272 1 0
1 25.92 0.87 2 4 4 0.375 0 1 2 1 2 174 4 0
1 30.17 6.5 2 13 4 3.125 1 1 8 0 2 330 1201 1
1 26.17 0.25 2 3 5 0 1 0 0 1 2 0 1 1
0 32.33 0.54 2 13 4 0.04 1 0 0 0 2 440 11178 1
0 34.83 1.25 1 3 8 0.5 0 0 0 1 2 160 1 0
1 48.17 3.5 2 6 4 3.5 1 0 0 0 1 230 1 1
1 47.17 5.83 2 9 4 5.5 0 0 0 0 2 465 151 0
1 21.67 1.16 1 4 4 2.5 1 1 1 0 2 180 21 0
1 34.83 4 2 2 5 12.5 1 0 0 1 2 184 1 0
1 29.42 1.25 2 8 8 0.25 0 1 2 1 2 400 109 0
0 57.58 2 2 1 1 6.5 0 1 1 0 2 0 11 0
0 18.57 10 2 2 4 0.415 0 0 0 0 2 80 43 0
1 41.17 1.33 2 2 4 0.165 0 0 0 0 2 168 1 0
1 37.17 4 2 8 5 5 1 0 0 1 1 280 1 0
1 20.25 9.96 2 10 2 0 1 0 0 0 2 0 1 1
0 33.25 3 1 6 4 2 0 0 0 0 2 180 1 0
1 28.17 0.12 1 4 4 0.085 0 0 0 0 2 216 2101 0
1 25.17 3.5 2 13 4 0.625 1 1 7 0 2 0 7060 1
0 46.08 3 2 8 4 2.375 1 1 8 1 2 396 4160 1
1 29.17 3.5 2 9 4 3.5 1 1 3 1 2 329 1 0
1 47.67 2.5 2 7 5 2.5 1 1 12 1 2 410 2511 1
1 20.67 0.83 1 8 4 2 0 0 0 1 1 240 1 0
1 13.75 4 1 9 4 1.75 1 1 2 1 2 120 1001 1
1 31.83 2.5 2 6 4 7.5 1 0 0 1 2 523 1 0
1 36.5 4.25 2 11 4 3.5 0 0 0 0 2 454 51 0
1 44.33 0.5 2 3 8 5 1 0 0 1 2 320 1 1
1 50.75 0.58 2 1 1 0 0 0 0 0 2 145 1 0
1 24.33 6.62 1 2 4 5.5 1 0 0 1 1 100 1 1
1 59.67 1.54 2 11 4 0.125 1 0 0 1 2 260 1 1
1 31.83 0.04 1 7 4 0.04 0 0 0 0 2 0 1 0
1 31 2.08 2 8 4 0.085 0 0 0 0 2 300 1 0
0 20.83 8.5 2 8 4 0.165 0 0 0 0 2 0 352 0
1 32 1.75 1 10 8 0.04 1 0 0 1 2 393 1 1
1 18.57 10.29 2 1 1 0.415 0 0 0 0 2 80 1 0
1 28 2 2 4 8 4.165 1 1 2 1 2 181 1 1
1 36.67 3.25 2 11 8 9 1 0 0 1 2 102 640 1
0 17.92 10.21 2 1 1 0 0 0 0 0 2 0 51 0
1 22 7.83 1 3 5 0.165 0 0 0 1 2 184 1 0
0 46.67 0.46 2 13 8 0.415 1 1 11 1 2 440 7 1
1 48.08 3.75 2 3 5 1 0 0 0 0 2 100 3 0
1 39.58 13.91 2 9 4 8.625 1 1 6 1 2 70 1 1
1 49.5 7.58 2 3 5 7.585 1 1 15 1 2 0 5001 1
1 32.25 0.16 1 8 8 3.25 1 1 1 1 2 432 8001 1
0 33.75 0.75 2 4 5 1 1 1 3 1 2 212 1 0
1 44 2 2 7 4 1.75 1 1 2 1 2 0 16 1
0 30.5 6.5 2 8 5 4 1 1 7 1 2 0 3066 1
0 28.58 3.54 2 3 5 0.5 1 0 0 1 2 171 1 0
1 18.82 3.54 1 1 1 0 0 0 0 1 2 180 2 0
1 25.67 12.5 2 13 4 1.21 1 1 67 1 2 140 259 1
1 23.92 0.58 1 13 8 0.125 0 0 0 0 2 240 2 0
1 26.17 0.83 2 13 4 1.165 0 0 0 0 2 100 1 0
0 20.83 3 2 6 4 0.04 1 0 0 0 2 100 1 1
1 22.25 9 2 6 4 0.085 0 0 0 0 2 0 1 0
0 17.82 11 2 14 8 1 1 1 11 0 2 0 3001 1
1 53.92 9.62 2 10 4 8.665 1 1 5 0 2 0 1 1
1 34.75 2.5 2 13 5 0.5 0 0 0 0 2 348 1 0
1 56.75 12.25 2 7 4 1.25 1 1 4 1 2 200 1 1
1 42.17 5.04 2 11 8 12.75 1 0 0 1 2 92 1 1
1 37.58 0 2 8 4 0 0 0 0 0 3 184 1 1
1 21.92 0.5 2 8 4 0.125 0 0 0 0 2 360 1 0
0 21.08 5 1 1 1 0 0 0 0 0 2 0 1 0
1 41 0.04 2 10 4 0.04 0 1 1 0 1 560 1 1
0 25.75 0.5 2 8 8 0.875 1 0 0 1 2 491 1 1
0 19.57 0.66 1 8 4 1 0 1 1 0 2 2000 3 0
1 23.25 12.62 2 8 4 0.125 0 1 2 0 2 0 5553 0
1 41.33 0 2 8 5 15 1 0 0 0 2 0 1 1
1 31.67 16.16 2 2 4 3 1 1 9 0 2 250 731 1
0 25 11 1 6 4 4.5 1 0 0 0 2 120 1 0
1 17.92 0.2 2 6 4 0.04 0 0 0 0 2 280 751 0
1 37.5 0.83 2 10 4 0.04 0 0 0 0 2 120 6 0
1 37.42 2.04 2 9 4 0.04 1 0 0 1 2 400 5801 1
1 30.08 1.04 1 3 5 0.5 1 1 10 1 2 132 29 0
1 24.83 2.75 2 8 4 2.25 1 1 6 0 2 184 601 1
0 24.58 0.67 2 6 8 1.75 1 0 0 0 2 400 1 0
1 32.08 4 2 7 4 2.5 1 0 0 1 2 360 1 1
1 35.25 16.5 1 8 4 4 1 0 0 0 2 80 1 0
0 22.42 11.25 1 14 8 0.75 1 1 4 0 2 0 322 1
1 47.67 0.28 2 8 5 15 1 1 20 0 2 0 15001 1
0 22.83 2.29 2 11 8 2.29 1 1 7 1 2 140 2385 1
1 44.25 0.5 2 7 4 10.75 1 0 0 0 1 400 1 0
0 40.33 8.12 1 4 4 0.165 0 1 2 0 2 184 19 0
0 27.17 1.25 2 1 1 0 0 1 1 0 2 92 301 0
0 28.5 1 2 11 4 1 1 1 2 1 2 167 501 0
1 42.5 4.91 1 9 4 3.165 1 0 0 1 2 52 1443 1
1 33 2.5 1 9 4 7 0 0 0 1 2 280 1 0
1 26.67 4.25 2 13 4 4.29 1 1 1 1 2 120 1 1
0 25 0.87 2 14 8 1.04 1 0 0 1 2 160 5861 1
0 38.58 5 2 13 4 13.5 1 0 0 1 2 980 1 0
1 36.33 3.79 2 9 4 1.165 1 0 0 1 2 200 1 0
1 34.83 2.5 1 9 4 3 0 0 0 0 1 200 1 0
0 16.5 1.25 2 11 4 0.25 0 1 1 0 2 108 99 0
1 23.58 1.79 2 8 4 0.54 0 0 0 1 2 136 2 0
1 27.25 0.62 2 6 4 0.455 1 0 0 1 2 200 1 0
1 20.42 1.08 2 11 4 1.5 0 0 0 0 2 108 8 0
1 19.5 9.58 2 6 4 0.79 0 0 0 0 2 80 351 0
1 26.75 4.5 1 8 5 2.5 0 0 0 0 2 200 1211 0
1 29.25 14.79 2 6 4 5.04 1 1 5 1 2 168 1 1
0 60.92 5 2 6 4 4 1 1 4 0 2 0 100 1
1 38.92 1.75 2 4 4 0.5 0 0 0 1 2 300 3 0
0 22.92 11.58 2 13 4 0.04 1 0 0 0 2 80 1350 1
0 37.75 5.5 2 11 4 0.125 1 0 0 1 2 228 1 1
1 21.5 11.5 2 3 4 0.5 1 0 0 1 2 100 69 0
1 25.42 0.54 2 9 4 0.165 0 1 1 0 2 272 445 0
1 33.67 2.16 2 8 4 1.5 0 0 0 0 3 120 1 0
0 31.57 1.5 2 1 1 0 0 1 2 1 2 200 106 0
1 18.42 10.41 1 6 4 0.125 1 0 0 0 2 120 376 0
0 22.5 0.41 2 3 4 0.335 0 0 0 1 1 144 1 0
0 31.92 3.12 2 1 1 3.04 0 1 2 1 2 200 5 0
0 22.5 11 1 11 4 3 1 0 0 1 2 268 1 0
1 18.82 0 2 11 4 0.665 0 0 0 0 2 160 2 0
1 54.33 6.75 2 8 8 2.625 1 1 11 1 2 0 285 1
0 20.83 0.5 1 10 2 1 0 0 0 0 2 260 1 0
1 26.25 1.54 2 9 4 0.125 0 0 0 0 2 100 1 0
1 48.75 26.33 1 1 1 0 1 0 0 1 2 0 1 0
1 28.25 5.04 1 8 5 1.5 1 1 8 1 2 144 8 1
1 45.17 1.5 2 8 4 2.5 1 0 0 1 2 140 1 0
0 52.83 15 2 8 4 5.5 1 1 14 0 2 0 2201 1
0 22.75 6.16 2 6 4 0.165 0 0 0 0 2 220 1001 0
1 22.08 0.83 2 8 8 2.165 0 0 0 1 2 128 1 1
1 32.75 2.33 2 2 8 5.75 0 0 0 1 2 292 1 0
1 19.67 10 1 4 8 0.835 1 0 0 1 2 140 1 0
0 23.58 11.5 1 4 8 3 0 0 0 1 2 20 17 0
1 48.5 4.25 2 7 4 0.125 1 0 0 1 2 225 1 1
0 20.67 3 2 11 4 0.165 1 1 3 0 2 100 7 1
1 36.17 0.42 1 9 4 0.29 0 0 0 1 2 309 3 0
1 39.17 2.5 1 3 8 10 0 0 0 1 1 200 1 0
0 37.33 2.5 2 3 8 0.21 0 0 0 0 2 260 247 0
1 37.75 7 2 11 8 11.5 1 1 7 1 2 300 6 0
1 32.25 14 1 1 1 0 0 1 2 0 2 160 2 0
1 20.42 7 2 8 4 1.625 1 1 3 0 2 200 1392 1
0 15.92 2.87 2 11 4 0.085 0 0 0 0 2 120 1 0
1 26.33 13 2 10 2 0 0 0 0 1 2 140 1111 0
1 33.75 2.75 2 3 5 0 0 0 0 0 2 180 1 0
1 30.17 1.08 1 8 4 0.04 0 0 0 0 2 170 180 0
1 58.58 2.71 2 8 4 2.415 0 0 0 1 2 320 1 0
1 28.25 0.87 2 7 4 0.96 1 1 3 1 2 396 1 1
1 20.17 5.62 2 9 4 1.71 1 0 0 0 1 120 1 1
1 31.57 5 1 6 4 8.5 1 0 0 0 2 0 1 0
0 60.58 16.5 2 11 4 11 1 0 0 1 2 21 10562 1
1 25.67 0.28 1 8 4 1.5 0 0 0 1 2 160 1 0
1 33.17 1 2 14 4 0.75 1 1 7 1 2 340 4072 1
0 64.08 0.16 2 1 1 0 1 1 1 0 2 232 101 1
0 15.83 0.58 2 8 8 1.5 1 1 2 0 2 100 1 1
1 34.42 4.25 2 3 5 3.25 1 1 2 0 2 274 611 1
0 28.17 0.37 2 11 4 0.585 1 1 4 0 2 80 1 1
0 24.33 2.5 1 3 5 4.5 0 0 0 0 2 200 457 0
0 51.92 6.5 2 3 5 3.085 0 0 0 1 2 73 1 0
1 35.17 4.5 2 14 8 5.75 0 0 0 1 1 711 1 1
1 22.67 10.5 2 11 8 1.335 1 0 0 0 2 100 1 1
1 24.75 0.54 2 7 4 1 0 0 0 1 2 120 2 0

