0 41 2.04 1 11 8 0.125 1 1 23 1 2 455 1237 1
1 31.57 4 1 3 4 0.085 0 0 0 1 2 411 1 0
0 47 13 2 3 5 5.165 1 1 9 1 2 0 1 1
0 20.75 9.53 2 3 4 0.04 0 0 0 0 2 200 1001 0
1 31.25 1.12 2 1 1 0 0 1 1 0 2 96 20 0
0 30.25 5.5 2 4 4 5.5 0 0 0 1 1 100 1 0
0 20.42 7.5 2 4 4 1.5 1 1 1 0 2 160 235 1
1 39.5 1.62 2 8 4 1.5 0 0 0 0 2 0 317 0
1 22 7.83 1 3 5 0.165 0 0 0 1 2 184 1 0
1 19.42 6.5 2 9 8 1.46 1 1 7 0 2 80 2955 1
1 27.25 0.62 2 6 4 0.455 1 0 0 1 2 200 1 0
0 58.33 10 2 11 4 4 1 1 14 0 2 0 1603 1
1 17.07 3.29 2 3 4 0.335 0 0 0 1 2 140 3 0
1 23.92 0.66 2 8 4 0.165 0 0 0 0 2 100 1 1
1 39.92 6.21 2 11 4 0.04 1 1 1 0 2 200 301 1
1 67.75 5.5 2 10 9 13 1 1 1 1 2 0 1 1
1 31.57 0.04 1 2 4 4.25 0 0 0 1 2 460 1 0
0 29.5 0.46 2 4 4 0.54 1 1 4 0 2 380 501 1
1 39.08 6 2 7 4 1.29 1 1 5 1 2 108 1098 1
1 34.25 3 2 13 8 7.415 1 0 0 1 2 0 1 1
1 24.58 12.5 2 9 4 0.875 1 0 0 1 2 260 1 0
1 25.08 1.71 2 14 4 1.665 1 1 1 1 2 395 21 1
1 29.25 14.79 2 6 4 5.04 1 1 5 1 2 168 1 1
0 20.83 8.5 2 8 4 0.165 0 0 0 0 2 0 352 0
1 34.42 1.33 2 3 5 0.125 0 0 0 1 2 440 4501 0
1 39.25 9.5 2 7 4 6.5 1 1 14 0 2 240 4608 1
1 27.83 4 1 3 8 5.75 1 1 2 1 2 75 1 0
1 47.17 5.83 2 9 4 5.5 0 0 0 0 2 465 151 0
1 22.17 0.58 1 1 1 0 0 0 0 0 2 100 1 0
0 33.17 2.25 1 13 4 3.5 0 0 0 1 2 200 142 0
0 26.08 8.66 2 6 4 1.415 1 0 0 0 2 160 151 1
0 26.92 13.5 2 11 8 5 1 1 2 0 2 0 5001 1
0 33.67 0.37 2 13 4 0.375 0 0 0 0 2 300 45 1
1 33.17 1 2 14 4 0.75 1 1 7 1 2 340 4072 1
0 32 6 2 2 4 1.25 0 0 0 0 2 272 1 0
1 30.08 1.04 1 3 5 0.5 1 1 10 1 2 132 29 0
1 20.17 5.62 2 9 4 1.71 1 0 0 0 1 120 1 1
1 29.25 13 2 2 8 0.5 0 0 0 0 2 228 1 0
0 25.75 0.5 2 8 8 0.875 1 0 0 1 2 491 1 1
1 35.25 3.16 2 14 8 3.75 1 0 0 1 2 680 1 0
0 21.67 11.5 1 5 3 0 1 1 11 1 2 0 1 1
1 22.75 11 2 11 4 2.5 1 1 7 1 2 100 810 1
1 39 5 2 13 4 3.5 1 1 10 1 2 0 1 1
1 23 0.75 2 7 4 0.5 1 0 0 1 1 320 1 0
1 18.07 5.5 2 4 4 0.5 1 0 0 0 2 80 1 1
1 29.67 1.41 2 9 8 0.75 1 1 1 0 2 240 101 1
1 23.08 11.5 2 3 4 3.5 1 1 9 0 2 56 743 1
1 19.17 9.5 2 9 4 1.5 1 0 0 0 2 120 2207 1
1 39.58 13.91 2 9 4 8.625 1 1 6 1 2 70 1 1
1 23.33 1.5 2 8 8 1.415 1 0 0 0 2 422 201 1
1 25.17 3.5 2 13 4 0.625 1 1 7 0 2 0 7060 1
0 23.5 9 2 11 4 8.5 1 1 5 1 2 120 1 1
1 22.92 0.17 2 7 4 0.085 0 0 0 0 1 0 1 0
1 31.57 0.5 2 8 5 0.835 1 0 0 1 1 320 1 0
1 32.25 14 1 1 1 0 0 1 2 0 2 160 2 0
1 18.17 2.46 2 8 7 0.96 0 1 2 1 2 160 588 0
0 22.25 1.25 1 1 1 3.25 0 0 0 0 2 280 1 0
1 45.17 1.5 2 8 4 2.5 1 0 0 1 2 140 1 0
1 18.57 5.71 2 2 4 0.54 0 0 0 0 2 120 1 0
1 26.17 0.25 2 3 5 0 1 0 0 1 2 0 1 1
0 45 4.58 2 4 8 1 0 0 0 1 1 240 1 0
1 20 1.25 1 4 4 0.125 0 0 0 0 2 140 5 0
0 28.75 3.75 2 8 4 1.085 1 1 1 1 2 371 1 1
1 31.42 15.5 2 8 4 0.5 1 0 0 0 2 120 1 0
1 21 4.79 1 9 4 2.25 1 1 1 1 2 80 301 1
1 36.33 2.12 1 9 4 0.085 1 1 1 0 2 50 1188 1
1 35 3.37 2 8 8 8.29 0 0 0 1 2 0 1 0
0 44.33 0 2 8 4 2.5 1 0 0 0 2 0 1 1
0 30.67 12 2 8 4 2 1 1 1 0 2 220 20 1
1 28.75 1.16 2 4 4 0.5 1 0 0 0 1 280 1 0
0 24.75 3 2 11 8 1.835 1 1 19 0 2 0 501 1
1 32.33 7.5 2 10 5 1.585 1 0 0 1 1 420 1 0
0 15.75 0.37 2 8 4 1 0 0 0 0 2 120 19 0
1 26.17 12.5 1 4 8 1.25 0 0 0 1 2 0 18 0
1 52.5 6.5 2 4 4 6.29 1 1 15 0 2 0 11203 1
1 21.33 7.5 2 6 4 1.415 1 1 1 0 2 80 9801 1
0 22.58 10.75 2 11 4 0.415 1 1 5 1 2 0 561 1
1 28.17 0.12 1 4 4 0.085 0 0 0 0 2 216 2101 0
0 22.42 5.66 2 11 4 2.585 1 1 7 0 2 129 3258 1
0 28.5 3.04 1 14 8 2.54 1 1 1 0 2 70 1 1
1 36.33 3.79 2 9 4 1.165 1 0 0 1 2 200 1 0
1 16.32 4.08 2 3 8 0.415 0 0 0 1 2 120 1 0
1 48.08 3.75 2 3 5 1 0 0 0 0 2 100 3 0
1 63.33 0.54 2 8 4 0.585 1 1 3 1 2 180 1 0
0 48.17 1.33 2 3 7 0.335 0 0 0 0 2 0 121 0
1 52.33 1.37 1 8 8 9.46 1 0 0 1 2 200 101 0
1 27.67 13.75 2 9 4 5.75 1 0 0 1 2 487 501 1
0 21.5 6 2 6 4 2.5 1 1 3 0 2 80 919 1
1 23 0.62 1 6 4 0.125 1 0 0 0 2 180 2 0
0 35.17 3.75 2 1 1 0 0 1 6 0 2 0 201 0
0 28.08 15 1 10 9 0 1 0 0 0 2 0 13213 1
1 18.32 1.21 1 10 2 0 0 0 0 0 2 100 1 0
1 23.25 1 2 8 4 0.835 1 0 0 0 1 300 1 1
1 37.42 2.04 2 9 4 0.04 1 0 0 1 2 400 5801 1
1 25 12 2 4 4 2.25 1 1 2 1 2 120 6 0
1 21.5 11.5 2 3 4 0.5 1 0 0 1 2 100 69 0
0 20.32 10 2 8 8 1 1 1 4 0 2 50 1466 1
1 27.83 1 1 2 8 3 0 0 0 0 2 176 538 0
1 34.42 4.25 2 3 5 3.25 1 1 2 0 2 274 611 1
1 37.75 7 2 11 8 11.5 1 1 7 1 2 300 6 0
1 48.5 4.25 2 7 4 0.125 1 0 0 1 2 225 1 1
1 36.17 18.12 2 9 4 0.085 0 0 0 0 2 320 3553 0
1 35 2.5 2 3 4 1 0 0 0 1 2 210 1 0
0 68.67 15 2 10 9 0 1 1 14 0 2 0 3377 1
1 33.67 2.16 2 8 4 1.5 0 0 0 0 3 120 1 0
0 23.42 0.79 1 11 4 1.5 1 1 2 1 2 80 401 1
1 26 1 2 11 4 1.75 1 0 0 1 2 280 1 1
1 22.92 3.16 1 8 4 0.165 0 0 0 0 2 160 1059 0
0 31.57 3.5 2 2 4 3 1 0 0 1 2 300 1 0
1 41 0.04 2 10 4 0.04 0 1 1 0 1 560 1 1
1 28 3 2 9 4 0.75 0 0 0 1 2 300 68 0
1 20.67 0.41 2 8 4 0.125 0 0 0 0 2 0 45 0
1 50.75 0.58 2 1 1 0 0 0 0 0 2 145 1 0
1 54.58 9.41 2 1 1 14.415 1 1 11 1 2 30 301 1
0 33.08 4.62 2 11 8 1.625 1 1 2 0 2 0 1 1
0 23.5 1.5 2 9 4 0.875 0 0 0 1 2 160 1 0
0 29.5 2 1 10 8 2 0 0 0 0 2 256 18 0
0 27.17 1.25 2 1 1 0 0 1 1 0 2 92 301 0
1 29.42 1.25 2 8 8 0.25 0 1 2 1 2 400 109 0
1 29.83 3.5 2 8 4 0.165 0 0 0 0 2 216 1 0
0 19.17 8.58 2 13 8 0.75 1 1 7 0 2 96 1 1
1 23.58 1.79 2 8 4 0.54 0 0 0 1 2 136 2 0
1 37.5 1.12 1 2 4 1.5 0 0 0 1 2 431 1 1
1 27 1.5 1 9 4 0.375 1 0 0 1 2 260 1066 1
0 24.83 4.5 2 9 4 1 0 0 0 1 2 360 7 0
1 18.82 3.54 1 1 1 0 0 0 0 1 2 180 2 0
1 23.75 0.41 1 8 4 0.04 0 1 2 0 2 128 7 0
1 32.75 2.33 2 2 8 5.75 0 0 0 1 2 292 1 0
0 47.75 8 2 8 4 7.875 1 1 6 1 2 0 1261 1
1 23.42 1 2 8 4 0.5 0 0 0 1 1 280 1 0
0 27.25 0.28 2 7 8 0.125 0 1 1 1 2 272 109 0
0 20.5 11.83 2 8 8 6 1 0 0 0 2 340 1 1
0 17.82 11 2 14 8 1 1 1 11 0 2 0 3001 1
0 53.33 0.16 2 1 1 0 0 0 0 1 1 62 28 0
1 22.58 10.03 2 14 4 0.04 1 1 9 0 2 60 397 1
0 16.5 1.25 2 11 4 0.25 0 1 1 0 2 108 99 0
1 44.25 0.5 2 7 4 10.75 1 0 0 0 1 400 1 0
0 16.32 0.21 2 6 4 0.125 0 0 0 0 2 200 2 0
1 31.33 19.5 2 8 4 7 1 1 16 0 2 0 5001 1
1 33 2.5 1 9 4 7 0 0 0 1 2 280 1 0
1 54.83 15.5 2 10 9 0 1 1 20 0 2 152 131 0
1 34.08 2.5 2 8 4 1 0 0 0 0 2 460 17 0
1 41.42 5 2 11 8 5 1 1 6 1 2 470 1 1
1 16 3.12 2 9 4 0.085 0 1 1 0 2 0 7 0
1 15.17 7 2 10 4 1 0 0 0 0 2 600 1 0
0 51.92 6.5 2 3 5 3.085 0 0 0 1 2 73 1 0
0 23.58 11.5 1 4 8 3 0 0 0 1 2 20 17 0
0 24.92 1.25 2 1 1 0 1 0 0 0 2 80 1 0
1 23.58 0.83 2 3 8 0.085 0 0 0 1 2 220 6 0
1 40.58 1.5 2 3 5 0 0 0 0 0 1 300 1 0
1 19.32 9.5 2 11 4 1 1 0 0 1 2 60 401 1
1 39.17 1.62 2 8 4 1.5 1 1 10 0 2 186 4701 1
1 17.57 10 2 9 8 0.165 0 1 1 0 2 120 2 0
1 48.17 7.62 2 9 8 15.5 1 1 12 0 2 0 791 1
1 38.58 3.33 2 9 4 4 1 1 14 0 2 383 1345 1
1 33.58 0.33 1 13 4 0.085 0 0 0 0 2 180 1 0
1 31.57 3 1 3 5 7 0 0 0 0 2 0 2 0
1 35.25 16.5 1 8 4 4 1 0 0 0 2 80 1 0
1 35.58 0.75 2 4 4 1.5 0 0 0 1 2 231 1 0
1 44 2 2 7 4 1.75 1 1 2 1 2 0 16 1
1 22.67 1.58 1 9 4 3.085 1 1 6 0 2 80 1 1
1 38.25 10.12 1 4 4 0.125 0 0 0 0 2 160 1 0
1 34.5 4.04 1 3 5 8.5 1 1 7 1 2 195 1 1
0 26.58 2.54 1 1 1 0 0 0 0 1 2 180 61 0
0 32.33 0.54 2 13 4 0.04 1 0 0 0 2 440 11178 1

