0 33.25 2.5 1 8 4 2.5 0 0 0 1 2 0 3 0
1 32.33 3.5 2 4 4 0.5 0 0 0 1 2 232 1 0
1 20.5 10 1 8 4 2.5 1 0 0 0 1 40 1 1
1 35.25 3.16 2 14 8 3.75 1 0 0 1 2 680 1 0
1 17.07 0.25 2 11 4 0.335 0 1 4 0 2 160 9 0
1 42.17 5.04 2 11 8 12.75 1 0 0 1 2 92 1 1
0 22.5 0.41 2 3 4 0.335 0 0 0 1 1 144 1 0
1 48.17 3.5 2 6 4 3.5 1 0 0 0 1 230 1 1
1 37.58 0 2 8 4 0 0 0 0 0 3 184 1 1
1 34.17 2.75 2 3 5 2.5 0 0 0 1 2 232 201 0
1 37.42 2.04 2 9 4 0.04 1 0 0 1 2 400 5801 1
0 18.92 9 2 6 4 0.75 1 1 2 0 2 88 592 1
0 22.83 2.29 2 11 8 2.29 1 1 7 1 2 140 2385 1
0 17.92 10.21 2 1 1 0 0 0 0 0 2 0 51 0
1 55.92 11.5 2 1 1 5 1 1 5 0 2 0 8852 1
1 43.25 25.21 2 11 8 0.21 1 1 1 0 2 760 91 0
0 32.33 0.54 2 13 4 0.04 1 0 0 0 2 440 11178 1
0 20.42 10.5 1 14 8 0 0 0 0 1 2 154 33 0
1 31.57 0.5 2 8 5 0.835 1 0 0 1 1 320 1 0
0 17.92 0.54 2 8 4 1.75 0 1 1 1 2 80 6 0
1 34.92 2.5 2 9 4 0 1 0 0 1 2 239 201 1
1 23.42 1 2 8 4 0.5 0 0 0 1 1 280 1 0
0 25.75 0.5 2 8 8 0.875 1 0 0 1 2 491 1 1
1 41.92 0.42 2 8 8 0.21 1 1 6 0 2 220 949 1
1 28.58 3.62 2 6 4 0.25 0 0 0 1 2 100 1 0
1 24.5 13.33 1 6 4 0.04 0 0 0 1 2 120 476 0
0 60.92 5 2 6 4 4 1 1 4 0 2 0 100 1
1 28.25 0.87 2 7 4 0.96 1 1 3 1 2 396 1 1
1 18.25 0.16 2 2 4 0.25 0 0 0 1 1 280 1 0
0 20.67 3 2 11 4 0.165 1 1 3 0 2 100 7 1
1 21.08 10.08 1 10 8 1.25 0 0 0 0 2 260 1 0
1 36.33 3.79 2 9 4 1.165 1 0 0 1 2 200 1 0
0 28.58 3.54 2 3 5 0.5 1 0 0 1 2 171 1 0
1 20.67 5.29 2 11 4 0.375 1 1 1 0 2 160 1 0
0 22.5 11 1 11 4 3 1 0 0 1 2 268 1 0
1 19.42 6.5 2 9 8 1.46 1 1 7 0 2 80 2955 1
1 22.92 3.16 1 8 4 0.165 0 0 0 0 2 160 1059 0
1 42.75 3 2 3 5 1 1 0 0 0 2 0 201 0
1 16.32 2.75 2 6 4 0.665 0 1 1 0 2 80 22 0
1 31.57 0.37 2 2 4 0.875 1 0 0 1 1 928 1 0
1 32.25 0.16 1 8 8 3.25 1 1 1 1 2 432 8001 1
1 23.58 1.79 2 8 4 0.54 0 0 0 1 2 136 2 0
1 48.33 12 2 7 4 16 1 0 0 0 1 110 1 1
0 24.33 2.5 1 3 5 4.5 0 0 0 0 2 200 457 0
0 22.92 1.25 2 11 4 0.25 0 0 0 1 2 120 810 0
1 60.08 14.5 2 1 1 18 1 1 15 1 2 0 1001 1
0 19.17 5.41 2 3 8 0.29 0 0 0 0 2 80 485 0
1 21.33 7.5 2 6 4 1.415 1 1 1 0 2 80 9801 1
1 39.17 1.62 2 8 4 1.5 1 1 10 0 2 186 4701 1
1 28.67 9.33 2 11 8 5.665 1 1 6 0 2 381 169 1
0 33.67 0.37 2 13 4 0.375 0 0 0 0 2 300 45 1
1 44.83 7 1 8 4 1.625 0 0 0 0 2 160 3 0
1 54.33 6.75 2 8 8 2.625 1 1 11 1 2 0 285 1
0 25.25 12.5 2 2 4 1 0 0 0 1 2 180 1063 0
1 36.42 0.75 1 2 4 0.585 0 0 0 0 2 240 4 0
1 24.08 9 2 6 4 0.25 0 0 0 1 2 0 1 0
0 27.58 3 2 7 4 2.79 0 1 1 1 2 280 11 0
1 21.58 0.79 1 13 4 0.665 0 0 0 0 2 160 1 0
1 20.17 5.62 2 9 4 1.71 1 0 0 0 1 120 1 1
0 21.75 11.75 2 8 4 0.25 0 0 0 1 2 180 1 0
1 19.17 9.5 2 9 4 1.5 1 0 0 0 2 120 2207 1
1 32.83 2.5 2 13 8 2.75 1 1 6 0 2 160 2073 1
1 16.25 0.83 2 7 4 0.085 1 0 0 0 1 200 1 0
1 39.58 13.91 2 9 4 8.625 1 1 6 1 2 70 1 1
1 49.58 19 2 1 1 0 1 1 1 0 2 94 1 0
1 36.17 5.5 2 3 5 5 0 0 0 0 2 210 688 0
1 22.25 9 2 6 4 0.085 0 0 0 0 2 0 1 0
1 20.42 1.83 2 8 4 2.25 1 1 1 0 2 100 151 1
1 25.92 0.87 2 4 4 0.375 0 1 2 1 2 174 4 0
0 27.17 1.25 2 1 1 0 0 1 1 0 2 92 301 0
1 34.08 0.08 1 7 5 0.04 1 1 1 1 2 280 2001 1
1 35.17 2.5 2 4 4 4.5 1 1 7 0 2 150 1271 1
1 45.17 1.5 2 8 4 2.5 1 0 0 1 2 140 1 0
1 16.07 0.75 2 8 4 1.75 1 1 5 1 2 352 691 1
1 31.57 0.62 2 4 4 0.25 0 0 0 0 2 380 2011 0
1 23 0.62 1 6 4 0.125 1 0 0 0 2 180 2 0
0 21.67 11.5 1 5 3 0 1 1 11 1 2 0 1 1
1 43.17 5 2 3 5 2.25 0 0 0 1 2 141 1 0
1 34 4.5 2 6 4 1 1 0 0 1 2 240 1 0
1 48.5 4.25 2 7 4 0.125 1 0 0 1 2 225 1 1
0 25.17 2.87 2 14 8 0.875 1 0 0 0 2 360 1 1
1 28.33 5 2 9 4 11 1 0 0 1 2 70 1 1
1 17.5 22 3 1 7 0 0 0 0 1 3 450 100001 1
1 31 2.08 2 8 4 0.085 0 0 0 0 2 300 1 0
1 39.83 0.5 2 7 4 0.25 1 0 0 0 1 288 1 0
1 34.42 1.33 2 3 5 0.125 0 0 0 1 2 440 4501 0
1 18.07 5.5 2 4 4 0.5 1 0 0 0 2 80 1 1
1 23.17 0 2 8 4 0 0 0 0 0 3 184 1 1
1 24.58 12.5 2 9 4 0.875 1 0 0 1 2 260 1 0
0 41.33 1 2 3 5 2.25 1 0 0 1 2 0 301 1
1 26 1 2 11 4 1.75 1 0 0 1 2 280 1 1
1 28.75 1.5 1 8 4 1.5 1 0 0 1 2 0 226 0
1 25.17 3 2 8 4 1.25 0 1 1 0 2 0 23 0
0 41.17 6.5 2 11 4 0.5 1 1 3 1 2 145 1 1
1 28.17 0.12 1 4 4 0.085 0 0 0 0 2 216 2101 0
1 34.83 2.5 1 9 4 3 0 0 0 0 1 200 1 0
1 26.75 2 2 2 4 0.75 0 0 0 1 2 80 1 0
1 31.57 4 2 14 4 5 1 1 3 1 2 290 2280 1
0 29.75 0.66 2 9 4 0.25 0 0 0 1 2 300 1 0
1 27.75 0.58 1 13 4 0.25 1 1 2 0 2 260 501 1
1 22.17 12.12 2 8 4 3.335 0 1 2 1 2 180 174 0
0 56.5 16 2 5 1 0 1 1 15 0 2 0 248 1
1 57.42 8.5 2 10 8 7 1 1 3 0 2 0 1 1
0 56.83 4.25 1 1 1 5 0 0 0 1 2 0 5 0
1 34.75 2.5 2 13 5 0.5 0 0 0 0 2 348 1 0
1 27.83 1.5 2 9 4 2 1 1 11 1 2 434 36 1
1 18.07 6.75 1 7 4 0.04 0 0 0 0 2 140 1 0
1 27.42 12.5 2 6 5 0.25 0 0 0 1 2 720 1 0
1 37.5 1.75 1 8 5 0.25 1 0 0 1 2 164 401 0
1 39.92 6.21 2 11 4 0.04 1 1 1 0 2 200 301 1
1 20.25 9.96 2 10 2 0 1 0 0 0 2 0 1 1
0 24.75 3 2 11 8 1.835 1 1 19 0 2 0 501 1
1 23.17 11.12 2 14 8 0.46 1 1 1 0 2 100 1 1
1 27.25 0.62 2 6 4 0.455 1 0 0 1 2 200 1 0
1 16.5 0.12 2 8 4 0.165 0 0 0 0 2 132 1 0
1 20 1.25 1 4 4 0.125 0 0 0 0 2 140 5 0
1 21 3 1 2 4 1.085 1 1 8 1 2 160 2 1
1 27.25 1.58 2 13 8 1.835 1 1 12 1 2 583 714 1
1 29.67 0.75 1 8 4 0.04 0 0 0 0 2 240 1 0
1 35 2.5 2 3 4 1 0 0 0 1 2 210 1 0
1 33.58 0.33 1 13 4 0.085 0 0 0 0 2 180 1 0
0 31.57 11.25 2 1 1 0 0 0 0 0 2 184 5201 0
1 33.17 1.04 2 12 8 6.5 1 0 0 1 2 164 31286 1
0 22.67 0.75 2 8 4 2 0 1 2 1 2 200 395 0
0 58.67 4.46 2 11 8 3.04 1 1 6 0 2 43 561 1
0 28.42 3.5 2 9 4 0.835 1 0 0 0 1 280 1 1
1 25.67 3.25 2 8 8 2.29 0 1 1 1 2 416 22 0
0 33.08 1.62 2 2 4 0.54 0 0 0 1 2 0 1 0
0 18.25 10 2 9 4 1 0 1 1 0 2 120 2 0
1 56.42 28 1 8 4 28.5 1 1 40 0 2 0 16 1
0 22.75 6.16 2 6 4 0.165 0 0 0 0 2 220 1001 0
1 18.32 1.21 1 10 2 0 0 0 0 0 2 100 1 0
0 33.75 0.75 2 4 5 1 1 1 3 1 2 212 1 0
1 34.42 4.25 2 3 5 3.25 1 1 2 0 2 274 611 1
0 18.82 4.41 1 8 8 3 1 0 0 0 2 240 1 1
0 68.67 15 2 10 9 0 1 1 14 0 2 0 3377 1
1 23.08 11.5 2 9 8 2.125 1 1 11 1 2 290 285 1
1 39.33 5.87 2 13 8 10 1 1 14 1 2 399 1 1
1 24.58 13.5 1 1 1 0 0 0 0 0 2 184 1 0
1 41.17 1.25 1 9 4 0.25 0 0 0 0 2 0 196 0
1 38.17 10.12 2 14 4 2.5 1 1 6 0 2 520 197 1
1 18.42 10.41 1 6 4 0.125 1 0 0 0 2 120 376 0
0 50.25 0.83 2 6 4 0.5 0 0 0 1 2 240 118 0
1 36.17 0.42 1 9 4 0.29 0 0 0 1 2 309 3 0
1 56.75 12.25 2 7 4 1.25 1 1 4 1 2 200 1 1
1 20 11.04 2 8 4 2 0 0 0 1 2 136 1 0
0 64.08 0.16 2 1 1 0 1 1 1 0 2 232 101 1
0 16.5 1.25 2 11 4 0.25 0 1 1 0 2 108 99 0
1 44 2 2 7 4 1.75 1 1 2 1 2 0 16 1
0 19.57 0.66 2 9 4 1.665 0 0 0 0 2 220 6 0
1 69.17 9 2 1 1 4 0 1 1 0 2 70 7 0
1 26.75 1.12 2 14 8 1.25 1 0 0 0 2 0 5299 1
1 30.08 1.04 1 3 5 0.5 1 1 10 1 2 132 29 0
1 24.42 2 2 10 2 0.165 0 1 2 0 2 320 1301 0
1 18.17 10.25 2 8 8 1.085 0 0 0 0 2 320 14 0
0 48.17 1.33 2 3 7 0.335 0 0 0 0 2 0 121 0
1 34.17 1.54 2 13 4 1.54 1 1 1 1 2 520 50001 1
1 32.08 4 1 13 4 1.5 0 0 0 1 2 120 1 0
0 37.33 2.5 2 3 8 0.21 0 0 0 0 2 260 247 0
1 23.08 11.5 2 3 4 3.5 1 1 9 0 2 56 743 1
0 45.33 1 2 11 4 0.125 0 0 0 1 2 263 1 0
1 29.58 4.5 2 9 4 7.5 1 1 2 1 2 330 1 1
0 38.58 5 2 13 4 13.5 1 0 0 1 2 980 1 0
1 25.25 1 2 6 4 0.5 0 0 0 0 2 200 1 0
0 57.08 19.5 2 8 4 5.5 1 1 7 0 2 0 3001 1

