0 17.92 10.21 2 1 1 0 0 0 0 0 2 0 51 0
1 17.92 0.2 2 6 4 0.04 0 0 0 0 2 280 751 0
0 17.82 11 2 14 8 1 1 1 11 0 2 0 3001 1
1 19.5 0.28 2 4 4 0.29 0 0 0 0 2 280 365 0
0 52.5 7 2 6 8 3 0 0 0 0 2 0 1 0
1 39.42 1.71 1 7 4 0.165 0 0 0 0 1 400 1 0
0 22.25 1.25 1 1 1 3.25 0 0 0 0 2 280 1 0
1 22 0.79 2 9 4 0.29 0 1 1 0 2 420 284 0
1 27.67 2 2 14 8 1 1 1 4 0 2 140 7545 1
1 26.75 4.5 1 8 5 2.5 0 0 0 0 2 200 1211 0
1 34 4.5 2 6 4 1 1 0 0 1 2 240 1 0
0 27.33 1.66 2 1 1 0 0 0 0 0 2 340 2 0
1 32.08 4 2 7 4 2.5 1 0 0 1 2 360 1 1
1 76.75 22.29 2 10 9 12.75 1 1 1 1 2 0 110 1
1 22.83 3 2 7 4 1.29 1 1 1 0 2 260 801 1
0 45.83 10.5 2 11 4 5 1 1 7 1 2 0 1 1
0 18.92 9.25 1 8 4 1 1 1 4 1 2 80 501 1
1 23.25 12.62 2 8 4 0.125 0 1 2 0 2 0 5553 0
0 24.75 3 2 11 8 1.835 1 1 19 0 2 0 501 1
1 33 2.5 1 9 4 7 0 0 0 1 2 280 1 0
0 28.58 3.54 2 3 5 0.5 1 0 0 1 2 171 1 0
0 24.5 1.75 1 8 4 0.165 0 0 0 0 2 132 1 0
0 23.58 0.58 1 1 1 0.125 0 0 0 0 2 120 88 0
1 28.25 0.87 2 7 4 0.96 1 1 3 1 2 396 1 1
0 29.5 2 1 10 8 2 0 0 0 0 2 256 18 0
1 27.83 4 1 3 8 5.75 1 1 2 1 2 75 1 0
0 25.17 2.87 2 14 8 0.875 1 0 0 0 2 360 1 1
0 24.5 0.5 2 11 8 1.5 1 0 0 0 2 280 825 1
1 51.83 2.04 1 1 1 1.5 0 0 0 0 2 120 2 0
0 23.25 5.87 2 11 4 3.17 1 1 10 0 2 120 246 1
0 23 11.75 2 14 8 0.5 1 1 2 1 2 300 552 1
1 26.17 0.25 2 3 5 0 1 0 0 1 2 0 1 1
1 20.42 7 2 8 4 1.625 1 1 3 0 2 200 1392 1
1 29.92 1.83 2 8 8 4.335 1 0 0 0 2 260 201 1
1 22.92 0.17 2 7 4 0.085 0 0 0 0 1 0 1 0
1 24.75 0.54 2 7 4 1 0 0 0 1 2 120 2 0
0 24.08 0.5 2 11 8 1.25 1 1 1 0 2 0 679 1
1 20 7 2 8 4 0.5 0 0 0 0 2 0 1 0
1 40.92 0.83 2 1 1 0 1 0 0 0 2 130 2 0
1 18.42 10.41 1 6 4 0.125 1 0 0 0 2 120 376 0
1 34.75 15 2 12 7 5.375 1 1 9 1 2 0 135 1
1 42.5 4.91 1 9 4 3.165 1 0 0 1 2 52 1443 1
1 20.5 2.41 2 8 4 2 1 1 11 1 2 200 3001 1
1 21.83 1.54 2 4 4 0.085 0 0 0 1 2 356 1 0
1 69.17 9 2 1 1 4 0 1 1 0 2 70 7 0
0 53.33 0.16 2 1 1 0 0 0 0 1 1 62 28 0
1 25.67 0.28 1 8 4 1.5 0 0 0 1 2 160 1 0
1 34.17 5.25 2 9 4 0.085 0 0 0 1 2 290 7 1
0 39.08 4 2 8 4 3 0 0 0 0 2 480 1 0
0 24.5 2.41 1 8 4 0 0 0 0 0 2 120 1 0
0 29.58 1.75 1 4 4 1.25 0 0 0 1 2 280 1 0
0 20.75 10.33 2 13 8 0.335 1 1 1 1 2 80 51 1
1 31.57 5 1 6 4 8.5 1 0 0 0 2 0 1 0
1 20.67 0.83 1 8 4 2 0 0 0 1 1 240 1 0
1 16.17 0.04 2 8 4 0.04 0 0 0 0 2 0 1 1
0 22.67 0.33 2 11 4 0.75 0 0 0 0 1 160 1 0
0 17.92 0.54 2 8 4 1.75 0 1 1 1 2 80 6 0
1 18.07 6.75 1 7 4 0.04 0 0 0 0 2 140 1 0
0 25 12.33 2 13 8 3.5 1 1 6 0 2 400 459 1
0 23.75 0.71 2 9 4 0.25 0 1 1 1 2 240 5 0
0 15.83 7.62 2 11 4 0.125 0 1 1 1 2 0 161 0
1 23.75 0.41 1 8 4 0.04 0 1 2 0 2 128 7 0
1 43 0.28 1 13 8 1.75 1 1 8 0 2 100 376 1
1 20.5 10 1 8 4 2.5 1 0 0 0 1 40 1 1
1 27.25 1.66 2 13 8 5.085 1 1 9 0 2 399 828 1
0 46.08 3 2 8 4 2.375 1 1 8 1 2 396 4160 1
1 31.25 1.12 2 1 1 0 0 1 1 0 2 96 20 0
1 57.83 7.04 2 7 4 14 1 1 6 1 2 360 1333 1
1 22.17 0.58 1 1 1 0 0 0 0 0 2 100 1 0
1 48.17 3.5 2 6 4 3.5 1 0 0 0 1 230 1 1
0 25.08 2.54 1 6 4 0.25 1 0 0 1 2 370 1 1
0 49 1.5 2 5 3 0 1 0 0 1 2 100 28 0
1 67.75 5.5 2 10 9 13 1 1 1 1 2 0 1 1
1 18.57 10.29 2 1 1 0.415 0 0 0 0 2 80 1 0
1 32.25 14 1 1 1 0 0 1 2 0 2 160 2 0
0 56.5 16 2 5 1 0 1 1 15 0 2 0 248 1
1 80.25 5.5 2 8 4 0.54 1 0 0 0 2 0 341 0
1 62.5 12.75 1 8 8 5 1 0 0 0 2 112 1 0
1 36.5 4.25 2 11 4 3.5 0 0 0 0 2 454 51 0
1 18.82 0 2 11 4 0.665 0 0 0 0 2 160 2 0
0 18.25 10 2 9 4 1 0 1 1 0 2 120 2 0
1 31.33 19.5 2 8 4 7 1 1 16 0 2 0 5001 1
1 39.5 4.25 2 8 5 6.5 1 1 16 0 2 117 1211 1
1 16.25 0 1 6 4 0.25 0 0 0 0 2 60 1 0
1 31.57 0.37 2 2 4 0.875 1 0 0 1 1 928 1 0
0 28.5 3.04 1 14 8 2.54 1 1 1 0 2 70 1 1
1 56 12.5 2 4 8 8 1 0 0 1 2 24 2029 1
1 44.83 7 1 8 4 1.625 0 0 0 0 2 160 3 0
1 18.07 5.5 2 4 4 0.5 1 0 0 0 2 80 1 1
1 27.67 13.75 2 9 4 5.75 1 0 0 1 2 487 501 1
0 49.83 13.58 2 4 8 8.5 1 0 0 1 2 0 1 1
1 26.75 2 2 2 4 0.75 0 0 0 1 2 80 1 0
1 58.58 2.71 2 8 4 2.415 0 0 0 1 2 320 1 0
1 37.42 2.04 2 9 4 0.04 1 0 0 1 2 400 5801 1
1 20.67 0.41 2 8 4 0.125 0 0 0 0 2 0 45 0
1 39.5 1.62 2 8 4 1.5 0 0 0 0 2 0 317 0
0 32.33 0.54 2 13 4 0.04 1 0 0 0 2 440 11178 1
0 25.42 1.12 2 11 4 1.29 1 1 2 0 2 200 1 0
1 29.25 14.79 2 6 4 5.04 1 1 5 1 2 168 1 1
0 27.42 14.5 2 14 8 3.085 1 1 1 0 2 120 12 1
1 23.17 0 2 8 4 0 0 0 0 0 3 184 1 1
1 24.83 2.75 2 8 4 2.25 1 1 6 0 2 184 601 1
1 17.07 3.29 2 3 4 0.335 0 0 0 1 2 140 3 0
1 19.67 0.37 2 11 4 2 1 1 2 1 2 80 1 1
1 31.92 4.46 2 13 8 6.04 1 1 3 0 2 311 301 1
0 26.5 2.71 1 8 4 0.085 0 0 0 0 1 80 1 0
1 33.17 1 2 14 4 0.75 1 1 7 1 2 340 4072 1
1 48.5 4.25 2 7 4 0.125 1 0 0 1 2 225 1 1
1 21.33 10.5 2 8 4 3 1 0 0 1 2 0 1 1
1 26.17 12.5 1 4 8 1.25 0 0 0 1 2 0 18 0
1 29.83 2.04 1 14 8 0.04 0 0 0 0 2 128 2 0
1 34 5.5 1 8 4 1.5 0 0 0 1 2 60 1 0
1 36.25 5 2 8 5 2.5 1 1 6 0 2 0 368 1
0 22.75 6.16 2 6 4 0.165 0 0 0 0 2 220 1001 0
1 31.57 4 1 3 4 0.085 0 0 0 1 2 411 1 0
1 35.25 3.16 2 14 8 3.75 1 0 0 1 2 680 1 0
0 41.58 1.04 2 6 4 0.665 0 0 0 0 2 240 238 0
0 16.07 0.33 2 1 1 0 0 1 1 0 2 160 127 0
1 40.92 0.5 1 7 4 0.5 0 0 0 1 2 130 1 0
1 24.5 13.33 1 6 4 0.04 0 0 0 1 2 120 476 0
1 35.25 16.5 1 8 4 4 1 0 0 0 2 80 1 0
1 20 0 2 2 4 0.5 0 0 0 0 2 144 1 0
0 20.83 8.5 2 8 4 0.165 0 0 0 0 2 0 352 0
1 20.07 0.25 2 11 4 0.125 0 0 0 0 2 200 1 0
1 22.75 11.5 2 3 4 0.415 0 0 0 0 2 0 1 0
1 25.08 1.71 2 14 4 1.665 1 1 1 1 2 395 21 1
0 23.5 1.5 2 9 4 0.875 0 0 0 1 2 160 1 0
1 34.42 4.25 2 3 5 3.25 1 1 2 0 2 274 611 1
0 20.83 3 2 6 4 0.04 1 0 0 0 2 100 1 1
1 39.17 1.71 2 14 4 0.125 1 1 5 1 2 480 1 1
1 45 8.5 2 13 8 14 1 1 1 1 2 88 2001 1
1 22.92 3.16 1 8 4 0.165 0 0 0 0 2 160 1059 0
1 33.58 0.25 2 3 5 4 0 0 0 1 1 420 1 0
0 21.5 6 2 6 4 2.5 1 1 3 0 2 80 919 1
0 28.58 3.75 2 8 4 0.25 0 1 1 1 2 40 155 0
0 19.5 0.16 2 11 4 0.04 0 0 0 1 2 380 1 0
1 42.83 4.62 2 11 4 4.58 1 0 0 0 1 0 1 1
0 38.75 1.5 2 1 1 0 0 0 0 0 2 76 1 0
0 52.83 15 2 8 4 5.5 1 1 14 0 2 0 2201 1
1 30.17 6.5 2 13 4 3.125 1 1 8 0 2 330 1201 1
1 29.67 0.75 1 8 4 0.04 0 0 0 0 2 240 1 0
0 55.75 7.08 2 4 8 6.75 1 1 3 1 2 100 51 0
0 22.92 11.58 2 13 4 0.04 1 0 0 0 2 80 1350 1
1 22.5 0.12 1 4 4 0.125 0 0 0 0 2 200 71 0
1 27.58 2.04 1 6 4 2 1 1 3 1 2 370 561 1
1 34.08 6.5 2 6 4 0.125 1 0 0 1 2 443 1 0
1 22.67 0.75 2 3 4 1.585 0 1 1 1 2 400 10 0
1 34.58 0 2 8 4 0 0 0 0 0 3 184 1 0
0 34.83 1.25 1 3 8 0.5 0 0 0 1 2 160 1 0
1 47.83 4.16 2 14 5 0.085 0 0 0 1 2 520 1 0
1 27.83 1.5 2 9 4 2 1 1 11 1 2 434 36 1
0 19.17 5.41 2 3 8 0.29 0 0 0 0 2 80 485 0
0 27.25 0.28 2 7 8 0.125 0 1 1 1 2 272 109 0
0 30.58 10.66 2 11 8 0.085 0 1 12 1 2 129 4 0
1 41.17 1.33 2 2 4 0.165 0 0 0 0 2 168 1 0
1 25.67 12.5 2 13 4 1.21 1 1 67 1 2 140 259 1
1 26.67 1.75 1 8 4 1 1 1 5 1 2 160 5778 1
1 40.58 3.29 2 7 4 3.5 0 0 0 1 1 400 1 0
1 39.58 13.91 2 9 4 8.625 1 1 6 1 2 70 1 1
1 16.32 2.75 2 6 4 0.665 0 1 1 0 2 80 22 0
0 35.75 0.91 2 6 4 0.75 1 1 4 0 2 0 1584 1
1 30.75 1.58 2 2 4 0.585 0 0 0 1 1 0 1 0
1 34.75 2.5 2 13 5 0.5 0 0 0 0 2 348 1 0
0 20.5 11.83 2 8 8 6 1 0 0 0 2 340 1 1
1 21 3 1 2 4 1.085 1 1 8 1 2 160 2 1

