1 76.75 22.29 2 10 9 12.75 1 1 1 1 2 0 110 1
0 38.75 1.5 2 1 1 0 0 0 0 0 2 76 1 0
1 20.42 0 2 8 4 0 0 0 0 0 3 184 1 0
1 25.67 0.28 1 8 4 1.5 0 0 0 1 2 160 1 0
0 34.83 1.25 1 3 8 0.5 0 0 0 1 2 160 1 0
0 18.17 10 1 11 8 0.165 0 0 0 0 2 340 1 0
1 27 0.75 2 8 8 4.25 1 1 3 1 2 312 151 1
0 21.75 11.75 2 8 4 0.25 0 0 0 1 2 180 1 0
0 15.83 0.58 2 8 8 1.5 1 1 2 0 2 100 1 1
1 32.75 1.5 2 13 8 5.5 1 1 3 1 2 0 1 1
1 23.08 0 2 4 4 1 0 1 11 0 1 0 1 0
0 33.08 1.62 2 2 4 0.54 0 0 0 1 2 0 1 0
1 37.17 4 2 8 5 5 1 0 0 1 1 280 1 0
1 25.67 3.25 2 8 8 2.29 0 1 1 1 2 416 22 0
1 30.83 0 2 9 4 1.25 1 1 1 0 2 202 1 1
1 34.83 4 2 2 5 12.5 1 0 0 1 2 184 1 0
0 31.57 1.5 2 1 1 0 0 1 2 1 2 200 106 0
1 27.83 1 1 2 8 3 0 0 0 0 2 176 538 0
0 27.33 1.66 2 1 1 0 0 0 0 0 2 340 2 0
0 37.75 5.5 2 11 4 0.125 1 0 0 1 2 228 1 1
0 28.08 15 1 10 9 0 1 0 0 0 2 0 13213 1
0 24.75 12.5 2 6 4 1.5 1 1 12 1 2 120 568 1
1 57.83 7.04 2 7 4 14 1 1 6 1 2 360 1333 1
0 29.5 2 1 10 8 2 0 0 0 0 2 256 18 0
1 23.58 0.46 1 9 4 2.625 1 1 6 1 2 208 348 0
0 25.25 13.5 1 1 1 2 0 1 1 1 2 200 2 0
0 50.08 12.54 2 6 4 2.29 1 1 3 1 2 156 1 1
1 24.5 13.33 1 6 4 0.04 0 0 0 1 2 120 476 0
1 40.92 0.83 2 1 1 0 1 0 0 0 2 130 2 0
1 40.58 1.5 2 3 5 0 0 0 0 0 1 300 1 0
1 15.17 7 2 10 4 1 0 0 0 0 2 600 1 0
1 20.67 0.41 2 8 4 0.125 0 0 0 0 2 0 45 0
1 34.92 2.5 2 9 4 0 1 0 0 1 2 239 201 1
1 22.33 11 2 9 4 2 1 1 1 0 2 80 279 1
1 27 1.5 1 9 4 0.375 1 0 0 1 2 260 1066 1
1 19.42 1.5 1 13 4 2 1 0 0 1 2 100 21 0
1 20.17 9.25 2 8 4 1.665 1 1 3 1 2 40 29 1
0 40.33 8.12 1 4 4 0.165 0 1 2 0 2 184 19 0
1 31.25 1.12 2 1 1 0 0 1 1 0 2 96 20 0
1 51.83 3 1 1 1 1.5 0 0 0 0 2 180 5 0
1 39.58 13.91 2 9 4 8.625 1 1 6 1 2 70 1 1
1 19.17 9.5 2 9 4 1.5 1 0 0 0 2 120 2207 1
0 22.92 1.25 2 11 4 0.25 0 0 0 1 2 120 810 0
0 16.32 0.21 2 6 4 0.125 0 0 0 0 2 200 2 0
1 25.75 0.75 2 8 5 0.25 1 0 0 0 2 349 24 1
1 36.17 5.5 2 3 5 5 0 0 0 0 2 210 688 0
1 32.75 2.33 2 2 8 5.75 0 0 0 1 2 292 1 0
1 22.58 10.03 2 14 4 0.04 1 1 9 0 2 60 397 1
0 23.58 0.58 1 1 1 0.125 0 0 0 0 2 120 88 0
1 20.25 9.96 2 10 2 0 1 0 0 0 2 0 1 1
1 18.17 10.25 2 8 8 1.085 0 0 0 0 2 320 14 0
1 39.25 9.5 2 7 4 6.5 1 1 14 0 2 240 4608 1
0 23.5 1.5 2 9 4 0.875 0 0 0 1 2 160 1 0
1 29.58 4.5 2 9 4 7.5 1 1 2 1 2 330 1 1
1 21.83 1.54 2 4 4 0.085 0 0 0 1 2 356 1 0
1 27.83 1.54 2 9 4 3.75 1 1 5 1 2 100 4 1
0 25.33 2.08 2 8 8 2.75 1 0 0 1 2 360 2 0
0 24.5 0.5 2 11 8 1.5 1 0 0 0 2 280 825 1
1 30.08 1.04 1 3 5 0.5 1 1 10 1 2 132 29 0
1 48.58 6.5 2 11 8 6 1 0 0 1 2 350 1 1
1 28.92 0.37 2 8 4 0.29 0 0 0 0 2 220 141 0
0 20.75 10.33 2 13 8 0.335 1 1 1 1 2 80 51 1
1 25 11.25 2 8 4 2.5 1 1 17 0 2 200 1209 1
0 20.07 1.25 2 8 4 0 0 0 0 0 2 0 1 0
1 42.75 3 2 3 5 1 1 0 0 0 2 0 201 0
1 48.25 25.08 2 9 4 1.75 1 1 3 0 2 120 15 1
1 74.83 19 1 1 1 0.04 0 1 2 0 2 0 352 0
1 29.67 0.75 1 8 4 0.04 0 0 0 0 2 240 1 0
0 20.42 7.5 2 4 4 1.5 1 1 1 0 2 160 235 1
1 27.58 2.04 1 6 4 2 1 1 3 1 2 370 561 1
0 21.75 1.75 1 5 3 0 0 0 0 0 2 160 1 0
1 17.07 3.29 2 3 4 0.335 0 0 0 1 2 140 3 0
1 21.67 1.16 1 4 4 2.5 1 1 1 0 2 180 21 0
1 36.25 5 2 8 5 2.5 1 1 6 0 2 0 368 1
0 44.33 0 2 8 4 2.5 1 0 0 0 2 0 1 1
1 32.42 3 2 2 4 0.165 0 0 0 1 2 120 1 0
1 23 0.75 2 7 4 0.5 1 0 0 1 1 320 1 0
0 20.42 0.83 2 11 4 1.585 1 1 1 0 2 0 1 1
1 26.75 2 2 2 4 0.75 0 0 0 1 2 80 1 0
1 25.33 0.57 2 8 4 0.29 1 1 7 1 2 96 5125 1
1 32.33 3.5 2 4 4 0.5 0 0 0 1 2 232 1 0
1 24.83 2.75 2 8 4 2.25 1 1 6 0 2 184 601 1
0 60.92 5 2 6 4 4 1 1 4 0 2 0 100 1
1 41.58 1.75 2 4 4 0.21 1 0 0 0 2 160 1 0
1 23 0.75 2 7 4 0.5 0 0 0 1 1 320 1 0
1 40.25 21.5 2 10 9 20 1 1 11 0 2 0 1201 1
1 24.08 0.87 2 7 4 0.085 0 1 4 0 2 254 1951 0
1 34.17 1.54 2 13 4 1.54 1 1 1 1 2 520 50001 1
1 18.82 3.54 1 1 1 0 0 0 0 1 2 180 2 0
0 22.67 0.79 2 3 4 0.085 0 0 0 0 2 144 1 0
1 21.42 0.75 1 12 7 0.75 0 0 0 1 2 132 3 0
0 22.5 8.46 1 14 4 2.46 0 0 0 0 2 164 1 1
1 39.5 4.25 2 8 5 6.5 1 1 16 0 2 117 1211 1
1 32.25 0.16 1 8 8 3.25 1 1 1 1 2 432 8001 1
1 48.17 7.62 2 9 8 15.5 1 1 12 0 2 0 791 1
1 31.58 0.75 1 6 4 3.5 0 0 0 1 2 320 1 0
1 25.67 12.5 2 13 4 1.21 1 1 67 1 2 140 259 1
0 18.07 0.37 3 13 1 10 0 0 0 1 1 300 1 1
1 27.67 2 2 14 8 1 1 1 4 0 2 140 7545 1
1 41.42 5 2 11 8 5 1 1 6 1 2 470 1 1
1 22.83 3 2 7 4 1.29 1 1 1 0 2 260 801 1
1 51.42 0.04 2 14 8 0.04 1 0 0 0 2 0 3001 1
0 24.5 1.04 1 1 1 0.5 1 1 3 0 2 180 148 0
1 26.17 0.25 2 3 5 0 1 0 0 1 2 0 1 1
1 29.5 0.57 2 9 4 0.29 0 1 1 0 2 340 2804 0
0 53.33 0.16 2 1 1 0 0 0 0 1 1 62 28 0
1 29.83 3.5 2 8 4 0.165 0 0 0 0 2 216 1 0
1 51.58 15 2 8 4 8.5 1 1 9 0 2 0 1 1
1 22 7.83 1 3 5 0.165 0 0 0 1 2 184 1 0
1 42 9.78 2 14 8 7.96 1 1 8 0 2 0 1 1
1 20.5 2.41 2 8 4 2 1 1 11 1 2 200 3001 1
1 25.08 1.71 2 14 4 1.665 1 1 1 1 2 395 21 1
0 19.57 0.66 2 9 4 1.665 0 0 0 0 2 220 6 0
1 20.42 1.83 2 8 4 2.25 1 1 1 0 2 100 151 1
0 65.17 14 2 1 1 0 1 1 11 1 2 0 1401 1
0 32.33 0.54 2 13 4 0.04 1 0 0 0 2 440 11178 1
0 38.25 6 2 4 4 1 1 0 0 1 2 0 1 1
1 41.5 1.54 2 3 5 3.5 0 0 0 0 2 216 1 1
0 36.75 5.12 2 10 4 5 1 0 0 1 2 0 4001 1
1 27.42 12.5 2 6 5 0.25 0 0 0 1 2 720 1 0
1 43.25 3 2 11 8 6 1 1 11 0 2 80 1 1
1 62.5 12.75 1 8 8 5 1 0 0 0 2 112 1 0
1 69.17 9 2 1 1 4 0 1 1 0 2 70 7 0
0 47.25 0.75 2 11 8 2.75 1 1 1 0 2 333 893 1
1 25.92 0.87 2 4 4 0.375 0 1 2 1 2 174 4 0
1 39.17 1.62 2 8 4 1.5 1 1 10 0 2 186 4701 1
1 19.67 10 1 4 8 0.835 1 0 0 1 2 140 1 0
1 34.08 0.08 1 7 5 0.04 1 1 1 1 2 280 2001 1
0 47.42 3 2 14 4 13.875 1 1 2 1 2 519 1705 1
1 19.17 4 1 3 4 1 0 0 0 1 2 360 1001 0
0 28.17 0.58 2 6 4 0.04 0 0 0 0 2 260 1005 0
1 27.67 13.75 2 9 4 5.75 1 0 0 1 2 487 501 1
1 37.58 0 2 8 4 0 0 0 0 0 3 184 1 1
1 23.58 0.83 2 3 8 0.085 0 0 0 1 2 220 6 0
1 21.83 0.25 2 2 8 0.665 1 0 0 1 2 0 1 1
1 13.75 4 1 9 4 1.75 1 1 2 1 2 120 1001 1
1 22.17 0.58 1 1 1 0 0 0 0 0 2 100 1 0
1 22.67 0.75 2 3 4 1.585 0 1 1 1 2 400 10 0
1 21.17 0 2 8 4 0.5 0 0 0 1 1 0 1 0
1 22.67 10.5 2 11 8 1.335 1 0 0 0 2 100 1 1
1 37.75 7 2 11 8 11.5 1 1 7 1 2 300 6 0
1 30.67 2.5 2 13 8 2.25 0 0 0 1 1 340 1 0
0 32.25 1.5 2 8 4 0.25 0 0 0 1 2 372 123 0
1 23.5 3.16 1 4 4 0.415 0 1 1 1 2 280 81 0
0 28.75 3.75 2 8 4 1.085 1 1 1 1 2 371 1 1
1 29.42 1.25 2 8 8 0.25 0 1 2 1 2 400 109 0
1 34 4.5 2 6 4 1 1 0 0 1 2 240 1 0
1 26.17 0.83 2 13 4 1.165 0 0 0 0 2 100 1 0
1 31.67 0.83 2 14 4 1.335 1 1 8 1 2 303 3291 1
1 47.83 4.16 2 14 5 0.085 0 0 0 1 2 520 1 0
1 22.25 0.46 2 4 4 0.125 0 0 0 1 2 280 56 0
1 38.42 0.7 2 8 4 0.375 0 1 2 0 2 225 501 0
1 43.17 2.25 2 3 5 0.75 1 0 0 0 2 560 1 0
1 32.67 5.5 2 11 8 5.5 1 1 12 1 2 408 1001 1
1 19.42 6.5 2 9 8 1.46 1 1 7 0 2 80 2955 1
1 31.57 5 1 6 4 8.5 1 0 0 0 2 0 1 0
1 22.5 0.12 1 4 4 0.125 0 0 0 0 2 200 71 0
1 36.33 2.12 1 9 4 0.085 1 1 1 0 2 50 1188 1
1 18.42 10.41 1 6 4 0.125 1 0 0 0 2 120 376 0
0 25 0.87 2 14 8 1.04 1 0 0 1 2 160 5861 1
0 18.57 10 2 2 4 0.415 0 0 0 0 2 80 43 0
1 34.08 2.5 2 8 4 1 0 0 0 0 2 460 17 0
1 44.25 0.5 2 7 4 10.75 1 0 0 0 1 400 1 0
1 42.17 5.04 2 11 8 12.75 1 0 0 1 2 92 1 1
1 27.67 0.75 2 11 8 0.165 0 0 0 1 2 220 252 0

