0 25 12.33 2 13 8 3.5 1 1 6 0 2 400 459 1
1 16.32 4.08 2 3 8 0.415 0 0 0 1 2 120 1 0
1 27.83 1.5 2 9 4 2.25 0 1 1 1 2 100 4 0
0 25.25 12.5 2 2 4 1 0 0 0 1 2 180 1063 0
1 51.83 2.04 1 1 1 1.5 0 0 0 0 2 120 2 0
1 29.25 14.79 2 6 4 5.04 1 1 5 1 2 168 1 1
1 28.92 0.37 2 8 4 0.29 0 0 0 0 2 220 141 0
1 30.17 6.5 2 13 4 3.125 1 1 8 0 2 330 1201 1
0 26.92 13.5 2 11 8 5 1 1 2 0 2 0 5001 1
1 23.08 0 2 4 4 1 0 1 11 0 1 0 1 0
1 25.67 3.25 2 8 8 2.29 0 1 1 1 2 416 22 0
1 17.07 0.25 2 11 4 0.335 0 1 4 0 2 160 9 0
1 25.33 0.57 2 8 4 0.29 1 1 7 1 2 96 5125 1
1 20.67 0.83 1 8 4 2 0 0 0 1 1 240 1 0
1 34 5.5 1 8 4 1.5 0 0 0 1 2 60 1 0
1 21.25 1.5 2 9 4 1.5 0 0 0 0 2 150 9 1
1 22.17 2.25 2 3 4 0.125 0 0 0 0 2 160 11 0
1 23.92 1.5 2 2 8 1.875 1 1 6 0 2 200 328 1
0 16.32 0.21 2 6 4 0.125 0 0 0 0 2 200 2 0
1 20 11.04 2 8 4 2 0 0 0 1 2 136 1 0
1 33.58 0.25 2 3 5 4 0 0 0 1 1 420 1 0
0 23.5 1.5 2 9 4 0.875 0 0 0 1 2 160 1 0
0 31.75 3 1 5 3 0 0 0 0 0 2 160 21 0
1 28.58 3.62 2 6 4 0.25 0 0 0 1 2 100 1 0
1 42.83 4.62 2 11 4 4.58 1 0 0 0 1 0 1 1
1 20.25 9.96 2 10 2 0 1 0 0 0 2 0 1 1
0 24.75 3 2 11 8 1.835 1 1 19 0 2 0 501 1
1 18.42 10.41 1 6 4 0.125 1 0 0 0 2 120 376 0
1 40.92 2.25 1 14 8 10 1 0 0 1 2 176 1 0
0 24.5 2.41 1 8 4 0 0 0 0 0 2 120 1 0
0 51.92 6.5 2 3 5 3.085 0 0 0 1 2 73 1 0
1 22.25 0.46 2 4 4 0.125 0 0 0 1 2 280 56 0
1 34.92 5 2 14 8 7.5 1 1 6 1 2 0 1001 1
0 20.32 10 2 8 8 1 1 1 4 0 2 50 1466 1
0 56.83 4.25 1 1 1 5 0 0 0 1 2 0 5 0
1 25.5 0.37 2 7 4 0.25 1 1 3 0 2 260 15109 1
1 43.17 5 2 3 5 2.25 0 0 0 1 2 141 1 0
1 32.25 14 1 1 1 0 0 1 2 0 2 160 2 0
1 20.42 7 2 8 4 1.625 1 1 3 0 2 200 1392 1
1 23.25 4 2 8 5 0.25 1 0 0 1 2 160 1 1
0 41.33 1 2 3 5 2.25 1 0 0 1 2 0 301 1
0 57.08 0.33 2 3 5 1 1 0 0 1 2 252 2198 0
1 37.5 1.75 1 8 5 0.25 1 0 0 1 2 164 401 0
1 33.67 2.16 2 8 4 1.5 0 0 0 0 3 120 1 0
1 39.17 1.71 2 14 4 0.125 1 1 5 1 2 480 1 1
1 26.92 2.25 2 3 5 0.5 0 0 0 1 2 640 4001 0
0 20.5 11.83 2 8 8 6 1 0 0 0 2 340 1 1
1 36.33 3.79 2 9 4 1.165 1 0 0 1 2 200 1 0
1 40.58 1.5 2 3 5 0 0 0 0 0 1 300 1 0
0 20.42 7.5 2 4 4 1.5 1 1 1 0 2 160 235 1
1 24.08 0.87 2 7 4 0.085 0 1 4 0 2 254 1951 0
0 31.25 3.75 2 13 8 0.625 1 1 9 1 2 181 1 1
1 34.92 2.5 2 9 4 0 1 0 0 1 2 239 201 1
1 23 0.75 2 7 4 0.5 0 0 0 1 1 320 1 0
1 26.33 13 2 10 2 0 0 0 0 1 2 140 1111 0
0 27.67 1.5 2 7 4 2 1 0 0 0 1 368 1 0
0 28.58 3.75 2 8 4 0.25 0 1 1 1 2 40 155 0
1 23 0.75 2 7 4 0.5 1 0 0 1 1 320 1 0
1 26.17 0.83 2 13 4 1.165 0 0 0 0 2 100 1 0
1 35 3.37 2 8 8 8.29 0 0 0 1 2 0 1 0
0 24.5 1.75 1 8 4 0.165 0 0 0 0 2 132 1 0
1 36.67 2 2 3 4 0.25 0 0 0 1 2 221 1 0
1 47.67 0.28 2 8 5 15 1 1 20 0 2 0 15001 1
1 24.33 6.62 1 2 4 5.5 1 0 0 1 1 100 1 1
1 41.17 1.33 2 2 4 0.165 0 0 0 0 2 168 1 0
1 18.57 10.29 2 1 1 0.415 0 0 0 0 2 80 1 0
1 27.42 12.5 2 6 5 0.25 0 0 0 1 2 720 1 0
1 74.83 19 1 1 1 0.04 0 1 2 0 2 0 352 0
1 24.58 1.25 2 8 4 0.25 0 0 0 0 2 110 1 0
1 23.5 2.75 2 1 1 4.5 0 0 0 0 2 160 26 0
0 39.08 4 2 8 4 3 0 0 0 0 2 480 1 0
1 48.17 7.62 2 9 8 15.5 1 1 12 0 2 0 791 1
1.234 22.08 11.46 2 4 4 1.585 0 0 0 1 2 100 1213 0
1 27.67 13.75 2 9 4 5.75 1 0 0 1 2 487 501 1
0 22.67 0.33 2 11 4 0.75 0 0 0 0 1 160 1 0
1 35 2.5 2 3 4 1 0 0 0 1 2 210 1 0
1 28.25 5.12 2 14 4 4.75 1 1 2 0 2 420 8 1
1 22.33 11 2 9 4 2 1 1 1 0 2 80 279 1
1 19.67 0.37 2 11 4 2 1 1 2 1 2 80 1 1
0 24.92 1.25 2 1 1 0 1 0 0 0 2 80 1 0
1 17.5 22 3 1 7 0 0 0 0 1 3 450 100001 1
1 33 2.5 1 9 4 7 0 0 0 1 2 280 1 0
0 18.57 10 2 2 4 0.415 0 0 0 0 2 80 43 0
1 36.5 4.25 2 11 4 3.5 0 0 0 0 2 454 51 0
1 21.92 0.54 1 14 4 0.04 1 1 1 1 2 840 60 1
0 17.32 9.5 2 6 4 1.75 0 1 10 1 2 0 11 0
1 18.5 2 2 3 4 1.5 1 1 2 0 2 120 301 1
1 29.42 1.25 2 8 8 0.25 0 1 2 1 2 400 109 0
1 18.17 10.25 2 8 8 1.085 0 0 0 0 2 320 14 0
1 80.25 5.5 2 8 4 0.54 1 0 0 0 2 0 341 0
1 28.25 5.04 1 8 5 1.5 1 1 8 1 2 144 8 1
1 21.92 0.5 2 8 4 0.125 0 0 0 0 2 360 1 0
1 69.17 9 2 1 1 4 0 1 1 0 2 70 7 0
1 52.33 1.37 1 8 8 9.46 1 0 0 1 2 200 101 0
1 34 5.08 1 3 5 1.085 0 0 0 1 2 480 1 0
1 26.17 12.5 1 4 8 1.25 0 0 0 1 2 0 18 0
0 40.83 3.5 2 3 5 0.5 0 0 0 0 1 1160 1 0
0 19.17 8.58 2 13 8 0.75 1 1 7 0 2 96 1 1
0 25.25 13.5 1 1 1 2 0 1 1 1 2 200 2 0
1 30.58 2.71 1 7 4 0.125 0 0 0 1 1 80 1 0
1 28.75 1.5 1 8 4 1.5 1 0 0 1 2 0 226 0
1 42.08 1.04 2 9 4 5 1 1 6 1 2 500 10001 1
1 39.92 6.21 2 11 4 0.04 1 1 1 0 2 200 301 1
1 20.5 10 1 8 4 2.5 1 0 0 0 1 40 1 1
1 19.17 0 1 7 5 0 0 0 0 1 1 500 2 1
1 40.58 5 2 8 4 5 1 1 7 0 2 0 3066 1
1 31.33 19.5 2 8 4 7 1 1 16 0 2 0 5001 1
0 36 1 2 8 4 2 1 1 11 0 2 0 457 1
1 19.32 10.91 2 8 5 0.585 0 1 2 1 2 200 8 0
1 33.17 1.04 2 12 8 6.5 1 0 0 1 2 164 31286 1
1 44.33 0.5 2 3 8 5 1 0 0 1 2 320 1 1
1 31.25 2.83 2 1 1 0 0 1 5 0 2 176 147 0
1 32 1.75 1 10 8 0.04 1 0 0 1 2 393 1 1
0 30.67 12 2 8 4 2 1 1 1 0 2 220 20 1
1 30.75 1.58 2 2 4 0.585 0 0 0 1 1 0 1 0
1 42.5 4.91 1 9 4 3.165 1 0 0 1 2 52 1443 1
0 28.58 1.66 2 11 4 2.415 1 0 0 1 2 440 1 0
1 23.08 11.5 2 9 8 2.125 1 1 11 1 2 290 285 1
0 24.83 4.5 2 9 4 1 0 0 0 1 2 360 7 0
0 46 4 2 5 3 0 1 0 0 0 2 100 961 1
1 22.92 0.17 2 7 4 0.085 0 0 0 0 1 0 1 0
0 22.92 1.25 2 11 4 0.25 0 0 0 1 2 120 810 0
1 18.25 0.16 2 2 4 0.25 0 0 0 1 1 280 1 0
1 34.17 1.54 2 13 4 1.54 1 1 1 1 2 520 50001 1
0 26.08 8.66 2 6 4 1.415 1 0 0 0 2 160 151 1
0 24.33 2.5 1 3 5 4.5 0 0 0 0 2 200 457 0
1 31.25 1.12 2 1 1 0 0 1 1 0 2 96 20 0
1 17.07 3.29 2 3 4 0.335 0 0 0 1 2 140 3 0
1 23.33 11.62 1 9 4 0.835 1 0 0 1 2 160 301 1
0 18.42 9.25 2 11 4 1.21 1 1 4 0 2 60 541 1
1 34.75 15 2 12 7 5.375 1 1 9 1 2 0 135 1
1 29.83 1.25 1 4 4 0.25 0 0 0 0 2 224 1 0
0 19.57 0.66 1 8 4 1 0 1 1 0 2 2000 3 0
1 39.25 9.5 2 7 4 6.5 1 1 14 0 2 240 4608 1
0 33.08 1.62 2 2 4 0.54 0 0 0 1 2 0 1 0
1 23 0.62 1 6 4 0.125 1 0 0 0 2 180 2 0
1 32.33 2.5 2 8 4 1.25 0 0 0 1 2 280 1 0
1 23.17 0 2 13 4 0.085 1 0 0 0 2 0 1 1
1 21.33 10.5 2 8 4 3 1 0 0 1 2 0 1 1
0 23 11.75 2 14 8 0.5 1 1 2 1 2 300 552 1
1 21.17 0.87 1 8 8 0.25 0 0 0 0 2 280 205 0
0 17.92 0.54 2 8 4 1.75 0 1 1 1 2 80 6 0
1 52.42 1.5 2 2 4 3.75 0 0 0 1 2 0 351 0
0 49 1.5 2 5 3 0 1 0 0 1 2 100 28 0
0 15.83 0.58 2 8 8 1.5 1 1 2 0 2 100 1 1
1 19.67 10 1 4 8 0.835 1 0 0 1 2 140 1 0
0 27.33 1.66 2 1 1 0 0 0 0 0 2 340 2 0
1 32.08 4 1 13 4 1.5 0 0 0 1 2 120 1 0
0 25.42 1.12 2 11 4 1.29 1 1 2 0 2 200 1 0
0 15.92 2.87 2 11 4 0.085 0 0 0 0 2 120 1 0
1 31.08 3.08 2 8 4 2.5 0 1 2 1 2 160 42 0
0 22.92 11.58 2 13 4 0.04 1 0 0 0 2 80 1350 1
1 21.42 0.75 1 12 7 0.75 0 0 0 1 2 132 3 0
1 16 3.12 2 9 4 0.085 0 1 1 0 2 0 7 0
1 31.67 0.83 2 14 4 1.335 1 1 8 1 2 303 3291 1
0 55.75 7.08 2 4 8 6.75 1 1 3 1 2 100 51 0
1 76.75 22.29 2 10 9 12.75 1 1 1 1 2 0 110 1
0 35.42 12 2 11 8 14 1 1 8 0 2 0 6591 1
0 26.58 2.54 1 1 1 0 0 0 0 1 2 180 61 0
0 22.67 3.8 2 8 4 0.165 0 0 0 0 2 160 1 0
1 39.5 4.25 2 8 5 6.5 1 1 16 0 2 117 1211 1
0 22.42 5.66 2 11 4 2.585 1 1 7 0 2 129 3258 1
0 21.92 11.66 2 4 8 0.085 0 0 0 0 2 320 6 0
1 22.17 0.58 1 1 1 0 0 0 0 0 2 100 1 0
1 50.75 0.58 2 1 1 0 0 0 0 0 2 145 1 0

