1 18.57 10.29 2 1 1 0.415 0 0 0 0 2 80 1 0
1 22.92 3.16 1 8 4 0.165 0 0 0 0 2 160 1059 0
1 33 2.5 1 9 4 7 0 0 0 1 2 280 1 0
1 23.58 1.79 2 8 4 0.54 0 0 0 1 2 136 2 0
0 22.5 0.41 2 3 4 0.335 0 0 0 1 1 144 1 0
1 36.67 3.25 2 11 8 9 1 0 0 1 2 102 640 1
0 57.58 2 2 1 1 6.5 0 1 1 0 2 0 11 0
0 24.92 1.25 2 1 1 0 1 0 0 0 2 80 1 0
1 32.42 3 2 2 4 0.165 0 0 0 1 2 120 1 0
1 25.42 0.54 2 9 4 0.165 0 1 1 0 2 272 445 0
1 25 12 2 4 4 2.25 1 1 2 1 2 120 6 0
1 21.92 0.5 2 8 4 0.125 0 0 0 0 2 360 1 0
1 31.57 4 1 3 4 0.085 0 0 0 1 2 411 1 0
0 57.08 0.33 2 3 5 1 1 0 0 1 2 252 2198 0
1 25.67 12.5 2 13 4 1.21 1 1 67 1 2 140 259 1
0 18.75 7.5 2 11 4 2.71 1 1 5 0 2 184 26727 1
0 23.58 0.58 1 1 1 0.125 0 0 0 0 2 120 88 0
1 40.25 21.5 2 10 9 20 1 1 11 0 2 0 1201 1
1 67.75 5.5 2 10 9 13 1 1 1 1 2 0 1 1
1 18.82 3.54 1 1 1 0 0 0 0 1 2 180 2 0
1 31.57 10.5 2 14 4 6.5 1 0 0 0 2 0 1 1
0 22.58 10.75 2 11 4 0.415 1 1 5 1 2 0 561 1
1 39.92 0.54 1 6 4 0.5 1 1 3 0 2 200 1001 1
1 17.07 0.08 1 8 4 0.04 0 0 0 0 2 140 723 0
1 60.08 14.5 2 1 1 18 1 1 15 1 2 0 1001 1
0 35.17 3.75 2 1 1 0 0 1 6 0 2 0 201 0
0 20.07 0.12 2 11 4 1 0 1 1 0 2 240 769 1
1 20 7 2 8 4 0.5 0 0 0 0 2 0 1 0
1 48.58 6.5 2 11 8 6 1 0 0 1 2 350 1 1
0 29.58 1.75 1 4 4 1.25 0 0 0 1 2 280 1 0
1 20.07 0.25 2 11 4 0.125 0 0 0 0 2 200 1 0
1 40.92 2.25 1 14 8 10 1 0 0 1 2 176 1 0
1 32.33 2.5 2 8 4 1.25 0 0 0 1 2 280 1 0
0 42.25 1.75 1 8 4 0 0 0 0 1 2 150 2 0
0 18.42 9.25 2 11 4 1.21 1 1 4 0 2 60 541 1
1 74.83 19 1 1 1 0.04 0 1 2 0 2 0 352 0
1 26.67 14.58 2 3 5 0 0 0 0 1 2 178 1 0
1 43 0.28 1 13 8 1.75 1 1 8 0 2 100 376 1
1 41.75 0.96 2 14 4 2.5 1 0 0 0 2 510 601 1
1 54.42 0.5 1 4 8 3.96 1 0 0 0 2 180 315 1
1 43.17 5 2 3 5 2.25 0 0 0 1 2 141 1 0
1 28.25 0.87 2 7 4 0.96 1 1 3 1 2 396 1 1
1 20.42 7 2 8 4 1.625 1 1 3 0 2 200 1392 1
0 28.58 3.75 2 8 4 0.25 0 1 1 1 2 40 155 0
0 40.33 7.54 1 11 8 8 1 1 14 0 2 0 2301 1
1 27.83 1.54 2 9 4 3.75 1 1 5 1 2 100 4 1
1 19.5 9.58 2 6 4 0.79 0 0 0 0 2 80 351 0
0 27.17 1.25 2 1 1 0 0 1 1 0 2 92 301 0
1 24.08 9 2 6 4 0.25 0 0 0 1 2 0 1 0
1 21.17 0.87 1 8 8 0.25 0 0 0 0 2 280 205 0
1 31.08 3.08 2 8 4 2.5 0 1 2 1 2 160 42 0
1 42.17 5.04 2 11 8 12.75 1 0 0 1 2 92 1 1
1 49.17 2.29 2 1 1 0.29 0 0 0 0 2 200 4 0
0 19.67 0.21 2 11 8 0.29 1 1 11 0 2 80 100 1
0 31.92 3.12 2 1 1 3.04 0 1 2 1 2 200 5 0
1 31.57 0.37 2 2 4 0.875 1 0 0 1 1 928 1 0
1 26.17 12.5 1 4 8 1.25 0 0 0 1 2 0 18 0
0 58.42 21 2 3 5 10 1 1 13 0 2 0 6701 1
1 40.58 1.5 2 3 5 0 0 0 0 0 1 300 1 0
0 51.92 6.5 2 3 5 3.085 0 0 0 1 2 73 1 0
1 49.5 7.58 2 3 5 7.585 1 1 15 1 2 0 5001 1
0 16.07 0.33 2 1 1 0 0 1 1 0 2 160 127 0
1 39.58 5 2 1 1 0 0 1 2 0 2 17 2 0
0 23 1.83 2 5 3 0 0 1 1 0 2 200 54 0
1 22.67 2.54 1 8 8 2.585 1 0 0 0 2 0 1 1
0 24.58 0.67 2 6 8 1.75 1 0 0 0 2 400 1 0
0 60.92 5 2 6 4 4 1 1 4 0 2 0 100 1
1 22.67 0.16 2 8 3 2.25 0 0 0 1 1 0 1 1
1 76.75 22.29 2 10 9 12.75 1 1 1 1 2 0 110 1
1 31.83 2.5 2 6 4 7.5 1 0 0 1 2 523 1 0
1 18.07 5.5 2 4 4 0.5 1 0 0 0 2 80 1 1
1 34.83 4 2 2 5 12.5 1 0 0 1 2 184 1 0
0 22.67 0.75 2 8 4 2 0 1 2 1 2 200 395 0
0 29.5 1.08 1 14 4 1 0 0 0 0 2 280 14 0
1 43.08 0.37 1 8 4 0.375 1 1 8 1 2 300 163 1
1 34.17 2.75 2 3 5 2.5 0 0 0 1 2 232 201 0
1 37.33 2.66 2 13 4 0.165 0 0 0 1 2 0 502 0
0 18.82 4.41 1 8 8 3 1 0 0 0 2 240 1 1
1 28 2 2 4 8 4.165 1 1 2 1 2 181 1 1
0 27.33 1.66 2 1 1 0 0 0 0 0 2 340 2 0
1 36.17 5.5 2 3 5 5 0 0 0 0 2 210 688 0
1 22.25 9 2 6 4 0.085 0 0 0 0 2 0 1 0
1 34.17 5.25 2 9 4 0.085 0 0 0 1 2 290 7 1
1 19 1.75 1 8 4 2.335 0 0 0 1 2 112 7 0
1 34.75 15 2 12 7 5.375 1 1 9 1 2 0 135 1
0 19.17 0.58 1 6 4 0.585 1 0 0 1 2 160 1 0
0 30.42 1.37 2 9 8 0.04 0 1 3 0 2 0 34 0
0 24.5 2.41 1 8 4 0 0 0 0 0 2 120 1 0
1 25.5 0.37 2 7 4 0.25 1 1 3 0 2 260 15109 1
0 23.5 1.5 2 9 4 0.875 0 0 0 1 2 160 1 0
1 17.57 10 2 9 8 0.165 0 1 1 0 2 120 2 0
1 41.17 4.04 2 13 8 7 1 1 8 0 2 320 1 1
1 51.83 3 1 1 1 1.5 0 0 0 0 2 180 5 0
1 21.08 10.08 1 10 8 1.25 0 0 0 0 2 260 1 0
1 31.58 0.75 1 6 4 3.5 0 0 0 1 2 320 1 0
1 27.67 13.75 2 9 4 5.75 1 0 0 1 2 487 501 1
0 20.83 3 2 6 4 0.04 1 0 0 0 2 100 1 1
0 16.92 0.5 2 3 4 0.165 0 1 6 1 2 240 36 0
1 20.5 10 1 8 4 2.5 1 0 0 0 1 40 1 1
1 32.33 3.5 2 4 4 0.5 0 0 0 1 2 232 1 0
1 52.33 1.37 1 8 8 9.46 1 0 0 1 2 200 101 0
1 27 0.75 2 8 8 4.25 1 1 3 1 2 312 151 1
1 59.67 1.54 2 11 4 0.125 1 0 0 1 2 260 1 1
1 20.17 8.17 2 6 4 1.96 1 1 14 0 2 60 159 1
0 28.5 3.04 1 14 8 2.54 1 1 1 0 2 70 1 1
1 30.17 6.5 2 13 4 3.125 1 1 8 0 2 330 1201 1
1 31.57 0.04 1 2 4 4.25 0 0 0 1 2 460 1 0
1 23.58 0.46 1 9 4 2.625 1 1 6 1 2 208 348 0
0 28.08 15 1 10 9 0 1 0 0 0 2 0 13213 1
0 32.17 1.46 2 9 4 1.085 1 1 16 0 2 120 2080 1
1 32.25 0.16 1 8 8 3.25 1 1 1 1 2 432 8001 1
0 37.75 5.5 2 11 4 0.125 1 0 0 1 2 228 1 1
0 22.83 2.29 2 11 8 2.29 1 1 7 1 2 140 2385 1
1 38.67 0.21 2 4 4 0.085 1 0 0 1 2 280 1 1
0 27.58 3 2 7 4 2.79 0 1 1 1 2 280 11 0
1 42.75 3 2 3 5 1 1 0 0 0 2 0 201 0
1 25.67 3.25 2 8 8 2.29 0 1 1 1 2 416 22 0
1 58.58 2.71 2 8 4 2.415 0 0 0 1 2 320 1 0
1 36.5 4.25 2 11 4 3.5 0 0 0 0 2 454 51 0
0 60.58 16.5 2 11 4 11 1 0 0 1 2 21 10562 1
1 28.75 1.16 2 4 4 0.5 1 0 0 0 1 280 1 0
0 17.57 9 2 6 4 1.375 1 0 0 1 2 0 1 1
1 36.33 2.12 1 9 4 0.085 1 1 1 0 2 50 1188 1
0 24.75 12.5 2 6 4 1.5 1 1 12 1 2 120 568 1
1 27.75 0.58 1 13 4 0.25 1 1 2 0 2 260 501 1
1 44 2 2 7 4 1.75 1 1 2 1 2 0 16 1
1 23.92 0.66 2 8 4 0.165 0 0 0 0 2 100 1 1
0 24.33 2.5 1 3 5 4.5 0 0 0 0 2 200 457 0
1 34.25 1.75 2 9 5 0.25 1 0 0 1 2 163 1 0
0 49 1.5 2 5 3 0 1 0 0 1 2 100 28 0
0 37.33 2.5 2 3 8 0.21 0 0 0 0 2 260 247 0
1 27.83 1.5 2 9 4 2 1 1 11 1 2 434 36 1
1 41.58 1.75 2 4 4 0.21 1 0 0 0 2 160 1 0
1 16.92 0.33 1 4 4 0.29 0 0 0 0 1 200 1 0
0 18.92 9 2 6 4 0.75 1 1 2 0 2 88 592 1
1 30.17 0.5 2 8 4 1.75 1 1 11 0 2 32 541 1
1 28.58 3.62 2 6 4 0.25 0 0 0 1 2 100 1 0
0 33.08 1.62 2 2 4 0.54 0 0 0 1 2 0 1 0
0 21.5 6 2 6 4 2.5 1 1 3 0 2 80 919 1
1 29.67 0.75 1 8 4 0.04 0 0 0 0 2 240 1 0
1 36.25 5 2 8 5 2.5 1 1 6 0 2 0 368 1
1 17.07 0.25 2 11 4 0.335 0 1 4 0 2 160 9 0
1 42 9.78 2 14 8 7.96 1 1 8 0 2 0 1 1
1 40.92 0.5 1 7 4 0.5 0 0 0 1 2 130 1 0
1 31.57 0.5 2 8 5 0.835 1 0 0 1 1 320 1 0
1 44.33 0.5 2 3 8 5 1 0 0 1 2 320 1 1
0 25.25 13.5 1 1 1 2 0 1 1 1 2 200 2 0
0 27.67 1.5 2 7 4 2 1 0 0 0 1 368 1 0
1 33.17 1 2 14 4 0.75 1 1 7 1 2 340 4072 1
0 31.57 3.5 2 2 4 3 1 0 0 1 2 300 1 0
1 16.32 2.75 2 6 4 0.665 0 1 1 0 2 80 22 0
0 22.5 11 1 11 4 3 1 0 0 1 2 268 1 0
0 21.75 1.75 1 5 3 0 0 0 0 0 2 160 1 0
1 34.75 2.5 2 13 5 0.5 0 0 0 0 2 348 1 0
1 48.17 3.5 2 6 4 3.5 1 0 0 0 1 230 1 1
0 21.92 11.66 2 4 8 0.085 0 0 0 0 2 320 6 0
1 19.67 10 1 4 8 0.835 1 0 0 1 2 140 1 0
1 25.17 3 2 8 4 1.25 0 1 1 0 2 0 23 0
1 22.67 0.75 2 3 4 1.585 0 1 1 1 2 400 10 0
0 20.75 10.25 2 11 4 0.71 1 1 2 1 2 49 1 1
1 47.17 5.83 2 9 4 5.5 0 0 0 0 2 465 151 0
1 31.57 0.62 2 4 4 0.25 0 0 0 0 2 380 2011 0
1 24.83 2.75 2 8 4 2.25 1 1 6 0 2 184 601 1
1 22.17 12.12 2 8 4 3.335 0 1 2 1 2 180 174 0
1 25.75 0.75 2 8 5 0.25 1 0 0 0 2 349 24 1

