1 34.17 9.17 2 8 4 4.5 1 1 12 1 2 0 222 1
1 26.67 14.58 2 3 5 0 0 0 0 1 2 178 1 0
1 25.17 6 2 8 4 1 1 1 3 0 2 0 1 1
1 40.58 5 2 8 4 5 1 1 7 0 2 0 3066 1
0 21.5 6 2 6 4 2.5 1 1 3 0 2 80 919 1
1 36.33 3.79 2 9 4 1.165 1 0 0 1 2 200 1 0
0 49.83 13.58 2 4 8 8.5 1 0 0 1 2 0 1 1
1 22.08 2.33 2 4 4 0.75 0 0 0 0 2 180 1 0
0 17.57 9 2 6 4 1.375 1 0 0 1 2 0 1 1
1 23 0.75 2 7 4 0.5 0 0 0 1 1 320 1 0
1 32.42 3 2 2 4 0.165 0 0 0 1 2 120 1 0
1 27.42 12.5 2 6 5 0.25 0 0 0 1 2 720 1 0
0 24.5 12.75 2 8 5 4.75 1 1 2 0 2 73 445 1
0 25.33 2.08 2 8 8 2.75 1 0 0 1 2 360 2 0
0 20.32 10 2 8 8 1 1 1 4 0 2 50 1466 1
1 40.92 0.5 1 7 4 0.5 0 0 0 1 2 130 1 0
1 25.83 12.83 2 13 4 0.5 0 0 0 0 2 0 3 0
0 37.75 5.5 2 11 4 0.125 1 0 0 1 2 228 1 1
1 52.5 6.5 2 4 4 6.29 1 1 15 0 2 0 11203 1
1 33.67 2.16 2 8 4 1.5 0 0 0 0 3 120 1 0
1 36.67 2 2 3 4 0.25 0 0 0 1 2 221 1 0
1 48.5 4.25 2 7 4 0.125 1 0 0 1 2 225 1 1
0 24.08 0.5 2 11 8 1.25 1 1 1 0 2 0 679 1
1 26.17 0.83 2 13 4 1.165 0 0 0 0 2 100 1 0
0 30.58 10.66 2 11 8 0.085 0 1 12 1 2 129 4 0
1 29.58 4.75 2 7 4 2 0 1 1 1 2 460 69 0
1 53.92 9.62 2 10 4 8.665 1 1 5 0 2 0 1 1
0 23 11.75 2 14 8 0.5 1 1 2 1 2 300 552 1
0 23.5 9 2 11 4 8.5 1 1 5 1 2 120 1 1
1 45.17 1.5 2 8 4 2.5 1 0 0 1 2 140 1 0
1 40.92 2.25 1 14 8 10 1 0 0 1 2 176 1 0
0 19.57 0.66 1 8 4 1 0 1 1 0 2 2000 3 0
0 24.5 0.5 2 11 8 1.5 1 0 0 0 2 280 825 1
0 57.58 2 2 1 1 6.5 0 1 1 0 2 0 11 0
1 24.42 12.33 2 11 8 1.585 1 0 0 1 2 120 1 1
0 32.25 1.5 2 8 4 0.25 0 0 0 1 2 372 123 0
1 40.25 21.5 2 10 9 20 1 1 11 0 2 0 1201 1
1 40.58 1.5 2 3 5 0 0 0 0 0 1 300 1 0
1 23.25 1 2 8 4 0.835 1 0 0 0 1 300 1 1
1 37.17 4 2 8 5 5 1 0 0 1 1 280 1 0
1 27 0.75 2 8 8 4.25 1 1 3 1 2 312 151 1
0 19.67 0.21 2 11 8 0.29 1 1 11 0 2 80 100 1
1 30.58 2.71 1 7 4 0.125 0 0 0 1 1 80 1 0
1 32.92 2.5 2 6 4 1.75 0 1 2 1 2 720 1 0
0 36.75 5.12 2 10 4 5 1 0 0 1 2 0 4001 1
1 34.08 0.08 1 7 5 0.04 1 1 1 1 2 280 2001 1
1 59.67 1.54 2 11 4 0.125 1 0 0 1 2 260 1 1
1 24.58 1.25 2 8 4 0.25 0 0 0 0 2 110 1 0
1 38.67 0.21 2 4 4 0.085 1 0 0 1 2 280 1 1
0 18.42 9.25 2 11 4 1.21 1 1 4 0 2 60 541 1
1 37.5 1.12 1 2 4 1.5 0 0 0 1 2 431 1 1
0 58.33 10 2 11 4 4 1 1 14 0 2 0 1603 1
1 23.08 11.5 2 3 4 3.5 1 1 9 0 2 56 743 1
1 54.58 9.41 2 1 1 14.415 1 1 11 1 2 30 301 1
1 22.17 2.25 2 3 4 0.125 0 0 0 0 2 160 11 0
1 33.17 1 2 14 4 0.75 1 1 7 1 2 340 4072 1
0 47.25 0.75 2 11 8 2.75 1 1 1 0 2 333 893 1
0 31.75 3 1 5 3 0 0 0 0 0 2 160 21 0
1 39 5 2 13 4 3.5 1 1 10 1 2 0 1 1
0 19.17 0.58 1 6 4 0.585 1 0 0 1 2 160 1 0
1 19.42 1.5 1 13 4 2 1 0 0 1 2 100 21 0
1 35.17 4.5 2 14 8 5.75 0 0 0 1 1 711 1 1
1 41.33 0 2 8 5 15 1 0 0 0 2 0 1 1
1 27.67 2 2 14 8 1 1 1 4 0 2 140 7545 1
1 22.25 9 2 6 4 0.085 0 0 0 0 2 0 1 0
1 23 0.75 2 7 4 0.5 1 0 0 1 1 320 1 0
1 20.42 1.83 2 8 4 2.25 1 1 1 0 2 100 151 1
0 24.83 4.5 2 9 4 1 0 0 0 1 2 360 7 0
0 20.67 3 2 11 4 0.165 1 1 3 0 2 100 7 1
0 36.58 0.28 2 1 1 0 0 1 10 0 2 200 19 0
1 27.75 1.29 2 4 8 0.25 0 0 0 1 1 140 1 0
0 41.33 1 2 3 5 2.25 1 0 0 1 2 0 301 1
1 23.08 2.5 2 8 4 1.085 1 1 11 1 2 60 2185 1
0 21.08 5 1 1 1 0 0 0 0 0 2 0 1 0
1 25.42 0.54 2 9 4 0.165 0 1 1 0 2 272 445 0
1 37.75 7 2 11 8 11.5 1 1 7 1 2 300 6 0
1 40.58 3.29 2 7 4 3.5 0 0 0 1 1 400 1 0
1 39.92 5 2 3 5 0.21 0 0 0 0 2 550 1 0
0 28.42 3.5 2 9 4 0.835 1 0 0 0 1 280 1 1
1 21.42 0.75 1 12 7 0.75 0 0 0 1 2 132 3 0
0 45 4.58 2 4 8 1 0 0 0 1 1 240 1 0
1 49.5 7.58 2 3 5 7.585 1 1 15 1 2 0 5001 1
1 21.17 0.87 1 8 8 0.25 0 0 0 0 2 280 205 0
1 20.5 2.41 2 8 4 2 1 1 11 1 2 200 3001 1
1 32.08 4 1 13 4 1.5 0 0 0 1 2 120 1 0
1 19.57 0.58 2 1 1 0 0 1 3 0 2 350 770 0
1 19.17 4 1 3 4 1 0 0 0 1 2 360 1001 0
0 69.5 6 2 1 1 0 0 0 0 0 1 0 1 0
1 28.92 15 2 8 8 5.335 1 1 11 0 2 0 2284 1
1 32.83 2.5 2 13 8 2.75 1 1 6 0 2 160 2073 1
1 24.08 9 2 6 4 0.25 0 0 0 1 2 0 1 0
1 31.83 2.5 2 6 4 7.5 1 0 0 1 2 523 1 0
0 23.42 0.79 1 11 4 1.5 1 1 2 1 2 80 401 1
1 22.5 0.12 1 4 4 0.125 0 0 0 0 2 200 71 0
1 20.42 1.08 2 11 4 1.5 0 0 0 0 2 108 8 0
1 42.75 4.08 2 6 4 0.04 0 0 0 0 2 108 101 0
1 67.75 5.5 2 10 9 13 1 1 1 1 2 0 1 1
1 59.5 2.75 2 9 4 1.75 1 1 5 1 2 60 59 1
1 25 12.5 2 6 4 3 1 0 0 1 1 20 1 1
0 32.33 0.54 2 13 4 0.04 1 0 0 0 2 440 11178 1
1 43.25 3 2 11 8 6 1 1 11 0 2 80 1 1
1 33.67 1.25 2 9 4 1.165 0 0 0 0 2 120 1 0
1 18.25 0.16 2 2 4 0.25 0 0 0 1 1 280 1 0
1 29.25 13 2 2 8 0.5 0 0 0 0 2 228 1 0
1 36.67 3.25 2 11 8 9 1 0 0 1 2 102 640 1
0 41.17 6.5 2 11 4 0.5 1 1 3 1 2 145 1 1
0 25.08 2.54 1 6 4 0.25 1 0 0 1 2 370 1 1
0 17.92 10.21 2 1 1 0 0 0 0 0 2 0 51 0
1 34.25 3 2 13 8 7.415 1 0 0 1 2 0 1 1
1 34.58 0 2 8 4 0 0 0 0 0 3 184 1 0
0 32.17 1.46 2 9 4 1.085 1 1 16 0 2 120 2080 1
0 18.25 10 2 9 4 1 0 1 1 0 2 120 2 0
1 25.75 0.75 2 8 5 0.25 1 0 0 0 2 349 24 1
1 23.75 0.41 1 8 4 0.04 0 1 2 0 2 128 7 0
1 34 5.5 1 8 4 1.5 0 0 0 1 2 60 1 0
0 22.67 3.8 2 8 4 0.165 0 0 0 0 2 160 1 0
1 23.42 1 2 8 4 0.5 0 0 0 1 1 280 1 0
1 22.75 11.5 2 3 4 0.415 0 0 0 0 2 0 1 0
1 24.83 2.75 2 8 4 2.25 1 1 6 0 2 184 601 1
0 48.17 1.33 2 3 7 0.335 0 0 0 0 2 0 121 0
1 47.67 2.5 2 7 5 2.5 1 1 12 1 2 410 2511 1
1 30.67 2.5 2 13 8 2.25 0 0 0 1 1 340 1 0
1 42 9.78 2 14 8 7.96 1 1 8 0 2 0 1 1
1 39.17 2.5 1 3 8 10 0 0 0 1 1 200 1 0
0 18.57 10 2 2 4 0.415 0 0 0 0 2 80 43 0
1 31.57 0.5 2 8 5 0.835 1 0 0 1 1 320 1 0
0 56.5 16 2 5 1 0 1 1 15 0 2 0 248 1
1 60.08 14.5 2 1 1 18 1 1 15 1 2 0 1001 1
1 22 7.83 1 3 5 0.165 0 0 0 1 2 184 1 0
0 58.67 4.46 2 11 8 3.04 1 1 6 0 2 43 561 1
1 48.58 0.2 1 4 4 0.25 1 1 11 0 2 380 2733 1
1 25.5 0.37 2 7 4 0.25 1 1 3 0 2 260 15109 1
1 34.5 4.04 1 3 5 8.5 1 1 7 1 2 195 1 1
0 27.33 1.66 2 1 1 0 0 0 0 0 2 340 2 0
0 31.92 3.12 2 1 1 3.04 0 1 2 1 2 200 5 0
1 37.58 0 2 8 4 0 0 0 0 0 3 184 1 1
0 27.67 1.5 2 7 4 2 1 0 0 0 1 368 1 0
1 34.92 5 2 14 8 7.5 1 1 6 1 2 0 1001 1
1 31.92 4.46 2 13 8 6.04 1 1 3 0 2 311 301 1
1 22.67 2.54 1 8 8 2.585 1 0 0 0 2 0 1 1
1 22.17 0.58 1 1 1 0 0 0 0 0 2 100 1 0
0 57.08 0.33 2 3 5 1 1 0 0 1 2 252 2198 0
1 54.83 15.5 2 10 9 0 1 1 20 0 2 152 131 0
1 31.25 2.83 2 1 1 0 0 1 5 0 2 176 147 0
1 34.25 1.75 2 9 5 0.25 1 0 0 1 2 163 1 0
0 19.17 5.41 2 3 8 0.29 0 0 0 0 2 80 485 0
1 34.08 6.5 2 6 4 0.125 1 0 0 1 2 443 1 0
1 36.42 0.75 1 2 4 0.585 0 0 0 0 2 240 4 0
1 33.75 2.75 2 3 5 0 0 0 0 0 2 180 1 0
1 48.58 6.5 2 11 8 6 1 0 0 1 2 350 1 1
0 33.75 0.75 2 4 5 1 1 1 3 1 2 212 1 0
1 26.83 0.54 2 4 1 0 0 0 0 0 2 100 1 0
1 21.67 1.16 1 4 4 2.5 1 1 1 0 2 180 21 0
1 62.5 12.75 1 8 8 5 1 0 0 0 2 112 1 0
1 39.83 0.5 2 7 4 0.25 1 0 0 0 1 288 1 0
1 27.83 1.5 2 9 4 2 1 1 11 1 2 434 36 1
1 20.42 0 2 8 4 0 0 0 0 0 3 184 1 0
0 46.08 3 2 8 4 2.375 1 1 8 1 2 396 4160 1
1 39.5 4.25 2 8 5 6.5 1 1 16 0 2 117 1211 1
1 43 0.28 1 13 8 1.75 1 1 8 0 2 100 376 1
0 22.67 0.79 2 3 4 0.085 0 0 0 0 2 144 1 0
1 56.75 12.25 2 7 4 1.25 1 1 4 1 2 200 1 1
1 56 12.5 2 4 8 8 1 0 0 1 2 24 2029 1
1 23.17 11.12 2 14 8 0.46 1 1 1 0 2 100 1 1
0 18.92 9.25 1 8 4 1 1 1 4 1 2 80 501 1

