1 23 0.62 1 6 4 0.125 1 0 0 0 2 180 2 0
1 74.83 19 1 1 1 0.04 0 1 2 0 2 0 352 0
1 22.33 11 2 9 4 2 1 1 1 0 2 80 279 1
0 44.17 6.66 2 11 4 7.375 1 1 3 1 2 0 1 1
1 32.25 0.16 1 8 8 3.25 1 1 1 1 2 432 8001 1
1 42.75 4.08 2 6 4 0.04 0 0 0 0 2 108 101 0
1 19.42 1.5 1 13 4 2 1 0 0 1 2 100 21 0
1 23.25 1 2 8 4 0.835 1 0 0 0 1 300 1 1
0 20.07 1.25 2 8 4 0 0 0 0 0 2 0 1 0
1 23.25 4 2 8 5 0.25 1 0 0 1 2 160 1 1
0 38.92 1.66 2 6 4 0.25 0 0 0 0 2 0 391 0
1 25.83 12.83 2 13 4 0.5 0 0 0 0 2 0 3 0
1 25.33 0.57 2 8 4 0.29 1 1 7 1 2 96 5125 1
1 47.67 2.5 2 7 5 2.5 1 1 12 1 2 410 2511 1
0 46.67 0.46 2 13 8 0.415 1 1 11 1 2 440 7 1
1 29.17 3.5 2 9 4 3.5 1 1 3 1 2 329 1 0
0 29.5 2 1 10 8 2 0 0 0 0 2 256 18 0
1 22.75 11.5 2 3 4 0.415 0 0 0 0 2 0 1 0
1 34.25 3 2 13 8 7.415 1 0 0 1 2 0 1 1
0 38.58 5 2 13 4 13.5 1 0 0 1 2 980 1 0
1 36.42 0.75 1 2 4 0.585 0 0 0 0 2 240 4 0
0 25.25 13.5 1 1 1 2 0 1 1 1 2 200 2 0
1 55.92 11.5 2 1 1 5 1 1 5 0 2 0 8852 1
1 32.08 4 2 7 4 2.5 1 0 0 1 2 360 1 1
0 56.5 16 2 5 1 0 1 1 15 0 2 0 248 1
1 20 7 2 8 4 0.5 0 0 0 0 2 0 1 0
1 40.58 3.29 2 7 4 3.5 0 0 0 1 1 400 1 0
0 30.67 12 2 8 4 2 1 1 1 0 2 220 20 1
1 44 2 2 7 4 1.75 1 1 2 1 2 0 16 1
1 30.17 1.08 1 8 4 0.04 0 0 0 0 2 170 180 0
0 23.25 5.87 2 11 4 3.17 1 1 10 0 2 120 246 1
1 33.58 0.33 1 13 4 0.085 0 0 0 0 2 180 1 0
0 57.08 0.33 2 3 5 1 1 0 0 1 2 252 2198 0
1 48.08 3.75 2 3 5 1 0 0 0 0 2 100 3 0
1 16.92 0.33 1 4 4 0.29 0 0 0 0 1 200 1 0
1 37.58 0 2 8 4 0 0 0 0 0 3 184 1 1
1 39.25 9.5 2 7 4 6.5 1 1 14 0 2 240 4608 1
1 32 1.75 1 10 8 0.04 1 0 0 1 2 393 1 1
1 34.75 2.5 2 13 5 0.5 0 0 0 0 2 348 1 0
0 25 0.87 2 14 8 1.04 1 0 0 1 2 160 5861 1
1 25.75 0.75 2 8 5 0.25 1 0 0 0 2 349 24 1
1 30.83 0 2 9 4 1.25 1 1 1 0 2 202 1 1
0 20.83 8.5 2 8 4 0.165 0 0 0 0 2 0 352 0
0 38.75 1.5 2 1 1 0 0 0 0 0 2 76 1 0
1 49.58 19 2 1 1 0 1 1 1 0 2 94 1 0
1 41.92 0.42 2 8 8 0.21 1 1 6 0 2 220 949 1
1 54.33 6.75 2 8 8 2.625 1 1 11 1 2 0 285 1
1 18.25 0.16 2 2 4 0.25 0 0 0 1 1 280 1 0
1 59.67 1.54 2 11 4 0.125 1 0 0 1 2 260 1 1
1 21.83 1.54 2 4 4 0.085 0 0 0 1 2 356 1 0
0 21.08 5 1 1 1 0 0 0 0 0 2 0 1 0
0 38.25 6 2 4 4 1 1 0 0 1 2 0 1 1
0 49 1.5 2 5 3 0 1 0 0 1 2 100 28 0
0 32.17 1.46 2 9 4 1.085 1 1 16 0 2 120 2080 1
1 35.58 0.75 2 4 4 1.5 0 0 0 1 2 231 1 0
1 39.08 6 2 7 4 1.29 1 1 5 1 2 108 1098 1
1 18.82 0.41 1 8 4 0.165 0 1 1 0 2 200 2 0
0 28.58 3.54 2 3 5 0.5 1 0 0 1 2 171 1 0
1 36.17 0.42 1 9 4 0.29 0 0 0 1 2 309 3 0
1 20.67 5.29 2 11 4 0.375 1 1 1 0 2 160 1 0
0 32.33 0.54 2 13 4 0.04 1 0 0 0 2 440 11178 1
1 29.42 1.25 2 9 4 1.75 0 0 0 0 2 200 1 0
0 29.5 1.08 1 14 4 1 0 0 0 0 2 280 14 0
1 23.08 2.5 2 1 1 0.085 0 0 0 1 2 100 4209 0
1 18.32 1.21 1 10 2 0 0 0 0 0 2 100 1 0
1 32.75 1.5 2 13 8 5.5 1 1 3 1 2 0 1 1
0 27.33 1.66 2 1 1 0 0 0 0 0 2 340 2 0
1 50.75 0.58 2 1 1 0 0 0 0 0 2 145 1 0
0 49.83 13.58 2 4 8 8.5 1 0 0 1 2 0 1 1
0 41 2.04 1 11 8 0.125 1 1 23 1 2 455 1237 1
0 23 1.83 2 5 3 0 0 1 1 0 2 200 54 0
1 47.17 5.83 2 9 4 5.5 0 0 0 0 2 465 151 0
1 34.08 0.08 1 7 5 0.04 1 1 1 1 2 280 2001 1
0 29.75 0.66 2 9 4 0.25 0 0 0 1 2 300 1 0
1 27.67 2 2 14 8 1 1 1 4 0 2 140 7545 1
0 36.75 4.71 2 1 1 0 0 0 0 0 2 160 1 0
1 16 3.12 2 9 4 0.085 0 1 1 0 2 0 7 0
0 21.5 6 2 6 4 2.5 1 1 3 0 2 80 919 1
1 42 9.78 2 14 8 7.96 1 1 8 0 2 0 1 1
1 28.25 0.87 2 7 4 0.96 1 1 3 1 2 396 1 1
1 29.83 3.5 2 8 4 0.165 0 0 0 0 2 216 1 0
1 51.83 3 1 1 1 1.5 0 0 0 0 2 180 5 0
1 18.5 2 2 3 4 1.5 1 1 2 0 2 120 301 1
0 31.75 3 1 5 3 0 0 0 0 0 2 160 21 0
0 24.5 12.75 2 8 5 4.75 1 1 2 0 2 73 445 1
0 22.5 8.5 2 11 4 1.75 1 1 10 0 2 80 991 0
1 22.08 0.83 2 8 8 2.165 0 0 0 1 2 128 1 1
1 51.42 0.04 2 14 8 0.04 1 0 0 0 2 0 3001 1
1 36.17 18.12 2 9 4 0.085 0 0 0 0 2 320 3553 0
0 17.57 9 2 6 4 1.375 1 0 0 1 2 0 1 1
0 20.42 0.83 2 11 4 1.585 1 1 1 0 2 0 1 1
1 25.58 0.33 2 4 8 3.5 0 0 0 1 2 340 1 0
0 19.75 0.75 2 8 4 0.795 1 1 5 1 2 140 6 0
1 16.5 0.12 2 8 4 0.165 0 0 0 0 2 132 1 0
1 37.42 2.04 2 9 4 0.04 1 0 0 1 2 400 5801 1
0 26.5 2.71 1 8 4 0.085 0 0 0 0 1 80 1 0
0 58.42 21 2 3 5 10 1 1 13 0 2 0 6701 1
0 48.17 1.33 2 3 7 0.335 0 0 0 0 2 0 121 0
1 25 11.25 2 8 4 2.5 1 1 17 0 2 200 1209 1
1 23.92 0.58 1 13 8 0.125 0 0 0 0 2 240 2 0
1 21.83 11 2 14 4 0.29 1 1 6 0 2 121 1 1
1 20.42 7 2 8 4 1.625 1 1 3 0 2 200 1392 1
1 60.08 14.5 2 1 1 18 1 1 15 1 2 0 1001 1
1 63.33 0.54 2 8 4 0.585 1 1 3 1 2 180 1 0
1 31.57 10.5 2 14 4 6.5 1 0 0 0 2 0 1 1
1 19 0 1 1 1 0 0 1 4 0 2 45 2 0
1 41.5 1.54 2 3 5 3.5 0 0 0 0 2 216 1 1
1 23.5 3.16 1 4 4 0.415 0 1 1 1 2 280 81 0
1 22.67 2.54 1 8 8 2.585 1 0 0 0 2 0 1 1
1 21.33 7.5 2 6 4 1.415 1 1 1 0 2 80 9801 1
1 21 4.79 1 9 4 2.25 1 1 1 1 2 80 301 1
1 28.58 3.62 2 6 4 0.25 0 0 0 1 2 100 1 0
1 23.17 11.12 2 14 8 0.46 1 1 1 0 2 100 1 1
1 29.67 0.75 1 8 4 0.04 0 0 0 0 2 240 1 0
0 47.42 3 2 14 4 13.875 1 1 2 1 2 519 1705 1
1 39.5 1.62 2 8 4 1.5 0 0 0 0 2 0 317 0
1 23.58 0.46 1 9 4 2.625 1 1 6 1 2 208 348 0
1 28.33 5 2 9 4 11 1 0 0 1 2 70 1 1
0 18.42 9.25 2 11 4 1.21 1 1 4 0 2 60 541 1
0 28.5 3.04 1 14 8 2.54 1 1 1 0 2 70 1 1
1 25.25 1 2 6 4 0.5 0 0 0 0 2 200 1 0
1 19.17 9.5 2 9 4 1.5 1 0 0 0 2 120 2207 1
1 33 2.5 1 9 4 7 0 0 0 1 2 280 1 0
1 28.92 15 2 8 8 5.335 1 1 11 0 2 0 2284 1
0 31.25 3.75 2 13 8 0.625 1 1 9 1 2 181 1 1
1 19.32 9.5 2 11 4 1 1 0 0 1 2 60 401 1
1 22.67 0.75 2 3 4 1.585 0 1 1 1 2 400 10 0
1 33.75 2.75 2 3 5 0 0 0 0 0 2 180 1 0
1 26.33 13 2 10 2 0 0 0 0 1 2 140 1111 0
1 26.67 14.58 2 3 5 0 0 0 0 1 2 178 1 0
1 52.33 1.37 1 8 8 9.46 1 0 0 1 2 200 101 0
1 31.57 3 1 3 5 7 0 0 0 0 2 0 2 0
1 22.5 11.5 1 7 4 1.5 0 0 0 1 2 0 4001 0
0 52.17 0 1 1 1 0 0 0 0 0 2 0 1 0
1 18.42 10.41 1 6 4 0.125 1 0 0 0 2 120 376 0
1 21.08 10.08 1 10 8 1.25 0 0 0 0 2 260 1 0
1 15.17 7 2 10 4 1 0 0 0 0 2 600 1 0
1 69.17 9 2 1 1 4 0 1 1 0 2 70 7 0
1 25 12.5 2 6 4 3 1 0 0 1 1 20 1 1
0 33.67 0.37 2 13 4 0.375 0 0 0 0 2 300 45 1
1 19.17 0 1 7 5 0 0 0 0 1 1 500 2 1
1 39.42 1.71 1 7 4 0.165 0 0 0 0 1 400 1 0
0 18.92 9.25 1 8 4 1 1 1 4 1 2 80 501 1
0 30.5 6.5 2 8 5 4 1 1 7 1 2 0 3066 1
1 30.17 0.5 2 8 4 1.75 1 1 11 0 2 32 541 1
1 56.58 18.5 2 2 5 15 1 1 17 1 2 0 1 1
1 23.17 0 2 8 4 0 0 0 0 0 3 184 1 1
1 34 5.08 1 3 5 1.085 0 0 0 1 2 480 1 0
1 23.33 11.62 1 9 4 0.835 1 0 0 1 2 160 301 1
1 28.67 14.5 2 2 4 0.125 0 0 0 0 2 0 287 0
0 45.33 1 2 11 4 0.125 0 0 0 1 2 263 1 0
1 57.42 8.5 2 10 8 7 1 1 3 0 2 0 1 1
1 27.75 1.29 2 4 8 0.25 0 0 0 1 1 140 1 0
1 29.83 1.25 1 4 4 0.25 0 0 0 0 2 224 1 0
0 22.5 11 1 11 4 3 1 0 0 1 2 268 1 0
1 35.17 25.12 2 14 8 1.625 1 1 1 1 2 515 501 1
1 17.42 6.5 2 3 4 0.125 0 0 0 0 2 60 101 0
1 32.08 4 1 13 4 1.5 0 0 0 1 2 120 1 0
1 23.42 1 2 8 4 0.5 0 0 0 1 1 280 1 0
1 34.5 4.04 1 3 5 8.5 1 1 7 1 2 195 1 1
1 31.08 3.08 2 8 4 2.5 0 1 2 1 2 160 42 0
0 23.58 11.5 1 4 8 3 0 0 0 1 2 20 17 0
1 19.5 9.58 2 6 4 0.79 0 0 0 0 2 80 351 0
1 42.83 1.25 2 7 4 13.875 0 1 1 1 2 352 113 0
0 18.75 7.5 2 11 4 2.71 1 1 5 0 2 184 26727 1

