0 64.08 0.16 2 1 1 0 1 1 1 0 2 232 101 1
0 22.25 1.25 1 1 1 3.25 0 0 0 0 2 280 1 0
0 25.58 0 2 8 4 0 0 0 0 0 3 184 1 1
0 35.42 12 2 11 8 14 1 1 8 0 2 0 6591 1
1 34.25 3 2 13 8 7.415 1 0 0 1 2 0 1 1
0 42.25 1.75 1 8 4 0 0 0 0 1 2 150 2 0
0 29.5 1.08 1 14 4 1 0 0 0 0 2 280 14 0
1 33.58 0.33 1 13 4 0.085 0 0 0 0 2 180 1 0
1 32.42 3 2 2 4 0.165 0 0 0 1 2 120 1 0
1 80.25 5.5 2 8 4 0.54 1 0 0 0 2 0 341 0
1 54.33 6.75 2 8 8 2.625 1 1 11 1 2 0 285 1
1 27.25 1.58 2 13 8 1.835 1 1 12 1 2 583 714 1
0 22.92 1.25 2 11 4 0.25 0 0 0 1 2 120 810 0
0 31.92 3.12 2 1 1 3.04 0 1 2 1 2 200 5 0
0 18.07 0.37 3 13 1 10 0 0 0 1 1 300 1 1
0 15.83 0.58 2 8 8 1.5 1 1 2 0 2 100 1 1
1 23.25 1.5 2 11 4 2.375 1 1 3 1 2 0 583 1
1 34.08 0.08 1 7 5 0.04 1 1 1 1 2 280 2001 1
0 47.42 8 2 10 5 6.5 1 1 6 0 2 375 51101 1
1 42 9.78 2 14 8 7.96 1 1 8 0 2 0 1 1
1 20.42 0 2 8 4 0 0 0 0 0 3 184 1 0
1 25.17 3.5 2 13 4 0.625 1 1 7 0 2 0 7060 1
1 40.92 0.83 2 1 1 0 1 0 0 0 2 130 2 0
1 29.58 4.5 2 9 4 7.5 1 1 2 1 2 330 1 1
0 18.25 10 2 9 4 1 0 1 1 0 2 120 2 0
1 53.92 9.62 2 10 4 8.665 1 1 5 0 2 0 1 1
1 19.17 0 1 7 5 0 0 0 0 1 1 500 2 1
1 50.75 0.58 2 1 1 0 0 0 0 0 2 145 1 0
0 15.83 7.62 2 11 4 0.125 0 1 1 1 2 0 161 0
1 20.42 1.83 2 8 4 2.25 1 1 1 0 2 100 151 1
0 33.17 2.25 1 13 4 3.5 0 0 0 1 2 200 142 0
1 32.25 0.16 1 8 8 3.25 1 1 1 1 2 432 8001 1
1 29.67 0.75 1 8 4 0.04 0 0 0 0 2 240 1 0
1 73.42 17.75 2 1 1 0 1 0 0 1 2 0 1 1
1 56.58 18.5 2 2 5 15 1 1 17 1 2 0 1 1
1 34.75 2.5 2 13 5 0.5 0 0 0 0 2 348 1 0
1 21.25 1.5 2 9 4 1.5 0 0 0 0 2 150 9 1
1 18.82 3.54 1 1 1 0 0 0 0 1 2 180 2 0
1 31.57 4 2 14 4 5 1 1 3 1 2 290 2280 1
1 20.67 1.25 1 8 8 1.375 1 1 3 1 2 140 211 0
1 21.83 1.54 2 4 4 0.085 0 0 0 1 2 356 1 0
1 24.83 2.75 2 8 4 2.25 1 1 6 0 2 184 601 1
1 43.17 2.25 2 3 5 0.75 1 0 0 0 2 560 1 0
0 49.83 13.58 2 4 8 8.5 1 0 0 1 2 0 1 1
1 32.83 2.5 2 13 8 2.75 1 1 6 0 2 160 2073 1
1 33.17 3.16 1 14 4 3.165 1 1 3 1 2 380 1 1
0 38.75 1.5 2 1 1 0 0 0 0 0 2 76 1 0
1 24.42 12.33 2 11 8 1.585 1 0 0 1 2 120 1 1
0 18.92 9.25 1 8 4 1 1 1 4 1 2 80 501 1
1 40.58 1.5 2 3 5 0 0 0 0 0 1 300 1 0
1 23.25 12.62 2 8 4 0.125 0 1 2 0 2 0 5553 0
1 56 12.5 2 4 8 8 1 0 0 1 2 24 2029 1
1 25.83 12.83 2 13 4 0.5 0 0 0 0 2 0 3 0
1 43.17 5 2 3 5 2.25 0 0 0 1 2 141 1 0
1 16.32 2.75 2 6 4 0.665 0 1 1 0 2 80 22 0
0 28.5 1 2 11 4 1 1 1 2 1 2 167 501 0
1 31.67 16.16 2 2 4 3 1 1 9 0 2 250 731 1
1 21.33 7.5 2 6 4 1.415 1 1 1 0 2 80 9801 1
1 41.92 0.42 2 8 8 0.21 1 1 6 0 2 220 949 1
0 15.75 0.37 2 8 4 1 0 0 0 0 2 120 19 0
1 39.5 1.62 2 8 4 1.5 0 0 0 0 2 0 317 0
0 24.5 1.04 1 1 1 0.5 1 1 3 0 2 180 148 0
0 40.33 7.54 1 11 8 8 1 1 14 0 2 0 2301 1
0 23.42 0.79 1 11 4 1.5 1 1 2 1 2 80 401 1
1 20.5 2.41 2 8 4 2 1 1 11 1 2 200 3001 1
1 31.33 19.5 2 8 4 7 1 1 16 0 2 0 5001 1
1 28.33 5 2 9 4 11 1 0 0 1 2 70 1 1
0 20.83 0.5 1 10 2 1 0 0 0 0 2 260 1 0
1 31.57 0.62 2 4 4 0.25 0 0 0 0 2 380 2011 0
1 39.92 0.54 1 6 4 0.5 1 1 3 0 2 200 1001 1
1 55.92 11.5 2 1 1 5 1 1 5 0 2 0 8852 1
1 19 1.75 1 8 4 2.335 0 0 0 1 2 112 7 0
1 18 0.16 2 11 7 0.21 0 0 0 0 2 200 41 1
0 20.83 8.5 2 8 4 0.165 0 0 0 0 2 0 352 0
0 20.75 9.53 2 3 4 0.04 0 0 0 0 2 200 1001 0
1 34.92 2.5 2 9 4 0 1 0 0 1 2 239 201 1
1 31.57 3 1 3 5 7 0 0 0 0 2 0 2 0
0 24.75 12.5 2 6 4 1.5 1 1 12 1 2 120 568 1
1 34.83 2.5 1 9 4 3 0 0 0 0 1 200 1 0
1 52.33 1.37 1 8 8 9.46 1 0 0 1 2 200 101 0
0 28.17 0.37 2 11 4 0.585 1 1 4 0 2 80 1 1
0 26.5 2.71 1 8 4 0.085 0 0 0 0 1 80 1 0
1 31.08 1.5 1 9 4 0.04 0 0 0 0 1 160 1 0
1 41.17 4.04 2 13 8 7 1 1 8 0 2 320 1 1
1 21.08 4.12 1 3 8 0.04 0 0 0 0 2 140 101 0
1 52.42 1.5 2 2 4 3.75 0 0 0 1 2 0 351 0
1 18.57 5.71 2 2 4 0.54 0 0 0 0 2 120 1 0
1 22.58 1.5 1 6 4 0.54 0 0 0 1 2 120 68 0
1 22.08 11 2 13 4 0.665 1 0 0 0 2 100 1 1
1 36.17 5.5 2 3 5 5 0 0 0 0 2 210 688 0
1 37.5 1.75 1 8 5 0.25 1 0 0 1 2 164 401 0
1 16.25 0 1 6 4 0.25 0 0 0 0 2 60 1 0
1 27.25 1.66 2 13 8 5.085 1 1 9 0 2 399 828 1
1 22.08 2.33 2 4 4 0.75 0 0 0 0 2 180 1 0
0 31.57 3.5 2 2 4 3 1 0 0 1 2 300 1 0
1 34 4.5 2 6 4 1 1 0 0 1 2 240 1 0
1 26.75 2 2 2 4 0.75 0 0 0 1 2 80 1 0
1 35.17 4.5 2 14 8 5.75 0 0 0 1 1 711 1 1
0 24.5 0.5 2 11 8 1.5 1 0 0 0 2 280 825 1
0 29.75 0.66 2 9 4 0.25 0 0 0 1 2 300 1 0
1 26.67 14.58 2 3 5 0 0 0 0 1 2 178 1 0
1 42.83 4.62 2 11 4 4.58 1 0 0 0 1 0 1 1
1 39.17 2.5 1 3 8 10 0 0 0 1 1 200 1 0
1 36.67 3.25 2 11 8 9 1 0 0 1 2 102 640 1
0 23.58 0.58 1 1 1 0.125 0 0 0 0 2 120 88 0
1 65.42 11 2 10 9 20 1 1 7 1 2 22 1 1
0 20.07 0.12 2 11 4 1 0 1 1 0 2 240 769 1
1 31 2.08 2 8 4 0.085 0 0 0 0 2 300 1 0
0 24.33 2.5 1 3 5 4.5 0 0 0 0 2 200 457 0
1 26.67 1.75 1 8 4 1 1 1 5 1 2 160 5778 1
1 27.67 2 2 14 8 1 1 1 4 0 2 140 7545 1
1 35 2.5 2 3 4 1 0 0 0 1 2 210 1 0
1 18.42 10.41 1 6 4 0.125 1 0 0 0 2 120 376 0
0 45.83 10.5 2 11 4 5 1 1 7 1 2 0 1 1
0 21.75 11.75 2 8 4 0.25 0 0 0 1 2 180 1 0
1 21 4.79 1 9 4 2.25 1 1 1 1 2 80 301 1
1 27.75 1.29 2 4 8 0.25 0 0 0 1 1 140 1 0
1 27.83 1.5 2 9 4 2 1 1 11 1 2 434 36 1
1 19.67 0.37 2 11 4 2 1 1 2 1 2 80 1 1
1 56.75 12.25 2 7 4 1.25 1 1 4 1 2 200 1 1
1 67.75 5.5 2 10 9 13 1 1 1 1 2 0 1 1
1 51.33 10 2 3 5 0 1 1 11 0 2 0 1250 1
0 57.08 19.5 2 8 4 5.5 1 1 7 0 2 0 3001 1
1 23.42 1 2 8 4 0.5 0 0 0 1 1 280 1 0
1 76.75 22.29 2 10 9 12.75 1 1 1 1 2 0 110 1
1 16.25 0.83 2 7 4 0.085 1 0 0 0 1 200 1 0
1 20.07 0.25 2 11 4 0.125 0 0 0 0 2 200 1 0
1 29.67 1.41 2 9 8 0.75 1 1 1 0 2 240 101 1
1 27.25 0.62 2 6 4 0.455 1 0 0 1 2 200 1 0
0 16.32 0.21 2 6 4 0.125 0 0 0 0 2 200 2 0
1 34.17 1.54 2 13 4 1.54 1 1 1 1 2 520 50001 1
0 48.17 1.33 2 3 7 0.335 0 0 0 0 2 0 121 0
1 24.42 2 2 10 2 0.165 0 1 2 0 2 320 1301 0
1 18.67 5 2 11 4 0.375 1 1 2 0 2 0 39 0
1 33.17 1 2 14 4 0.75 1 1 7 1 2 340 4072 1
1 37.58 0 2 8 4 0 0 0 0 0 3 184 1 1
1 36.75 0.12 1 8 4 1.5 0 0 0 1 2 232 114 1
0 38.92 1.66 2 6 4 0.25 0 0 0 0 2 0 391 0
1 59.5 2.75 2 9 4 1.75 1 1 5 1 2 60 59 1
0 25.25 13.5 1 1 1 2 0 1 1 1 2 200 2 0
1 44.25 0.5 2 7 4 10.75 1 0 0 0 1 400 1 0
0 31.25 3.75 2 13 8 0.625 1 1 9 1 2 181 1 1
1 51.83 2.04 1 1 1 1.5 0 0 0 0 2 120 2 0
1 69.17 9 2 1 1 4 0 1 1 0 2 70 7 0
1 29.5 0.57 2 9 4 0.29 0 1 1 0 2 340 2804 0
0 24.83 4.5 2 9 4 1 0 0 0 1 2 360 7 0
1 34.08 2.5 2 8 4 1 0 0 0 0 2 460 17 0
0 22.5 8.46 1 14 4 2.46 0 0 0 0 2 164 1 1
1 23.17 0 2 8 4 0 0 0 0 0 3 184 1 1
0 28.58 3.75 2 8 4 0.25 0 1 1 1 2 40 155 0
1 30.08 1.04 1 3 5 0.5 1 1 10 1 2 132 29 0
1 28.75 1.5 1 8 4 1.5 1 0 0 1 2 0 226 0
1 23.17 0 2 13 4 0.085 1 0 0 0 2 0 1 1
0 32.33 0.54 2 13 4 0.04 1 0 0 0 2 440 11178 1
1 52.5 6.5 2 4 4 6.29 1 1 15 0 2 0 11203 1
1 16.5 0.12 2 8 4 0.165 0 0 0 0 2 132 1 0
1 42.08 1.04 2 9 4 5 1 1 6 1 2 500 10001 1
0 24.75 13.66 2 11 8 1.5 0 0 0 0 2 280 2 0
1 20.75 5.08 1 5 4 0.29 0 0 0 0 2 140 185 0
0 26.08 8.66 2 6 4 1.415 1 0 0 0 2 160 151 1
1 26.67 2.71 1 13 4 5.25 1 1 1 0 2 211 1 1
1 41.58 1.75 2 4 4 0.21 1 0 0 0 2 160 1 0
0 25.08 2.54 1 6 4 0.25 1 0 0 1 2 370 1 1
0 33.92 1.58 1 1 1 0 1 0 0 0 2 320 1 0
1 15.17 7 2 10 4 1 0 0 0 0 2 600 1 0

