0 58.33 10 2 11 4 4 1 1 14 0 2 0 1603 1
1 34.92 2.5 2 9 4 0 1 0 0 1 2 239 201 1
1 34.17 2.75 2 3 5 2.5 0 0 0 1 2 232 201 0
0 40.83 10 2 11 8 1.75 1 0 0 0 2 29 838 1
0 20.07 1.25 2 8 4 0 0 0 0 0 2 0 1 0
1 34.17 5.25 2 9 4 0.085 0 0 0 1 2 290 7 1
1 34.42 1.33 2 3 5 0.125 0 0 0 1 2 440 4501 0
1 25.92 0.87 2 4 4 0.375 0 1 2 1 2 174 4 0
0 24.58 0.67 2 6 8 1.75 1 0 0 0 2 400 1 0
1 45 8.5 2 13 8 14 1 1 1 1 2 88 2001 1
1 24.42 12.33 2 11 8 1.585 1 0 0 1 2 120 1 1
1 51.83 3 1 1 1 1.5 0 0 0 0 2 180 5 0
1 19.67 0.37 2 11 4 2 1 1 2 1 2 80 1 1
0 26.5 2.71 1 8 4 0.085 0 0 0 0 1 80 1 0
0 20.07 0.12 2 11 4 1 0 1 1 0 2 240 769 1
0 17.57 9 2 6 4 1.375 1 0 0 1 2 0 1 1
1 38.42 0.7 2 8 4 0.375 0 1 2 0 2 225 501 0
0 47.42 8 2 10 5 6.5 1 1 6 0 2 375 51101 1
1 37.58 0 2 8 4 0 0 0 0 0 3 184 1 1
1 22.67 2.54 1 8 8 2.585 1 0 0 0 2 0 1 1
1 39.08 6 2 7 4 1.29 1 1 5 1 2 108 1098 1
1 23.17 0 2 8 4 0 0 0 0 0 3 184 1 1
1 41.42 5 2 11 8 5 1 1 6 1 2 470 1 1
0 17.67 0 1 5 1 0 0 0 0 0 2 86 1 0
1 34.25 1.75 2 9 5 0.25 1 0 0 1 2 163 1 0
1 43.25 3 2 11 8 6 1 1 11 0 2 80 1 1
1 18.42 10.41 1 6 4 0.125 1 0 0 0 2 120 376 0
1 26.33 13 2 10 2 0 0 0 0 1 2 140 1111 0
1 42.83 4.62 2 11 4 4.58 1 0 0 0 1 0 1 1
1 31.08 3.08 2 8 4 2.5 0 1 2 1 2 160 42 0
1 27.67 13.75 2 9 4 5.75 1 0 0 1 2 487 501 1
0 36.75 5.12 2 10 4 5 1 0 0 1 2 0 4001 1
1 33.5 1.75 2 14 8 4.5 1 1 4 1 2 253 858 1
1 44.83 7 1 8 4 1.625 0 0 0 0 2 160 3 0
0 33.08 1.62 2 2 4 0.54 0 0 0 1 2 0 1 0
0 22.58 10.75 2 11 4 0.415 1 1 5 1 2 0 561 1
1 20.17 5.62 2 9 4 1.71 1 0 0 0 1 120 1 1
1 31.25 2.83 2 1 1 0 0 1 5 0 2 176 147 0
1 25.25 1 2 6 4 0.5 0 0 0 0 2 200 1 0
1 22.58 1.5 1 6 4 0.54 0 0 0 1 2 120 68 0
0 23.58 0.83 2 11 4 0.415 0 1 1 1 2 200 12 0
0 23 1.83 2 5 3 0 0 1 1 0 2 200 54 0
0 22.42 11.25 1 14 8 0.75 1 1 4 0 2 0 322 1
1 22.83 3 2 7 4 1.29 1 1 1 0 2 260 801 1
0 29.75 0.66 2 9 4 0.25 0 0 0 1 2 300 1 0
1 40 6.5 2 6 5 3.5 1 1 1 0 2 0 501 1
1 29.42 1.25 2 9 4 1.75 0 0 0 0 2 200 1 0
0 22.5 11 1 11 4 3 1 0 0 1 2 268 1 0
1 33.75 2.75 2 3 5 0 0 0 0 0 2 180 1 0
1 34.17 1.54 2 13 4 1.54 1 1 1 1 2 520 50001 1
1 18.5 2 2 3 4 1.5 1 1 2 0 2 120 301 1
1 23.42 0.58 2 8 8 0.085 1 0 0 0 2 180 1 0
1 32.33 7.5 2 10 5 1.585 1 0 0 1 1 420 1 0
1 29.67 0.75 1 8 4 0.04 0 0 0 0 2 240 1 0
0 24.5 1.75 1 8 4 0.165 0 0 0 0 2 132 1 0
1 31.57 4 1 3 4 0.085 0 0 0 1 2 411 1 0
1 34.17 9.17 2 8 4 4.5 1 1 12 1 2 0 222 1
0 49 1.5 2 5 3 0 1 0 0 1 2 100 28 0
1 31.57 0.62 2 4 4 0.25 0 0 0 0 2 380 2011 0
1 27.58 3.25 1 11 8 5.085 0 1 2 1 2 369 2 0
0 27.67 2.04 2 9 4 0.25 0 0 0 1 2 180 51 0
1 25.75 0.75 2 8 5 0.25 1 0 0 0 2 349 24 1
1 26.75 4.5 1 8 5 2.5 0 0 0 0 2 200 1211 0
0 23.75 0.71 2 9 4 0.25 0 1 1 1 2 240 5 0
1 38.17 10.12 2 14 4 2.5 1 1 6 0 2 520 197 1
1 31.58 0.75 1 6 4 3.5 0 0 0 1 2 320 1 0
0 40.83 3.5 2 3 5 0.5 0 0 0 0 1 1160 1 0
1 39.92 0.54 1 6 4 0.5 1 1 3 0 2 200 1001 1
0 18.42 9.25 2 11 4 1.21 1 1 4 0 2 60 541 1
0 24.75 12.5 2 6 4 1.5 1 1 12 1 2 120 568 1
1 36.33 3.79 2 9 4 1.165 1 0 0 1 2 200 1 0
1 23.75 0.41 1 8 4 0.04 0 1 2 0 2 128 7 0
1 39.17 1.71 2 14 4 0.125 1 1 5 1 2 480 1 1
1 29.25 14.79 2 6 4 5.04 1 1 5 1 2 168 1 1
0 46.67 0.46 2 13 8 0.415 1 1 11 1 2 440 7 1
1 22.33 11 2 9 4 2 1 1 1 0 2 80 279 1
1 20.17 9.25 2 8 4 1.665 1 1 3 1 2 40 29 1
1 18.17 10.25 2 8 8 1.085 0 0 0 0 2 320 14 0
1 51.33 10 2 3 5 0 1 1 11 0 2 0 1250 1
1 18.82 0 2 11 4 0.665 0 0 0 0 2 160 2 0
1 34.08 0.08 1 7 5 0.04 1 1 1 1 2 280 2001 1
1 36.17 5.5 2 3 5 5 0 0 0 0 2 210 688 0
1 24.83 2.75 2 8 4 2.25 1 1 6 0 2 184 601 1
1 24.08 0.87 2 7 4 0.085 0 1 4 0 2 254 1951 0
1 42.5 4.91 1 9 4 3.165 1 0 0 1 2 52 1443 1
1 30.83 0 2 9 4 1.25 1 1 1 0 2 202 1 1
1 23.58 0.83 2 3 8 0.085 0 0 0 1 2 220 6 0
1 37.17 4 2 8 5 5 1 0 0 1 1 280 1 0
1 51.42 0.04 2 14 8 0.04 1 0 0 0 2 0 3001 1
0 22.42 5.66 2 11 4 2.585 1 1 7 0 2 129 3258 1
1 17.07 3.29 2 3 4 0.335 0 0 0 1 2 140 3 0
0 38.75 1.5 2 1 1 0 0 0 0 0 2 76 1 0
1 25 12 2 4 4 2.25 1 1 2 1 2 120 6 0
0 23.5 9 2 11 4 8.5 1 1 5 1 2 120 1 1
1 39 5 2 13 4 3.5 1 1 10 1 2 0 1 1
0 41.58 1.04 2 6 4 0.665 0 0 0 0 2 240 238 0
0 55.75 7.08 2 4 8 6.75 1 1 3 1 2 100 51 0
1 20.42 0 2 8 4 0 0 0 0 0 3 184 1 0
1 19.57 0.58 2 1 1 0 0 1 3 0 2 350 770 0
0 21.5 6 2 6 4 2.5 1 1 3 0 2 80 919 1
0 16.92 0.5 2 3 4 0.165 0 1 6 1 2 240 36 0
0 18.75 7.5 2 11 4 2.71 1 1 5 0 2 184 26727 1
1 17.07 0.08 1 8 4 0.04 0 0 0 0 2 140 723 0
1 43.17 5 2 3 5 2.25 0 0 0 1 2 141 1 0
0 22.67 0.33 2 11 4 0.75 0 0 0 0 1 160 1 0
0 24.5 2.41 1 8 4 0 0 0 0 0 2 120 1 0
1 37.5 1.12 1 2 4 1.5 0 0 0 1 2 431 1 1
0 24.75 3 2 11 8 1.835 1 1 19 0 2 0 501 1
1 40.58 3.29 2 7 4 3.5 0 0 0 1 1 400 1 0
1 19.5 0.28 2 4 4 0.29 0 0 0 0 2 280 365 0
0 32.17 1.46 2 9 4 1.085 1 1 16 0 2 120 2080 1
0 31.57 11.25 2 1 1 0 0 0 0 0 2 184 5201 0
1 23.58 0.46 1 9 4 2.625 1 1 6 1 2 208 348 0
1 35.25 3.16 2 14 8 3.75 1 0 0 1 2 680 1 0
1 47.33 6.5 2 8 4 1 0 0 0 1 2 0 229 0
1 22.08 0.83 2 8 8 2.165 0 0 0 1 2 128 1 1
1 40.25 21.5 2 10 9 20 1 1 11 0 2 0 1201 1
1 26.17 0.25 2 3 5 0 1 0 0 1 2 0 1 1
1 36.75 0.12 1 8 4 1.5 0 0 0 1 2 232 114 1
0 32.25 1.5 2 8 4 0.25 0 0 0 1 2 372 123 0
0 47.25 0.75 2 11 8 2.75 1 1 1 0 2 333 893 1
0 26.08 8.66 2 6 4 1.415 1 0 0 0 2 160 151 1
1 39.17 1.62 2 8 4 1.5 1 1 10 0 2 186 4701 1
0 52.83 15 2 8 4 5.5 1 1 14 0 2 0 2201 1
1 31.57 5 1 6 4 8.5 1 0 0 0 2 0 1 0
0 21.75 1.75 1 5 3 0 0 0 0 0 2 160 1 0
1 25.17 3.5 2 13 4 0.625 1 1 7 0 2 0 7060 1
1 23.08 11.5 2 3 4 3.5 1 1 9 0 2 56 743 1
1 64.08 20 2 14 8 17.5 1 1 9 1 2 0 1001 1
1 47.67 2.5 2 7 5 2.5 1 1 12 1 2 410 2511 1
1 22 0.79 2 9 4 0.29 0 1 1 0 2 420 284 0
0 38.33 4.41 2 8 4 0.125 0 0 0 0 2 160 1 0
0 53.33 0.16 2 1 1 0 0 0 0 1 1 62 28 0
0 31.57 3.5 2 2 4 3 1 0 0 1 2 300 1 0
0 17.32 9.5 2 6 4 1.75 0 1 10 1 2 0 11 0
0 28.75 3.75 2 8 4 1.085 1 1 1 1 2 371 1 1
0 18.57 10 2 2 4 0.415 0 0 0 0 2 80 43 0
1 18.32 1.21 1 10 2 0 0 0 0 0 2 100 1 0
1 17.42 6.5 2 3 4 0.125 0 0 0 0 2 60 101 0
1 32.75 1.5 2 13 8 5.5 1 1 3 1 2 0 1 1
0 22.75 6.16 2 6 4 0.165 0 0 0 0 2 220 1001 0
1 19.42 6.5 2 9 8 1.46 1 1 7 0 2 80 2955 1
1 54.58 9.41 2 1 1 14.415 1 1 11 1 2 30 301 1
0 57.58 2 2 1 1 6.5 0 1 1 0 2 0 11 0
0 24.5 12.75 2 8 5 4.75 1 1 2 0 2 73 445 1
1 39.58 5 2 1 1 0 0 1 2 0 2 17 2 0
1 41.92 0.42 2 8 8 0.21 1 1 6 0 2 220 949 1
0 21.92 11.66 2 4 8 0.085 0 0 0 0 2 320 6 0
0 65.17 14 2 1 1 0 1 1 11 1 2 0 1401 1
1 44.25 0.5 2 7 4 10.75 1 0 0 0 1 400 1 0
1 42.17 5.04 2 11 8 12.75 1 0 0 1 2 92 1 1
0 36.58 0.28 2 1 1 0 0 1 10 0 2 200 19 0
1 41 0.04 2 10 4 0.04 0 1 1 0 1 560 1 1
1 24.42 2 2 10 2 0.165 0 1 2 0 2 320 1301 0
1 27.25 1.58 2 13 8 1.835 1 1 12 1 2 583 714 1
0 24.5 1.04 1 1 1 0.5 1 1 3 0 2 180 148 0
0 25.17 2.87 2 14 8 0.875 1 0 0 0 2 360 1 1
0 47.42 3 2 14 4 13.875 1 1 2 1 2 519 1705 1
1 28.33 5 2 9 4 11 1 0 0 1 2 70 1 1
0 19.17 0.58 1 6 4 0.585 1 0 0 1 2 160 1 0
0 15.83 0.58 2 8 8 1.5 1 1 2 0 2 100 1 1
0 64.08 0.16 2 1 1 0 1 1 1 0 2 232 101 1
1 56 12.5 2 4 8 8 1 0 0 1 2 24 2029 1
1 18.07 5.5 2 4 4 0.5 1 0 0 0 2 80 1 1
1 16 3.12 2 9 4 0.085 0 1 1 0 2 0 7 0

