1 22.5 11.5 1 7 4 1.5 0 0 0 1 2 0 4001 0
1 45.17 1.5 2 8 4 2.5 1 0 0 1 2 140 1 0
1 25.92 0.87 2 4 4 0.375 0 1 2 1 2 174 4 0
0 27.67 1.5 2 7 4 2 1 0 0 0 1 368 1 0
1 23.58 1.79 2 8 4 0.54 0 0 0 1 2 136 2 0
0 47.75 8 2 8 4 7.875 1 1 6 1 2 0 1261 1
1 36.17 0.42 1 9 4 0.29 0 0 0 1 2 309 3 0
1 52.42 1.5 2 2 4 3.75 0 0 0 1 2 0 351 0
1 33.17 1.04 2 12 8 6.5 1 0 0 1 2 164 31286 1
1 25.83 12.83 2 13 4 0.5 0 0 0 0 2 0 3 0
1 54.42 0.5 1 4 8 3.96 1 0 0 0 2 180 315 1
1 27.67 13.75 2 9 4 5.75 1 0 0 1 2 487 501 1
1 34.58 0 2 8 4 0 0 0 0 0 3 184 1 0
1 27.83 1.5 2 9 4 2.25 0 1 1 1 2 100 4 0
1 42.83 4.62 2 11 4 4.58 1 0 0 0 1 0 1 1
1 23 0.75 2 7 4 0.5 0 0 0 1 1 320 1 0
1 34 5.08 1 3 5 1.085 0 0 0 1 2 480 1 0
1 64.08 20 2 14 8 17.5 1 1 9 1 2 0 1001 1
1 28.67 9.33 2 11 8 5.665 1 1 6 0 2 381 169 1
1 21 4.79 1 9 4 2.25 1 1 1 1 2 80 301 1
1 34 4.5 2 6 4 1 1 0 0 1 2 240 1 0
1 29.58 4.5 2 9 4 7.5 1 1 2 1 2 330 1 1
0 19.57 0.66 2 9 4 1.665 0 0 0 0 2 220 6 0
1 24.83 2.75 2 8 4 2.25 1 1 6 0 2 184 601 1
1 23.75 12 2 8 4 2.085 0 0 0 0 1 80 1 0
0 23.58 0.58 1 1 1 0.125 0 0 0 0 2 120 88 0
0 28.5 3.04 1 14 8 2.54 1 1 1 0 2 70 1 1
1 34.5 4.04 1 3 5 8.5 1 1 7 1 2 195 1 1
0 71.58 0 2 8 4 0 0 0 0 0 3 184 1 1
0 32.17 1.46 2 9 4 1.085 1 1 16 0 2 120 2080 1
1 17.25 3 2 4 4 0.04 0 0 0 1 2 160 41 0
1 27.75 1.29 2 4 8 0.25 0 0 0 1 1 140 1 0
1 30.75 1.58 2 2 4 0.585 0 0 0 1 1 0 1 0
1 27.58 2.04 1 6 4 2 1 1 3 1 2 370 561 1
0 57.08 19.5 2 8 4 5.5 1 1 7 0 2 0 3001 1
1 32.33 2.5 2 8 4 1.25 0 0 0 1 2 280 1 0
0 48.17 1.33 2 3 7 0.335 0 0 0 0 2 0 121 0
1 27 0.75 2 8 8 4.25 1 1 3 1 2 312 151 1
1 32 1.75 1 10 8 0.04 1 0 0 1 2 393 1 1
1 22.25 0.46 2 4 4 0.125 0 0 0 1 2 280 56 0
1 27.25 1.58 2 13 8 1.835 1 1 12 1 2 583 714 1
0 15.83 7.62 2 11 4 0.125 0 1 1 1 2 0 161 0
1 24.5 13.33 1 6 4 0.04 0 0 0 1 2 120 476 0
1 21.17 0 2 8 4 0.5 0 0 0 1 1 0 1 0
1 39.58 13.91 2 9 4 8.625 1 1 6 1 2 70 1 1
1 18.25 0.16 2 2 4 0.25 0 0 0 1 1 280 1 0
1 48.08 3.75 2 3 5 1 0 0 0 0 2 100 3 0
1 24.08 9 2 6 4 0.25 0 0 0 1 2 0 1 0
0 36 1 2 8 4 2 1 1 11 0 2 0 457 1
0 47.42 8 2 10 5 6.5 1 1 6 0 2 375 51101 1
1 35.25 3.16 2 14 8 3.75 1 0 0 1 2 680 1 0
1 19.17 4 1 3 4 1 0 0 0 1 2 360 1001 0
0 58.42 21 2 3 5 10 1 1 13 0 2 0 6701 1
1 31.83 2.5 2 6 4 7.5 1 0 0 1 2 523 1 0
1 17.92 0.2 2 6 4 0.04 0 0 0 0 2 280 751 0
1 36.17 5.5 2 3 5 5 0 0 0 0 2 210 688 0
1 21.25 1.5 2 9 4 1.5 0 0 0 0 2 150 9 1
0 68.67 15 2 10 9 0 1 1 14 0 2 0 3377 1
1 18.42 10.41 1 6 4 0.125 1 0 0 0 2 120 376 0
1 34.25 1.75 2 9 5 0.25 1 0 0 1 2 163 1 0
1 34.75 15 2 12 7 5.375 1 1 9 1 2 0 135 1
1 20.67 0.83 1 8 4 2 0 0 0 1 1 240 1 0
0 24.83 4.5 2 9 4 1 0 0 0 1 2 360 7 0
0 27.17 1.25 2 1 1 0 0 1 1 0 2 92 301 0
1 22.25 9 2 6 4 0.085 0 0 0 0 2 0 1 0
1 35.17 4.5 2 14 8 5.75 0 0 0 1 1 711 1 1
1 36.33 2.12 1 9 4 0.085 1 1 1 0 2 50 1188 1
1 29.25 13 2 2 8 0.5 0 0 0 0 2 228 1 0
1 40.92 0.5 1 7 4 0.5 0 0 0 1 2 130 1 0
1 34.92 5 2 14 8 7.5 1 1 6 1 2 0 1001 1
1 17.07 3.29 2 3 4 0.335 0 0 0 1 2 140 3 0
1 19.32 10.91 2 8 5 0.585 0 1 2 1 2 200 8 0
1 27.58 3.25 1 11 8 5.085 0 1 2 1 2 369 2 0
1 20 11.04 2 8 4 2 0 0 0 1 2 136 1 0
0 52.17 0 1 1 1 0 0 0 0 0 2 0 1 0
0 27.25 0.28 2 7 8 0.125 0 1 1 1 2 272 109 0
0 41 2.04 1 11 8 0.125 1 1 23 1 2 455 1237 1
1 22.58 10.03 2 14 4 0.04 1 1 9 0 2 60 397 1
1 34.08 0.08 1 7 5 0.04 1 1 1 1 2 280 2001 1
1 26.75 4.5 1 8 5 2.5 0 0 0 0 2 200 1211 0
1 22.58 1.5 1 6 4 0.54 0 0 0 1 2 120 68 0
1 33.58 0.33 1 13 4 0.085 0 0 0 0 2 180 1 0
0 29.75 0.66 2 9 4 0.25 0 0 0 1 2 300 1 0
1 25.67 2.21 1 6 4 4 1 0 0 0 2 188 1 0
1 30.17 0.5 2 8 4 1.75 1 1 11 0 2 32 541 1
0 31.57 3.5 2 2 4 3 1 0 0 1 2 300 1 0
1 57.42 8.5 2 10 8 7 1 1 3 0 2 0 1 1
0 20.67 1.83 2 11 4 2.085 1 1 5 0 2 220 2504 1
1 34.25 3 2 13 8 7.415 1 0 0 1 2 0 1 1
1 19.57 0.58 2 1 1 0 0 1 3 0 2 350 770 0
0 28.58 3.54 2 3 5 0.5 1 0 0 1 2 171 1 0
1 41.17 1.25 1 9 4 0.25 0 0 0 0 2 0 196 0
1 41 0.04 2 10 4 0.04 0 1 1 0 1 560 1 1
1 47.67 0.28 2 8 5 15 1 1 20 0 2 0 15001 1
1 18.17 2.46 2 8 7 0.96 0 1 2 1 2 160 588 0
1 20.42 1.08 2 11 4 1.5 0 0 0 0 2 108 8 0
1 21.83 11 2 14 4 0.29 1 1 6 0 2 121 1 1
0 44.33 0 2 8 4 2.5 1 0 0 0 2 0 1 1
0 30.42 1.37 2 9 8 0.04 0 1 3 0 2 0 34 0
1 22.92 0.17 2 7 4 0.085 0 0 0 0 1 0 1 0
1 24.58 1.25 2 8 4 0.25 0 0 0 0 2 110 1 0
0 38.92 1.66 2 6 4 0.25 0 0 0 0 2 0 391 0
1 43.08 0.37 1 8 4 0.375 1 1 8 1 2 300 163 1
1 62.5 12.75 1 8 8 5 1 0 0 0 2 112 1 0
1 39.92 0.54 1 6 4 0.5 1 1 3 0 2 200 1001 1
0 25 12.33 2 13 8 3.5 1 1 6 0 2 400 459 1
0 24.5 2.41 1 8 4 0 0 0 0 0 2 120 1 0
1 29.83 1.25 1 4 4 0.25 0 0 0 0 2 224 1 0
1 23.42 0.58 2 8 8 0.085 1 0 0 0 2 180 1 0
1 37.5 1.12 1 2 4 1.5 0 0 0 1 2 431 1 1
1 76.75 22.29 2 10 9 12.75 1 1 1 1 2 0 110 1
0 29.5 0.46 2 4 4 0.54 1 1 4 0 2 380 501 1
0 28.08 15 1 10 9 0 1 0 0 0 2 0 13213 1
0 23 11.75 2 14 8 0.5 1 1 2 1 2 300 552 1
1 27.25 1.66 2 13 8 5.085 1 1 9 0 2 399 828 1
1 32.08 4 1 13 4 1.5 0 0 0 1 2 120 1 0
1 16 3.12 2 9 4 0.085 0 1 1 0 2 0 7 0
0 23 1.83 2 5 3 0 0 1 1 0 2 200 54 0
1 25.33 0.57 2 8 4 0.29 1 1 7 1 2 96 5125 1
0 30.58 10.66 2 11 8 0.085 0 1 12 1 2 129 4 0
1 29.83 2.04 1 14 8 0.04 0 0 0 0 2 128 2 0
1 33.17 1 2 14 4 0.75 1 1 7 1 2 340 4072 1
1 25 12.5 2 6 4 3 1 0 0 1 1 20 1 1
1 23.75 0.41 1 8 4 0.04 0 1 2 0 2 128 7 0
1 48.75 8.5 2 8 8 12.5 1 1 9 0 2 181 1656 1
0 31.75 3 1 5 3 0 0 0 0 0 2 160 21 0
1 22.5 0.12 1 4 4 0.125 0 0 0 0 2 200 71 0
0 65.17 14 2 1 1 0 1 1 11 1 2 0 1401 1
1 28.75 1.5 1 8 4 1.5 1 0 0 1 2 0 226 0
0 21.75 1.75 1 5 3 0 0 0 0 0 2 160 1 0
1 27.83 4 1 3 8 5.75 1 1 2 1 2 75 1 0
0 20.42 0.83 2 11 4 1.585 1 1 1 0 2 0 1 1
1 27.67 0.75 2 11 8 0.165 0 0 0 1 2 220 252 0
0 47.25 0.75 2 11 8 2.75 1 1 1 0 2 333 893 1
1 42.83 1.25 2 7 4 13.875 0 1 1 1 2 352 113 0
1 31.57 5 1 6 4 8.5 1 0 0 0 2 0 1 0
1 42.5 4.91 1 9 4 3.165 1 0 0 1 2 52 1443 1
0 15.83 0.58 2 8 8 1.5 1 1 2 0 2 100 1 1
1 44.33 0.5 2 3 8 5 1 0 0 1 2 320 1 1
1 54.58 9.41 2 1 1 14.415 1 1 11 1 2 30 301 1
0 20.75 10.33 2 13 8 0.335 1 1 1 1 2 80 51 1
1 32.83 2.5 2 13 8 2.75 1 1 6 0 2 160 2073 1
1 25.08 1.71 2 14 4 1.665 1 1 1 1 2 395 21 1
1 24.42 12.33 2 11 8 1.585 1 0 0 1 2 120 1 1
1 41.75 0.96 2 14 4 2.5 1 0 0 0 2 510 601 1
1 31.42 15.5 2 8 4 0.5 1 0 0 0 2 120 1 0
0 31.25 3.75 2 13 8 0.625 1 1 9 1 2 181 1 1
1 31.57 10.5 2 14 4 6.5 1 0 0 0 2 0 1 1
0 21.5 6 2 6 4 2.5 1 1 3 0 2 80 919 1
1 29.83 3.5 2 8 4 0.165 0 0 0 0 2 216 1 0
1 24.17 0.87 2 11 4 4.625 1 1 2 1 2 520 2001 1
0 33.25 3 1 6 4 2 0 0 0 0 2 180 1 0
0 26.58 2.54 1 1 1 0 0 0 0 1 2 180 61 0
1 20.17 8.17 2 6 4 1.96 1 1 14 0 2 60 159 1
1 38.17 10.12 2 14 4 2.5 1 1 6 0 2 520 197 1
0 22.83 2.29 2 11 8 2.29 1 1 7 1 2 140 2385 1
1 19.32 9.5 2 11 4 1 1 0 0 1 2 60 401 1
1 20.67 0.41 2 8 4 0.125 0 0 0 0 2 0 45 0
1 40.58 3.29 2 7 4 3.5 0 0 0 1 1 400 1 0
1 26.25 1.54 2 9 4 0.125 0 0 0 0 2 100 1 0
0 28.58 3.75 2 8 4 0.25 0 1 1 1 2 40 155 0
1 60.08 14.5 2 1 1 18 1 1 15 1 2 0 1001 1
1 32.08 4 2 7 4 2.5 1 0 0 1 2 360 1 1
0 19.17 5.41 2 3 8 0.29 0 0 0 0 2 80 485 0
0 21.08 5 1 1 1 0 0 0 0 0 2 0 1 0

