1 24.33 6.62 1 2 4 5.5 1 0 0 1 1 100 1 1
0 33.92 1.58 1 1 1 0 1 0 0 0 2 320 1 0
1 29.17 3.5 2 9 4 3.5 1 1 3 1 2 329 1 0
0 36.58 0.28 2 1 1 0 0 1 10 0 2 200 19 0
1 35.75 2.41 2 9 4 0.125 0 1 2 0 2 220 2 0
1 39.33 5.87 2 13 8 10 1 1 14 1 2 399 1 1
1 34.25 3 2 13 8 7.415 1 0 0 1 2 0 1 1
1 21.17 0 2 8 4 0.5 0 0 0 1 1 0 1 0
0 55.75 7.08 2 4 8 6.75 1 1 3 1 2 100 51 0
0 19.5 0.16 2 11 4 0.04 0 0 0 1 2 380 1 0
1 34.42 4.25 2 3 5 3.25 1 1 2 0 2 274 611 1
1 26.67 2.71 1 13 4 5.25 1 1 1 0 2 211 1 1
1 29.58 4.75 2 7 4 2 0 1 1 1 2 460 69 0
1 47.67 0.28 2 8 5 15 1 1 20 0 2 0 15001 1
1 22.17 12.12 2 8 4 3.335 0 1 2 1 2 180 174 0
1 45 8.5 2 13 8 14 1 1 1 1 2 88 2001 1
0 24.5 2.41 1 8 4 0 0 0 0 0 2 120 1 0
0 15.92 2.87 2 11 4 0.085 0 0 0 0 2 120 1 0
0 15.83 0.58 2 8 8 1.5 1 1 2 0 2 100 1 1
1 24.58 1.25 2 8 4 0.25 0 0 0 0 2 110 1 0
1 23 0.75 2 7 4 0.5 1 0 0 1 1 320 1 0
0 17.92 10.21 2 1 1 0 0 0 0 0 2 0 51 0
0 27.25 0.28 2 7 8 0.125 0 1 1 1 2 272 109 0
0 58.33 10 2 11 4 4 1 1 14 0 2 0 1603 1
1 45.17 1.5 2 8 4 2.5 1 0 0 1 2 140 1 0
1 19.42 6.5 2 9 8 1.46 1 1 7 0 2 80 2955 1
0 27.67 2.04 2 9 4 0.25 0 0 0 1 2 180 51 0
1 34.17 2.75 2 3 5 2.5 0 0 0 1 2 232 201 0
0 20.42 0.83 2 11 4 1.585 1 1 1 0 2 0 1 1
0 25.33 2.08 2 8 8 2.75 1 0 0 1 2 360 2 0
1 35 3.37 2 8 8 8.29 0 0 0 1 2 0 1 0
1 25.75 0.75 2 8 5 0.25 1 0 0 0 2 349 24 1
1 40.58 5 2 8 4 5 1 1 7 0 2 0 3066 1
1 22.75 11 2 11 4 2.5 1 1 7 1 2 100 810 1
1 34.08 6.5 2 6 4 0.125 1 0 0 1 2 443 1 0
0 20.5 11.83 2 8 8 6 1 0 0 0 2 340 1 1
1 33.67 2.16 2 8 4 1.5 0 0 0 0 3 120 1 0
0 38.75 1.5 2 1 1 0 0 0 0 0 2 76 1 0
1 29.83 2.04 1 14 8 0.04 0 0 0 0 2 128 2 0
0 16.92 0.5 2 3 4 0.165 0 1 6 1 2 240 36 0
1 39.92 0.54 1 6 4 0.5 1 1 3 0 2 200 1001 1
1 20.25 9.96 2 10 2 0 1 0 0 0 2 0 1 1
1 33.17 1.04 2 12 8 6.5 1 0 0 1 2 164 31286 1
0 20.83 0.5 1 10 2 1 0 0 0 0 2 260 1 0
0 22.58 10.75 2 11 4 0.415 1 1 5 1 2 0 561 1
1 31.25 1.12 2 1 1 0 0 1 1 0 2 96 20 0
1 20.67 0.83 1 8 4 2 0 0 0 1 1 240 1 0
1 31.57 0.5 2 8 5 0.835 1 0 0 1 1 320 1 0
0 24.5 12.75 2 8 5 4.75 1 1 2 0 2 73 445 1
1 26.67 4.25 2 13 4 4.29 1 1 1 1 2 120 1 1
1 22.75 11.5 2 3 4 0.415 0 0 0 0 2 0 1 0
1 25.25 1 2 6 4 0.5 0 0 0 0 2 200 1 0
1 25.08 1.71 2 14 4 1.665 1 1 1 1 2 395 21 1
1 25 11.25 2 8 4 2.5 1 1 17 0 2 200 1209 1
1 19.42 7.25 2 7 4 0.04 0 1 1 0 2 100 2 0
1 76.75 22.29 2 10 9 12.75 1 1 1 1 2 0 110 1
1 49.5 7.58 2 3 5 7.585 1 1 15 1 2 0 5001 1
1 24.5 13.33 1 6 4 0.04 0 0 0 1 2 120 476 0
0 20.07 1.25 2 8 4 0 0 0 0 0 2 0 1 0
0 58.42 21 2 3 5 10 1 1 13 0 2 0 6701 1
0 29.5 1.08 1 14 4 1 0 0 0 0 2 280 14 0
1 37.33 6.5 2 7 8 4.25 1 1 12 1 2 93 1 1
1 49.58 19 2 1 1 0 1 1 1 0 2 94 1 0
1 42.75 3 2 3 5 1 1 0 0 0 2 0 201 0
1 27.67 13.75 2 9 4 5.75 1 0 0 1 2 487 501 1
1 36.67 2 2 3 4 0.25 0 0 0 1 2 221 1 0
1 26.67 14.58 2 3 5 0 0 0 0 1 2 178 1 0
1 20.67 1.25 1 8 8 1.375 1 1 3 1 2 140 211 0
1 27.83 1.54 2 9 4 3.75 1 1 5 1 2 100 4 1
1 28 2 2 4 8 4.165 1 1 2 1 2 181 1 1
0 16.32 0.21 2 6 4 0.125 0 0 0 0 2 200 2 0
1 20 0 2 2 4 0.5 0 0 0 0 2 144 1 0
1 29.5 0.57 2 9 4 0.29 0 1 1 0 2 340 2804 0
1 20.17 9.25 2 8 4 1.665 1 1 3 1 2 40 29 1
1 27.83 1.5 2 9 4 2.25 0 1 1 1 2 100 4 0
1 33.58 0.33 1 13 4 0.085 0 0 0 0 2 180 1 0
1 23 0.75 2 7 4 0.5 0 0 0 1 1 320 1 0
1 23.5 3.16 1 4 4 0.415 0 1 1 1 2 280 81 0
1 23.25 1 2 8 4 0.835 1 0 0 0 1 300 1 1
1 25 12 2 4 4 2.25 1 1 2 1 2 120 6 0
1 54.83 15.5 2 10 9 0 1 1 20 0 2 152 131 0
0 24.75 13.66 2 11 8 1.5 0 0 0 0 2 280 2 0
1 21.92 0.5 2 8 4 0.125 0 0 0 0 2 360 1 0
1 39.42 1.71 1 7 4 0.165 0 0 0 0 1 400 1 0
1 23.25 1.5 2 11 4 2.375 1 1 3 1 2 0 583 1
1 34.17 1.54 2 13 4 1.54 1 1 1 1 2 520 50001 1
0 26.08 8.66 2 6 4 1.415 1 0 0 0 2 160 151 1
1 43.25 3 2 11 8 6 1 1 11 0 2 80 1 1
0 21.75 11.75 2 8 4 0.25 0 0 0 1 2 180 1 0
0 50.08 12.54 2 6 4 2.29 1 1 3 1 2 156 1 1
1 27.25 0.62 2 6 4 0.455 1 0 0 1 2 200 1 0
0 25.75 0.5 2 8 8 0.875 1 0 0 1 2 491 1 1
0 53.33 0.16 2 1 1 0 0 0 0 1 1 62 28 0
1 30.67 2.5 2 13 8 2.25 0 0 0 1 1 340 1 0
0 20.83 3 2 6 4 0.04 1 0 0 0 2 100 1 1
1 55.92 11.5 2 1 1 5 1 1 5 0 2 0 8852 1
1 30.08 1.04 1 3 5 0.5 1 1 10 1 2 132 29 0
0 21.92 11.66 2 4 8 0.085 0 0 0 0 2 320 6 0
0 16 0.16 2 6 4 1 0 1 2 1 2 320 2 0
1 28.67 9.33 2 11 8 5.665 1 1 6 0 2 381 169 1
1 21.08 10.08 1 10 8 1.25 0 0 0 0 2 260 1 0
0 39.08 4 2 8 4 3 0 0 0 0 2 480 1 0
0 52.17 0 1 1 1 0 0 0 0 0 2 0 1 0
1 34.42 1.33 2 3 5 0.125 0 0 0 1 2 440 4501 0
1 38.58 3.33 2 9 4 4 1 1 14 0 2 383 1345 1
1 16 3.12 2 9 4 0.085 0 1 1 0 2 0 7 0
0 57.08 19.5 2 8 4 5.5 1 1 7 0 2 0 3001 1
1 30.17 0.5 2 8 4 1.75 1 1 11 0 2 32 541 1
1 22.17 2.25 2 3 4 0.125 0 0 0 0 2 160 11 0
1 32.42 3 2 2 4 0.165 0 0 0 1 2 120 1 0
1 19.32 10.91 2 8 5 0.585 0 1 2 1 2 200 8 0
1 29.83 3.5 2 8 4 0.165 0 0 0 0 2 216 1 0
0 21.25 2.33 2 3 5 0.5 1 1 4 0 1 80 1 1
1 22.33 11 2 9 4 2 1 1 1 0 2 80 279 1
0 47.75 8 2 8 4 7.875 1 1 6 1 2 0 1261 1
1 23 0.62 1 6 4 0.125 1 0 0 0 2 180 2 0
1 34 5.08 1 3 5 1.085 0 0 0 1 2 480 1 0
1 23.92 0.58 1 13 8 0.125 0 0 0 0 2 240 2 0
1 24.58 13.5 1 1 1 0 0 0 0 0 2 184 1 0
0 24.75 12.5 2 6 4 1.5 1 1 12 1 2 120 568 1
1 60.08 14.5 2 1 1 18 1 1 15 1 2 0 1001 1
0 31.57 1.5 2 1 1 0 0 1 2 1 2 200 106 0
1 51.58 15 2 8 4 8.5 1 1 9 0 2 0 1 1
0 25.42 1.12 2 11 4 1.29 1 1 2 0 2 200 1 0
0 22.5 11 1 11 4 3 1 0 0 1 2 268 1 0
1 33.17 3.16 1 14 4 3.165 1 1 3 1 2 380 1 1
1 17.92 0.2 2 6 4 0.04 0 0 0 0 2 280 751 0
1 28.92 0.37 2 8 4 0.29 0 0 0 0 2 220 141 0
0 33.08 4.62 2 11 8 1.625 1 1 2 0 2 0 1 1
1 41.17 4.04 2 13 8 7 1 1 8 0 2 320 1 1
1 36.17 18.12 2 9 4 0.085 0 0 0 0 2 320 3553 0
1 31.57 4 2 14 4 5 1 1 3 1 2 290 2280 1
1 30.83 0 2 9 4 1.25 1 1 1 0 2 202 1 1
1 62.5 12.75 1 8 8 5 1 0 0 0 2 112 1 0
1 16.07 0.75 2 8 4 1.75 1 1 5 1 2 352 691 1
1 25.67 0.28 1 8 4 1.5 0 0 0 1 2 160 1 0
1 41 0.04 2 10 4 0.04 0 1 1 0 1 560 1 1
1 19.17 9.5 2 9 4 1.5 1 0 0 0 2 120 2207 1
1 44 2 2 7 4 1.75 1 1 2 1 2 0 16 1
0 32 6 2 2 4 1.25 0 0 0 0 2 272 1 0
1 34.58 0 2 8 4 0 0 0 0 0 3 184 1 0
1 35.17 4.5 2 14 8 5.75 0 0 0 1 1 711 1 1
1 27.25 1.58 2 13 8 1.835 1 1 12 1 2 583 714 1
1 24.08 0.87 2 7 4 0.085 0 1 4 0 2 254 1951 0
1 32.75 2.33 2 2 8 5.75 0 0 0 1 2 292 1 0
0 33.08 1.62 2 2 4 0.54 0 0 0 1 2 0 1 0
0 28.17 0.58 2 6 4 0.04 0 0 0 0 2 260 1005 0
0 23.58 11.5 1 4 8 3 0 0 0 1 2 20 17 0
1 25.17 3 2 8 4 1.25 0 1 1 0 2 0 23 0
0 40.83 10 2 11 8 1.75 1 0 0 0 2 29 838 1
1 56.58 18.5 2 2 5 15 1 1 17 1 2 0 1 1
0 23.58 0.83 2 11 4 0.415 0 1 1 1 2 200 12 0
0 64.08 0.16 2 1 1 0 1 1 1 0 2 232 101 1
1 23.5 2.75 2 1 1 4.5 0 0 0 0 2 160 26 0
1 21.08 4.12 1 3 8 0.04 0 0 0 0 2 140 101 0
0 18.82 4.41 1 8 8 3 1 0 0 0 2 240 1 1
1 18.82 0 2 11 4 0.665 0 0 0 0 2 160 2 0
1 36.42 0.75 1 2 4 0.585 0 0 0 0 2 240 4 0
0 28.5 1 2 11 4 1 1 1 2 1 2 167 501 0
0 28.17 0.37 2 11 4 0.585 1 1 4 0 2 80 1 1
0 16.5 1.25 2 11 4 0.25 0 1 1 0 2 108 99 0
0 52.5 7 2 6 8 3 0 0 0 0 2 0 1 0
1 64.08 20 2 14 8 17.5 1 1 9 1 2 0 1001 1
1 31.57 4 1 3 4 0.085 0 0 0 1 2 411 1 0
0 18.75 7.5 2 11 4 2.71 1 1 5 0 2 184 26727 1

