0 15.83 7.62 2 11 4 0.125 0 1 1 1 2 0 161 0
1 58.58 2.71 2 8 4 2.415 0 0 0 1 2 320 1 0
0 24.92 1.25 2 1 1 0 1 0 0 0 2 80 1 0
1 28.25 0.87 2 7 4 0.96 1 1 3 1 2 396 1 1
1 20.17 5.62 2 9 4 1.71 1 0 0 0 1 120 1 1
1 21.17 0.25 1 8 8 0.25 0 0 0 0 2 280 205 0
0 25 12.33 2 13 8 3.5 1 1 6 0 2 400 459 1
1 19 1.75 1 8 4 2.335 0 0 0 1 2 112 7 0
1 48.25 25.08 2 9 4 1.75 1 1 3 0 2 120 15 1
1 23.58 0.46 1 9 4 2.625 1 1 6 1 2 208 348 0
0 23.25 5.87 2 11 4 3.17 1 1 10 0 2 120 246 1
1 41.5 1.54 2 3 5 3.5 0 0 0 0 2 216 1 1
1 42.08 1.04 2 9 4 5 1 1 6 1 2 500 10001 1
0 33.67 0.37 2 13 4 0.375 0 0 0 0 2 300 45 1
1 30.58 2.71 1 7 4 0.125 0 0 0 1 1 80 1 0
1 43 0.28 1 13 8 1.75 1 1 8 0 2 100 376 1
1 24.17 0.87 2 11 4 4.625 1 1 2 1 2 520 2001 1
1 23.5 2.75 2 1 1 4.5 0 0 0 0 2 160 26 0
0 23.5 1.5 2 9 4 0.875 0 0 0 1 2 160 1 0
0 17.82 11 2 14 8 1 1 1 11 0 2 0 3001 1
1 16.25 0 1 6 4 0.25 0 0 0 0 2 60 1 0
1 39.92 5 2 3 5 0.21 0 0 0 0 2 550 1 0
1 33.58 0.25 2 3 5 4 0 0 0 1 1 420 1 0
1 25.67 3.25 2 8 8 2.29 0 1 1 1 2 416 22 0
1 23.42 1 2 8 4 0.5 0 0 0 1 1 280 1 0
0 18.07 0.37 3 13 1 10 0 0 0 1 1 300 1 1
0 52.5 7 2 6 8 3 0 0 0 0 2 0 1 0
1 22.33 11 2 9 4 2 1 1 1 0 2 80 279 1
1 20.42 7 2 8 4 1.625 1 1 3 0 2 200 1392 1
1 18 0.16 2 11 7 0.21 0 0 0 0 2 200 41 1
1 22.92 0.17 2 7 4 0.085 0 0 0 0 1 0 1 0
1 23.08 11.5 2 9 8 2.125 1 1 11 1 2 290 285 1
1 30.83 0 2 9 4 1.25 1 1 1 0 2 202 1 1
1 34.92 5 2 14 8 7.5 1 1 6 1 2 0 1001 1
1 21.08 4.12 1 3 8 0.04 0 0 0 0 2 140 101 0
1 39.25 9.5 2 7 4 6.5 1 1 14 0 2 240 4608 1
1 40.92 0.83 2 1 1 0 1 0 0 0 2 130 2 0
1 32.75 1.5 2 13 8 5.5 1 1 3 1 2 0 1 1
0 47.42 8 2 10 5 6.5 1 1 6 0 2 375 51101 1
1 19.5 0.28 2 4 4 0.29 0 0 0 0 2 280 365 0
1 36.25 5 2 8 5 2.5 1 1 6 0 2 0 368 1
1 23 0.75 2 7 4 0.5 0 0 0 1 1 320 1 0
0 24.83 4.5 2 9 4 1 0 0 0 1 2 360 7 0
1 31.25 2.83 2 1 1 0 0 1 5 0 2 176 147 0
0 18.82 9.5 2 9 4 1.625 1 1 6 1 2 40 601 1
0 46 4 2 5 3 0 1 0 0 0 2 100 961 1
0 19.5 0.16 2 11 4 0.04 0 0 0 1 2 380 1 0
0 22.75 6.16 2 6 4 0.165 0 0 0 0 2 220 1001 0
1 65.42 11 2 10 9 20 1 1 7 1 2 22 1 1
1 25.75 0.5 2 8 4 1.46 1 1 5 1 2 312 1 1
1 22.75 11.5 2 3 4 0.415 0 0 0 0 2 0 1 0
1 55.92 11.5 2 1 1 5 1 1 5 0 2 0 8852 1
1 41.75 0.96 2 14 4 2.5 1 0 0 0 2 510 601 1
0 30.5 6.5 2 8 5 4 1 1 7 1 2 0 3066 1
1 37.33 2.66 2 13 4 0.165 0 0 0 1 2 0 502 0
1 16 3.12 2 9 4 0.085 0 1 1 0 2 0 7 0
0 31.92 3.12 2 1 1 3.04 0 1 2 1 2 200 5 0
0 28.5 1 2 11 4 1 1 1 2 1 2 167 501 0
1 22.08 0.83 2 8 8 2.165 0 0 0 1 2 128 1 1
1 80.25 5.5 2 8 4 0.54 1 0 0 0 2 0 341 0
0 38.75 1.5 2 1 1 0 0 0 0 0 2 76 1 0
1 21.58 0.79 1 13 4 0.665 0 0 0 0 2 160 1 0
1 29.83 2.04 1 14 8 0.04 0 0 0 0 2 128 2 0
1 63.33 0.54 2 8 4 0.585 1 1 3 1 2 180 1 0
0 21.92 11.66 2 4 8 0.085 0 0 0 0 2 320 6 0
1 20.07 0.25 2 11 4 0.125 0 0 0 0 2 200 1 0
1 36.08 2.54 2 1 1 0 0 0 0 0 2 0 1001 0
1 37.58 0 2 8 4 0 0 0 0 0 3 184 1 1
1 21.33 7.5 2 6 4 1.415 1 1 1 0 2 80 9801 1
1 31.57 0.5 2 8 5 0.835 1 0 0 1 1 320 1 0
0 36.75 4.71 2 1 1 0 0 0 0 0 2 160 1 0
0 58.42 21 2 3 5 10 1 1 13 0 2 0 6701 1
1 35.17 2.5 2 4 4 4.5 1 1 7 0 2 150 1271 1
1 32.25 0.16 1 8 8 3.25 1 1 1 1 2 432 8001 1
0 20.83 3 2 6 4 0.04 1 0 0 0 2 100 1 1
1 21.42 0.75 1 12 7 0.75 0 0 0 1 2 132 3 0
1 31.25 1.12 2 1 1 0 0 1 1 0 2 96 20 0
1 33.58 0.33 1 13 4 0.085 0 0 0 0 2 180 1 0
1 47.67 0.28 2 8 5 15 1 1 20 0 2 0 15001 1
1 53.92 9.62 2 10 4 8.665 1 1 5 0 2 0 1 1
1 29.42 1.25 2 8 8 0.25 0 1 2 1 2 400 109 0
0 33.25 3 1 6 4 2 0 0 0 0 2 180 1 0
0 25.08 2.54 1 6 4 0.25 1 0 0 1 2 370 1 1
1 29.83 3.5 2 8 4 0.165 0 0 0 0 2 216 1 0
0 23.58 11.5 1 4 8 3 0 0 0 1 2 20 17 0
1 29.67 1.41 2 9 8 0.75 1 1 1 0 2 240 101 1
0 28.58 3.54 2 3 5 0.5 1 0 0 1 2 171 1 0
1 20 11.04 2 8 4 2 0 0 0 1 2 136 1 0
1 31.92 4.46 2 13 8 6.04 1 1 3 0 2 311 301 1
0 38.33 4.41 2 8 4 0.125 0 0 0 0 2 160 1 0
1 17.5 22 3 1 7 0 0 0 0 1 3 450 100001 1
1 18.42 10.41 1 6 4 0.125 1 0 0 0 2 120 376 0
0 50.08 12.54 2 6 4 2.29 1 1 3 1 2 156 1 1
0 49 1.5 2 5 3 0 1 0 0 1 2 100 28 0
1 20.67 5.29 2 11 4 0.375 1 1 1 0 2 160 1 0
0 22.5 8.46 1 14 4 2.46 0 0 0 0 2 164 1 1
0 21.75 1.75 1 5 3 0 0 0 0 0 2 160 1 0
1 25 12 2 4 4 2.25 1 1 2 1 2 120 6 0
1 27.75 1.29 2 4 8 0.25 0 0 0 1 1 140 1 0
0 20.83 0.5 1 10 2 1 0 0 0 0 2 260 1 0
1 23.17 0 2 8 4 0 0 0 0 0 3 184 1 1
1 31.57 0.04 1 2 4 4.25 0 0 0 1 2 460 1 0
0 26.58 2.54 1 1 1 0 0 0 0 1 2 180 61 0
0 20.75 10.33 2 13 8 0.335 1 1 1 1 2 80 51 1
0 45 4.58 2 4 8 1 0 0 0 1 1 240 1 0
1 15.17 7 2 10 4 1 0 0 0 0 2 600 1 0
1 22.5 0.12 1 4 4 0.125 0 0 0 0 2 200 71 0
1 39.17 2.5 1 3 8 10 0 0 0 1 1 200 1 0
1 34.42 1.33 2 3 5 0.125 0 0 0 1 2 440 4501 0
1 34.75 15 2 12 7 5.375 1 1 9 1 2 0 135 1
0 29.5 0.46 2 4 4 0.54 1 1 4 0 2 380 501 1
1 39.08 6 2 7 4 1.29 1 1 5 1 2 108 1098 1
1 21.83 1.54 2 4 4 0.085 0 0 0 1 2 356 1 0
1 39.42 1.71 1 7 4 0.165 0 0 0 0 1 400 1 0
1 23.08 0 2 4 4 1 0 1 11 0 1 0 1 0
1 29.83 1.25 1 4 4 0.25 0 0 0 0 2 224 1 0
0 22.58 10.75 2 11 4 0.415 1 1 5 1 2 0 561 1
0 31.75 3 1 5 3 0 0 0 0 0 2 160 21 0
0 44.17 6.66 2 11 4 7.375 1 1 3 1 2 0 1 1
0 30.42 1.37 2 9 8 0.04 0 1 3 0 2 0 34 0
1 21.25 1.5 2 9 4 1.5 0 0 0 0 2 150 9 1
1 56.75 12.25 2 7 4 1.25 1 1 4 1 2 200 1 1
0 16.07 0.33 2 1 1 0 0 1 1 0 2 160 127 0
0 24.75 3 2 11 8 1.835 1 1 19 0 2 0 501 1
1 21.33 10.5 2 8 4 3 1 0 0 1 2 0 1 1
1 27.25 1.66 2 13 8 5.085 1 1 9 0 2 399 828 1
1 25 11.25 2 8 4 2.5 1 1 17 0 2 200 1209 1
1 22.75 11 2 11 4 2.5 1 1 7 1 2 100 810 1
0 57.08 0.33 2 3 5 1 1 0 0 1 2 252 2198 0
0 35.75 0.91 2 6 4 0.75 1 1 4 0 2 0 1584 1
0 31.25 3.75 2 13 8 0.625 1 1 9 1 2 181 1 1
1 49.58 19 2 1 1 0 1 1 1 0 2 94 1 0
1 34.08 6.5 2 6 4 0.125 1 0 0 1 2 443 1 0
0 25.25 12.5 2 2 4 1 0 0 0 1 2 180 1063 0
1 23.17 0 2 13 4 0.085 1 0 0 0 2 0 1 1
1 34 5.08 1 3 5 1.085 0 0 0 1 2 480 1 0
1 31.83 0.04 1 7 4 0.04 0 0 0 0 2 0 1 0
0 35.17 3.75 2 1 1 0 0 1 6 0 2 0 201 0
0 60.58 16.5 2 11 4 11 1 0 0 1 2 21 10562 1
1 35.25 16.5 1 8 4 4 1 0 0 0 2 80 1 0
1 25.17 6 2 8 4 1 1 1 3 0 2 0 1 1
1 16.32 2.75 2 6 4 0.665 0 1 1 0 2 80 22 0
1 22.17 0.58 1 1 1 0 0 0 0 0 2 100 1 0
1 26 1 2 11 4 1.75 1 0 0 1 2 280 1 1
0 17.67 0 1 5 1 0 0 0 0 0 2 86 1 0
0 32 6 2 2 4 1.25 0 0 0 0 2 272 1 0
1 29.58 4.5 2 9 4 7.5 1 1 2 1 2 330 1 1
0 18.82 4.41 1 8 8 3 1 0 0 0 2 240 1 1
1 23.75 0.41 1 8 4 0.04 0 1 2 0 2 128 7 0
1 32.25 14 1 1 1 0 0 1 2 0 2 160 2 0
1 28.67 14.5 2 2 4 0.125 0 0 0 0 2 0 287 0
1 26.67 4.25 2 13 4 4.29 1 1 1 1 2 120 1 1
1 27 1.5 1 9 4 0.375 1 0 0 1 2 260 1066 1
1 45.17 1.5 2 8 4 2.5 1 0 0 1 2 140 1 0
1 21.17 0.87 1 8 8 0.25 0 0 0 0 2 280 205 0
1 48.08 6.04 2 4 4 0.04 0 0 0 0 2 0 2691 1
0 21.75 11.75 2 8 4 0.25 0 0 0 1 2 180 1 0
1 32.33 3.5 2 4 4 0.5 0 0 0 1 2 232 1 0
0 24.75 12.5 2 6 4 1.5 1 1 12 1 2 120 568 1
1 39.83 0.5 2 7 4 0.25 1 0 0 0 1 288 1 0
0 20.5 11.83 2 8 8 6 1 0 0 0 2 340 1 1
1 17.07 3.29 2 3 4 0.335 0 0 0 1 2 140 3 0
1 33.75 2.75 2 3 5 0 0 0 0 0 2 180 1 0
0 16.92 0.5 2 3 4 0.165 0 1 6 1 2 240 36 0
1 25.17 3 2 8 4 1.25 0 1 1 0 2 0 23 0

