0 56.83 4.25 1 1 1 5 0 0 0 1 2 0 5 0
0 30.5 6.5 2 8 5 4 1 1 7 1 2 0 3066 1
1 31.25 2.83 2 1 1 0 0 1 5 0 2 176 147 0
1 22.67 10.5 2 11 8 1.335 1 0 0 0 2 100 1 1
0 23.5 9 2 11 4 8.5 1 1 5 1 2 120 1 1
1 36.5 4.25 2 11 4 3.5 0 0 0 0 2 454 51 0
1 17.42 6.5 2 3 4 0.125 0 0 0 0 2 60 101 0
0 17.32 9.5 2 6 4 1.75 0 1 10 1 2 0 11 0
0 20.32 10 2 8 8 1 1 1 4 0 2 50 1466 1
0 26.92 13.5 2 11 8 5 1 1 2 0 2 0 5001 1
1 22 7.83 1 3 5 0.165 0 0 0 1 2 184 1 0
1 21.17 0 2 8 4 0.5 0 0 0 1 1 0 1 0
0 20.42 7.5 2 4 4 1.5 1 1 1 0 2 160 235 1
1 30.83 0 2 9 4 1.25 1 1 1 0 2 202 1 1
1 31.25 1.12 2 1 1 0 0 1 1 0 2 96 20 0
1 23.17 0 2 13 4 0.085 1 0 0 0 2 0 1 1
1 21.42 0.75 1 12 7 0.75 0 0 0 1 2 132 3 0
1 35.17 25.12 2 14 8 1.625 1 1 1 1 2 515 501 1
1 51.42 0.04 2 14 8 0.04 1 0 0 0 2 0 3001 1
0 52.83 15 2 8 4 5.5 1 1 14 0 2 0 2201 1
1 18.17 10.25 2 8 8 1.085 0 0 0 0 2 320 14 0
0 30.58 10.66 2 11 8 0.085 0 1 12 1 2 129 4 0
1 31.83 0.04 1 7 4 0.04 0 0 0 0 2 0 1 0
0 37.75 5.5 2 11 4 0.125 1 0 0 1 2 228 1 1
1 23.42 0.58 2 8 8 0.085 1 0 0 0 2 180 1 0
1 25.75 0.75 2 8 5 0.25 1 0 0 0 2 349 24 1
1 52.33 1.37 1 8 8 9.46 1 0 0 1 2 200 101 0
1 39.17 1.62 2 8 4 1.5 1 1 10 0 2 186 4701 1
1 67.75 5.5 2 10 9 13 1 1 1 1 2 0 1 1
1 31.57 10.5 2 14 4 6.5 1 0 0 0 2 0 1 1
0 25.17 2.87 2 14 8 0.875 1 0 0 0 2 360 1 1
0 15.92 2.87 2 11 4 0.085 0 0 0 0 2 120 1 0
1 48.75 26.33 1 1 1 0 1 0 0 1 2 0 1 0
0 60.92 5 2 6 4 4 1 1 4 0 2 0 100 1
1 80.25 5.5 2 8 4 0.54 1 0 0 0 2 0 341 0
1 21 4.79 1 9 4 2.25 1 1 1 1 2 80 301 1
1 21.08 10.08 1 10 8 1.25 0 0 0 0 2 260 1 0
1 25 12 2 4 4 2.25 1 1 2 1 2 120 6 0
1 27.83 1.5 2 9 4 2 1 1 11 1 2 434 36 1
1 37.75 7 2 11 8 11.5 1 1 7 1 2 300 6 0
1 22.33 11 2 9 4 2 1 1 1 0 2 80 279 1
1 24.83 2.75 2 8 4 2.25 1 1 6 0 2 184 601 1
1 27.42 12.5 2 6 5 0.25 0 0 0 1 2 720 1 0
1 42.83 1.25 2 7 4 13.875 0 1 1 1 2 352 113 0
1 37.5 1.12 1 2 4 1.5 0 0 0 1 2 431 1 1
1 20.67 5.29 2 11 4 0.375 1 1 1 0 2 160 1 0
1 35.25 16.5 1 8 4 4 1 0 0 0 2 80 1 0
1 23.58 1.79 2 8 4 0.54 0 0 0 1 2 136 2 0
1 22.08 2.33 2 4 4 0.75 0 0 0 0 2 180 1 0
1 34.83 2.5 1 9 4 3 0 0 0 0 1 200 1 0
0 22.5 11 1 11 4 3 1 0 0 1 2 268 1 0
1 25.17 3.5 2 13 4 0.625 1 1 7 0 2 0 7060 1
1 31.58 0.75 1 6 4 3.5 0 0 0 1 2 320 1 0
1 27.83 1.54 2 9 4 3.75 1 1 5 1 2 100 4 1
0 57.08 19.5 2 8 4 5.5 1 1 7 0 2 0 3001 1
1 34.17 5.25 2 9 4 0.085 0 0 0 1 2 290 7 1
0 19.5 0.16 2 11 4 0.04 0 0 0 1 2 380 1 0
1 51.58 15 2 8 4 8.5 1 1 9 0 2 0 1 1
1 26.75 1.12 2 14 8 1.25 1 0 0 0 2 0 5299 1
1 22.5 0.12 1 4 4 0.125 0 0 0 0 2 200 71 0
1 22.75 11 2 11 4 2.5 1 1 7 1 2 100 810 1
1 38.92 1.75 2 4 4 0.5 0 0 0 1 2 300 3 0
1 49.5 7.58 2 3 5 7.585 1 1 15 1 2 0 5001 1
0 20.75 9.53 2 3 4 0.04 0 0 0 0 2 200 1001 0
1 52.42 1.5 2 2 4 3.75 0 0 0 1 2 0 351 0
0 36.58 0.28 2 1 1 0 0 1 10 0 2 200 19 0
0 38.33 4.41 2 8 4 0.125 0 0 0 0 2 160 1 0
1 28.75 1.5 1 8 4 1.5 1 0 0 1 2 0 226 0
1 55.92 11.5 2 1 1 5 1 1 5 0 2 0 8852 1
0 23 1.83 2 5 3 0 0 1 1 0 2 200 54 0
1 20.17 5.62 2 9 4 1.71 1 0 0 0 1 120 1 1
1 56.42 28 1 8 4 28.5 1 1 40 0 2 0 16 1
1 43 0.28 1 13 8 1.75 1 1 8 0 2 100 376 1
1 39.5 1.62 2 8 4 1.5 0 0 0 0 2 0 317 0
1 37.5 0.83 2 10 4 0.04 0 0 0 0 2 120 6 0
0 33.67 0.37 2 13 4 0.375 0 0 0 0 2 300 45 1
0 24.5 12.75 2 8 5 4.75 1 1 2 0 2 73 445 1
1 47.83 4.16 2 14 5 0.085 0 0 0 1 2 520 1 0
1 48.33 12 2 7 4 16 1 0 0 0 1 110 1 1
1 25.25 1 2 6 4 0.5 0 0 0 0 2 200 1 0
1 25.67 0.28 1 8 4 1.5 0 0 0 1 2 160 1 0
1 16.17 0.04 2 8 4 0.04 0 0 0 0 2 0 1 1
1 33.67 1.25 2 9 4 1.165 0 0 0 0 2 120 1 0
1 26.67 14.58 2 3 5 0 0 0 0 1 2 178 1 0
0 20.67 3 2 11 4 0.165 1 1 3 0 2 100 7 1
0 19.17 5.41 2 3 8 0.29 0 0 0 0 2 80 485 0
0 41.58 1.04 2 6 4 0.665 0 0 0 0 2 240 238 0
1 21.83 1.54 2 4 4 0.085 0 0 0 1 2 356 1 0
0 40.33 8.12 1 4 4 0.165 0 1 2 0 2 184 19 0
1 19.17 0 1 7 5 0 0 0 0 1 1 500 2 1
0 28.42 3.5 2 9 4 0.835 1 0 0 0 1 280 1 1
0 18.92 9.25 1 8 4 1 1 1 4 1 2 80 501 1
1 23.08 2.5 2 8 4 1.085 1 1 11 1 2 60 2185 1
1 31.42 15.5 2 8 4 0.5 1 0 0 0 2 120 1 0
1 41.75 0.96 2 14 4 2.5 1 0 0 0 2 510 601 1
0 25.58 0 2 8 4 0 0 0 0 0 3 184 1 1
0 25.42 1.12 2 11 4 1.29 1 1 2 0 2 200 1 0
0 53.33 0.16 2 1 1 0 0 0 0 1 1 62 28 0
1 23.08 11.5 2 9 8 2.125 1 1 11 1 2 290 285 1
1 42.75 3 2 3 5 1 1 0 0 0 2 0 201 0
1 20 7 2 8 4 0.5 0 0 0 0 2 0 1 0
0 24.75 13.66 2 11 8 1.5 0 0 0 0 2 280 2 0
0 50.08 12.54 2 6 4 2.29 1 1 3 1 2 156 1 1
1 34 5.08 1 3 5 1.085 0 0 0 1 2 480 1 0
1 23.08 11.5 2 3 4 3.5 1 1 9 0 2 56 743 1
1 34.92 2.5 2 9 4 0 1 0 0 1 2 239 201 1
1 28.92 0.37 2 8 4 0.29 0 0 0 0 2 220 141 0
1 54.58 9.41 2 1 1 14.415 1 1 11 1 2 30 301 1
1 39.58 13.91 2 9 4 8.625 1 1 6 1 2 70 1 1
0 30.42 1.37 2 9 8 0.04 0 1 3 0 2 0 34 0
1 73.42 17.75 2 1 1 0 1 0 0 1 2 0 1 1
1 33.58 2.75 2 7 4 4.25 1 1 6 0 2 204 1 1
1 56.75 12.25 2 7 4 1.25 1 1 4 1 2 200 1 1
1 19.32 9.5 2 11 4 1 1 0 0 1 2 60 401 1
0 18.07 0.37 3 13 1 10 0 0 0 1 1 300 1 1
1 36.67 2 2 3 4 0.25 0 0 0 1 2 221 1 0
1 25.67 2.21 1 6 4 4 1 0 0 0 2 188 1 0
1 25.17 6 2 8 4 1 1 1 3 0 2 0 1 1
1 18.5 2 2 3 4 1.5 1 1 2 0 2 120 301 1
1 31.57 0.37 2 2 4 0.875 1 0 0 1 1 928 1 0
1 27.83 1.5 2 9 4 2.25 0 1 1 1 2 100 4 0
1 23.08 2.5 2 1 1 0.085 0 0 0 1 2 100 4209 0
1 19.67 0.37 2 11 4 2 1 1 2 1 2 80 1 1
0 45 4.58 2 4 8 1 0 0 0 1 1 240 1 0
1 40.92 2.25 1 14 8 10 1 0 0 1 2 176 1 0
1 30.33 0.5 2 2 8 0.085 0 0 0 1 1 252 1 0
1 36.67 3.25 2 11 8 9 1 0 0 1 2 102 640 1
1 22.17 0.58 1 1 1 0 0 0 0 0 2 100 1 0
1 30.75 1.58 2 2 4 0.585 0 0 0 1 1 0 1 0
0 55.75 7.08 2 4 8 6.75 1 1 3 1 2 100 51 0
1 23.33 11.62 1 9 4 0.835 1 0 0 1 2 160 301 1
0 22.42 11.25 1 14 8 0.75 1 1 4 0 2 0 322 1
1 21.08 4.12 1 3 8 0.04 0 0 0 0 2 140 101 0
1 40.58 1.5 2 3 5 0 0 0 0 0 1 300 1 0
0 26.17 2 2 5 3 0 0 0 0 1 2 276 2 0
0 30 5.29 2 10 2 2.25 1 1 5 1 2 99 501 1
0 35.42 12 2 11 8 14 1 1 8 0 2 0 6591 1
1 23.5 3.16 1 4 4 0.415 0 1 1 1 2 280 81 0
0 36.75 5.12 2 10 4 5 1 0 0 1 2 0 4001 1
1 23.58 0.83 2 3 8 0.085 0 0 0 1 2 220 6 0
1 29.42 1.25 2 9 4 1.75 0 0 0 0 2 200 1 0
1 18.32 1.21 1 10 2 0 0 0 0 0 2 100 1 0
1 29.67 0.75 1 8 4 0.04 0 0 0 0 2 240 1 0
1 45 8.5 2 13 8 14 1 1 1 1 2 88 2001 1
0 60.58 16.5 2 11 4 11 1 0 0 1 2 21 10562 1
1 20.67 0.83 1 8 4 2 0 0 0 1 1 240 1 0
1 37.58 0 2 8 4 0 0 0 0 0 3 184 1 1
1 32.33 2.5 2 8 4 1.25 0 0 0 1 2 280 1 0
1 23 0.62 1 6 4 0.125 1 0 0 0 2 180 2 0
1 23.92 0.58 1 13 8 0.125 0 0 0 0 2 240 2 0
1 18.82 3.54 1 1 1 0 0 0 0 1 2 180 2 0
1 59.67 1.54 2 11 4 0.125 1 0 0 1 2 260 1 1
1 27.75 1.29 2 4 8 0.25 0 0 0 1 1 140 1 0
0 35.17 3.75 2 1 1 0 0 1 6 0 2 0 201 0
1 32 1.75 1 10 8 0.04 1 0 0 1 2 393 1 1
0 44.17 6.66 2 11 4 7.375 1 1 3 1 2 0 1 1
1 25.5 0.37 2 7 4 0.25 1 1 3 0 2 260 15109 1
1 21.67 1.16 1 4 4 2.5 1 1 1 0 2 180 21 0
1 48.25 25.08 2 9 4 1.75 1 1 3 0 2 120 15 1
0 23.5 1.5 2 9 4 0.875 0 0 0 1 2 160 1 0
1 39.92 0.54 1 6 4 0.5 1 1 3 0 2 200 1001 1
1 34.25 1.75 2 9 5 0.25 1 0 0 1 2 163 1 0
0 24.75 3 2 11 8 1.835 1 1 19 0 2 0 501 1
1 48.75 8.5 2 8 8 12.5 1 1 9 0 2 181 1656 1
1 22.25 9 2 6 4 0.085 0 0 0 0 2 0 1 0

