0 27.58 3 2 7 4 2.79 0 1 1 1 2 280 11 0
1 20 11.04 2 8 4 2 0 0 0 1 2 136 1 0
1 40.58 5 2 8 4 5 1 1 7 0 2 0 3066 1
1 48.75 8.5 2 8 8 12.5 1 1 9 0 2 181 1656 1
1 15.17 7 2 10 4 1 0 0 0 0 2 600 1 0
1 48.58 0.2 1 4 4 0.25 1 1 11 0 2 380 2733 1
0 22.75 6.16 2 6 4 0.165 0 0 0 0 2 220 1001 0
0 31.75 3 1 5 3 0 0 0 0 0 2 160 21 0
1 17.57 10 2 9 8 0.165 0 1 1 0 2 120 2 0
1 31.57 3 1 3 5 7 0 0 0 0 2 0 2 0
0 60.92 5 2 6 4 4 1 1 4 0 2 0 100 1
1 23.17 11.12 2 14 8 0.46 1 1 1 0 2 100 1 1
0 16.07 0.33 2 1 1 0 0 1 1 0 2 160 127 0
0 51.92 6.5 2 3 5 3.085 0 0 0 1 2 73 1 0
1 51.83 2.04 1 1 1 1.5 0 0 0 0 2 120 2 0
1 21.17 0.87 1 8 8 0.25 0 0 0 0 2 280 205 0
1 39.17 1.62 2 8 4 1.5 1 1 10 0 2 186 4701 1
1 34.25 3 2 13 8 7.415 1 0 0 1 2 0 1 1
1 35.25 16.5 1 8 4 4 1 0 0 0 2 80 1 0
1 27.83 1 1 2 8 3 0 0 0 0 2 176 538 0
1 42 0.2 2 3 8 5.125 1 0 0 0 2 400 1 1
1 29.92 1.83 2 8 8 4.335 1 0 0 0 2 260 201 1
0 35.75 0.91 2 6 4 0.75 1 1 4 0 2 0 1584 1
0 20.83 3 2 6 4 0.04 1 0 0 0 2 100 1 1
1 21.33 7.5 2 6 4 1.415 1 1 1 0 2 80 9801 1
1 20.17 5.62 2 9 4 1.71 1 0 0 0 1 120 1 1
0 22.83 2.29 2 11 8 2.29 1 1 7 1 2 140 2385 1
1 28.17 0.12 1 4 4 0.085 0 0 0 0 2 216 2101 0
1 32.08 4 2 7 4 2.5 1 0 0 1 2 360 1 1
0 41.58 1.04 2 6 4 0.665 0 0 0 0 2 240 238 0
1 17.92 0.2 2 6 4 0.04 0 0 0 0 2 280 751 0
1 27.83 1.54 2 9 4 3.75 1 1 5 1 2 100 4 1
1 32.25 14 1 1 1 0 0 1 2 0 2 160 2 0
0 42.25 1.75 1 8 4 0 0 0 0 1 2 150 2 0
1 25 11.25 2 8 4 2.5 1 1 17 0 2 200 1209 1
0 17.57 9 2 6 4 1.375 1 0 0 1 2 0 1 1
1 23.25 4 2 8 5 0.25 1 0 0 1 2 160 1 1
0 53.33 0.16 2 1 1 0 0 0 0 1 1 62 28 0
1 39.92 0.54 1 6 4 0.5 1 1 3 0 2 200 1001 1
1 34.42 4.25 2 3 5 3.25 1 1 2 0 2 274 611 1
0 25.42 1.12 2 11 4 1.29 1 1 2 0 2 200 1 0
0 31.92 3.12 2 1 1 3.04 0 1 2 1 2 200 5 0
1 22.25 9 2 6 4 0.085 0 0 0 0 2 0 1 0
1 27.42 12.5 2 6 5 0.25 0 0 0 1 2 720 1 0
0 25.25 13.5 1 1 1 2 0 1 1 1 2 200 2 0
1 29.42 1.25 2 8 8 0.25 0 1 2 1 2 400 109 0
1 25.17 3.5 2 13 4 0.625 1 1 7 0 2 0 7060 1
0 25 0.87 2 14 8 1.04 1 0 0 1 2 160 5861 1
1 28 3 2 9 4 0.75 0 0 0 1 2 300 68 0
1 25.92 0.87 2 4 4 0.375 0 1 2 1 2 174 4 0
0 20.67 3 2 11 4 0.165 1 1 3 0 2 100 7 1
1 32.25 0.16 1 8 8 3.25 1 1 1 1 2 432 8001 1
1 21.67 1.16 1 4 4 2.5 1 1 1 0 2 180 21 0
1 62.5 12.75 1 8 8 5 1 0 0 0 2 112 1 0
1 26.25 1.54 2 9 4 0.125 0 0 0 0 2 100 1 0
1 41.75 0.96 2 14 4 2.5 1 0 0 0 2 510 601 1
1 23.42 0.58 2 8 8 0.085 1 0 0 0 2 180 1 0
1 21.42 0.75 1 12 7 0.75 0 0 0 1 2 132 3 0
1 29.5 0.57 2 9 4 0.29 0 1 1 0 2 340 2804 0
1 23.58 1.79 2 8 4 0.54 0 0 0 1 2 136 2 0
1 26.67 1.75 1 8 4 1 1 1 5 1 2 160 5778 1
1 18.67 5 2 11 4 0.375 1 1 2 0 2 0 39 0
1 42.5 4.91 1 9 4 3.165 1 0 0 1 2 52 1443 1
1 43.25 25.21 2 11 8 0.21 1 1 1 0 2 760 91 0
1 18.57 10.29 2 1 1 0.415 0 0 0 0 2 80 1 0
1 49.58 19 2 1 1 0 1 1 1 0 2 94 1 0
0 20.83 0.5 1 10 2 1 0 0 0 0 2 260 1 0
1 27 0.75 2 8 8 4.25 1 1 3 1 2 312 151 1
1 24.5 13.33 1 6 4 0.04 0 0 0 1 2 120 476 0
1 36.33 3.79 2 9 4 1.165 1 0 0 1 2 200 1 0
1 54.58 9.41 2 1 1 14.415 1 1 11 1 2 30 301 1
1 34 5.08 1 3 5 1.085 0 0 0 1 2 480 1 0
1 43.08 0.37 1 8 4 0.375 1 1 8 1 2 300 163 1
1 48.17 7.62 2 9 8 15.5 1 1 12 0 2 0 791 1
1 17.42 6.5 2 3 4 0.125 0 0 0 0 2 60 101 0
1 20 1.25 1 4 4 0.125 0 0 0 0 2 140 5 0
1 24.58 13.5 1 1 1 0 0 0 0 0 2 184 1 0
0 57.08 19.5 2 8 4 5.5 1 1 7 0 2 0 3001 1
1 34.83 4 2 2 5 12.5 1 0 0 1 2 184 1 0
1 16.32 4.08 2 3 8 0.415 0 0 0 1 2 120 1 0
1 48.75 26.33 1 1 1 0 1 0 0 1 2 0 1 0
1 28.67 14.5 2 2 4 0.125 0 0 0 0 2 0 287 0
1 22.92 3.16 1 8 4 0.165 0 0 0 0 2 160 1059 0
0 28.17 0.58 2 6 4 0.04 0 0 0 0 2 260 1005 0
1 17.07 0.08 1 8 4 0.04 0 0 0 0 2 140 723 0
0 28.17 0.37 2 11 4 0.585 1 1 4 0 2 80 1 1
0 19.17 0.58 1 6 4 0.585 1 0 0 1 2 160 1 0
0 20.07 0.12 2 11 4 1 0 1 1 0 2 240 769 1
0 28.5 3.04 1 14 8 2.54 1 1 1 0 2 70 1 1
1 24.42 12.33 2 11 8 1.585 1 0 0 1 2 120 1 1
1 45.17 1.5 2 8 4 2.5 1 0 0 1 2 140 1 0
1 30.33 0.5 2 2 8 0.085 0 0 0 1 1 252 1 0
1 25.75 0.75 2 8 5 0.25 1 0 0 0 2 349 24 1
0 18.92 9 2 6 4 0.75 1 1 2 0 2 88 592 1
0 52.83 15 2 8 4 5.5 1 1 14 0 2 0 2201 1
1 24.42 2 2 10 2 0.165 0 1 2 0 2 320 1301 0
1 31.92 4.46 2 13 8 6.04 1 1 3 0 2 311 301 1
1 22.67 0.16 2 8 3 2.25 0 0 0 1 1 0 1 1
1 26.75 2 2 2 4 0.75 0 0 0 1 2 80 1 0
1 40.25 21.5 2 10 9 20 1 1 11 0 2 0 1201 1
1 22.67 10.5 2 11 8 1.335 1 0 0 0 2 100 1 1
1 24.08 0.87 2 7 4 0.085 0 1 4 0 2 254 1951 0
1 25.75 0.5 2 8 4 1.46 1 1 5 1 2 312 1 1
0 28.67 1.04 2 8 4 2.5 1 1 5 1 2 300 1431 1
0 27.17 1.25 2 1 1 0 0 1 1 0 2 92 301 0
1 41.17 1.25 1 9 4 0.25 0 0 0 0 2 0 196 0
1 29.83 1.25 1 4 4 0.25 0 0 0 0 2 224 1 0
0 23.75 0.71 2 9 4 0.25 0 1 1 1 2 240 5 0
1 38.58 3.33 2 9 4 4 1 1 14 0 2 383 1345 1
0 20.5 11.83 2 8 8 6 1 0 0 0 2 340 1 1
0 44.17 6.66 2 11 4 7.375 1 1 3 1 2 0 1 1
1 34.17 5.25 2 9 4 0.085 0 0 0 1 2 290 7 1
1 42.75 3 2 3 5 1 1 0 0 0 2 0 201 0
1 32.33 2.5 2 8 4 1.25 0 0 0 1 2 280 1 0
1 51.42 0.04 2 14 8 0.04 1 0 0 0 2 0 3001 1
1 25.17 3 2 8 4 1.25 0 1 1 0 2 0 23 0
0 27.67 1.5 2 7 4 2 1 0 0 0 1 368 1 0
0 24.5 12.75 2 8 5 4.75 1 1 2 0 2 73 445 1
1 18.25 0.16 2 2 4 0.25 0 0 0 1 1 280 1 0
1 31.08 3.08 2 8 4 2.5 0 1 2 1 2 160 42 0
1 26.17 0.83 2 13 4 1.165 0 0 0 0 2 100 1 0
1 33.67 1.25 2 9 4 1.165 0 0 0 0 2 120 1 0
1 38.92 1.75 2 4 4 0.5 0 0 0 1 2 300 3 0
1 48.58 6.5 2 11 8 6 1 0 0 1 2 350 1 1
0 20.32 10 2 8 8 1 1 1 4 0 2 50 1466 1
1 23 0.62 1 6 4 0.125 1 0 0 0 2 180 2 0
1 20.42 7 2 8 4 1.625 1 1 3 0 2 200 1392 1
1 18.5 2 2 3 4 1.5 1 1 2 0 2 120 301 1
0 30.67 12 2 8 4 2 1 1 1 0 2 220 20 1
0 41.33 1 2 3 5 2.25 1 0 0 1 2 0 301 1
1 16.17 0.04 2 8 4 0.04 0 0 0 0 2 0 1 1
1 39.17 2.5 1 3 8 10 0 0 0 1 1 200 1 0
1 47.83 4.16 2 14 5 0.085 0 0 0 1 2 520 1 0
1 36.42 0.75 1 2 4 0.585 0 0 0 0 2 240 4 0
0 22.5 11 1 11 4 3 1 0 0 1 2 268 1 0
0 17.67 0 1 5 1 0 0 0 0 0 2 86 1 0
0 18.57 10 2 2 4 0.415 0 0 0 0 2 80 43 0
1 19.17 0 1 7 5 0 0 0 0 1 1 500 2 1
1 21.58 0.79 1 13 4 0.665 0 0 0 0 2 160 1 0
1 40.58 1.5 2 3 5 0 0 0 0 0 1 300 1 0
0 23.58 0.58 1 1 1 0.125 0 0 0 0 2 120 88 0
0 50.08 12.54 2 6 4 2.29 1 1 3 1 2 156 1 1
1 31.33 19.5 2 8 4 7 1 1 16 0 2 0 5001 1
1 22.33 11 2 9 4 2 1 1 1 0 2 80 279 1
1 37.5 1.75 1 8 5 0.25 1 0 0 1 2 164 401 0
1 34.83 2.5 1 9 4 3 0 0 0 0 1 200 1 0
1 33.17 1 2 14 4 0.75 1 1 7 1 2 340 4072 1
1 24.75 0.54 2 7 4 1 0 0 0 1 2 120 2 0
1 29.58 4.75 2 7 4 2 0 1 1 1 2 460 69 0
0 27.67 2.04 2 9 4 0.25 0 0 0 1 2 180 51 0
1 38.67 0.21 2 4 4 0.085 1 0 0 1 2 280 1 1
0 46.67 0.46 2 13 8 0.415 1 1 11 1 2 440 7 1
1 27.58 2.04 1 6 4 2 1 1 3 1 2 370 561 1
1 42.75 4.08 2 6 4 0.04 0 0 0 0 2 108 101 0
0 48.17 1.33 2 3 7 0.335 0 0 0 0 2 0 121 0
1 22.58 1.5 1 6 4 0.54 0 0 0 1 2 120 68 0
1 28 2 2 4 8 4.165 1 1 2 1 2 181 1 1
0 25 12.33 2 13 8 3.5 1 1 6 0 2 400 459 1
1 34.08 6.5 2 6 4 0.125 1 0 0 1 2 443 1 0
1 32.92 2.5 2 6 4 1.75 0 1 2 1 2 720 1 0
1 21.83 11 2 14 4 0.29 1 1 6 0 2 121 1 1
1 20 0 2 2 4 0.5 0 0 0 0 2 144 1 0
0 18.75 7.5 2 11 4 2.71 1 1 5 0 2 184 26727 1
1 38.42 0.7 2 8 4 0.375 0 1 2 0 2 225 501 0
1 30.75 1.58 2 2 4 0.585 0 0 0 1 1 0 1 0

