0 28.17 0.58 2 6 4 0.04 0 0 0 0 2 260 1005 0
0 36.58 0.28 2 1 1 0 0 1 10 0 2 200 19 0
1 16.5 0.12 2 8 4 0.165 0 0 0 0 2 132 1 0
1 20.5 10 1 8 4 2.5 1 0 0 0 1 40 1 1
1 32.83 2.5 2 13 8 2.75 1 1 6 0 2 160 2073 1
1 44.25 11 1 2 4 1.5 1 0 0 0 1 0 1 0
1 23.25 4 2 8 5 0.25 1 0 0 1 2 160 1 1
1 33 2.5 1 9 4 7 0 0 0 1 2 280 1 0
1 22.75 11.5 2 3 4 0.415 0 0 0 0 2 0 1 0
1 34 4.5 2 6 4 1 1 0 0 1 2 240 1 0
0 29.75 0.66 2 9 4 0.25 0 0 0 1 2 300 1 0
0 44.17 6.66 2 11 4 7.375 1 1 3 1 2 0 1 1
1 26.67 1.75 1 8 4 1 1 1 5 1 2 160 5778 1
1 29.92 1.83 2 8 8 4.335 1 0 0 0 2 260 201 1
0 68.67 15 2 10 9 0 1 1 14 0 2 0 3377 1
0 27.17 1.25 2 1 1 0 0 1 1 0 2 92 301 0
0 36.75 5.12 2 10 4 5 1 0 0 1 2 0 4001 1
0 20.32 10 2 8 8 1 1 1 4 0 2 50 1466 1
1 22.08 2.33 2 4 4 0.75 0 0 0 0 2 180 1 0
1 35.58 0.75 2 4 4 1.5 0 0 0 1 2 231 1 0
1 27.75 1.29 2 4 8 0.25 0 0 0 1 1 140 1 0
1 25.25 1 2 6 4 0.5 0 0 0 0 2 200 1 0
1 39.92 6.21 2 11 4 0.04 1 1 1 0 2 200 301 1
1 33.58 0.33 1 13 4 0.085 0 0 0 0 2 180 1 0
1 18.67 5 2 11 4 0.375 1 1 2 0 2 0 39 0
0 18.75 7.5 2 11 4 2.71 1 1 5 0 2 184 26727 1
0 22.92 1.25 2 11 4 0.25 0 0 0 1 2 120 810 0
1 76.75 22.29 2 10 9 12.75 1 1 1 1 2 0 110 1
0 41.58 1.04 2 6 4 0.665 0 0 0 0 2 240 238 0
1 34 5.5 1 8 4 1.5 0 0 0 1 2 60 1 0
1 30.17 1.08 1 8 4 0.04 0 0 0 0 2 170 180 0
1 33.75 2.75 2 3 5 0 0 0 0 0 2 180 1 0
1 33.67 2.16 2 8 4 1.5 0 0 0 0 3 120 1 0
1 31.92 4.46 2 13 8 6.04 1 1 3 0 2 311 301 1
1 26.25 1.54 2 9 4 0.125 0 0 0 0 2 100 1 0
0 23.58 0.58 1 1 1 0.125 0 0 0 0 2 120 88 0
1 34.92 5 2 14 8 7.5 1 1 6 1 2 0 1001 1
0 20.07 1.25 2 8 4 0 0 0 0 0 2 0 1 0
1 54.83 15.5 2 10 9 0 1 1 20 0 2 152 131 0
1 28.58 3.62 2 6 4 0.25 0 0 0 1 2 100 1 0
1 34 5.08 1 3 5 1.085 0 0 0 1 2 480 1 0
0 41.33 1 2 3 5 2.25 1 0 0 1 2 0 301 1
1 31 2.08 2 8 4 0.085 0 0 0 0 2 300 1 0
0 38.75 1.5 2 1 1 0 0 0 0 0 2 76 1 0
1 20.42 7 2 8 4 1.625 1 1 3 0 2 200 1392 1
1 62.5 12.75 1 8 8 5 1 0 0 0 2 112 1 0
1 20.17 5.62 2 9 4 1.71 1 0 0 0 1 120 1 1
1 27.83 1.54 2 9 4 3.75 1 1 5 1 2 100 4 1
0 38.33 4.41 2 8 4 0.125 0 0 0 0 2 160 1 0
0 21.75 1.75 1 5 3 0 0 0 0 0 2 160 1 0
1 24.58 1.25 2 8 4 0.25 0 0 0 0 2 110 1 0
1 52.5 6.5 2 4 4 6.29 1 1 15 0 2 0 11203 1
1 20 11.04 2 8 4 2 0 0 0 1 2 136 1 0
1 32.75 1.5 2 13 8 5.5 1 1 3 1 2 0 1 1
1 55.92 11.5 2 1 1 5 1 1 5 0 2 0 8852 1
0 41 2.04 1 11 8 0.125 1 1 23 1 2 455 1237 1
0 35.17 3.75 2 1 1 0 0 1 6 0 2 0 201 0
1 15.17 7 2 10 4 1 0 0 0 0 2 600 1 0
1 37.17 4 2 8 5 5 1 0 0 1 1 280 1 0
0 32.25 1.5 2 8 4 0.25 0 0 0 1 2 372 123 0
1 24.08 0.87 2 7 4 0.085 0 1 4 0 2 254 1951 0
1 19.42 1.5 1 13 4 2 1 0 0 1 2 100 21 0
1 21.67 1.16 1 4 4 2.5 1 1 1 0 2 180 21 0
1 37.5 1.12 1 2 4 1.5 0 0 0 1 2 431 1 1
1 21.33 10.5 2 8 4 3 1 0 0 1 2 0 1 1
1 19.42 6.5 2 9 8 1.46 1 1 7 0 2 80 2955 1
0 48.17 1.33 2 3 7 0.335 0 0 0 0 2 0 121 0
1 22.33 11 2 9 4 2 1 1 1 0 2 80 279 1
1 19.17 9.5 2 9 4 1.5 1 0 0 0 2 120 2207 1
1 23.92 0.66 2 8 4 0.165 0 0 0 0 2 100 1 1
1 19.32 9.5 2 11 4 1 1 0 0 1 2 60 401 1
0 45.33 1 2 11 4 0.125 0 0 0 1 2 263 1 0
1 31.57 4 2 14 4 5 1 1 3 1 2 290 2280 1
1.234 22.08 11.46 2 4 4 1.585 0 0 0 1 2 100 1213 0
1 38.58 3.33 2 9 4 4 1 1 14 0 2 383 1345 1
1 29.58 4.75 2 7 4 2 0 1 1 1 2 460 69 0
1 13.75 4 1 9 4 1.75 1 1 2 1 2 120 1001 1
1 22.75 11 2 11 4 2.5 1 1 7 1 2 100 810 1
1 29.83 3.5 2 8 4 0.165 0 0 0 0 2 216 1 0
1 35 2.5 2 3 4 1 0 0 0 1 2 210 1 0
1 23.58 0.83 2 3 8 0.085 0 0 0 1 2 220 6 0
0 19.17 5.41 2 3 8 0.29 0 0 0 0 2 80 485 0
0 41.17 6.5 2 11 4 0.5 1 1 3 1 2 145 1 1
0 33.17 2.25 1 13 4 3.5 0 0 0 1 2 200 142 0
1 47.67 2.5 2 7 5 2.5 1 1 12 1 2 410 2511 1
0 33.08 4.62 2 11 8 1.625 1 1 2 0 2 0 1 1
1 35.75 2.41 2 9 4 0.125 0 1 2 0 2 220 2 0
1 31.83 2.5 2 6 4 7.5 1 0 0 1 2 523 1 0
1 44.25 0.5 2 7 4 10.75 1 0 0 0 1 400 1 0
1 39.92 5 2 3 5 0.21 0 0 0 0 2 550 1 0
0 31.57 1.5 2 1 1 0 0 1 2 1 2 200 106 0
1 36.67 2 2 3 4 0.25 0 0 0 1 2 221 1 0
1 48.17 7.62 2 9 8 15.5 1 1 12 0 2 0 791 1
1 49.58 19 2 1 1 0 1 1 1 0 2 94 1 0
1 39.17 1.62 2 8 4 1.5 1 1 10 0 2 186 4701 1
1 19.5 9.58 2 6 4 0.79 0 0 0 0 2 80 351 0
1 19 1.75 1 8 4 2.335 0 0 0 1 2 112 7 0
0 22.25 1.25 1 1 1 3.25 0 0 0 0 2 280 1 0
1 18.32 1.21 1 10 2 0 0 0 0 0 2 100 1 0
0 24.92 1.25 2 1 1 0 1 0 0 0 2 80 1 0
1 27.25 0.62 2 6 4 0.455 1 0 0 1 2 200 1 0
1 31.67 16.16 2 2 4 3 1 1 9 0 2 250 731 1
1 52.33 1.37 1 8 8 9.46 1 0 0 1 2 200 101 0
1 23.5 2.75 2 1 1 4.5 0 0 0 0 2 160 26 0
1 21.58 0.79 1 13 4 0.665 0 0 0 0 2 160 1 0
1 36.17 18.12 2 9 4 0.085 0 0 0 0 2 320 3553 0
1 43.17 2.25 2 3 5 0.75 1 0 0 0 2 560 1 0
1 52.42 1.5 2 2 4 3.75 0 0 0 1 2 0 351 0
1 17.42 6.5 2 3 4 0.125 0 0 0 0 2 60 101 0
1 23.08 0 2 4 4 1 0 1 11 0 1 0 1 0
1 24.08 9 2 6 4 0.25 0 0 0 1 2 0 1 0
1 33.58 2.75 2 7 4 4.25 1 1 6 0 2 204 1 1
0 33.67 0.37 2 13 4 0.375 0 0 0 0 2 300 45 1
1 34.5 4.04 1 3 5 8.5 1 1 7 1 2 195 1 1
1 34.17 2.75 2 3 5 2.5 0 0 0 1 2 232 201 0
0 47.25 0.75 2 11 8 2.75 1 1 1 0 2 333 893 1
0 51.92 6.5 2 3 5 3.085 0 0 0 1 2 73 1 0
0 17.82 11 2 14 8 1 1 1 11 0 2 0 3001 1
1 29.42 1.25 2 8 8 0.25 0 1 2 1 2 400 109 0
1 48.5 4.25 2 7 4 0.125 1 0 0 1 2 225 1 1
1 35.17 2.5 2 4 4 4.5 1 1 7 0 2 150 1271 1
1 19.42 7.25 2 7 4 0.04 0 1 1 0 2 100 2 0
0 25.58 0 2 8 4 0 0 0 0 0 3 184 1 1
0 21.5 6 2 6 4 2.5 1 1 3 0 2 80 919 1
0 19.57 0.66 2 9 4 1.665 0 0 0 0 2 220 6 0
0 25 12.33 2 13 8 3.5 1 1 6 0 2 400 459 1
0 24.5 0.5 2 11 8 1.5 1 0 0 0 2 280 825 1
1 25.67 2.21 1 6 4 4 1 0 0 0 2 188 1 0
1 34.17 1.54 2 13 4 1.54 1 1 1 1 2 520 50001 1
1 24.83 2.75 2 8 4 2.25 1 1 6 0 2 184 601 1
0 20.75 10.25 2 11 4 0.71 1 1 2 1 2 49 1 1
1 27.83 4 1 3 8 5.75 1 1 2 1 2 75 1 0
1 20.17 9.25 2 8 4 1.665 1 1 3 1 2 40 29 1
1 25.17 3.5 2 13 4 0.625 1 1 7 0 2 0 7060 1
0 71.58 0 2 8 4 0 0 0 0 0 3 184 1 1
0 47.42 8 2 10 5 6.5 1 1 6 0 2 375 51101 1
1 34.08 6.5 2 6 4 0.125 1 0 0 1 2 443 1 0
1 27 1.5 1 9 4 0.375 1 0 0 1 2 260 1066 1
1 32.67 5.5 2 11 8 5.5 1 1 12 1 2 408 1001 1
1 47.33 6.5 2 8 4 1 0 0 0 1 2 0 229 0
0 57.58 2 2 1 1 6.5 0 1 1 0 2 0 11 0
1 19.5 0.28 2 4 4 0.29 0 0 0 0 2 280 365 0
1 32.75 2.33 2 2 8 5.75 0 0 0 1 2 292 1 0
0 69.5 6 2 1 1 0 0 0 0 0 1 0 1 0
1 23.92 0.58 1 13 8 0.125 0 0 0 0 2 240 2 0
1 59.5 2.75 2 9 4 1.75 1 1 5 1 2 60 59 1
1 16.32 2.75 2 6 4 0.665 0 1 1 0 2 80 22 0
1 42.75 4.08 2 6 4 0.04 0 0 0 0 2 108 101 0
0 20.83 0.5 1 10 2 1 0 0 0 0 2 260 1 0
1 20.75 5.08 1 5 4 0.29 0 0 0 0 2 140 185 0
0 40.83 10 2 11 8 1.75 1 0 0 0 2 29 838 1
0 16 0.16 2 6 4 1 0 1 2 1 2 320 2 0
1 20.67 5.29 2 11 4 0.375 1 1 1 0 2 160 1 0
1 56 12.5 2 4 8 8 1 0 0 1 2 24 2029 1
1 31.25 1.12 2 1 1 0 0 1 1 0 2 96 20 0
1 18.5 2 2 3 4 1.5 1 1 2 0 2 120 301 1
1 23.75 12 2 8 4 2.085 0 0 0 0 1 80 1 0
1 23.58 0.46 1 9 4 2.625 1 1 6 1 2 208 348 0
1 30.83 0 2 9 4 1.25 1 1 1 0 2 202 1 1
1 26.67 4.25 2 13 4 4.29 1 1 1 1 2 120 1 1
0 26.08 8.66 2 6 4 1.415 1 0 0 0 2 160 151 1
0 23.5 9 2 11 4 8.5 1 1 5 1 2 120 1 1
1 25.92 0.87 2 4 4 0.375 0 1 2 1 2 174 4 0
1 54.42 0.5 1 4 8 3.96 1 0 0 0 2 180 315 1
1 21 3 1 2 4 1.085 1 1 8 1 2 160 2 1

