0 28.17 0.37 2 11 4 0.585 1 1 4 0 2 80 1 1
1 19.17 9.5 2 9 4 1.5 1 0 0 0 2 120 2207 1
1 39.17 1.62 2 8 4 1.5 1 1 10 0 2 186 4701 1
1 25.33 0.57 2 8 4 0.29 1 1 7 1 2 96 5125 1
1 20.5 10 1 8 4 2.5 1 0 0 0 1 40 1 1
0 28.58 3.54 2 3 5 0.5 1 0 0 1 2 171 1 0
1 41.17 1.33 2 2 4 0.165 0 0 0 0 2 168 1 0
0 49.83 13.58 2 4 8 8.5 1 0 0 1 2 0 1 1
0 57.08 19.5 2 8 4 5.5 1 1 7 0 2 0 3001 1
1 31.25 2.83 2 1 1 0 0 1 5 0 2 176 147 0
0 38.25 6 2 4 4 1 1 0 0 1 2 0 1 1
1 26.83 0.54 2 4 1 0 0 0 0 0 2 100 1 0
1 22.67 1.58 1 9 4 3.085 1 1 6 0 2 80 1 1
1 23.5 3.16 1 4 4 0.415 0 1 1 1 2 280 81 0
1 51.58 15 2 8 4 8.5 1 1 9 0 2 0 1 1
0 19.57 0.66 2 9 4 1.665 0 0 0 0 2 220 6 0
1 28.33 5 2 9 4 11 1 0 0 1 2 70 1 1
1 17.07 0.25 2 11 4 0.335 0 1 4 0 2 160 9 0
1 29.17 3.5 2 9 4 3.5 1 1 3 1 2 329 1 0
1 44.25 0.5 2 7 4 10.75 1 0 0 0 1 400 1 0
0 19.17 5.41 2 3 8 0.29 0 0 0 0 2 80 485 0
1 36.33 3.79 2 9 4 1.165 1 0 0 1 2 200 1 0
1 21.92 0.5 2 8 4 0.125 0 0 0 0 2 360 1 0
1 34.67 1.08 2 7 4 1.165 0 0 0 0 1 28 1 0
1 27.25 1.66 2 13 8 5.085 1 1 9 0 2 399 828 1
1 64.08 20 2 14 8 17.5 1 1 9 1 2 0 1001 1
0 52.83 15 2 8 4 5.5 1 1 14 0 2 0 2201 1
1 36.17 0.42 1 9 4 0.29 0 0 0 1 2 309 3 0
1 19.67 0.37 2 11 4 2 1 1 2 1 2 80 1 1
1 21.67 1.16 1 4 4 2.5 1 1 1 0 2 180 21 0
1 29.83 1.25 1 4 4 0.25 0 0 0 0 2 224 1 0
0 26.92 13.5 2 11 8 5 1 1 2 0 2 0 5001 1
0 16 0.16 2 6 4 1 0 1 2 1 2 320 2 0
1 24.5 13.33 1 6 4 0.04 0 0 0 1 2 120 476 0
1 31.57 0.5 2 8 5 0.835 1 0 0 1 1 320 1 0
1 39.42 1.71 1 7 4 0.165 0 0 0 0 1 400 1 0
0 35.17 3.75 2 1 1 0 0 1 6 0 2 0 201 0
0 29.5 1.08 1 14 4 1 0 0 0 0 2 280 14 0
1 34.58 0 2 8 4 0 0 0 0 0 3 184 1 0
0 31.57 11.25 2 1 1 0 0 0 0 0 2 184 5201 0
0 31.75 3 1 5 3 0 0 0 0 0 2 160 21 0
0 22.67 0.79 2 3 4 0.085 0 0 0 0 2 144 1 0
1 48.08 6.04 2 4 4 0.04 0 0 0 0 2 0 2691 1
0 16.92 0.5 2 3 4 0.165 0 1 6 1 2 240 36 0
1 40.92 2.25 1 14 8 10 1 0 0 1 2 176 1 0
1 16.92 0.33 1 4 4 0.29 0 0 0 0 1 200 1 0
0 55.75 7.08 2 4 8 6.75 1 1 3 1 2 100 51 0
0 28.58 3.75 2 8 4 0.25 0 1 1 1 2 40 155 0
1 34.17 2.75 2 3 5 2.5 0 0 0 1 2 232 201 0
1 38.92 1.75 2 4 4 0.5 0 0 0 1 2 300 3 0
0 25.17 2.87 2 14 8 0.875 1 0 0 0 2 360 1 1
1 39.17 1.71 2 14 4 0.125 1 1 5 1 2 480 1 1
1 39.25 9.5 2 7 4 6.5 1 1 14 0 2 240 4608 1
1 28.67 9.33 2 11 8 5.665 1 1 6 0 2 381 169 1
1 39.92 5 2 3 5 0.21 0 0 0 0 2 550 1 0
1 40.25 21.5 2 10 9 20 1 1 11 0 2 0 1201 1
1 49.58 19 2 1 1 0 1 1 1 0 2 94 1 0
0 71.58 0 2 8 4 0 0 0 0 0 3 184 1 1
1 31.57 4 2 14 4 5 1 1 3 1 2 290 2280 1
0 53.33 0.16 2 1 1 0 0 0 0 1 1 62 28 0
0 36 1 2 8 4 2 1 1 11 0 2 0 457 1
0 25.75 0.5 2 8 8 0.875 1 0 0 1 2 491 1 1
1 34.92 2.5 2 9 4 0 1 0 0 1 2 239 201 1
1 51.83 3 1 1 1 1.5 0 0 0 0 2 180 5 0
1 20.07 0.25 2 11 4 0.125 0 0 0 0 2 200 1 0
1 43.17 2.25 2 3 5 0.75 1 0 0 0 2 560 1 0
1 28.75 1.16 2 4 4 0.5 1 0 0 0 1 280 1 0
0 21.67 11.5 1 5 3 0 1 1 11 1 2 0 1 1
1 42.75 4.08 2 6 4 0.04 0 0 0 0 2 108 101 0
1 20.5 2.41 2 8 4 2 1 1 11 1 2 200 3001 1
1 23.92 1.5 2 2 8 1.875 1 1 6 0 2 200 328 1
0 20.5 11.83 2 8 8 6 1 0 0 0 2 340 1 1
1 39 5 2 13 4 3.5 1 1 10 1 2 0 1 1
0 41.33 1 2 3 5 2.25 1 0 0 1 2 0 301 1
0 26.5 2.71 1 8 4 0.085 0 0 0 0 1 80 1 0
1 67.75 5.5 2 10 9 13 1 1 1 1 2 0 1 1
1 18.25 0.16 2 2 4 0.25 0 0 0 1 1 280 1 0
1 29.42 1.25 2 9 4 1.75 0 0 0 0 2 200 1 0
0 24.75 3 2 11 8 1.835 1 1 19 0 2 0 501 1
1 26.75 2 2 2 4 0.75 0 0 0 1 2 80 1 0
1 33.58 0.25 2 3 5 4 0 0 0 1 1 420 1 0
0 22.5 8.5 2 11 4 1.75 1 1 10 0 2 80 991 0
0 17.92 0.54 2 8 4 1.75 0 1 1 1 2 80 6 0
1 17.42 6.5 2 3 4 0.125 0 0 0 0 2 60 101 0
0 20.67 1.83 2 11 4 2.085 1 1 5 0 2 220 2504 1
0 47.25 0.75 2 11 8 2.75 1 1 1 0 2 333 893 1
1 22.33 11 2 9 4 2 1 1 1 0 2 80 279 1
1.234 22.08 11.46 2 4 4 1.585 0 0 0 1 2 100 1213 0
1 26.25 1.54 2 9 4 0.125 0 0 0 0 2 100 1 0
0 23.58 0.58 1 1 1 0.125 0 0 0 0 2 120 88 0
1 37.33 6.5 2 7 8 4.25 1 1 12 1 2 93 1 1
1 60.08 14.5 2 1 1 18 1 1 15 1 2 0 1001 1
1 53.92 9.62 2 10 4 8.665 1 1 5 0 2 0 1 1
1 27.67 13.75 2 9 4 5.75 1 0 0 1 2 487 501 1
1 21.42 0.75 1 12 7 0.75 0 0 0 1 2 132 3 0
1 27.83 1.5 2 9 4 2 1 1 11 1 2 434 36 1
0 37.33 2.5 2 3 8 0.21 0 0 0 0 2 260 247 0
0 30 5.29 2 10 2 2.25 1 1 5 1 2 99 501 1
1 21.33 10.5 2 8 4 3 1 0 0 1 2 0 1 1
0 25.58 0 2 8 4 0 0 0 0 0 3 184 1 1
1 34.42 4.25 2 3 5 3.25 1 1 2 0 2 274 611 1
0 22.42 11.25 1 14 8 0.75 1 1 4 0 2 0 322 1
0 25 11 1 6 4 4.5 1 0 0 0 2 120 1 0
0 57.58 2 2 1 1 6.5 0 1 1 0 2 0 11 0
0 37.75 5.5 2 11 4 0.125 1 0 0 1 2 228 1 1
0 24.5 12.75 2 8 5 4.75 1 1 2 0 2 73 445 1
1 32.25 14 1 1 1 0 0 1 2 0 2 160 2 0
1 21.08 10.08 1 10 8 1.25 0 0 0 0 2 260 1 0
1 22.75 11.5 2 3 4 0.415 0 0 0 0 2 0 1 0
0 25.08 2.54 1 6 4 0.25 1 0 0 1 2 370 1 1
1 20.17 9.25 2 8 4 1.665 1 1 3 1 2 40 29 1
1 48.75 8.5 2 8 8 12.5 1 1 9 0 2 181 1656 1
0 25.25 13.5 1 1 1 2 0 1 1 1 2 200 2 0
1 37.42 2.04 2 9 4 0.04 1 0 0 1 2 400 5801 1
0 46.67 0.46 2 13 8 0.415 1 1 11 1 2 440 7 1
1 36.17 5.5 2 3 5 5 0 0 0 0 2 210 688 0
1 19.42 6.5 2 9 8 1.46 1 1 7 0 2 80 2955 1
1 17.57 10 2 9 8 0.165 0 1 1 0 2 120 2 0
0 33.17 2.25 1 13 4 3.5 0 0 0 1 2 200 142 0
1 36.17 18.12 2 9 4 0.085 0 0 0 0 2 320 3553 0
1 28.17 0.12 1 4 4 0.085 0 0 0 0 2 216 2101 0
1 42.75 3 2 3 5 1 1 0 0 0 2 0 201 0
0 20.42 10.5 1 14 8 0 0 0 0 1 2 154 33 0
0 57.08 0.33 2 3 5 1 1 0 0 1 2 252 2198 0
1 32.33 2.5 2 8 4 1.25 0 0 0 1 2 280 1 0
1 34.25 3 2 13 8 7.415 1 0 0 1 2 0 1 1
0 30.25 5.5 2 4 4 5.5 0 0 0 1 1 100 1 0
1 43.25 25.21 2 11 8 0.21 1 1 1 0 2 760 91 0
1 80.25 5.5 2 8 4 0.54 1 0 0 0 2 0 341 0
0 22.92 1.25 2 11 4 0.25 0 0 0 1 2 120 810 0
0 33.08 1.62 2 2 4 0.54 0 0 0 1 2 0 1 0
1 25 12.5 2 6 4 3 1 0 0 1 1 20 1 1
1 19.17 4 1 3 4 1 0 0 0 1 2 360 1001 0
1 47.33 6.5 2 8 4 1 0 0 0 1 2 0 229 0
1 30.17 6.5 2 13 4 3.125 1 1 8 0 2 330 1201 1
1 41 0.04 2 10 4 0.04 0 1 1 0 1 560 1 1
1 34.92 5 2 14 8 7.5 1 1 6 1 2 0 1001 1
1 23.58 0.83 2 3 8 0.085 0 0 0 1 2 220 6 0
1 30.08 1.04 1 3 5 0.5 1 1 10 1 2 132 29 0
1 31.25 1.12 2 1 1 0 0 1 1 0 2 96 20 0
0 22.67 0.75 2 8 4 2 0 1 2 1 2 200 395 0
1 30.67 2.5 2 13 8 2.25 0 0 0 1 1 340 1 0
0 45.33 1 2 11 4 0.125 0 0 0 1 2 263 1 0
0 36.58 0.28 2 1 1 0 0 1 10 0 2 200 19 0
1 27.58 2.04 1 6 4 2 1 1 3 1 2 370 561 1
0 23.5 9 2 11 4 8.5 1 1 5 1 2 120 1 1
1 31 2.08 2 8 4 0.085 0 0 0 0 2 300 1 0
1 20.67 0.83 1 8 4 2 0 0 0 1 1 240 1 0
0 56.5 16 2 5 1 0 1 1 15 0 2 0 248 1
0 21.92 11.66 2 4 8 0.085 0 0 0 0 2 320 6 0
1 41.33 0 2 8 5 15 1 0 0 0 2 0 1 1
0 18.75 7.5 2 11 4 2.71 1 1 5 0 2 184 26727 1
0 40.83 3.5 2 3 5 0.5 0 0 0 0 1 1160 1 0
1 29.83 3.5 2 8 4 0.165 0 0 0 0 2 216 1 0
0 30.5 6.5 2 8 5 4 1 1 7 1 2 0 3066 1
1 22.08 0.83 2 8 8 2.165 0 0 0 1 2 128 1 1
0 23.5 1.5 2 9 4 0.875 0 0 0 1 2 160 1 0
0 44.17 6.66 2 11 4 7.375 1 1 3 1 2 0 1 1
0 24.75 13.66 2 11 8 1.5 0 0 0 0 2 280 2 0
1 22.83 3 2 7 4 1.29 1 1 1 0 2 260 801 1
1 34.25 1.75 2 9 5 0.25 1 0 0 1 2 163 1 0
1 26.17 12.5 1 4 8 1.25 0 0 0 1 2 0 18 0
1 45.17 1.5 2 8 4 2.5 1 0 0 1 2 140 1 0
1 29.58 4.5 2 9 4 7.5 1 1 2 1 2 330 1 1
0 26.58 2.54 1 1 1 0 0 0 0 1 2 180 61 0

