1 31.57 10.5 2 14 4 6.5 1 0 0 0 2 0 1 1
0 25.33 2.08 2 8 8 2.75 1 0 0 1 2 360 2 0
1 22.58 10.03 2 14 4 0.04 1 1 9 0 2 60 397 1
0 18.82 4.41 1 8 8 3 1 0 0 0 2 240 1 1
0 35.17 3.75 2 1 1 0 0 1 6 0 2 0 201 0
0 27.58 3 2 7 4 2.79 0 1 1 1 2 280 11 0
1 28.67 9.33 2 11 8 5.665 1 1 6 0 2 381 169 1
1 31.57 3 1 3 5 7 0 0 0 0 2 0 2 0
1 25.67 2.21 1 6 4 4 1 0 0 0 2 188 1 0
1 21.42 0.75 1 12 7 0.75 0 0 0 1 2 132 3 0
0 32.25 1.5 2 8 4 0.25 0 0 0 1 2 372 123 0
1 19.5 9.58 2 6 4 0.79 0 0 0 0 2 80 351 0
1 37.58 0 2 8 4 0 0 0 0 0 3 184 1 1
1 25.25 1 2 6 4 0.5 0 0 0 0 2 200 1 0
1 21.5 11.5 2 3 4 0.5 1 0 0 1 2 100 69 0
1 37.5 1.12 1 2 4 1.5 0 0 0 1 2 431 1 1
0 29.5 1.08 1 14 4 1 0 0 0 0 2 280 14 0
0 31.57 11.25 2 1 1 0 0 0 0 0 2 184 5201 0
1 26.17 0.25 2 3 5 0 1 0 0 1 2 0 1 1
0 33.92 1.58 1 1 1 0 1 0 0 0 2 320 1 0
1 38.92 1.75 2 4 4 0.5 0 0 0 1 2 300 3 0
1 41.58 1.75 2 4 4 0.21 1 0 0 0 2 160 1 0
1 31.57 0.62 2 4 4 0.25 0 0 0 0 2 380 2011 0
0 16 0.16 2 6 4 1 0 1 2 1 2 320 2 0
0 40.33 7.54 1 11 8 8 1 1 14 0 2 0 2301 1
1 40.58 1.5 2 3 5 0 0 0 0 0 1 300 1 0
1 32.83 2.5 2 13 8 2.75 1 1 6 0 2 160 2073 1
1 35 3.37 2 8 8 8.29 0 0 0 1 2 0 1 0
1 39.92 0.54 1 6 4 0.5 1 1 3 0 2 200 1001 1
1 40.25 21.5 2 10 9 20 1 1 11 0 2 0 1201 1
1 20 7 2 8 4 0.5 0 0 0 0 2 0 1 0
0 33.25 3 1 6 4 2 0 0 0 0 2 180 1 0
0 26.5 2.71 1 8 4 0.085 0 0 0 0 1 80 1 0
1 25.92 0.87 2 4 4 0.375 0 1 2 1 2 174 4 0
1 22.75 11.5 2 3 4 0.415 0 0 0 0 2 0 1 0
0 24.5 2.41 1 8 4 0 0 0 0 0 2 120 1 0
1 40.58 5 2 8 4 5 1 1 7 0 2 0 3066 1
1 48.75 26.33 1 1 1 0 1 0 0 1 2 0 1 0
0 17.67 0 1 5 1 0 0 0 0 0 2 86 1 0
1 26.67 14.58 2 3 5 0 0 0 0 1 2 178 1 0
1 20.5 10 1 8 4 2.5 1 0 0 0 1 40 1 1
1 80.25 5.5 2 8 4 0.54 1 0 0 0 2 0 341 0
0 20.75 10.25 2 11 4 0.71 1 1 2 1 2 49 1 1
1 37.5 0.83 2 10 4 0.04 0 0 0 0 2 120 6 0
1 26.75 2 2 2 4 0.75 0 0 0 1 2 80 1 0
1 40.92 2.25 1 14 8 10 1 0 0 1 2 176 1 0
1 39.33 5.87 2 13 8 10 1 1 14 1 2 399 1 1
1 22.67 0.75 2 3 4 1.585 0 1 1 1 2 400 10 0
1 40 6.5 2 6 5 3.5 1 1 1 0 2 0 501 1
1 26.33 13 2 10 2 0 0 0 0 1 2 140 1111 0
0 37.33 2.5 2 3 8 0.21 0 0 0 0 2 260 247 0
1 18.57 5.71 2 2 4 0.54 0 0 0 0 2 120 1 0
1 33.58 2.75 2 7 4 4.25 1 1 6 0 2 204 1 1
1 19.42 7.25 2 7 4 0.04 0 1 1 0 2 100 2 0
0 20.42 7.5 2 4 4 1.5 1 1 1 0 2 160 235 1
1 31.57 0.5 2 8 5 0.835 1 0 0 1 1 320 1 0
1 35.25 16.5 1 8 4 4 1 0 0 0 2 80 1 0
1 29.25 14.79 2 6 4 5.04 1 1 5 1 2 168 1 1
0 28.17 0.37 2 11 4 0.585 1 1 4 0 2 80 1 1
1 33.67 1.25 2 9 4 1.165 0 0 0 0 2 120 1 0
1 25.5 0.37 2 7 4 0.25 1 1 3 0 2 260 15109 1
0 36.75 4.71 2 1 1 0 0 0 0 0 2 160 1 0
1 22.67 10.5 2 11 8 1.335 1 0 0 0 2 100 1 1
1 56 12.5 2 4 8 8 1 0 0 1 2 24 2029 1
1 21.83 0.25 2 2 8 0.665 1 0 0 1 2 0 1 1
1 34.17 9.17 2 8 4 4.5 1 1 12 1 2 0 222 1
0 20.32 10 2 8 8 1 1 1 4 0 2 50 1466 1
0 38.33 4.41 2 8 4 0.125 0 0 0 0 2 160 1 0
1 52.42 1.5 2 2 4 3.75 0 0 0 1 2 0 351 0
1 29.5 0.57 2 9 4 0.29 0 1 1 0 2 340 2804 0
0 22.67 0.33 2 11 4 0.75 0 0 0 0 1 160 1 0
1 20.67 1.25 1 8 8 1.375 1 1 3 1 2 140 211 0
0 23.58 11.5 1 4 8 3 0 0 0 1 2 20 17 0
1 20.17 5.62 2 9 4 1.71 1 0 0 0 1 120 1 1
1 34.17 5.25 2 9 4 0.085 0 0 0 1 2 290 7 1
1 23.25 12.62 2 8 4 0.125 0 1 2 0 2 0 5553 0
0 47 13 2 3 5 5.165 1 1 9 1 2 0 1 1
1 39.17 2.5 1 3 8 10 0 0 0 1 1 200 1 0
1 47.33 6.5 2 8 4 1 0 0 0 1 2 0 229 0
1 42.75 3 2 3 5 1 1 0 0 0 2 0 201 0
1 27.75 0.58 1 13 4 0.25 1 1 2 0 2 260 501 1
1 42 0.2 2 3 8 5.125 1 0 0 0 2 400 1 1
1 23.17 0 2 13 4 0.085 1 0 0 0 2 0 1 1
0 22.5 11 1 11 4 3 1 0 0 1 2 268 1 0
1 23.08 0 2 4 4 1 0 1 11 0 1 0 1 0
0 65.17 14 2 1 1 0 1 1 11 1 2 0 1401 1
0 30.58 10.66 2 11 8 0.085 0 1 12 1 2 129 4 0
1 45.17 1.5 2 8 4 2.5 1 0 0 1 2 140 1 0
1 39.92 6.21 2 11 4 0.04 1 1 1 0 2 200 301 1
1 44.83 7 1 8 4 1.625 0 0 0 0 2 160 3 0
1 51.42 0.04 2 14 8 0.04 1 0 0 0 2 0 3001 1
0 27.67 2.04 2 9 4 0.25 0 0 0 1 2 180 51 0
0 22.5 0.41 2 3 4 0.335 0 0 0 1 1 144 1 0
1 39.5 4.25 2 8 5 6.5 1 1 16 0 2 117 1211 1
1 18.07 5.5 2 4 4 0.5 1 0 0 0 2 80 1 1
0 31.57 1.5 2 1 1 0 0 1 2 1 2 200 106 0
0 17.57 9 2 6 4 1.375 1 0 0 1 2 0 1 1
1 23.42 0.58 2 8 8 0.085 1 0 0 0 2 180 1 0
1 34.58 0 2 8 4 0 0 0 0 0 3 184 1 0
1 23.33 11.62 1 9 4 0.835 1 0 0 1 2 160 301 1
1 34.17 1.54 2 13 4 1.54 1 1 1 1 2 520 50001 1
1 44.25 0.5 2 7 4 10.75 1 0 0 0 1 400 1 0
1 31.83 2.5 2 6 4 7.5 1 0 0 1 2 523 1 0
1 31.08 1.5 1 9 4 0.04 0 0 0 0 1 160 1 0
1 32.75 2.33 2 2 8 5.75 0 0 0 1 2 292 1 0
1 39.58 5 2 1 1 0 0 1 2 0 2 17 2 0
1 22.25 0.46 2 4 4 0.125 0 0 0 1 2 280 56 0
0 31.25 3.75 2 13 8 0.625 1 1 9 1 2 181 1 1
1 28.92 0.37 2 8 4 0.29 0 0 0 0 2 220 141 0
1 21.17 0.25 1 8 8 0.25 0 0 0 0 2 280 205 0
1 23.75 0.41 1 8 4 0.04 0 1 2 0 2 128 7 0
1 34.08 2.5 2 8 4 1 0 0 0 0 2 460 17 0
0 20.83 3 2 6 4 0.04 1 0 0 0 2 100 1 1
1 24.08 9 2 6 4 0.25 0 0 0 1 2 0 1 0
0 25.75 0.5 2 8 8 0.875 1 0 0 1 2 491 1 1
0 20.42 0.83 2 11 4 1.585 1 1 1 0 2 0 1 1
1 23.08 11.5 2 9 8 2.125 1 1 11 1 2 290 285 1
0 24.75 13.66 2 11 8 1.5 0 0 0 0 2 280 2 0
0 17.82 11 2 14 8 1 1 1 11 0 2 0 3001 1
1 19.42 1.5 1 13 4 2 1 0 0 1 2 100 21 0
1 36.33 3.79 2 9 4 1.165 1 0 0 1 2 200 1 0
1 34.75 15 2 12 7 5.375 1 1 9 1 2 0 135 1
1 34.08 0.08 1 7 5 0.04 1 1 1 1 2 280 2001 1
0 60.58 16.5 2 11 4 11 1 0 0 1 2 21 10562 1
1 23.33 1.5 2 8 8 1.415 1 0 0 0 2 422 201 1
1 23.25 4 2 8 5 0.25 1 0 0 1 2 160 1 1
0 38.92 1.66 2 6 4 0.25 0 0 0 0 2 0 391 0
1 28.92 15 2 8 8 5.335 1 1 11 0 2 0 2284 1
1 17.07 0.08 1 8 4 0.04 0 0 0 0 2 140 723 0
1 26.25 1.54 2 9 4 0.125 0 0 0 0 2 100 1 0
1 26.67 1.75 1 8 4 1 1 1 5 1 2 160 5778 1
0 18.42 9.25 2 11 4 1.21 1 1 4 0 2 60 541 1
1 42 9.78 2 14 8 7.96 1 1 8 0 2 0 1 1
1 31.92 4.46 2 13 8 6.04 1 1 3 0 2 311 301 1
0 15.83 0.58 2 8 8 1.5 1 1 2 0 2 100 1 1
0 28.42 3.5 2 9 4 0.835 1 0 0 0 1 280 1 1
1 22.08 11 2 13 4 0.665 1 0 0 0 2 100 1 1
0 24.83 4.5 2 9 4 1 0 0 0 1 2 360 7 0
1 28.25 5.12 2 14 4 4.75 1 1 2 0 2 420 8 1
1 24.33 6.62 1 2 4 5.5 1 0 0 1 1 100 1 1
0 50.25 0.83 2 6 4 0.5 0 0 0 1 2 240 118 0
1 18.07 6.75 1 7 4 0.04 0 0 0 0 2 140 1 0
1 48.33 12 2 7 4 16 1 0 0 0 1 110 1 1
1 29.42 1.25 2 9 4 1.75 0 0 0 0 2 200 1 0
1 20.67 5.29 2 11 4 0.375 1 1 1 0 2 160 1 0
0 27.25 0.28 2 7 8 0.125 0 1 1 1 2 272 109 0
0 33.67 0.37 2 13 4 0.375 0 0 0 0 2 300 45 1
1 27.67 2 2 14 8 1 1 1 4 0 2 140 7545 1
1 18.17 2.46 2 8 7 0.96 0 1 2 1 2 160 588 0
1 48.08 3.75 2 3 5 1 0 0 0 0 2 100 3 0
0 25 0.87 2 14 8 1.04 1 0 0 1 2 160 5861 1
0 35.75 0.91 2 6 4 0.75 1 1 4 0 2 0 1584 1
0 22.58 10.75 2 11 4 0.415 1 1 5 1 2 0 561 1
1 23.5 3.16 1 4 4 0.415 0 1 1 1 2 280 81 0
1 48.5 4.25 2 7 4 0.125 1 0 0 1 2 225 1 1
0 31.57 3.5 2 2 4 3 1 0 0 1 2 300 1 0
1 27 0.75 2 8 8 4.25 1 1 3 1 2 312 151 1
0 47.42 3 2 14 4 13.875 1 1 2 1 2 519 1705 1
0 26.17 2 2 5 3 0 0 0 0 1 2 276 2 0
0 15.83 7.62 2 11 4 0.125 0 1 1 1 2 0 161 0
1 28.17 0.12 1 4 4 0.085 0 0 0 0 2 216 2101 0
0 30.67 12 2 8 4 2 1 1 1 0 2 220 20 1
0 16.5 1.25 2 11 4 0.25 0 1 1 0 2 108 99 0
0 21.08 5 1 1 1 0 0 0 0 0 2 0 1 0
0 16.92 0.5 2 3 4 0.165 0 1 6 1 2 240 36 0

