0 35.75 0.91 2 6 4 0.75 1 1 4 0 2 0 1584 1
1 48.75 26.33 1 1 1 0 1 0 0 1 2 0 1 0
1 28.92 0.37 2 8 4 0.29 0 0 0 0 2 220 141 0
1 50.75 0.58 2 1 1 0 0 0 0 0 2 145 1 0
1 31.67 16.16 2 2 4 3 1 1 9 0 2 250 731 1
1 25.42 0.54 2 9 4 0.165 0 1 1 0 2 272 445 0
0 38.58 5 2 13 4 13.5 1 0 0 1 2 980 1 0
1 27.67 13.75 2 9 4 5.75 1 0 0 1 2 487 501 1
1 55.92 11.5 2 1 1 5 1 1 5 0 2 0 8852 1
0 18.42 9.25 2 11 4 1.21 1 1 4 0 2 60 541 1
0 22.42 5.66 2 11 4 2.585 1 1 7 0 2 129 3258 1
1 25.83 12.83 2 13 4 0.5 0 0 0 0 2 0 3 0
1 40.58 1.5 2 3 5 0 0 0 0 0 1 300 1 0
1 25.17 3 2 8 4 1.25 0 1 1 0 2 0 23 0
1 52.42 1.5 2 2 4 3.75 0 0 0 1 2 0 351 0
0 20.42 0.83 2 11 4 1.585 1 1 1 0 2 0 1 1
0 25 12.33 2 13 8 3.5 1 1 6 0 2 400 459 1
0 23.58 11.5 1 4 8 3 0 0 0 1 2 20 17 0
1 63.33 0.54 2 8 4 0.585 1 1 3 1 2 180 1 0
0 36.58 0.28 2 1 1 0 0 1 10 0 2 200 19 0
1 34.17 1.54 2 13 4 1.54 1 1 1 1 2 520 50001 1
0 25.25 13.5 1 1 1 2 0 1 1 1 2 200 2 0
1 25.75 0.5 2 8 4 1.46 1 1 5 1 2 312 1 1
0 26.92 13.5 2 11 8 5 1 1 2 0 2 0 5001 1
1 21.17 0.87 1 8 8 0.25 0 0 0 0 2 280 205 0
1 47.33 6.5 2 8 4 1 0 0 0 1 2 0 229 0
1 20.5 10 1 8 4 2.5 1 0 0 0 1 40 1 1
1 25.75 0.75 2 8 5 0.25 1 0 0 0 2 349 24 1
0 36 1 2 8 4 2 1 1 11 0 2 0 457 1
0 18.92 9 2 6 4 0.75 1 1 2 0 2 88 592 1
1 26.17 12.5 1 4 8 1.25 0 0 0 1 2 0 18 0
0 16.07 0.33 2 1 1 0 0 1 1 0 2 160 127 0
1 38.25 10.12 1 4 4 0.125 0 0 0 0 2 160 1 0
1 23.5 2.75 2 1 1 4.5 0 0 0 0 2 160 26 0
0 20.42 10.5 1 14 8 0 0 0 0 1 2 154 33 0
1 23.25 1.5 2 11 4 2.375 1 1 3 1 2 0 583 1
1 42.17 5.04 2 11 8 12.75 1 0 0 1 2 92 1 1
1 23.92 0.58 1 13 8 0.125 0 0 0 0 2 240 2 0
1 21.25 1.5 2 9 4 1.5 0 0 0 0 2 150 9 1
0 17.32 9.5 2 6 4 1.75 0 1 10 1 2 0 11 0
1 23.17 0 2 8 4 0 0 0 0 0 3 184 1 1
1 34.08 6.5 2 6 4 0.125 1 0 0 1 2 443 1 0
1 19.5 9.58 2 6 4 0.79 0 0 0 0 2 80 351 0
1 18.5 2 2 3 4 1.5 1 1 2 0 2 120 301 1
1 60.08 14.5 2 1 1 18 1 1 15 1 2 0 1001 1
1 25.67 0.28 1 8 4 1.5 0 0 0 1 2 160 1 0
0 22.5 8.46 1 14 4 2.46 0 0 0 0 2 164 1 1
0 19.67 0.21 2 11 8 0.29 1 1 11 0 2 80 100 1
1 31.57 3 1 3 5 7 0 0 0 0 2 0 2 0
1 33.75 2.75 2 3 5 0 0 0 0 0 2 180 1 0
0 50.25 0.83 2 6 4 0.5 0 0 0 1 2 240 118 0
1 19.67 0.37 2 11 4 2 1 1 2 1 2 80 1 1
0 23.5 9 2 11 4 8.5 1 1 5 1 2 120 1 1
0 24.5 12.75 2 8 5 4.75 1 1 2 0 2 73 445 1
0 26.58 2.54 1 1 1 0 0 0 0 1 2 180 61 0
0 60.58 16.5 2 11 4 11 1 0 0 1 2 21 10562 1
1 27.42 12.5 2 6 5 0.25 0 0 0 1 2 720 1 0
1 39.58 13.91 2 9 4 8.625 1 1 6 1 2 70 1 1
1 21.42 0.75 1 12 7 0.75 0 0 0 1 2 132 3 0
1 24.42 2 2 10 2 0.165 0 1 2 0 2 320 1301 0
1 21.67 1.16 1 4 4 2.5 1 1 1 0 2 180 21 0
1 20.17 5.62 2 9 4 1.71 1 0 0 0 1 120 1 1
0 24.5 1.04 1 1 1 0.5 1 1 3 0 2 180 148 0
1 22.17 2.25 2 3 4 0.125 0 0 0 0 2 160 11 0
1 49.17 2.29 2 1 1 0.29 0 0 0 0 2 200 4 0
1 39.5 4.25 2 8 5 6.5 1 1 16 0 2 117 1211 1
1 37.33 2.66 2 13 4 0.165 0 0 0 1 2 0 502 0
1 35.17 4.5 2 14 8 5.75 0 0 0 1 1 711 1 1
1 18.57 10.29 2 1 1 0.415 0 0 0 0 2 80 1 0
1 36.17 5.5 2 3 5 5 0 0 0 0 2 210 688 0
1 23.08 11.5 2 3 4 3.5 1 1 9 0 2 56 743 1
1 25.58 0.33 2 4 8 3.5 0 0 0 1 2 340 1 0
1 31.57 0.5 2 8 5 0.835 1 0 0 1 1 320 1 0
1 22 7.83 1 3 5 0.165 0 0 0 1 2 184 1 0
1 39.17 1.71 2 14 4 0.125 1 1 5 1 2 480 1 1
1 41.58 1.75 2 4 4 0.21 1 0 0 0 2 160 1 0
1 21.5 9.75 2 8 4 0.25 1 0 0 0 2 140 1 0
0 46.08 3 2 8 4 2.375 1 1 8 1 2 396 4160 1
0 28.5 1 2 11 4 1 1 1 2 1 2 167 501 0
1 22.08 2.33 2 4 4 0.75 0 0 0 0 2 180 1 0
0 65.17 14 2 1 1 0 1 1 11 1 2 0 1401 1
1 27 1.5 1 9 4 0.375 1 0 0 1 2 260 1066 1
1 26.67 14.58 2 3 5 0 0 0 0 1 2 178 1 0
0 25.25 12.5 2 2 4 1 0 0 0 1 2 180 1063 0
1 27.83 1.54 2 9 4 3.75 1 1 5 1 2 100 4 1
0 23.75 0.71 2 9 4 0.25 0 1 1 1 2 240 5 0
1 37.42 2.04 2 9 4 0.04 1 0 0 1 2 400 5801 1
1 29.25 13 2 2 8 0.5 0 0 0 0 2 228 1 0
1 33.17 1 2 14 4 0.75 1 1 7 1 2 340 4072 1
1 37.5 1.75 1 8 5 0.25 1 0 0 1 2 164 401 0
0 40.33 7.54 1 11 8 8 1 1 14 0 2 0 2301 1
0 22.83 2.29 2 11 8 2.29 1 1 7 1 2 140 2385 1
0 17.57 9 2 6 4 1.375 1 0 0 1 2 0 1 1
1 19.42 1.5 1 13 4 2 1 0 0 1 2 100 21 0
0 19.17 8.58 2 13 8 0.75 1 1 7 0 2 96 1 1
1 21.83 1.54 2 4 4 0.085 0 0 0 1 2 356 1 0
0 33.08 1.62 2 2 4 0.54 0 0 0 1 2 0 1 0
1 36.75 0.12 1 8 4 1.5 0 0 0 1 2 232 114 1
1 20.25 9.96 2 10 2 0 1 0 0 0 2 0 1 1
1 16.32 2.75 2 6 4 0.665 0 1 1 0 2 80 22 0
1 44.25 11 1 2 4 1.5 1 0 0 0 1 0 1 0
1 17.07 0.08 1 8 4 0.04 0 0 0 0 2 140 723 0
0 34.83 1.25 1 3 8 0.5 0 0 0 1 2 160 1 0
0 41.33 1 2 3 5 2.25 1 0 0 1 2 0 301 1
0 33.25 3 1 6 4 2 0 0 0 0 2 180 1 0
0 20.67 3 2 11 4 0.165 1 1 3 0 2 100 7 1
1 34 5.5 1 8 4 1.5 0 0 0 1 2 60 1 0
1 32.08 4 1 13 4 1.5 0 0 0 1 2 120 1 0
0 33.67 0.37 2 13 4 0.375 0 0 0 0 2 300 45 1
1 23 0.75 2 7 4 0.5 1 0 0 1 1 320 1 0
1 26.75 4.5 1 8 5 2.5 0 0 0 0 2 200 1211 0
1 43.08 0.37 1 8 4 0.375 1 1 8 1 2 300 163 1
0 20.07 1.25 2 8 4 0 0 0 0 0 2 0 1 0
0 15.83 0.58 2 8 8 1.5 1 1 2 0 2 100 1 1
1 30.33 0.5 2 2 8 0.085 0 0 0 1 1 252 1 0
1 32 1.75 1 10 8 0.04 1 0 0 1 2 393 1 1
0 23.5 1.5 2 9 4 0.875 0 0 0 1 2 160 1 0
0 25.42 1.12 2 11 4 1.29 1 1 2 0 2 200 1 0
1 48.08 6.04 2 4 4 0.04 0 0 0 0 2 0 2691 1
1 28.67 9.33 2 11 8 5.665 1 1 6 0 2 381 169 1
1 28.25 5.12 2 14 4 4.75 1 1 2 0 2 420 8 1
1 28 2 2 4 8 4.165 1 1 2 1 2 181 1 1
1 18.82 0 2 11 4 0.665 0 0 0 0 2 160 2 0
1 42.83 1.25 2 7 4 13.875 0 1 1 1 2 352 113 0
0 19.75 0.75 2 8 4 0.795 1 1 5 1 2 140 6 0
1 21 4.79 1 9 4 2.25 1 1 1 1 2 80 301 1
1 19.17 0 1 7 5 0 0 0 0 1 1 500 2 1
0 24.92 1.25 2 1 1 0 1 0 0 0 2 80 1 0
1 38.67 0.21 2 4 4 0.085 1 0 0 1 2 280 1 1
0 58.33 10 2 11 4 4 1 1 14 0 2 0 1603 1
1 20.75 5.08 1 5 4 0.29 0 0 0 0 2 140 185 0
1 44 2 2 7 4 1.75 1 1 2 1 2 0 16 1
1 31.57 10.5 2 14 4 6.5 1 0 0 0 2 0 1 1
1 22.25 9 2 6 4 0.085 0 0 0 0 2 0 1 0
1 24.17 0.87 2 11 4 4.625 1 1 2 1 2 520 2001 1
1 32.75 1.5 2 13 8 5.5 1 1 3 1 2 0 1 1
1 42.08 1.04 2 9 4 5 1 1 6 1 2 500 10001 1
1 18 0.16 2 11 7 0.21 0 0 0 0 2 200 41 1
1 37.5 1.12 1 2 4 1.5 0 0 0 1 2 431 1 1
0 49 1.5 2 5 3 0 1 0 0 1 2 100 28 0
1 22.25 0.46 2 4 4 0.125 0 0 0 1 2 280 56 0
0 20.83 3 2 6 4 0.04 1 0 0 0 2 100 1 1
0 19.5 0.16 2 11 4 0.04 0 0 0 1 2 380 1 0
0 20.67 1.83 2 11 4 2.085 1 1 5 0 2 220 2504 1
1 23.58 0.83 2 3 8 0.085 0 0 0 1 2 220 6 0
1 32.67 5.5 2 11 8 5.5 1 1 12 1 2 408 1001 1
0 23.58 0.58 1 1 1 0.125 0 0 0 0 2 120 88 0
1 20 7 2 8 4 0.5 0 0 0 0 2 0 1 0
0 35.42 12 2 11 8 14 1 1 8 0 2 0 6591 1
1 27.25 0.62 2 6 4 0.455 1 0 0 1 2 200 1 0
0 16.92 0.5 2 3 4 0.165 0 1 6 1 2 240 36 0
1 34.17 9.17 2 8 4 4.5 1 1 12 1 2 0 222 1
1 36.67 4.41 1 4 4 0.25 1 1 10 1 2 320 1 1
0 21.67 11.5 1 5 3 0 1 1 11 1 2 0 1 1
0 18.75 7.5 2 11 4 2.71 1 1 5 0 2 184 26727 1
1 20.42 1.83 2 8 4 2.25 1 1 1 0 2 100 151 1
1 26.67 4.25 2 13 4 4.29 1 1 1 1 2 120 1 1
0 33.17 2.25 1 13 4 3.5 0 0 0 1 2 200 142 0
0 22.67 0.79 2 3 4 0.085 0 0 0 0 2 144 1 0
1 40.25 21.5 2 10 9 20 1 1 11 0 2 0 1201 1
0 55.75 7.08 2 4 8 6.75 1 1 3 1 2 100 51 0
1 35 2.5 2 3 4 1 0 0 0 1 2 210 1 0
0 46.67 0.46 2 13 8 0.415 1 1 11 1 2 440 7 1
1 28.17 0.12 1 4 4 0.085 0 0 0 0 2 216 2101 0
1 25.92 0.87 2 4 4 0.375 0 1 2 1 2 174 4 0

