0 21.92 11.66 2 4 8 0.085 0 0 0 0 2 320 6 0
1 17.07 0.25 2 11 4 0.335 0 1 4 0 2 160 9 0
1 32.08 4 1 13 4 1.5 0 0 0 1 2 120 1 0
1 48.58 6.5 2 11 8 6 1 0 0 1 2 350 1 1
1 22.5 0.12 1 4 4 0.125 0 0 0 0 2 200 71 0
0 29.5 2 1 10 8 2 0 0 0 0 2 256 18 0
1 21.83 11 2 14 4 0.29 1 1 6 0 2 121 1 1
1 30.83 0 2 9 4 1.25 1 1 1 0 2 202 1 1
1 48.25 25.08 2 9 4 1.75 1 1 3 0 2 120 15 1
1 41.17 1.33 2 2 4 0.165 0 0 0 0 2 168 1 0
0 25.17 2.87 2 14 8 0.875 1 0 0 0 2 360 1 1
1 41.58 1.75 2 4 4 0.21 1 0 0 0 2 160 1 0
0 58.67 4.46 2 11 8 3.04 1 1 6 0 2 43 561 1
0 19.57 0.66 1 8 4 1 0 1 1 0 2 2000 3 0
0 25.08 2.54 1 6 4 0.25 1 0 0 1 2 370 1 1
1 31.83 2.5 2 6 4 7.5 1 0 0 1 2 523 1 0
0 22.67 3.8 2 8 4 0.165 0 0 0 0 2 160 1 0
0 20.07 0.12 2 11 4 1 0 1 1 0 2 240 769 1
0 24.75 12.5 2 6 4 1.5 1 1 12 1 2 120 568 1
1 34.67 1.08 2 7 4 1.165 0 0 0 0 1 28 1 0
0 33.17 2.25 1 13 4 3.5 0 0 0 1 2 200 142 0
1 42.83 1.25 2 7 4 13.875 0 1 1 1 2 352 113 0
1 30.75 1.58 2 2 4 0.585 0 0 0 1 1 0 1 0
1 31.25 1.12 2 1 1 0 0 1 1 0 2 96 20 0
1 28.75 1.16 2 4 4 0.5 1 0 0 0 1 280 1 0
1 34.75 15 2 12 7 5.375 1 1 9 1 2 0 135 1
1 34.08 2.5 2 8 4 1 0 0 0 0 2 460 17 0
0 26.92 13.5 2 11 8 5 1 1 2 0 2 0 5001 1
1 30.17 0.5 2 8 4 1.75 1 1 11 0 2 32 541 1
1 24.75 0.54 2 7 4 1 0 0 0 1 2 120 2 0
1 22 0.79 2 9 4 0.29 0 1 1 0 2 420 284 0
1 48.17 3.5 2 6 4 3.5 1 0 0 0 1 230 1 1
1 31.57 10.5 2 14 4 6.5 1 0 0 0 2 0 1 1
1 39.17 1.71 2 14 4 0.125 1 1 5 1 2 480 1 1
1 34 4.5 2 6 4 1 1 0 0 1 2 240 1 0
1 32.25 14 1 1 1 0 0 1 2 0 2 160 2 0
1 19.17 4 1 3 4 1 0 0 0 1 2 360 1001 0
0 57.08 0.33 2 3 5 1 1 0 0 1 2 252 2198 0
0 19.75 0.75 2 8 4 0.795 1 1 5 1 2 140 6 0
1 19.5 9.58 2 6 4 0.79 0 0 0 0 2 80 351 0
0 25.25 12.5 2 2 4 1 0 0 0 1 2 180 1063 0
0 25.25 13.5 1 1 1 2 0 1 1 1 2 200 2 0
1 23.58 0.83 2 3 8 0.085 0 0 0 1 2 220 6 0
1 31.42 15.5 2 8 4 0.5 1 0 0 0 2 120 1 0
1 41.17 1.25 1 9 4 0.25 0 0 0 0 2 0 196 0
1 31.33 19.5 2 8 4 7 1 1 16 0 2 0 5001 1
1 24.58 1.25 2 8 4 0.25 0 0 0 0 2 110 1 0
1 35.75 2.41 2 9 4 0.125 0 1 2 0 2 220 2 0
0 28.5 3.04 1 14 8 2.54 1 1 1 0 2 70 1 1
0 36.58 0.28 2 1 1 0 0 1 10 0 2 200 19 0
0 46.08 3 2 8 4 2.375 1 1 8 1 2 396 4160 1
1 30.58 2.71 1 7 4 0.125 0 0 0 1 1 80 1 0
1 33.17 1 2 14 4 0.75 1 1 7 1 2 340 4072 1
1 23.25 1.5 2 11 4 2.375 1 1 3 1 2 0 583 1
0 28.5 1 2 11 4 1 1 1 2 1 2 167 501 0
1 18.82 3.54 1 1 1 0 0 0 0 1 2 180 2 0
1 80.25 5.5 2 8 4 0.54 1 0 0 0 2 0 341 0
0 57.58 2 2 1 1 6.5 0 1 1 0 2 0 11 0
0 25.42 1.12 2 11 4 1.29 1 1 2 0 2 200 1 0
1 39.5 4.25 2 8 5 6.5 1 1 16 0 2 117 1211 1
0 23 11.75 2 14 8 0.5 1 1 2 1 2 300 552 1
1 27.25 0.62 2 6 4 0.455 1 0 0 1 2 200 1 0
1 43.25 25.21 2 11 8 0.21 1 1 1 0 2 760 91 0
1 27 1.5 1 9 4 0.375 1 0 0 1 2 260 1066 1
1 33.17 3.04 1 8 8 2.04 1 1 1 1 2 180 18028 1
1 24.42 12.33 2 11 8 1.585 1 0 0 1 2 120 1 1
1 42 9.78 2 14 8 7.96 1 1 8 0 2 0 1 1
1 47.67 2.5 2 7 5 2.5 1 1 12 1 2 410 2511 1
0 23.75 0.71 2 9 4 0.25 0 1 1 1 2 240 5 0
1 59.67 1.54 2 11 4 0.125 1 0 0 1 2 260 1 1
0 33.25 3 1 6 4 2 0 0 0 0 2 180 1 0
1 37.75 7 2 11 8 11.5 1 1 7 1 2 300 6 0
1 25.5 0.37 2 7 4 0.25 1 1 3 0 2 260 15109 1
1 31.25 2.83 2 1 1 0 0 1 5 0 2 176 147 0
1 19.42 7.25 2 7 4 0.04 0 1 1 0 2 100 2 0
1 35.17 25.12 2 14 8 1.625 1 1 1 1 2 515 501 1
1 39.83 0.5 2 7 4 0.25 1 0 0 0 1 288 1 0
0 30.42 1.37 2 9 8 0.04 0 1 3 0 2 0 34 0
1 23 0.75 2 7 4 0.5 0 0 0 1 1 320 1 0
1 39.5 1.62 2 8 4 1.5 0 0 0 0 2 0 317 0
1 74.83 19 1 1 1 0.04 0 1 2 0 2 0 352 0
1 16.17 0.04 2 8 4 0.04 0 0 0 0 2 0 1 1
1 62.75 7 2 10 9 0 0 0 0 0 2 0 13 0
1 17.5 22 3 1 7 0 0 0 0 1 3 450 100001 1
0 20.75 10.33 2 13 8 0.335 1 1 1 1 2 80 51 1
1 20.5 10 1 8 4 2.5 1 0 0 0 1 40 1 1
0 20.42 7.5 2 4 4 1.5 1 1 1 0 2 160 235 1
1 21.58 0.79 1 13 4 0.665 0 0 0 0 2 160 1 0
0 60.92 5 2 6 4 4 1 1 4 0 2 0 100 1
0 17.92 10.21 2 1 1 0 0 0 0 0 2 0 51 0
1 42.75 4.08 2 6 4 0.04 0 0 0 0 2 108 101 0
1 25.17 6 2 8 4 1 1 1 3 0 2 0 1 1
1 37.5 1.12 1 2 4 1.5 0 0 0 1 2 431 1 1
0 38.58 5 2 13 4 13.5 1 0 0 1 2 980 1 0
1 28.33 5 2 9 4 11 1 0 0 1 2 70 1 1
0 22.92 1.25 2 11 4 0.25 0 0 0 1 2 120 810 0
0 18.75 7.5 2 11 4 2.71 1 1 5 0 2 184 26727 1
1 32.67 9 1 9 8 5.25 1 0 0 1 2 154 1 1
0 26.5 2.71 1 8 4 0.085 0 0 0 0 1 80 1 0
1 19.42 1.5 1 13 4 2 1 0 0 1 2 100 21 0
1 23.5 3.16 1 4 4 0.415 0 1 1 1 2 280 81 0
1 25.08 1.71 2 14 4 1.665 1 1 1 1 2 395 21 1
0 22.92 11.58 2 13 4 0.04 1 0 0 0 2 80 1350 1
1 20.42 1.83 2 8 4 2.25 1 1 1 0 2 100 151 1
0 41 2.04 1 11 8 0.125 1 1 23 1 2 455 1237 1
1 17.25 3 2 4 4 0.04 0 0 0 1 2 160 41 0
1 29.92 1.83 2 8 8 4.335 1 0 0 0 2 260 201 1
0 27.17 1.25 2 1 1 0 0 1 1 0 2 92 301 0
1 21 4.79 1 9 4 2.25 1 1 1 1 2 80 301 1
1 23.75 12 2 8 4 2.085 0 0 0 0 1 80 1 0
1 29.83 1.25 1 4 4 0.25 0 0 0 0 2 224 1 0
0 31.92 3.12 2 1 1 3.04 0 1 2 1 2 200 5 0
1 37.33 2.66 2 13 4 0.165 0 0 0 1 2 0 502 0
0 20.75 9.53 2 3 4 0.04 0 0 0 0 2 200 1001 0
1 29.83 3.5 2 8 4 0.165 0 0 0 0 2 216 1 0
1 35.58 0.75 2 4 4 1.5 0 0 0 1 2 231 1 0
1 31.67 0.83 2 14 4 1.335 1 1 8 1 2 303 3291 1
1 23.92 1.5 2 2 8 1.875 1 1 6 0 2 200 328 1
1 26.83 0.54 2 4 1 0 0 0 0 0 2 100 1 0
1 19.17 0 1 7 5 0 0 0 0 1 1 500 2 1
0 22.67 0.79 2 3 4 0.085 0 0 0 0 2 144 1 0
1 51.83 3 1 1 1 1.5 0 0 0 0 2 180 5 0
1 36.67 2 2 3 4 0.25 0 0 0 1 2 221 1 0
1 26.17 12.5 1 4 8 1.25 0 0 0 1 2 0 18 0
0 18.92 9 2 6 4 0.75 1 1 2 0 2 88 592 1
1 28.67 14.5 2 2 4 0.125 0 0 0 0 2 0 287 0
1 56.58 18.5 2 2 5 15 1 1 17 1 2 0 1 1
1 36.75 0.12 1 8 4 1.5 0 0 0 1 2 232 114 1
0 21.5 6 2 6 4 2.5 1 1 3 0 2 80 919 1
1 16.25 0 1 6 4 0.25 0 0 0 0 2 60 1 0
0 18.42 9.25 2 11 4 1.21 1 1 4 0 2 60 541 1
1 26.67 1.75 1 8 4 1 1 1 5 1 2 160 5778 1
0 33.08 4.62 2 11 8 1.625 1 1 2 0 2 0 1 1
0 31.25 3.75 2 13 8 0.625 1 1 9 1 2 181 1 1
1 32.42 3 2 2 4 0.165 0 0 0 1 2 120 1 0
1 27.83 4 1 3 8 5.75 1 1 2 1 2 75 1 0
0 24.92 1.25 2 1 1 0 1 0 0 0 2 80 1 0
1 19.67 10 1 4 8 0.835 1 0 0 1 2 140 1 0
1 45 8.5 2 13 8 14 1 1 1 1 2 88 2001 1
0 28.17 0.37 2 11 4 0.585 1 1 4 0 2 80 1 1
1 21.5 11.5 2 3 4 0.5 1 0 0 1 2 100 69 0
0 18.57 10 2 2 4 0.415 0 0 0 0 2 80 43 0
1 32.75 1.5 2 13 8 5.5 1 1 3 1 2 0 1 1
1 51.42 0.04 2 14 8 0.04 1 0 0 0 2 0 3001 1
1 23.08 11.5 2 9 8 2.125 1 1 11 1 2 290 285 1
1 57.83 7.04 2 7 4 14 1 1 6 1 2 360 1333 1
1 48.75 8.5 2 8 8 12.5 1 1 9 0 2 181 1656 1
1 41.33 0 2 8 5 15 1 0 0 0 2 0 1 1
1 41.5 1.54 2 3 5 3.5 0 0 0 0 2 216 1 1
1 36.42 0.75 1 2 4 0.585 0 0 0 0 2 240 4 0
1 18.07 5.5 2 4 4 0.5 1 0 0 0 2 80 1 1
0 36 1 2 8 4 2 1 1 11 0 2 0 457 1
1 21 3 1 2 4 1.085 1 1 8 1 2 160 2 1
1 26 1 2 11 4 1.75 1 0 0 1 2 280 1 1
1 26.33 13 2 10 2 0 0 0 0 1 2 140 1111 0
1 22.67 0.75 2 3 4 1.585 0 1 1 1 2 400 10 0
1 27.42 12.5 2 6 5 0.25 0 0 0 1 2 720 1 0
1 26.67 4.25 2 13 4 4.29 1 1 1 1 2 120 1 1
1 37.42 2.04 2 9 4 0.04 1 0 0 1 2 400 5801 1
1 40.58 5 2 8 4 5 1 1 7 0 2 0 3066 1
0 47.42 3 2 14 4 13.875 1 1 2 1 2 519 1705 1
1 67.75 5.5 2 10 9 13 1 1 1 1 2 0 1 1
1 22.67 0.16 2 8 3 2.25 0 0 0 1 1 0 1 1
0 58.42 21 2 3 5 10 1 1 13 0 2 0 6701 1
1 16.92 0.33 1 4 4 0.29 0 0 0 0 1 200 1 0

