1 36.17 0.42 1 9 4 0.29 0 0 0 1 2 309 3 0
1 33.67 1.25 2 9 4 1.165 0 0 0 0 2 120 1 0
1 26 1 2 11 4 1.75 1 0 0 1 2 280 1 1
0 37.75 5.5 2 11 4 0.125 1 0 0 1 2 228 1 1
0 57.08 19.5 2 8 4 5.5 1 1 7 0 2 0 3001 1
0 28.17 0.58 2 6 4 0.04 0 0 0 0 2 260 1005 0
1 52.33 1.37 1 8 8 9.46 1 0 0 1 2 200 101 0
1 17.07 0.25 2 11 4 0.335 0 1 4 0 2 160 9 0
0 31.57 3.5 2 2 4 3 1 0 0 1 2 300 1 0
1 33.75 2.75 2 3 5 0 0 0 0 0 2 180 1 0
0 22.5 11 1 11 4 3 1 0 0 1 2 268 1 0
0 24.75 12.5 2 6 4 1.5 1 1 12 1 2 120 568 1
0 23.42 0.79 1 11 4 1.5 1 1 2 1 2 80 401 1
1 21.92 0.5 2 8 4 0.125 0 0 0 0 2 360 1 0
0 46.08 3 2 8 4 2.375 1 1 8 1 2 396 4160 1
1 41.75 0.96 2 14 4 2.5 1 0 0 0 2 510 601 1
1 32.83 2.5 2 13 8 2.75 1 1 6 0 2 160 2073 1
0 15.92 2.87 2 11 4 0.085 0 0 0 0 2 120 1 0
1 22.5 0.12 1 4 4 0.125 0 0 0 0 2 200 71 0
1 39.42 1.71 1 7 4 0.165 0 0 0 0 1 400 1 0
0 20.42 0.83 2 11 4 1.585 1 1 1 0 2 0 1 1
1 33.17 1 2 14 4 0.75 1 1 7 1 2 340 4072 1
1 27.67 0.75 2 11 8 0.165 0 0 0 1 2 220 252 0
1 39.33 5.87 2 13 8 10 1 1 14 1 2 399 1 1
0 29.75 0.66 2 9 4 0.25 0 0 0 1 2 300 1 0
1 32.25 14 1 1 1 0 0 1 2 0 2 160 2 0
1 42.83 4.62 2 11 4 4.58 1 0 0 0 1 0 1 1
1 40 6.5 2 6 5 3.5 1 1 1 0 2 0 501 1
1 22.83 3 2 7 4 1.29 1 1 1 0 2 260 801 1
1 25 12.5 2 6 4 3 1 0 0 1 1 20 1 1
1 42 0.2 2 3 8 5.125 1 0 0 0 2 400 1 1
1 38.25 10.12 1 4 4 0.125 0 0 0 0 2 160 1 0
0 28.42 3.5 2 9 4 0.835 1 0 0 0 1 280 1 1
0 22.67 0.33 2 11 4 0.75 0 0 0 0 1 160 1 0
1 25.67 12.5 2 13 4 1.21 1 1 67 1 2 140 259 1
1 39 5 2 13 4 3.5 1 1 10 1 2 0 1 1
1 15.17 7 2 10 4 1 0 0 0 0 2 600 1 0
1 34.92 2.5 2 9 4 0 1 0 0 1 2 239 201 1
1 29.17 3.5 2 9 4 3.5 1 1 3 1 2 329 1 0
0 18.92 9.25 1 8 4 1 1 1 4 1 2 80 501 1
0 36.75 5.12 2 10 4 5 1 0 0 1 2 0 4001 1
1 32.67 9 1 9 8 5.25 1 0 0 1 2 154 1 1
0 32.33 0.54 2 13 4 0.04 1 0 0 0 2 440 11178 1
1 21.83 11 2 14 4 0.29 1 1 6 0 2 121 1 1
1 27.25 0.62 2 6 4 0.455 1 0 0 1 2 200 1 0
1 23.75 0.41 1 8 4 0.04 0 1 2 0 2 128 7 0
0 23.58 0.83 2 11 4 0.415 0 1 1 1 2 200 12 0
0 17.92 0.54 2 8 4 1.75 0 1 1 1 2 80 6 0
0 20.42 7.5 2 4 4 1.5 1 1 1 0 2 160 235 1
1 25.42 0.54 2 9 4 0.165 0 1 1 0 2 272 445 0
1 36.33 3.79 2 9 4 1.165 1 0 0 1 2 200 1 0
0 20.83 0.5 1 10 2 1 0 0 0 0 2 260 1 0
1 36.25 5 2 8 5 2.5 1 1 6 0 2 0 368 1
1 44.25 0.5 2 7 4 10.75 1 0 0 0 1 400 1 0
1 33.67 2.16 2 8 4 1.5 0 0 0 0 3 120 1 0
1 22.67 0.16 2 8 3 2.25 0 0 0 1 1 0 1 1
1 20.42 0 2 8 4 0 0 0 0 0 3 184 1 0
1 28.75 1.16 2 4 4 0.5 1 0 0 0 1 280 1 0
1 31.57 4 1 3 4 0.085 0 0 0 1 2 411 1 0
0 17.57 9 2 6 4 1.375 1 0 0 1 2 0 1 1
0 60.58 16.5 2 11 4 11 1 0 0 1 2 21 10562 1
1 39.92 5 2 3 5 0.21 0 0 0 0 2 550 1 0
1 39.92 6.21 2 11 4 0.04 1 1 1 0 2 200 301 1
1 13.75 4 1 9 4 1.75 1 1 2 1 2 120 1001 1
1 31.25 1.12 2 1 1 0 0 1 1 0 2 96 20 0
0 20.83 3 2 6 4 0.04 1 0 0 0 2 100 1 1
0 51.92 6.5 2 3 5 3.085 0 0 0 1 2 73 1 0
1 17.07 0.08 1 8 4 0.04 0 0 0 0 2 140 723 0
0 28.58 3.75 2 8 4 0.25 0 1 1 1 2 40 155 0
0 25.08 2.54 1 6 4 0.25 1 0 0 1 2 370 1 1
1 25.17 6 2 8 4 1 1 1 3 0 2 0 1 1
0 20.75 10.25 2 11 4 0.71 1 1 2 1 2 49 1 1
0 25.25 12.5 2 2 4 1 0 0 0 1 2 180 1063 0
0 16.5 1.25 2 11 4 0.25 0 1 1 0 2 108 99 0
0 39.08 4 2 8 4 3 0 0 0 0 2 480 1 0
1 30.33 0.5 2 2 8 0.085 0 0 0 1 1 252 1 0
0 22.42 5.66 2 11 4 2.585 1 1 7 0 2 129 3258 1
1 37.33 6.5 2 7 8 4.25 1 1 12 1 2 93 1 1
1 28.67 14.5 2 2 4 0.125 0 0 0 0 2 0 287 0
1 19.5 9.58 2 6 4 0.79 0 0 0 0 2 80 351 0
0 32.25 1.5 2 8 4 0.25 0 0 0 1 2 372 123 0
1 31.92 4.46 2 13 8 6.04 1 1 3 0 2 311 301 1
1 28 2 2 4 8 4.165 1 1 2 1 2 181 1 1
1 33.17 3.16 1 14 4 3.165 1 1 3 1 2 380 1 1
0 20.07 1.25 2 8 4 0 0 0 0 0 2 0 1 0
0 28.67 1.04 2 8 4 2.5 1 1 5 1 2 300 1431 1
1 34.08 0.08 1 7 5 0.04 1 1 1 1 2 280 2001 1
0 27.67 1.5 2 7 4 2 1 0 0 0 1 368 1 0
1 21.67 1.16 1 4 4 2.5 1 1 1 0 2 180 21 0
1 50.75 0.58 2 1 1 0 0 0 0 0 2 145 1 0
0 24.5 0.5 2 11 8 1.5 1 0 0 0 2 280 825 1
1 32 1.75 1 10 8 0.04 1 0 0 1 2 393 1 1
1 36.67 2 2 3 4 0.25 0 0 0 1 2 221 1 0
1 20.67 0.41 2 8 4 0.125 0 0 0 0 2 0 45 0
1 49.17 2.29 2 1 1 0.29 0 0 0 0 2 200 4 0
1 47.67 0.28 2 8 5 15 1 1 20 0 2 0 15001 1
1 37.17 4 2 8 5 5 1 0 0 1 1 280 1 0
1 20.25 9.96 2 10 2 0 1 0 0 0 2 0 1 1
1 38.67 0.21 2 4 4 0.085 1 0 0 1 2 280 1 1
0 57.08 0.33 2 3 5 1 1 0 0 1 2 252 2198 0
1 26.67 4.25 2 13 4 4.29 1 1 1 1 2 120 1 1
1 20 1.25 1 4 4 0.125 0 0 0 0 2 140 5 0
0 31.75 3 1 5 3 0 0 0 0 0 2 160 21 0
1 39.58 5 2 1 1 0 0 1 2 0 2 17 2 0
1 48.33 12 2 7 4 16 1 0 0 0 1 110 1 1
0 19.17 5.41 2 3 8 0.29 0 0 0 0 2 80 485 0
1 25.5 0.37 2 7 4 0.25 1 1 3 0 2 260 15109 1
0 26.17 2 2 5 3 0 0 0 0 1 2 276 2 0
1 42.5 4.91 1 9 4 3.165 1 0 0 1 2 52 1443 1
0 50.25 0.83 2 6 4 0.5 0 0 0 1 2 240 118 0
0 18.82 4.41 1 8 8 3 1 0 0 0 2 240 1 1
1 20.42 1.83 2 8 4 2.25 1 1 1 0 2 100 151 1
1 31.57 0.62 2 4 4 0.25 0 0 0 0 2 380 2011 0
1 22.58 10.03 2 14 4 0.04 1 1 9 0 2 60 397 1
1 21.5 9.75 2 8 4 0.25 1 0 0 0 2 140 1 0
0 40.83 10 2 11 8 1.75 1 0 0 0 2 29 838 1
1 37.5 0.83 2 10 4 0.04 0 0 0 0 2 120 6 0
0 28.5 3.04 1 14 8 2.54 1 1 1 0 2 70 1 1
0 16.07 0.33 2 1 1 0 0 1 1 0 2 160 127 0
1 62.75 7 2 10 9 0 0 0 0 0 2 0 13 0
1 34.25 3 2 13 8 7.415 1 0 0 1 2 0 1 1
1 23.92 0.66 2 8 4 0.165 0 0 0 0 2 100 1 1
0 20.67 3 2 11 4 0.165 1 1 3 0 2 100 7 1
1 34.42 1.33 2 3 5 0.125 0 0 0 1 2 440 4501 0
1 28 3 2 9 4 0.75 0 0 0 1 2 300 68 0
0 27.33 1.66 2 1 1 0 0 0 0 0 2 340 2 0
1 26.17 0.25 2 3 5 0 1 0 0 1 2 0 1 1
1 22.5 11.5 1 7 4 1.5 0 0 0 1 2 0 4001 0
0 19.17 0.58 1 6 4 0.585 1 0 0 1 2 160 1 0
0 22.83 2.29 2 11 8 2.29 1 1 7 1 2 140 2385 1
1 39.25 9.5 2 7 4 6.5 1 1 14 0 2 240 4608 1
0 36.75 4.71 2 1 1 0 0 0 0 0 2 160 1 0
1 22.75 11 2 11 4 2.5 1 1 7 1 2 100 810 1
1 48.58 6.5 2 11 8 6 1 0 0 1 2 350 1 1
0 18.42 9.25 2 11 4 1.21 1 1 4 0 2 60 541 1
1 23.17 11.12 2 14 8 0.46 1 1 1 0 2 100 1 1
1 33.17 1.04 2 12 8 6.5 1 0 0 1 2 164 31286 1
1 29.25 13 2 2 8 0.5 0 0 0 0 2 228 1 0
1 44.83 7 1 8 4 1.625 0 0 0 0 2 160 3 0
1 21 4.79 1 9 4 2.25 1 1 1 1 2 80 301 1
0 40.33 8.12 1 4 4 0.165 0 1 2 0 2 184 19 0
1 18.57 5.71 2 2 4 0.54 0 0 0 0 2 120 1 0
1 20.42 7 2 8 4 1.625 1 1 3 0 2 200 1392 1
1 25.08 1.71 2 14 4 1.665 1 1 1 1 2 395 21 1
1 24.58 12.5 2 9 4 0.875 1 0 0 1 2 260 1 0
1 27.83 1 1 2 8 3 0 0 0 0 2 176 538 0
1 51.58 15 2 8 4 8.5 1 1 9 0 2 0 1 1
1 25.67 2.21 1 6 4 4 1 0 0 0 2 188 1 0
1 21.42 0.75 1 12 7 0.75 0 0 0 1 2 132 3 0
1 48.75 26.33 1 1 1 0 1 0 0 1 2 0 1 0
1 25.25 1 2 6 4 0.5 0 0 0 0 2 200 1 0
0 52.83 15 2 8 4 5.5 1 1 14 0 2 0 2201 1
1 18.07 6.75 1 7 4 0.04 0 0 0 0 2 140 1 0
0 26.5 2.71 1 8 4 0.085 0 0 0 0 1 80 1 0
1 42.17 5.04 2 11 8 12.75 1 0 0 1 2 92 1 1
0 24.5 2.41 1 8 4 0 0 0 0 0 2 120 1 0
1 19.57 0.58 2 1 1 0 0 1 3 0 2 350 770 0
0 26.08 8.66 2 6 4 1.415 1 0 0 0 2 160 151 1
0 50.08 12.54 2 6 4 2.29 1 1 3 1 2 156 1 1
1 32.75 1.5 2 13 8 5.5 1 1 3 1 2 0 1 1
1 20.67 5.29 2 11 4 0.375 1 1 1 0 2 160 1 0
0 27.25 0.28 2 7 8 0.125 0 1 1 1 2 272 109 0
1 16.92 0.33 1 4 4 0.29 0 0 0 0 1 200 1 0
1 31.57 3 1 3 5 7 0 0 0 0 2 0 2 0
1 56.42 28 1 8 4 28.5 1 1 40 0 2 0 16 1

