1 31.57 4 2 14 4 5 1 1 3 1 2 290 2280 1
1 47.33 6.5 2 8 4 1 0 0 0 1 2 0 229 0
1 62.5 12.75 1 8 8 5 1 0 0 0 2 112 1 0
1 22.08 2.33 2 4 4 0.75 0 0 0 0 2 180 1 0
0 33.25 2.5 1 8 4 2.5 0 0 0 1 2 0 3 0
0 48.17 1.33 2 3 7 0.335 0 0 0 0 2 0 121 0
1 37.5 0.83 2 10 4 0.04 0 0 0 0 2 120 6 0
1 20.17 9.25 2 8 4 1.665 1 1 3 1 2 40 29 1
1 52.33 1.37 1 8 8 9.46 1 0 0 1 2 200 101 0
1 18.57 10.29 2 1 1 0.415 0 0 0 0 2 80 1 0
0 17.82 11 2 14 8 1 1 1 11 0 2 0 3001 1
1 24.58 13.5 1 1 1 0 0 0 0 0 2 184 1 0
1 23.25 4 2 8 5 0.25 1 0 0 1 2 160 1 1
0 15.83 7.62 2 11 4 0.125 0 1 1 1 2 0 161 0
1 28.92 15 2 8 8 5.335 1 1 11 0 2 0 2284 1
0 32.17 1.46 2 9 4 1.085 1 1 16 0 2 120 2080 1
0 18.82 9.53 2 6 4 0.085 1 0 0 0 2 100 1 1
1 48.75 26.33 1 1 1 0 1 0 0 1 2 0 1 0
1 16.32 2.75 2 6 4 0.665 0 1 1 0 2 80 22 0
0 18.17 10 1 11 8 0.165 0 0 0 0 2 340 1 0
0 15.92 2.87 2 11 4 0.085 0 0 0 0 2 120 1 0
1 25.42 0.54 2 9 4 0.165 0 1 1 0 2 272 445 0
1 21.17 0.87 1 8 8 0.25 0 0 0 0 2 280 205 0
1 20 0 2 2 4 0.5 0 0 0 0 2 144 1 0
0 50.25 0.83 2 6 4 0.5 0 0 0 1 2 240 118 0
1 31.92 4.46 2 13 8 6.04 1 1 3 0 2 311 301 1
0 18.75 7.5 2 11 4 2.71 1 1 5 0 2 184 26727 1
0 22.67 3.8 2 8 4 0.165 0 0 0 0 2 160 1 0
1 37.33 2.66 2 13 4 0.165 0 0 0 1 2 0 502 0
1 23.42 0.58 2 8 8 0.085 1 0 0 0 2 180 1 0
0 24.5 1.04 1 1 1 0.5 1 1 3 0 2 180 148 0
1 24.08 0.87 2 7 4 0.085 0 1 4 0 2 254 1951 0
1 24.42 12.33 2 11 8 1.585 1 0 0 1 2 120 1 1
1 33.17 1 2 14 4 0.75 1 1 7 1 2 340 4072 1
0 24.5 2.41 1 8 4 0 0 0 0 0 2 120 1 0
0 33.08 1.62 2 2 4 0.54 0 0 0 1 2 0 1 0
1 28.75 1.16 2 4 4 0.5 1 0 0 0 1 280 1 0
1 39.42 1.71 1 7 4 0.165 0 0 0 0 1 400 1 0
0 25.17 2.87 2 14 8 0.875 1 0 0 0 2 360 1 1
0 33.08 4.62 2 11 8 1.625 1 1 2 0 2 0 1 1
1 30.17 0.5 2 8 4 1.75 1 1 11 0 2 32 541 1
1 25.83 12.83 2 13 4 0.5 0 0 0 0 2 0 3 0
1 37.42 2.04 2 9 4 0.04 1 0 0 1 2 400 5801 1
0 36.75 5.12 2 10 4 5 1 0 0 1 2 0 4001 1
1 28.33 5 2 9 4 11 1 0 0 1 2 70 1 1
0 35.75 0.91 2 6 4 0.75 1 1 4 0 2 0 1584 1
1 36.25 5 2 8 5 2.5 1 1 6 0 2 0 368 1
1 23.75 12 2 8 4 2.085 0 0 0 0 1 80 1 0
1 38.17 10.12 2 14 4 2.5 1 1 6 0 2 520 197 1
1 39.17 1.62 2 8 4 1.5 1 1 10 0 2 186 4701 1
1 25.25 1 2 6 4 0.5 0 0 0 0 2 200 1 0
1 33.67 2.16 2 8 4 1.5 0 0 0 0 3 120 1 0
1 32.92 2.5 2 6 4 1.75 0 1 2 1 2 720 1 0
1 25.67 0.28 1 8 4 1.5 0 0 0 1 2 160 1 0
0 19.17 0.58 1 6 4 0.585 1 0 0 1 2 160 1 0
1 55.92 11.5 2 1 1 5 1 1 5 0 2 0 8852 1
1 19.5 9.58 2 6 4 0.79 0 0 0 0 2 80 351 0
0 23.58 11.5 1 4 8 3 0 0 0 1 2 20 17 0
1 41.75 0.96 2 14 4 2.5 1 0 0 0 2 510 601 1
1 16.32 4.08 2 3 8 0.415 0 0 0 1 2 120 1 0
1 43.17 2.25 2 3 5 0.75 1 0 0 0 2 560 1 0
1 31 2.08 2 8 4 0.085 0 0 0 0 2 300 1 0
1 37.17 4 2 8 5 5 1 0 0 1 1 280 1 0
1 26.67 4.25 2 13 4 4.29 1 1 1 1 2 120 1 1
1 20.42 1.08 2 11 4 1.5 0 0 0 0 2 108 8 0
1 22 0.79 2 9 4 0.29 0 1 1 0 2 420 284 0
1 39.58 5 2 1 1 0 0 1 2 0 2 17 2 0
1 27.83 1.54 2 9 4 3.75 1 1 5 1 2 100 4 1
0 18.42 9.25 2 11 4 1.21 1 1 4 0 2 60 541 1
1 25 11.25 2 8 4 2.5 1 1 17 0 2 200 1209 1
1 18.82 3.54 1 1 1 0 0 0 0 1 2 180 2 0
1 36.5 4.25 2 11 4 3.5 0 0 0 0 2 454 51 0
1 23.25 1 2 8 4 0.835 1 0 0 0 1 300 1 1
1 17.25 3 2 4 4 0.04 0 0 0 1 2 160 41 0
1 22.67 10.5 2 11 8 1.335 1 0 0 0 2 100 1 1
1 31.57 4 1 3 4 0.085 0 0 0 1 2 411 1 0
1 26.17 0.25 2 3 5 0 1 0 0 1 2 0 1 1
0 20.83 8.5 2 8 4 0.165 0 0 0 0 2 0 352 0
0 39.08 4 2 8 4 3 0 0 0 0 2 480 1 0
0 25.75 0.5 2 8 8 0.875 1 0 0 1 2 491 1 1
1 16.5 0.12 2 8 4 0.165 0 0 0 0 2 132 1 0
1 42 9.78 2 14 8 7.96 1 1 8 0 2 0 1 1
1 23.25 12.62 2 8 4 0.125 0 1 2 0 2 0 5553 0
1 32.42 3 2 2 4 0.165 0 0 0 1 2 120 1 0
1 26.33 13 2 10 2 0 0 0 0 1 2 140 1111 0
0 24.33 2.5 1 3 5 4.5 0 0 0 0 2 200 457 0
0 58.33 10 2 11 4 4 1 1 14 0 2 0 1603 1
1 21.83 1.54 2 4 4 0.085 0 0 0 1 2 356 1 0
1 24.58 12.5 2 9 4 0.875 1 0 0 1 2 260 1 0
0 19.57 0.66 2 9 4 1.665 0 0 0 0 2 220 6 0
0 29.58 1.75 1 4 4 1.25 0 0 0 1 2 280 1 0
0 41 2.04 1 11 8 0.125 1 1 23 1 2 455 1237 1
1 47.67 0.28 2 8 5 15 1 1 20 0 2 0 15001 1
1 41 0.04 2 10 4 0.04 0 1 1 0 1 560 1 1
1 32.67 5.5 2 11 8 5.5 1 1 12 1 2 408 1001 1
1 22.17 2.25 2 3 4 0.125 0 0 0 0 2 160 11 0
1 19.42 1.5 1 13 4 2 1 0 0 1 2 100 21 0
1 39.5 1.62 2 8 4 1.5 0 0 0 0 2 0 317 0
1 56 12.5 2 4 8 8 1 0 0 1 2 24 2029 1
0 22.75 6.16 2 6 4 0.165 0 0 0 0 2 220 1001 0
1 25 12 2 4 4 2.25 1 1 2 1 2 120 6 0
1 40.25 21.5 2 10 9 20 1 1 11 0 2 0 1201 1
0 57.08 19.5 2 8 4 5.5 1 1 7 0 2 0 3001 1
0 33.25 3 1 6 4 2 0 0 0 0 2 180 1 0
0 18.25 10 2 9 4 1 0 1 1 0 2 120 2 0
0 29.5 2 1 10 8 2 0 0 0 0 2 256 18 0
1 49.17 2.29 2 1 1 0.29 0 0 0 0 2 200 4 0
1 22.67 0.16 2 8 3 2.25 0 0 0 1 1 0 1 1
1 27.25 0.62 2 6 4 0.455 1 0 0 1 2 200 1 0
1 54.33 6.75 2 8 8 2.625 1 1 11 1 2 0 285 1
1 31.58 0.75 1 6 4 3.5 0 0 0 1 2 320 1 0
0 60.58 16.5 2 11 4 11 1 0 0 1 2 21 10562 1
1 41.17 4.04 2 13 8 7 1 1 8 0 2 320 1 1
1 30.33 0.5 2 2 8 0.085 0 0 0 1 1 252 1 0
0 25.33 2.08 2 8 8 2.75 1 0 0 1 2 360 2 0
0 29.5 0.46 2 4 4 0.54 1 1 4 0 2 380 501 1
1 22.25 9 2 6 4 0.085 0 0 0 0 2 0 1 0
1 23.33 11.62 1 9 4 0.835 1 0 0 1 2 160 301 1
1 40.58 1.5 2 3 5 0 0 0 0 0 1 300 1 0
1 19.67 10 1 4 8 0.835 1 0 0 1 2 140 1 0
0 31.25 3.75 2 13 8 0.625 1 1 9 1 2 181 1 1
1 27 1.5 1 9 4 0.375 1 0 0 1 2 260 1066 1
1 29.25 14.79 2 6 4 5.04 1 1 5 1 2 168 1 1
1 22.75 11.5 2 3 4 0.415 0 0 0 0 2 0 1 0
0 36 1 2 8 4 2 1 1 11 0 2 0 457 1
1 34 4.5 2 6 4 1 1 0 0 1 2 240 1 0
1 19.57 0.58 2 1 1 0 0 1 3 0 2 350 770 0
0 26.5 2.71 1 8 4 0.085 0 0 0 0 1 80 1 0
1 51.58 15 2 8 4 8.5 1 1 9 0 2 0 1 1
1 39.08 6 2 7 4 1.29 1 1 5 1 2 108 1098 1
1 22.17 12.12 2 8 4 3.335 0 1 2 1 2 180 174 0
0 17.92 0.54 2 8 4 1.75 0 1 1 1 2 80 6 0
0 27.33 1.66 2 1 1 0 0 0 0 0 2 340 2 0
1 42.75 4.08 2 6 4 0.04 0 0 0 0 2 108 101 0
1 16.25 0.83 2 7 4 0.085 1 0 0 0 1 200 1 0
1 23.92 0.58 1 13 8 0.125 0 0 0 0 2 240 2 0
1 23.5 3.16 1 4 4 0.415 0 1 1 1 2 280 81 0
0 27.67 2.04 2 9 4 0.25 0 0 0 1 2 180 51 0
0 28.75 3.75 2 8 4 1.085 1 1 1 1 2 371 1 1
1 28.75 1.5 1 8 4 1.5 1 0 0 1 2 0 226 0
1 23.17 0 2 8 4 0 0 0 0 0 3 184 1 1
1 20.75 5.08 1 5 4 0.29 0 0 0 0 2 140 185 0
1 34.08 0.08 1 7 5 0.04 1 1 1 1 2 280 2001 1
0 22.5 11 1 11 4 3 1 0 0 1 2 268 1 0
1 21.25 1.5 2 9 4 1.5 0 0 0 0 2 150 9 1
1 33.58 0.33 1 13 4 0.085 0 0 0 0 2 180 1 0
1 30.17 6.5 2 13 4 3.125 1 1 8 0 2 330 1201 1
1 36.67 4.41 1 4 4 0.25 1 1 10 1 2 320 1 1
1 23.58 1.79 2 8 4 0.54 0 0 0 1 2 136 2 0
0 27.42 14.5 2 14 8 3.085 1 1 1 0 2 120 12 1
0 15.83 0.58 2 8 8 1.5 1 1 2 0 2 100 1 1
1 52.42 1.5 2 2 4 3.75 0 0 0 1 2 0 351 0
1 19.32 10.91 2 8 5 0.585 0 1 2 1 2 200 8 0
1 29.42 1.25 2 8 8 0.25 0 1 2 1 2 400 109 0
1 25.08 1.71 2 14 4 1.665 1 1 1 1 2 395 21 1
0 24.75 3 2 11 8 1.835 1 1 19 0 2 0 501 1
1 34.25 3 2 13 8 7.415 1 0 0 1 2 0 1 1
1 36.67 3.25 2 11 8 9 1 0 0 1 2 102 640 1
0 22.5 8.5 2 11 4 1.75 1 1 10 0 2 80 991 0
1 21.08 10.08 1 10 8 1.25 0 0 0 0 2 260 1 0
0 27.58 3 2 7 4 2.79 0 1 1 1 2 280 11 0
0 25.25 13.5 1 1 1 2 0 1 1 1 2 200 2 0
1 16.92 0.33 1 4 4 0.29 0 0 0 0 1 200 1 0
1 19.17 4 1 3 4 1 0 0 0 1 2 360 1001 0
1 30.67 2.5 2 13 8 2.25 0 0 0 1 1 340 1 0

