1 39.25 9.5 2 7 4 6.5 1 1 14 0 2 240 4608 1
0 30 5.29 2 10 2 2.25 1 1 5 1 2 99 501 1
1 42.75 3 2 3 5 1 1 0 0 0 2 0 201 0
1 37.5 0.83 2 10 4 0.04 0 0 0 0 2 120 6 0
1 23.58 0.46 1 9 4 2.625 1 1 6 1 2 208 348 0
1 33.58 0.33 1 13 4 0.085 0 0 0 0 2 180 1 0
1 18.67 5 2 11 4 0.375 1 1 2 0 2 0 39 0
1 36.33 2.12 1 9 4 0.085 1 1 1 0 2 50 1188 1
0 58.67 4.46 2 11 8 3.04 1 1 6 0 2 43 561 1
0 23.58 0.83 2 11 4 0.415 0 1 1 1 2 200 12 0
1 33.67 2.16 2 8 4 1.5 0 0 0 0 3 120 1 0
1 41.17 1.25 1 9 4 0.25 0 0 0 0 2 0 196 0
1 34 5.08 1 3 5 1.085 0 0 0 1 2 480 1 0
1 20 7 2 8 4 0.5 0 0 0 0 2 0 1 0
0 58.42 21 2 3 5 10 1 1 13 0 2 0 6701 1
1 27 0.75 2 8 8 4.25 1 1 3 1 2 312 151 1
0 55.75 7.08 2 4 8 6.75 1 1 3 1 2 100 51 0
1 39.17 1.62 2 8 4 1.5 1 1 10 0 2 186 4701 1
1 21.17 0.25 1 8 8 0.25 0 0 0 0 2 280 205 0
0 38.25 6 2 4 4 1 1 0 0 1 2 0 1 1
0 28.67 1.04 2 8 4 2.5 1 1 5 1 2 300 1431 1
1 49.58 19 2 1 1 0 1 1 1 0 2 94 1 0
1 22.75 11.5 2 3 4 0.415 0 0 0 0 2 0 1 0
1 35 3.37 2 8 8 8.29 0 0 0 1 2 0 1 0
0 20.75 9.53 2 3 4 0.04 0 0 0 0 2 200 1001 0
1 31.67 16.16 2 2 4 3 1 1 9 0 2 250 731 1
0 35.42 12 2 11 8 14 1 1 8 0 2 0 6591 1
1 22.75 11.5 2 3 4 0.415 0 0 0 0 2 0 1 0
1 42.83 4.62 2 11 4 4.58 1 0 0 0 1 0 1 1
1 15.17 7 2 10 4 1 0 0 0 0 2 600 1 0
1 69.17 9 2 1 1 4 0 1 1 0 2 70 7 0
1 25.33 0.57 2 8 4 0.29 1 1 7 1 2 96 5125 1
0 33.67 0.37 2 13 4 0.375 0 0 0 0 2 300 45 1
0 18.42 9.25 2 11 4 1.21 1 1 4 0 2 60 541 1
1 22.08 0.83 2 8 8 2.165 0 0 0 1 2 128 1 1
0 37.33 2.5 2 3 8 0.21 0 0 0 0 2 260 247 0
0 33.25 2.5 1 8 4 2.5 0 0 0 1 2 0 3 0
1 23.92 0.66 2 8 4 0.165 0 0 0 0 2 100 1 1
0 52.17 0 1 1 1 0 0 0 0 0 2 0 1 0
1 25.08 1.71 2 14 4 1.665 1 1 1 1 2 395 21 1
0 22.83 2.29 2 11 8 2.29 1 1 7 1 2 140 2385 1
1 30.75 1.58 2 2 4 0.585 0 0 0 1 1 0 1 0
1 35 3.37 2 8 8 8.29 0 0 0 1 2 0 1 0
1 23.58 0.46 1 9 4 2.625 1 1 6 1 2 208 348 0
0 30.25 5.5 2 4 4 5.5 0 0 0 1 1 100 1 0
1 19.17 0 1 7 5 0 0 0 0 1 1 500 2 1
1 23.25 1 2 8 4 0.835 1 0 0 0 1 300 1 1
1 27.25 1.66 2 13 8 5.085 1 1 9 0 2 399 828 1
1 18.82 0 2 11 4 0.665 0 0 0 0 2 160 2 0
1 42.75 4.08 2 6 4 0.04 0 0 0 0 2 108 101 0
1 36.33 3.79 2 9 4 1.165 1 0 0 1 2 200 1 0
1 16.32 2.75 2 6 4 0.665 0 1 1 0 2 80 22 0
0 24.92 1.25 2 1 1 0 1 0 0 0 2 80 1 0
1 36.42 0.75 1 2 4 0.585 0 0 0 0 2 240 4 0
0 24.75 12.5 2 6 4 1.5 1 1 12 1 2 120 568 1
0 15.83 0.58 2 8 8 1.5 1 1 2 0 2 100 1 1
1 31.83 0.04 1 7 4 0.04 0 0 0 0 2 0 1 0
1 52.42 1.5 2 2 4 3.75 0 0 0 1 2 0 351 0
1 21.92 0.5 2 8 4 0.125 0 0 0 0 2 360 1 0
0 27.17 1.25 2 1 1 0 0 1 1 0 2 92 301 0
1 34.08 6.5 2 6 4 0.125 1 0 0 1 2 443 1 0
1 18.82 0.41 1 8 4 0.165 0 1 1 0 2 200 2 0
0 20.42 0.83 2 11 4 1.585 1 1 1 0 2 0 1 1
0 33.08 1.62 2 2 4 0.54 0 0 0 1 2 0 1 0
1 28 2 2 4 8 4.165 1 1 2 1 2 181 1 1
0 19.17 8.58 2 13 8 0.75 1 1 7 0 2 96 1 1
0 41.58 1.04 2 6 4 0.665 0 0 0 0 2 240 238 0
1 25.08 1.71 2 14 4 1.665 1 1 1 1 2 395 21 1
1 40.58 3.29 2 7 4 3.5 0 0 0 1 1 400 1 0
1 54.42 0.5 1 4 8 3.96 1 0 0 0 2 180 315 1
1 36.67 4.41 1 4 4 0.25 1 1 10 1 2 320 1 1
0 47.42 8 2 10 5 6.5 1 1 6 0 2 375 51101 1
1 41 0.04 2 10 4 0.04 0 1 1 0 1 560 1 1
1 16.17 0.04 2 8 4 0.04 0 0 0 0 2 0 1 1
1 44.83 7 1 8 4 1.625 0 0 0 0 2 160 3 0
1 80.25 5.5 2 8 4 0.54 1 0 0 0 2 0 341 0
0 58.33 10 2 11 4 4 1 1 14 0 2 0 1603 1
1 32.67 5.5 2 11 8 5.5 1 1 12 1 2 408 1001 1
1 20.42 0 2 8 4 0 0 0 0 0 3 184 1 0
0 64.08 0.16 2 1 1 0 1 1 1 0 2 232 101 1
1 23.75 12 2 8 4 2.085 0 0 0 0 1 80 1 0
0 20.07 1.25 2 8 4 0 0 0 0 0 2 0 1 0
0 27.58 3 2 7 4 2.79 0 1 1 1 2 280 11 0
1 29.42 1.25 2 8 8 0.25 0 1 2 1 2 400 109 0
1 31.67 16.16 2 2 4 3 1 1 9 0 2 250 731 1
1 52.42 1.5 2 2 4 3.75 0 0 0 1 2 0 351 0
1 32.67 5.5 2 11 8 5.5 1 1 12 1 2 408 1001 1
1 37.33 2.66 2 13 4 0.165 0 0 0 1 2 0 502 0
1 41.42 5 2 11 8 5 1 1 6 1 2 470 1 1
1 27.75 1.29 2 4 8 0.25 0 0 0 1 1 140 1 0
1 26.83 0.54 2 4 1 0 0 0 0 0 2 100 1 0
1 43 0.28 1 13 8 1.75 1 1 8 0 2 100 376 1
1 44 2 2 7 4 1.75 1 1 2 1 2 0 16 1
0 33.67 0.37 2 13 4 0.375 0 0 0 0 2 300 45 1
1 47.67 2.5 2 7 5 2.5 1 1 12 1 2 410 2511 1
1 65.42 11 2 10 9 20 1 1 7 1 2 22 1 1
0 37.75 5.5 2 11 4 0.125 1 0 0 1 2 228 1 1
0 15.83 0.58 2 8 8 1.5 1 1 2 0 2 100 1 1
1 39.92 0.54 1 6 4 0.5 1 1 3 0 2 200 1001 1
1 18.32 1.21 1 10 2 0 0 0 0 0 2 100 1 0
1 18.82 3.54 1 1 1 0 0 0 0 1 2 180 2 0
0 47.42 8 2 10 5 6.5 1 1 6 0 2 375 51101 1
1 35 3.37 2 8 8 8.29 0 0 0 1 2 0 1 0
0 58.42 21 2 3 5 10 1 1 13 0 2 0 6701 1
0 33.17 2.25 1 13 4 3.5 0 0 0 1 2 200 142 0
1 67.75 5.5 2 10 9 13 1 1 1 1 2 0 1 1
1 23.17 0 2 8 4 0 0 0 0 0 3 184 1 1
0 68.67 15 2 10 9 0 1 1 14 0 2 0 3377 1
0 22.42 11.25 1 14 8 0.75 1 1 4 0 2 0 322 1
1 22.08 11 2 13 4 0.665 1 0 0 0 2 100 1 1

