1 57.42 8.5 2 10 8 7 1 1 3 0 2 0 1 1
1 32.08 4 1 13 4 1.5 0 0 0 1 2 120 1 0
1 19 0 1 1 1 0 0 1 4 0 2 45 2 0
1 18.07 5.5 2 4 4 0.5 1 0 0 0 2 80 1 1
1 31.25 1.12 2 1 1 0 0 1 1 0 2 96 20 0
1 16 3.12 2 9 4 0.085 0 1 1 0 2 0 7 0
0 19.17 0.58 1 6 4 0.585 1 0 0 1 2 160 1 0
0 22.92 1.25 2 11 4 0.25 0 0 0 1 2 120 810 0
1 52.5 6.5 2 4 4 6.29 1 1 15 0 2 0 11203 1
1 41.17 1.25 1 9 4 0.25 0 0 0 0 2 0 196 0
0 22.83 2.29 2 11 8 2.29 1 1 7 1 2 140 2385 1
1 36.67 4.41 1 4 4 0.25 1 1 10 1 2 320 1 1
0 21.75 1.75 1 5 3 0 0 0 0 0 2 160 1 0
1 34 5.08 1 3 5 1.085 0 0 0 1 2 480 1 0
0 24.75 13.66 2 11 8 1.5 0 0 0 0 2 280 2 0
1 35.17 4.5 2 14 8 5.75 0 0 0 1 1 711 1 1
1 34.83 4 2 2 5 12.5 1 0 0 1 2 184 1 0
1 28.58 3.62 2 6 4 0.25 0 0 0 1 2 100 1 0
0 19.75 0.75 2 8 4 0.795 1 1 5 1 2 140 6 0
0 20.67 1.83 2 11 4 2.085 1 1 5 0 2 220 2504 1
1 48.75 26.33 1 1 1 0 1 0 0 1 2 0 1 0
1 18.42 10.41 1 6 4 0.125 1 0 0 0 2 120 376 0
1 31.57 0.62 2 4 4 0.25 0 0 0 0 2 380 2011 0
1 80.25 5.5 2 8 4 0.54 1 0 0 0 2 0 341 0
0 28.75 3.75 2 8 4 1.085 1 1 1 1 2 371 1 1
0 24.75 12.5 2 6 4 1.5 1 1 12 1 2 120 568 1
0 18.42 9.25 2 11 4 1.21 1 1 4 0 2 60 541 1
0 23.25 5.87 2 11 4 3.17 1 1 10 0 2 120 246 1
0 36.75 5.12 2 10 4 5 1 0 0 1 2 0 4001 1
0 25.17 2.87 2 14 8 0.875 1 0 0 0 2 360 1 1
1 51.42 0.04 2 14 8 0.04 1 0 0 0 2 0 3001 1
0 24.5 1.04 1 1 1 0.5 1 1 3 0 2 180 148 0
0 18.82 4.41 1 8 8 3 1 0 0 0 2 240 1 1
0 28.08 15 1 10 9 0 1 0 0 0 2 0 13213 1
0 22.42 11.25 1 14 8 0.75 1 1 4 0 2 0 322 1
1 47.67 2.5 2 7 5 2.5 1 1 12 1 2 410 2511 1
1 20.07 0.25 2 11 4 0.125 0 0 0 0 2 200 1 0
0 64.08 0.16 2 1 1 0 1 1 1 0 2 232 101 1
0 40.83 3.5 2 3 5 0.5 0 0 0 0 1 1160 1 0
1 23.25 4 2 8 5 0.25 1 0 0 1 2 160 1 1
1 26.67 2.71 1 13 4 5.25 1 1 1 0 2 211 1 1
1 31.08 3.08 2 8 4 2.5 0 1 2 1 2 160 42 0
1 19 1.75 1 8 4 2.335 0 0 0 1 2 112 7 0
1 23.92 0.58 1 13 8 0.125 0 0 0 0 2 240 2 0
1 33.67 1.25 2 9 4 1.165 0 0 0 0 2 120 1 0
1 22.75 11 2 11 4 2.5 1 1 7 1 2 100 810 1
1 22.67 0.16 2 8 3 2.25 0 0 0 1 1 0 1 1
1 23.17 11.12 2 14 8 0.46 1 1 1 0 2 100 1 1
1 17.67 4.46 2 8 4 0.25 0 0 0 0 1 80 1 0
1 21.33 10.5 2 8 4 3 1 0 0 1 2 0 1 1
1 22.17 12.12 2 8 4 3.335 0 1 2 1 2 180 174 0
1 25.33 0.57 2 8 4 0.29 1 1 7 1 2 96 5125 1
1 28 2 2 4 8 4.165 1 1 2 1 2 181 1 1
1 19.42 7.25 2 7 4 0.04 0 1 1 0 2 100 2 0
1 20 0 2 2 4 0.5 0 0 0 0 2 144 1 0
1 43 0.28 1 13 8 1.75 1 1 8 0 2 100 376 1
1 60.08 14.5 2 1 1 18 1 1 15 1 2 0 1001 1
0 27.58 3 2 7 4 2.79 0 1 1 1 2 280 11 0
0 20.75 10.25 2 11 4 0.71 1 1 2 1 2 49 1 1
1 22.75 11 2 11 4 2.5 1 1 7 1 2 100 810 1
0 22.67 0.75 2 8 4 2 0 1 2 1 2 200 395 0
1 34.25 3 2 13 8 7.415 1 0 0 1 2 0 1 1
1 63.33 0.54 2 8 4 0.585 1 1 3 1 2 180 1 0
1 23.58 1.79 2 8 4 0.54 0 0 0 1 2 136 2 0
1 48.17 3.5 2 6 4 3.5 1 0 0 0 1 230 1 1
0 36.75 5.12 2 10 4 5 1 0 0 1 2 0 4001 1
1 64.08 20 2 14 8 17.5 1 1 9 1 2 0 1001 1
1 41.17 1.25 1 9 4 0.25 0 0 0 0 2 0 196 0
1 22.17 12.12 2 8 4 3.335 0 1 2 1 2 180 174 0
0 45 4.58 2 4 8 1 0 0 0 1 1 240 1 0
0 23 11.75 2 14 8 0.5 1 1 2 1 2 300 552 1
1 33.17 1.04 2 12 8 6.5 1 0 0 1 2 164 31286 1
0 57.58 2 2 1 1 6.5 0 1 1 0 2 0 11 0
0 27.17 1.25 2 1 1 0 0 1 1 0 2 92 301 0
1 35.17 4.5 2 14 8 5.75 0 0 0 1 1 711 1 1
1 28.67 9.33 2 11 8 5.665 1 1 6 0 2 381 169 1
1 18.67 5 2 11 4 0.375 1 1 2 0 2 0 39 0
1 27 0.75 2 8 8 4.25 1 1 3 1 2 312 151 1
0 26.08 8.66 2 6 4 1.415 1 0 0 0 2 160 151 1
0 25 11 1 6 4 4.5 1 0 0 0 2 120 1 0
1 23 0.75 2 7 4 0.5 1 0 0 1 1 320 1 0
0 18.42 9.25 2 11 4 1.21 1 1 4 0 2 60 541 1
0 23.58 11.5 1 4 8 3 0 0 0 1 2 20 17 0
0 28.08 15 1 10 9 0 1 0 0 0 2 0 13213 1
1 63.33 0.54 2 8 4 0.585 1 1 3 1 2 180 1 0
1 25.67 3.25 2 8 8 2.29 0 1 1 1 2 416 22 0
1 32.25 0.16 1 8 8 3.25 1 1 1 1 2 432 8001 1
1 20.42 1.08 2 11 4 1.5 0 0 0 0 2 108 8 0
0 23.58 0.58 1 1 1 0.125 0 0 0 0 2 120 88 0
1 39.83 0.5 2 7 4 0.25 1 0 0 0 1 288 1 0
1 31.57 0.04 1 2 4 4.25 0 0 0 1 2 460 1 0
1 27.25 1.58 2 13 8 1.835 1 1 12 1 2 583 714 1
0 64.08 0.16 2 1 1 0 1 1 1 0 2 232 101 1
0 19.75 0.75 2 8 4 0.795 1 1 5 1 2 140 6 0
1 33.58 2.75 2 7 4 4.25 1 1 6 0 2 204 1 1
0 35.75 0.91 2 6 4 0.75 1 1 4 0 2 0 1584 1
0 17.57 9 2 6 4 1.375 1 0 0 1 2 0 1 1
1 19.42 7.25 2 7 4 0.04 0 1 1 0 2 100 2 0
1 32.25 14 1 1 1 0 0 1 2 0 2 160 2 0
1 23 0.62 1 6 4 0.125 1 0 0 0 2 180 2 0
0 31.57 3.5 2 2 4 3 1 0 0 1 2 300 1 0
1 67.75 5.5 2 10 9 13 1 1 1 1 2 0 1 1
1 36.17 18.12 2 9 4 0.085 0 0 0 0 2 320 3553 0
1 34.5 4.04 1 3 5 8.5 1 1 7 1 2 195 1 1
1 32.83 2.5 2 13 8 2.75 1 1 6 0 2 160 2073 1
1 22.08 11 2 13 4 0.665 1 0 0 0 2 100 1 1
0 28.08 15 1 10 9 0 1 0 0 0 2 0 13213 1
1 24.58 1.25 2 8 4 0.25 0 0 0 0 2 110 1 0
1 20 1.25 1 4 4 0.125 0 0 0 0 2 140 5 0
0 45 4.58 2 4 8 1 0 0 0 1 1 240 1 0

