0 29.58 1.75 1 4 4 1.25 0 0 0 1 2 280 1 0
1 25.5 0.37 2 7 4 0.25 1 1 3 0 2 260 15109 1
1 25 12 2 4 4 2.25 1 1 2 1 2 120 6 0
1 24.58 1.25 2 8 4 0.25 0 0 0 0 2 110 1 0
1 19.57 0.58 2 1 1 0 0 1 3 0 2 350 770 0
1 43 0.28 1 13 8 1.75 1 1 8 0 2 100 376 1
1 35 3.37 2 8 8 8.29 0 0 0 1 2 0 1 0
0 24.75 12.5 2 6 4 1.5 1 1 12 1 2 120 568 1
1 36.17 0.42 1 9 4 0.29 0 0 0 1 2 309 3 0
1 21.92 0.54 1 14 4 0.04 1 1 1 1 2 840 60 1
1 32.83 2.5 2 13 8 2.75 1 1 6 0 2 160 2073 1
1 39.92 0.54 1 6 4 0.5 1 1 3 0 2 200 1001 1
0 33.25 3 1 6 4 2 0 0 0 0 2 180 1 0
1 36.42 0.75 1 2 4 0.585 0 0 0 0 2 240 4 0
1 26.75 2 2 2 4 0.75 0 0 0 1 2 80 1 0
1 28 3 2 9 4 0.75 0 0 0 1 2 300 68 0
1 48.08 6.04 2 4 4 0.04 0 0 0 0 2 0 2691 1
0 18.75 7.5 2 11 4 2.71 1 1 5 0 2 184 26727 1
1 67.75 5.5 2 10 9 13 1 1 1 1 2 0 1 1
1 40.92 0.5 1 7 4 0.5 0 0 0 1 2 130 1 0
0 32.33 0.54 2 13 4 0.04 1 0 0 0 2 440 11178 1
0 22.67 3.8 2 8 4 0.165 0 0 0 0 2 160 1 0
1 37.33 6.5 2 7 8 4.25 1 1 12 1 2 93 1 1
0 24.5 1.75 1 8 4 0.165 0 0 0 0 2 132 1 0
1 30.83 0 2 9 4 1.25 1 1 1 0 2 202 1 1
0 20.67 1.83 2 11 4 2.085 1 1 5 0 2 220 2504 1
1 39.33 5.87 2 13 8 10 1 1 14 1 2 399 1 1
0 26.92 13.5 2 11 8 5 1 1 2 0 2 0 5001 1
1 21.67 1.16 1 4 4 2.5 1 1 1 0 2 180 21 0
1 30.33 0.5 2 2 8 0.085 0 0 0 1 1 252 1 0
0 23.58 0.58 1 1 1 0.125 0 0 0 0 2 120 88 0
1 25 12 2 4 4 2.25 1 1 2 1 2 120 6 0
1 34.08 0.08 1 7 5 0.04 1 1 1 1 2 280 2001 1
0 15.83 0.58 2 8 8 1.5 1 1 2 0 2 100 1 1
1 28.25 5.04 1 8 5 1.5 1 1 8 1 2 144 8 1
0 20.42 10.5 1 14 8 0 0 0 0 1 2 154 33 0
1 27.83 1 1 2 8 3 0 0 0 0 2 176 538 0
1 31.92 4.46 2 13 8 6.04 1 1 3 0 2 311 301 1
1 20 11.04 2 8 4 2 0 0 0 1 2 136 1 0
0 37.33 2.5 2 3 8 0.21 0 0 0 0 2 260 247 0
1 27.58 3.25 1 11 8 5.085 0 1 2 1 2 369 2 0
1 20 7 2 8 4 0.5 0 0 0 0 2 0 1 0
1 48.08 6.04 2 4 4 0.04 0 0 0 0 2 0 2691 1
1 32.25 0.16 1 8 8 3.25 1 1 1 1 2 432 8001 1
1 39.17 2.5 1 3 8 10 0 0 0 1 1 200 1 0
1 27.58 3.25 1 11 8 5.085 0 1 2 1 2 369 2 0
0 47.75 8 2 8 4 7.875 1 1 6 1 2 0 1261 1
0 16.07 0.33 2 1 1 0 0 1 1 0 2 160 127 0
0 58.42 21 2 3 5 10 1 1 13 0 2 0 6701 1
1 59.67 1.54 2 11 4 0.125 1 0 0 1 2 260 1 1
1 33.58 0.33 1 13 4 0.085 0 0 0 0 2 180 1 0
1 31.57 0.62 2 4 4 0.25 0 0 0 0 2 380 2011 0
1 23 0.75 2 7 4 0.5 0 0 0 1 1 320 1 0
1 20.42 1.08 2 11 4 1.5 0 0 0 0 2 108 8 0
0 25.58 0 2 8 4 0 0 0 0 0 3 184 1 1
1 26.17 12.5 1 4 8 1.25 0 0 0 1 2 0 18 0
1 25.08 1.71 2 14 4 1.665 1 1 1 1 2 395 21 1
1 33.17 3.04 1 8 8 2.04 1 1 1 1 2 180 18028 1
1 36.17 0.42 1 9 4 0.29 0 0 0 1 2 309 3 0
1 21 3 1 2 4 1.085 1 1 8 1 2 160 2 1
1 23.42 0.58 2 8 8 0.085 1 0 0 0 2 180 1 0
0 33.67 0.37 2 13 4 0.375 0 0 0 0 2 300 45 1
1 30.83 0 2 9 4 1.25 1 1 1 0 2 202 1 1
1 24.42 12.33 2 11 8 1.585 1 0 0 1 2 120 1 1
1 30.17 0.5 2 8 4 1.75 1 1 11 0 2 32 541 1
1 24.42 12.33 2 11 8 1.585 1 0 0 1 2 120 1 1
1 56.75 12.25 2 7 4 1.25 1 1 4 1 2 200 1 1
1 15.17 7 2 10 4 1 0 0 0 0 2 600 1 0
0 50.25 0.83 2 6 4 0.5 0 0 0 1 2 240 118 0
0 23.58 11.5 1 4 8 3 0 0 0 1 2 20 17 0
1 32.08 4 2 7 4 2.5 1 0 0 1 2 360 1 1
0 26.17 2 2 5 3 0 0 0 0 1 2 276 2 0
1 21.58 0.79 1 13 4 0.665 0 0 0 0 2 160 1 0
1 24.5 13.33 1 6 4 0.04 0 0 0 1 2 120 476 0
0 44.17 6.66 2 11 4 7.375 1 1 3 1 2 0 1 1
1 24.58 12.5 2 9 4 0.875 1 0 0 1 2 260 1 0
0 30.42 1.37 2 9 8 0.04 0 1 3 0 2 0 34 0
1 18.82 0.41 1 8 4 0.165 0 1 1 0 2 200 2 0
1 32.67 5.5 2 11 8 5.5 1 1 12 1 2 408 1001 1
1 20.17 5.62 2 9 4 1.71 1 0 0 0 1 120 1 1
0 50.08 12.54 2 6 4 2.29 1 1 3 1 2 156 1 1
0 22.5 8.5 2 11 4 1.75 1 1 10 0 2 80 991 0
1 20 11.04 2 8 4 2 0 0 0 1 2 136 1 0
0 51.92 6.5 2 3 5 3.085 0 0 0 1 2 73 1 0
0 40.83 10 2 11 8 1.75 1 0 0 0 2 29 838 1
0 20.07 0.12 2 11 4 1 0 1 1 0 2 240 769 1
1 51.58 15 2 8 4 8.5 1 1 9 0 2 0 1 1
0 24.75 3 2 11 8 1.835 1 1 19 0 2 0 501 1
0 33.17 2.25 1 13 4 3.5 0 0 0 1 2 200 142 0
1 24.17 0.87 2 11 4 4.625 1 1 2 1 2 520 2001 1
1 34.92 5 2 14 8 7.5 1 1 6 1 2 0 1001 1
1 27 1.5 1 9 4 0.375 1 0 0 1 2 260 1066 1
0 30.42 1.37 2 9 8 0.04 0 1 3 0 2 0 34 0
0 36.75 4.71 2 1 1 0 0 0 0 0 2 160 1 0
0 26.17 2 2 5 3 0 0 0 0 1 2 276 2 0
1 54.33 6.75 2 8 8 2.625 1 1 11 1 2 0 285 1
1 34.42 4.25 2 3 5 3.25 1 1 2 0 2 274 611 1
1 41.42 5 2 11 8 5 1 1 6 1 2 470 1 1
1 31.57 5 1 6 4 8.5 1 0 0 0 2 0 1 0
0 45 4.58 2 4 8 1 0 0 0 1 1 240 1 0
1 31.25 1.12 2 1 1 0 0 1 1 0 2 96 20 0
1 31.57 0.5 2 8 5 0.835 1 0 0 1 1 320 1 0
0 65.17 14 2 1 1 0 1 1 11 1 2 0 1401 1
1 13.75 4 1 9 4 1.75 1 1 2 1 2 120 1001 1
1 43.25 25.21 2 11 8 0.21 1 1 1 0 2 760 91 0
1 21.67 1.16 1 4 4 2.5 1 1 1 0 2 180 21 0
1 31.57 4 1 3 4 0.085 0 0 0 1 2 411 1 0
1 51.42 0.04 2 14 8 0.04 1 0 0 0 2 0 3001 1
1 42.75 3 2 3 5 1 1 0 0 0 2 0 201 0
0 52.5 7 2 6 8 3 0 0 0 0 2 0 1 0

