1 41.92 0.42 2 8 8 0.21 1 1 6 0 2 220 949 1
1 26.75 4.5 1 8 5 2.5 0 0 0 0 2 200 1211 0
0 40.83 3.5 2 3 5 0.5 0 0 0 0 1 1160 1 0
0 33.92 1.58 1 1 1 0 1 0 0 0 2 320 1 0
0 41.58 1.04 2 6 4 0.665 0 0 0 0 2 240 238 0
1 51.33 10 2 3 5 0 1 1 11 0 2 0 1250 1
1 31.57 0.5 2 8 5 0.835 1 0 0 1 1 320 1 0
1 31.25 1.12 2 1 1 0 0 1 1 0 2 96 20 0
0 20.32 10 2 8 8 1 1 1 4 0 2 50 1466 1
0 22.67 3.8 2 8 4 0.165 0 0 0 0 2 160 1 0
0 18.42 9.25 2 11 4 1.21 1 1 4 0 2 60 541 1
1 18.07 6.75 1 7 4 0.04 0 0 0 0 2 140 1 0
1 43.17 2.25 2 3 5 0.75 1 0 0 0 2 560 1 0
1 27.75 0.58 1 13 4 0.25 1 1 2 0 2 260 501 1
1 42.75 4.08 2 6 4 0.04 0 0 0 0 2 108 101 0
0 33.67 0.37 2 13 4 0.375 0 0 0 0 2 300 45 1
1 23.08 0 2 4 4 1 0 1 11 0 1 0 1 0
1 25.75 0.75 2 8 5 0.25 1 0 0 0 2 349 24 1
1 30.17 0.5 2 8 4 1.75 1 1 11 0 2 32 541 1
1 27.25 1.58 2 13 8 1.835 1 1 12 1 2 583 714 1
0 44.33 0 2 8 4 2.5 1 0 0 0 2 0 1 1
0 29.58 1.75 1 4 4 1.25 0 0 0 1 2 280 1 0
1 23.75 12 2 8 4 2.085 0 0 0 0 1 80 1 0
1 31.42 15.5 2 8 4 0.5 1 0 0 0 2 120 1 0
1 22.17 0.58 1 1 1 0 0 0 0 0 2 100 1 0
0 23.58 11.5 1 4 8 3 0 0 0 1 2 20 17 0
1 27.75 0.58 1 13 4 0.25 1 1 2 0 2 260 501 1
1.234 22.08 11.46 2 4 4 1.585 0 0 0 1 2 100 1213 0
1 34.75 15 2 12 7 5.375 1 1 9 1 2 0 135 1
1 37.5 0.83 2 10 4 0.04 0 0 0 0 2 120 6 0
1 44.33 0.5 2 3 8 5 1 0 0 1 2 320 1 1
0 29.5 2 1 10 8 2 0 0 0 0 2 256 18 0
0 17.57 9 2 6 4 1.375 1 0 0 1 2 0 1 1
1 30.83 0 2 9 4 1.25 1 1 1 0 2 202 1 1
0 20.83 0.5 1 10 2 1 0 0 0 0 2 260 1 0
1 31.57 0.37 2 2 4 0.875 1 0 0 1 1 928 1 0
1 20.67 5.29 2 11 4 0.375 1 1 1 0 2 160 1 0
1 23 0.75 2 7 4 0.5 0 0 0 1 1 320 1 0
0 26.08 8.66 2 6 4 1.415 1 0 0 0 2 160 151 1
1 37.33 2.66 2 13 4 0.165 0 0 0 1 2 0 502 0
1 34.83 4 2 2 5 12.5 1 0 0 1 2 184 1 0
1 32 1.75 1 10 8 0.04 1 0 0 1 2 393 1 1
1 23.58 1.79 2 8 4 0.54 0 0 0 1 2 136 2 0
0 20.07 0.12 2 11 4 1 0 1 1 0 2 240 769 1
0 22.83 2.29 2 11 8 2.29 1 1 7 1 2 140 2385 1
1 35.25 3.16 2 14 8 3.75 1 0 0 1 2 680 1 0
1 20.17 5.62 2 9 4 1.71 1 0 0 0 1 120 1 1
1 40.58 5 2 8 4 5 1 1 7 0 2 0 3066 1
1 25.5 0.37 2 7 4 0.25 1 1 3 0 2 260 15109 1
0 24.83 4.5 2 9 4 1 0 0 0 1 2 360 7 0
0 38.25 6 2 4 4 1 1 0 0 1 2 0 1 1
0 40.83 3.5 2 3 5 0.5 0 0 0 0 1 1160 1 0
1 22.17 12.12 2 8 4 3.335 0 1 2 1 2 180 174 0
0 23 11.75 2 14 8 0.5 1 1 2 1 2 300 552 1
1 26.17 0.83 2 13 4 1.165 0 0 0 0 2 100 1 0
1 25.33 0.57 2 8 4 0.29 1 1 7 1 2 96 5125 1
1 26.67 4.25 2 13 4 4.29 1 1 1 1 2 120 1 1
1 18.07 6.75 1 7 4 0.04 0 0 0 0 2 140 1 0
0 22.5 0.41 2 3 4 0.335 0 0 0 1 1 144 1 0
1 21.67 1.16 1 4 4 2.5 1 1 1 0 2 180 21 0
1 36.67 4.41 1 4 4 0.25 1 1 10 1 2 320 1 1
1 51.42 0.04 2 14 8 0.04 1 0 0 0 2 0 3001 1
1 21.33 10.5 2 8 4 3 1 0 0 1 2 0 1 1
1 32.33 7.5 2 10 5 1.585 1 0 0 1 1 420 1 0
1 16.32 2.75 2 6 4 0.665 0 1 1 0 2 80 22 0
0 65.17 14 2 1 1 0 1 1 11 1 2 0 1401 1
1 62.75 7 2 10 9 0 0 0 0 0 2 0 13 0
1 21.33 10.5 2 8 4 3 1 0 0 1 2 0 1 1
0 31.57 11.25 2 1 1 0 0 0 0 0 2 184 5201 0
1 23.17 0 2 8 4 0 0 0 0 0 3 184 1 1
1 34.83 4 2 2 5 12.5 1 0 0 1 2 184 1 0
1 43.25 25.21 2 11 8 0.21 1 1 1 0 2 760 91 0
1 23.92 0.66 2 8 4 0.165 0 0 0 0 2 100 1 1
0 28.08 15 1 10 9 0 1 0 0 0 2 0 13213 1
0 27.58 3 2 7 4 2.79 0 1 1 1 2 280 11 0
0 30.25 5.5 2 4 4 5.5 0 0 0 1 1 100 1 0
1 28.58 3.62 2 6 4 0.25 0 0 0 1 2 100 1 0
1 37.17 4 2 8 5 5 1 0 0 1 1 280 1 0
1 52.33 1.37 1 8 8 9.46 1 0 0 1 2 200 101 0
1 21.33 10.5 2 8 4 3 1 0 0 1 2 0 1 1
1 22.92 0.17 2 7 4 0.085 0 0 0 0 1 0 1 0
0 33.92 1.58 1 1 1 0 1 0 0 0 2 320 1 0
0 18.75 7.5 2 11 4 2.71 1 1 5 0 2 184 26727 1
1 22.08 2.33 2 4 4 0.75 0 0 0 0 2 180 1 0
1 25 12.5 2 6 4 3 1 0 0 1 1 20 1 1
1 19.67 0.37 2 11 4 2 1 1 2 1 2 80 1 1
0 33.08 1.62 2 2 4 0.54 0 0 0 1 2 0 1 0
1 28.25 5.12 2 14 4 4.75 1 1 2 0 2 420 8 1
1 33.17 1.04 2 12 8 6.5 1 0 0 1 2 164 31286 1
1 39.33 5.87 2 13 8 10 1 1 14 1 2 399 1 1
0 56.83 4.25 1 1 1 5 0 0 0 1 2 0 5 0
0 24.5 1.04 1 1 1 0.5 1 1 3 0 2 180 148 0
0 40.33 7.54 1 11 8 8 1 1 14 0 2 0 2301 1
1 58.58 2.71 2 8 4 2.415 0 0 0 1 2 320 1 0
1 19.17 4 1 3 4 1 0 0 0 1 2 360 1001 0
1 30.58 2.71 1 7 4 0.125 0 0 0 1 1 80 1 0
0 26.5 2.71 1 8 4 0.085 0 0 0 0 1 80 1 0
1 16.25 0.83 2 7 4 0.085 1 0 0 0 1 200 1 0
0 20.67 1.83 2 11 4 2.085 1 1 5 0 2 220 2504 1
1 16.92 0.33 1 4 4 0.29 0 0 0 0 1 200 1 0
1 33.17 1 2 14 4 0.75 1 1 7 1 2 340 4072 1
1 43.25 3 2 11 8 6 1 1 11 0 2 80 1 1
1 25.67 0.28 1 8 4 1.5 0 0 0 1 2 160 1 0
1 22.67 2.54 1 8 8 2.585 1 0 0 0 2 0 1 1
1 37.33 2.66 2 13 4 0.165 0 0 0 1 2 0 502 0
1 37.58 0 2 8 4 0 0 0 0 0 3 184 1 1
1 32.33 3.5 2 4 4 0.5 0 0 0 1 2 232 1 0
1 16.32 2.75 2 6 4 0.665 0 1 1 0 2 80 22 0
1 24.42 12.33 2 11 8 1.585 1 0 0 1 2 120 1 1
1 26.67 2.71 1 13 4 5.25 1 1 1 0 2 211 1 1

