1 18.32 1.21 1 10 2 0 0 0 0 0 2 100 1 0
0 31.57 11.25 2 1 1 0 0 0 0 0 2 184 5201 0
0 22.67 0.33 2 11 4 0.75 0 0 0 0 1 160 1 0
1 38.42 0.7 2 8 4 0.375 0 1 2 0 2 225 501 0
1 54.83 15.5 2 10 9 0 1 1 20 0 2 152 131 0
0 20.75 9.53 2 3 4 0.04 0 0 0 0 2 200 1001 0
1 16.07 0.75 2 8 4 1.75 1 1 5 1 2 352 691 1
1 19.5 0.28 2 4 4 0.29 0 0 0 0 2 280 365 0
1 32.75 1.5 2 13 8 5.5 1 1 3 1 2 0 1 1
1 23.17 11.12 2 14 8 0.46 1 1 1 0 2 100 1 1
0 20.5 11.83 2 8 8 6 1 0 0 0 2 340 1 1
1 32.75 1.5 2 13 8 5.5 1 1 3 1 2 0 1 1
1 26 1 2 11 4 1.75 1 0 0 1 2 280 1 1
1 23 0.75 2 7 4 0.5 0 0 0 1 1 320 1 0
1 23.17 11.12 2 14 8 0.46 1 1 1 0 2 100 1 1
1 38.92 1.75 2 4 4 0.5 0 0 0 1 2 300 3 0
0 20.42 7.5 2 4 4 1.5 1 1 1 0 2 160 235 1
0 26.17 2 2 5 3 0 0 0 0 1 2 276 2 0
1 39.17 1.71 2 14 4 0.125 1 1 5 1 2 480 1 1
0 28.42 3.5 2 9 4 0.835 1 0 0 0 1 280 1 1
1 25 12.5 2 6 4 3 1 0 0 1 1 20 1 1
0 30 5.29 2 10 2 2.25 1 1 5 1 2 99 501 1
1 31.57 10.5 2 14 4 6.5 1 0 0 0 2 0 1 1
0 32 6 2 2 4 1.25 0 0 0 0 2 272 1 0
0 28.5 1 2 11 4 1 1 1 2 1 2 167 501 0
0 25 12.33 2 13 8 3.5 1 1 6 0 2 400 459 1
1 36.42 0.75 1 2 4 0.585 0 0 0 0 2 240 4 0
1 40.25 21.5 2 10 9 20 1 1 11 0 2 0 1201 1
1 16 3.12 2 9 4 0.085 0 1 1 0 2 0 7 0
1 19.17 0 1 7 5 0 0 0 0 1 1 500 2 1
0 30.58 10.66 2 11 8 0.085 0 1 12 1 2 129 4 0
1 27.67 0.75 2 11 8 0.165 0 0 0 1 2 220 252 0
1 27.25 1.58 2 13 8 1.835 1 1 12 1 2 583 714 1
0 37.75 5.5 2 11 4 0.125 1 0 0 1 2 228 1 1
1 33.67 2.16 2 8 4 1.5 0 0 0 0 3 120 1 0
1 31.57 0.37 2 2 4 0.875 1 0 0 1 1 928 1 0
1 21.58 0.79 1 13 4 0.665 0 0 0 0 2 160 1 0
1 23.17 0 2 8 4 0 0 0 0 0 3 184 1 1
1 36.33 2.12 1 9 4 0.085 1 1 1 0 2 50 1188 1
1 41.5 1.54 2 3 5 3.5 0 0 0 0 2 216 1 1
1 43.17 5 2 3 5 2.25 0 0 0 1 2 141 1 0
1 21 4.79 1 9 4 2.25 1 1 1 1 2 80 301 1
0 32.25 1.5 2 8 4 0.25 0 0 0 1 2 372 123 0
1 41 0.04 2 10 4 0.04 0 1 1 0 1 560 1 1
1 21.17 0.87 1 8 8 0.25 0 0 0 0 2 280 205 0
1 48.75 8.5 2 8 8 12.5 1 1 9 0 2 181 1656 1
1 32.25 14 1 1 1 0 0 1 2 0 2 160 2 0
1 16.32 2.75 2 6 4 0.665 0 1 1 0 2 80 22 0
1 44.25 11 1 2 4 1.5 1 0 0 0 1 0 1 0
1 22.25 0.46 2 4 4 0.125 0 0 0 1 2 280 56 0
1 34.83 4 2 2 5 12.5 1 0 0 1 2 184 1 0
1 74.83 19 1 1 1 0.04 0 1 2 0 2 0 352 0
0 26.5 2.71 1 8 4 0.085 0 0 0 0 1 80 1 0
0 22.42 11.25 1 14 8 0.75 1 1 4 0 2 0 322 1
1 25.75 0.75 2 8 5 0.25 1 0 0 0 2 349 24 1
0 47.42 8 2 10 5 6.5 1 1 6 0 2 375 51101 1
0 41 2.04 1 11 8 0.125 1 1 23 1 2 455 1237 1
1 31.83 0.04 1 7 4 0.04 0 0 0 0 2 0 1 0
1 29.67 0.75 1 8 4 0.04 0 0 0 0 2 240 1 0
0 31.57 3.5 2 2 4 3 1 0 0 1 2 300 1 0
1 22.08 0.83 2 8 8 2.165 0 0 0 1 2 128 1 1
1 25 12 2 4 4 2.25 1 1 2 1 2 120 6 0
0 20.67 1.83 2 11 4 2.085 1 1 5 0 2 220 2504 1
1 18.42 10.41 1 6 4 0.125 1 0 0 0 2 120 376 0
1 36.17 0.42 1 9 4 0.29 0 0 0 1 2 309 3 0
1 34.08 0.08 1 7 5 0.04 1 1 1 1 2 280 2001 1
0 17.82 11 2 14 8 1 1 1 11 0 2 0 3001 1
0 18.57 10 2 2 4 0.415 0 0 0 0 2 80 43 0
1 24.58 12.5 2 9 4 0.875 1 0 0 1 2 260 1 0
1 27.25 0.62 2 6 4 0.455 1 0 0 1 2 200 1 0
0 21.75 1.75 1 5 3 0 0 0 0 0 2 160 1 0
1 25.67 0.28 1 8 4 1.5 0 0 0 1 2 160 1 0
1 18.07 6.75 1 7 4 0.04 0 0 0 0 2 140 1 0
1 36.42 0.75 1 2 4 0.585 0 0 0 0 2 240 4 0
1 18.67 5 2 11 4 0.375 1 1 2 0 2 0 39 0
1 26.92 2.25 2 3 5 0.5 0 0 0 1 2 640 4001 0
0 18.92 9.25 1 8 4 1 1 1 4 1 2 80 501 1
0 28.17 0.58 2 6 4 0.04 0 0 0 0 2 260 1005 0
1 21 4.79 1 9 4 2.25 1 1 1 1 2 80 301 1
0 18.25 10 2 9 4 1 0 1 1 0 2 120 2 0
0 33.75 0.75 2 4 5 1 1 1 3 1 2 212 1 0
1 42.83 4.62 2 11 4 4.58 1 0 0 0 1 0 1 1
1 44.25 0.5 2 7 4 10.75 1 0 0 0 1 400 1 0
1 39.92 6.21 2 11 4 0.04 1 1 1 0 2 200 301 1
1 33.58 0.25 2 3 5 4 0 0 0 1 1 420 1 0
1 38.42 0.7 2 8 4 0.375 0 1 2 0 2 225 501 0
1 22.17 12.12 2 8 4 3.335 0 1 2 1 2 180 174 0
1 29.67 0.75 1 8 4 0.04 0 0 0 0 2 240 1 0
1 18.82 0.41 1 8 4 0.165 0 1 1 0 2 200 2 0
0 20.5 11.83 2 8 8 6 1 0 0 0 2 340 1 1
1 23.58 0.46 1 9 4 2.625 1 1 6 1 2 208 348 0
1 41.5 1.54 2 3 5 3.5 0 0 0 0 2 216 1 1
1 27.25 1.66 2 13 8 5.085 1 1 9 0 2 399 828 1
1 35.17 4.5 2 14 8 5.75 0 0 0 1 1 711 1 1
0 21.67 11.5 1 5 3 0 1 1 11 1 2 0 1 1
1 43.17 5 2 3 5 2.25 0 0 0 1 2 141 1 0
0 16.5 1.25 2 11 4 0.25 0 1 1 0 2 108 99 0
0 24.08 0.5 2 11 8 1.25 1 1 1 0 2 0 679 1
1 31.67 0.83 2 14 4 1.335 1 1 8 1 2 303 3291 1
1 48.58 6.5 2 11 8 6 1 0 0 1 2 350 1 1
0 18.82 9.53 2 6 4 0.085 1 0 0 0 2 100 1 1
1 23.08 2.5 2 1 1 0.085 0 0 0 1 2 100 4209 0
0 38.75 1.5 2 1 1 0 0 0 0 0 2 76 1 0
1 22.67 0.16 2 8 3 2.25 0 0 0 1 1 0 1 1
1 32.08 4 2 7 4 2.5 1 0 0 1 2 360 1 1
1 58.58 2.71 2 8 4 2.415 0 0 0 1 2 320 1 0
1 25.67 0.28 1 8 4 1.5 0 0 0 1 2 160 1 0
1 44.83 7 1 8 4 1.625 0 0 0 0 2 160 3 0
0 21.5 6 2 6 4 2.5 1 1 3 0 2 80 919 1
1 39.5 1.62 2 8 4 1.5 0 0 0 0 2 0 317 0

