0 26.08 8.66 2 6 4 1.415 1 0 0 0 2 160 151 1
1 19.17 0 1 7 5 0 0 0 0 1 1 500 2 1
1 31.57 0.37 2 2 4 0.875 1 0 0 1 1 928 1 0
1 33.58 0.33 1 13 4 0.085 0 0 0 0 2 180 1 0
1 37.33 2.66 2 13 4 0.165 0 0 0 1 2 0 502 0
1 28.25 5.12 2 14 4 4.75 1 1 2 0 2 420 8 1
1 29.5 0.57 2 9 4 0.29 0 1 1 0 2 340 2804 0
1 27.75 1.29 2 4 8 0.25 0 0 0 1 1 140 1 0
1 33.75 2.75 2 3 5 0 0 0 0 0 2 180 1 0
1 48.58 6.5 2 11 8 6 1 0 0 1 2 350 1 1
0 23.5 9 2 11 4 8.5 1 1 5 1 2 120 1 1
1 43.25 25.21 2 11 8 0.21 1 1 1 0 2 760 91 0
0 31.57 11.25 2 1 1 0 0 0 0 0 2 184 5201 0
1 43.25 3 2 11 8 6 1 1 11 0 2 80 1 1
1 22.67 1.58 1 9 4 3.085 1 1 6 0 2 80 1 1
0 19.5 0.16 2 11 4 0.04 0 0 0 1 2 380 1 0
0 17.82 11 2 14 8 1 1 1 11 0 2 0 3001 1
1 58.58 2.71 2 8 4 2.415 0 0 0 1 2 320 1 0
1 23 0.75 2 7 4 0.5 0 0 0 1 1 320 1 0
1 31.57 4 1 3 4 0.085 0 0 0 1 2 411 1 0
0 22.67 0.79 2 3 4 0.085 0 0 0 0 2 144 1 0
1 15.17 7 2 10 4 1 0 0 0 0 2 600 1 0
1 18.67 5 2 11 4 0.375 1 1 2 0 2 0 39 0
0 28.5 1 2 11 4 1 1 1 2 1 2 167 501 0
1 30.17 0.5 2 8 4 1.75 1 1 11 0 2 32 541 1
1 31.57 0.37 2 2 4 0.875 1 0 0 1 1 928 1 0
1 25.17 3 2 8 4 1.25 0 1 1 0 2 0 23 0
1 39.42 1.71 1 7 4 0.165 0 0 0 0 1 400 1 0
1 32.75 1.5 2 13 8 5.5 1 1 3 1 2 0 1 1
0 51.92 6.5 2 3 5 3.085 0 0 0 1 2 73 1 0
1 21.92 0.54 1 14 4 0.04 1 1 1 1 2 840 60 1
1 24.33 6.62 1 2 4 5.5 1 0 0 1 1 100 1 1
0 42.25 1.75 1 8 4 0 0 0 0 1 2 150 2 0
0 22.67 0.75 2 8 4 2 0 1 2 1 2 200 395 0
0 23.25 5.87 2 11 4 3.17 1 1 10 0 2 120 246 1
1 28.33 5 2 9 4 11 1 0 0 1 2 70 1 1
0 29.5 1.08 1 14 4 1 0 0 0 0 2 280 14 0
1 26.83 0.54 2 4 1 0 0 0 0 0 2 100 1 0
1 43.25 3 2 11 8 6 1 1 11 0 2 80 1 1
1 21 3 1 2 4 1.085 1 1 8 1 2 160 2 1
0 32.25 1.5 2 8 4 0.25 0 0 0 1 2 372 123 0
1 59.67 1.54 2 11 4 0.125 1 0 0 1 2 260 1 1
1 28.33 5 2 9 4 11 1 0 0 1 2 70 1 1
0 22.5 8.5 2 11 4 1.75 1 1 10 0 2 80 991 0
0 47.42 3 2 14 4 13.875 1 1 2 1 2 519 1705 1
1 31.92 4.46 2 13 8 6.04 1 1 3 0 2 311 301 1
1 18.82 0 2 11 4 0.665 0 0 0 0 2 160 2 0
1 43.08 0.37 1 8 4 0.375 1 1 8 1 2 300 163 1
1 44.25 0.5 2 7 4 10.75 1 0 0 0 1 400 1 0
0 18.07 0.37 3 13 1 10 0 0 0 1 1 300 1 1
1 32.67 5.5 2 11 8 5.5 1 1 12 1 2 408 1001 1
1 31.57 4 1 3 4 0.085 0 0 0 1 2 411 1 0
1 21.58 0.79 1 13 4 0.665 0 0 0 0 2 160 1 0
1 19.42 1.5 1 13 4 2 1 0 0 1 2 100 21 0
1 32.33 2.5 2 8 4 1.25 0 0 0 1 2 280 1 0
1 24.5 13.33 1 6 4 0.04 0 0 0 1 2 120 476 0
1 21.5 9.75 2 8 4 0.25 1 0 0 0 2 140 1 0
0 35.17 3.75 2 1 1 0 0 1 6 0 2 0 201 0
1 27.75 1.29 2 4 8 0.25 0 0 0 1 1 140 1 0
1 20 0 2 2 4 0.5 0 0 0 0 2 144 1 0
1 36.75 0.12 1 8 4 1.5 0 0 0 1 2 232 114 1
1 22.17 12.12 2 8 4 3.335 0 1 2 1 2 180 174 0
1 48.08 6.04 2 4 4 0.04 0 0 0 0 2 0 2691 1
1 30.83 0 2 9 4 1.25 1 1 1 0 2 202 1 1
1 36.67 4.41 1 4 4 0.25 1 1 10 1 2 320 1 1
1 31.58 0.75 1 6 4 3.5 0 0 0 1 2 320 1 0
1 40 6.5 2 6 5 3.5 1 1 1 0 2 0 501 1
1 19 0 1 1 1 0 0 1 4 0 2 45 2 0
0 21.08 5 1 1 1 0 0 0 0 0 2 0 1 0
1 30.75 1.58 2 2 4 0.585 0 0 0 1 1 0 1 0
1 31.57 4 1 3 4 0.085 0 0 0 1 2 411 1 0
1 40 6.5 2 6 5 3.5 1 1 1 0 2 0 501 1
1 13.75 4 1 9 4 1.75 1 1 2 1 2 120 1001 1
1 23 0.75 2 7 4 0.5 0 0 0 1 1 320 1 0
1 21 4.79 1 9 4 2.25 1 1 1 1 2 80 301 1
1 28.25 5.04 1 8 5 1.5 1 1 8 1 2 144 8 1
1 18.07 6.75 1 7 4 0.04 0 0 0 0 2 140 1 0
0 39.08 4 2 8 4 3 0 0 0 0 2 480 1 0
1 33.5 1.75 2 14 8 4.5 1 1 4 1 2 253 858 1
1 35.17 4.5 2 14 8 5.75 0 0 0 1 1 711 1 1
1 41.42 5 2 11 8 5 1 1 6 1 2 470 1 1
0 33.25 2.5 1 8 4 2.5 0 0 0 1 2 0 3 0
1 44.25 0.5 2 7 4 10.75 1 0 0 0 1 400 1 0
1 25.67 3.25 2 8 8 2.29 0 1 1 1 2 416 22 0
0 18.82 4.41 1 8 8 3 1 0 0 0 2 240 1 1
0 22.5 8.5 2 11 4 1.75 1 1 10 0 2 80 991 0
0 25.42 1.12 2 11 4 1.29 1 1 2 0 2 200 1 0
1 28.67 9.33 2 11 8 5.665 1 1 6 0 2 381 169 1
1 20 0 2 2 4 0.5 0 0 0 0 2 144 1 0
1 20.42 1.08 2 11 4 1.5 0 0 0 0 2 108 8 0
1 21.83 11 2 14 4 0.29 1 1 6 0 2 121 1 1
1 27.83 1 1 2 8 3 0 0 0 0 2 176 538 0
1 34.25 1.75 2 9 5 0.25 1 0 0 1 2 163 1 0
1 28.75 1.16 2 4 4 0.5 1 0 0 0 1 280 1 0
0 25.58 0 2 8 4 0 0 0 0 0 3 184 1 1
1 36.67 3.25 2 11 8 9 1 0 0 1 2 102 640 1
1 41 0.04 2 10 4 0.04 0 1 1 0 1 560 1 1
1 43.25 3 2 11 8 6 1 1 11 0 2 80 1 1
0 19.67 0.21 2 11 8 0.29 1 1 11 0 2 80 100 1
0 60.58 16.5 2 11 4 11 1 0 0 1 2 21 10562 1
1 17.67 4.46 2 8 4 0.25 0 0 0 0 1 80 1 0
0 37.75 5.5 2 11 4 0.125 1 0 0 1 2 228 1 1
1 41.92 0.42 2 8 8 0.21 1 1 6 0 2 220 949 1
0 36.75 4.71 2 1 1 0 0 0 0 0 2 160 1 0
1 25.25 1 2 6 4 0.5 0 0 0 0 2 200 1 0
0 22.5 8.5 2 11 4 1.75 1 1 10 0 2 80 991 0
0 22.92 11.58 2 13 4 0.04 1 0 0 0 2 80 1350 1
0 20.32 10 2 8 8 1 1 1 4 0 2 50 1466 1
0 23 11.75 2 14 8 0.5 1 1 2 1 2 300 552 1
0 22.67 0.79 2 3 4 0.085 0 0 0 0 2 144 1 0

