1 40.58 5 2 8 4 5 1 1 7 0 2 0 3066 1
0 20.07 0.12 2 11 4 1 0 1 1 0 2 240 769 1
1 36.33 3.79 2 9 4 1.165 1 0 0 1 2 200 1 0
0 22.5 0.41 2 3 4 0.335 0 0 0 1 1 144 1 0
1 30.17 6.5 2 13 4 3.125 1 1 8 0 2 330 1201 1
1 32.33 7.5 2 10 5 1.585 1 0 0 1 1 420 1 0
1 31 2.08 2 8 4 0.085 0 0 0 0 2 300 1 0
1 51.42 0.04 2 14 8 0.04 1 0 0 0 2 0 3001 1
0 23.58 0.83 2 11 4 0.415 0 1 1 1 2 200 12 0
0 49 1.5 2 5 3 0 1 0 0 1 2 100 28 0
1 67.75 5.5 2 10 9 13 1 1 1 1 2 0 1 1
1 23.25 1 2 8 4 0.835 1 0 0 0 1 300 1 1
1 28.75 1.5 1 8 4 1.5 1 0 0 1 2 0 226 0
1 20.67 0.83 1 8 4 2 0 0 0 1 1 240 1 0
1 34.92 5 2 14 8 7.5 1 1 6 1 2 0 1001 1
0 45 4.58 2 4 8 1 0 0 0 1 1 240 1 0
0 26.92 13.5 2 11 8 5 1 1 2 0 2 0 5001 1
0 22.42 5.66 2 11 4 2.585 1 1 7 0 2 129 3258 1
1 31 2.08 2 8 4 0.085 0 0 0 0 2 300 1 0
1 21.92 0.54 1 14 4 0.04 1 1 1 1 2 840 60 1
0 38.25 6 2 4 4 1 1 0 0 1 2 0 1 1
0 22.67 3.8 2 8 4 0.165 0 0 0 0 2 160 1 0
1 20.42 0 2 8 4 0 0 0 0 0 3 184 1 0
1 33.67 1.25 2 9 4 1.165 0 0 0 0 2 120 1 0
0 30 5.29 2 10 2 2.25 1 1 5 1 2 99 501 1
0 25.75 0.5 2 8 8 0.875 1 0 0 1 2 491 1 1
1 44.33 0.5 2 3 8 5 1 0 0 1 2 320 1 1
1 40.92 0.5 1 7 4 0.5 0 0 0 1 2 130 1 0
0 19.5 0.16 2 11 4 0.04 0 0 0 1 2 380 1 0
0 24.5 12.75 2 8 5 4.75 1 1 2 0 2 73 445 1
1 21 4.79 1 9 4 2.25 1 1 1 1 2 80 301 1
0 18.82 4.41 1 8 8 3 1 0 0 0 2 240 1 1
1 34.17 2.75 2 3 5 2.5 0 0 0 1 2 232 201 0
0 21.08 5 1 1 1 0 0 0 0 0 2 0 1 0
0 29.5 2 1 10 8 2 0 0 0 0 2 256 18 0
1 31.58 0.75 1 6 4 3.5 0 0 0 1 2 320 1 0
1 20 0 2 2 4 0.5 0 0 0 0 2 144 1 0
0 22.58 10.75 2 11 4 0.415 1 1 5 1 2 0 561 1
1 22.08 11 2 13 4 0.665 1 0 0 0 2 100 1 1
1 51.33 10 2 3 5 0 1 1 11 0 2 0 1250 1
1 28.25 5.04 1 8 5 1.5 1 1 8 1 2 144 8 1
1 23 0.62 1 6 4 0.125 1 0 0 0 2 180 2 0
1 22.92 3.16 1 8 4 0.165 0 0 0 0 2 160 1059 0
0 20.75 9.53 2 3 4 0.04 0 0 0 0 2 200 1001 0
1 43.17 5 2 3 5 2.25 0 0 0 1 2 141 1 0
1 25.5 0.37 2 7 4 0.25 1 1 3 0 2 260 15109 1
1 25.25 1 2 6 4 0.5 0 0 0 0 2 200 1 0
1 44.33 0.5 2 3 8 5 1 0 0 1 2 320 1 1
0 36.58 0.28 2 1 1 0 0 1 10 0 2 200 19 0
1 47.17 5.83 2 9 4 5.5 0 0 0 0 2 465 151 0
1 31.25 1.12 2 1 1 0 0 1 1 0 2 96 20 0
1 59.67 1.54 2 11 4 0.125 1 0 0 1 2 260 1 1
1 18.82 0 2 11 4 0.665 0 0 0 0 2 160 2 0
0 28.58 3.54 2 3 5 0.5 1 0 0 1 2 171 1 0
1 27.58 2.04 1 6 4 2 1 1 3 1 2 370 561 1
0 28.17 0.37 2 11 4 0.585 1 1 4 0 2 80 1 1
1 17.07 0.08 1 8 4 0.04 0 0 0 0 2 140 723 0
1 51.42 0.04 2 14 8 0.04 1 0 0 0 2 0 3001 1
1 34.25 3 2 13 8 7.415 1 0 0 1 2 0 1 1
1 42.75 3 2 3 5 1 1 0 0 0 2 0 201 0
1 52.42 1.5 2 2 4 3.75 0 0 0 1 2 0 351 0
1 27.58 2.04 1 6 4 2 1 1 3 1 2 370 561 1
1 30.75 1.58 2 2 4 0.585 0 0 0 1 1 0 1 0
1 35.17 4.5 2 14 8 5.75 0 0 0 1 1 711 1 1
1 37.5 0.83 2 10 4 0.04 0 0 0 0 2 120 6 0
0 33.92 1.58 1 1 1 0 1 0 0 0 2 320 1 0
1 25.25 1 2 6 4 0.5 0 0 0 0 2 200 1 0
0 20.75 10.25 2 11 4 0.71 1 1 2 1 2 49 1 1
0 58.67 4.46 2 11 8 3.04 1 1 6 0 2 43 561 1
0 22.5 0.41 2 3 4 0.335 0 0 0 1 1 144 1 0
0 17.32 9.5 2 6 4 1.75 0 1 10 1 2 0 11 0
0 35.17 3.75 2 1 1 0 0 1 6 0 2 0 201 0
0 38.58 5 2 13 4 13.5 1 0 0 1 2 980 1 0
1 24.58 12.5 2 9 4 0.875 1 0 0 1 2 260 1 0
1 41.92 0.42 2 8 8 0.21 1 1 6 0 2 220 949 1
1 47.17 5.83 2 9 4 5.5 0 0 0 0 2 465 151 0
0 22.67 3.8 2 8 4 0.165 0 0 0 0 2 160 1 0
1 55.92 11.5 2 1 1 5 1 1 5 0 2 0 8852 1
0 41.58 1.04 2 6 4 0.665 0 0 0 0 2 240 238 0
1 54.83 15.5 2 10 9 0 1 1 20 0 2 152 131 0
0 22.92 11.58 2 13 4 0.04 1 0 0 0 2 80 1350 1
1 24.58 1.25 2 8 4 0.25 0 0 0 0 2 110 1 0
1 36.17 0.42 1 9 4 0.29 0 0 0 1 2 309 3 0
1 28.67 14.5 2 2 4 0.125 0 0 0 0 2 0 287 0
0 65.17 14 2 1 1 0 1 1 11 1 2 0 1401 1
0 38.58 5 2 13 4 13.5 1 0 0 1 2 980 1 0
1 56.42 28 1 8 4 28.5 1 1 40 0 2 0 16 1
1 19.57 0.58 2 1 1 0 0 1 3 0 2 350 770 0
0 22.42 11.25 1 14 8 0.75 1 1 4 0 2 0 322 1
0 58.42 21 2 3 5 10 1 1 13 0 2 0 6701 1
0 25.58 0 2 8 4 0 0 0 0 0 3 184 1 1
0 22.58 10.75 2 11 4 0.415 1 1 5 1 2 0 561 1
0 34.83 1.25 1 3 8 0.5 0 0 0 1 2 160 1 0
1 30.75 1.58 2 2 4 0.585 0 0 0 1 1 0 1 0
0 16.32 0.21 2 6 4 0.125 0 0 0 0 2 200 2 0
0 22.92 1.25 2 11 4 0.25 0 0 0 1 2 120 810 0
0 33.67 0.37 2 13 4 0.375 0 0 0 0 2 300 45 1
1 31.57 0.37 2 2 4 0.875 1 0 0 1 1 928 1 0
1 42.83 4.62 2 11 4 4.58 1 0 0 0 1 0 1 1
0 44.33 0 2 8 4 2.5 1 0 0 0 2 0 1 1
1 27.58 3.25 1 11 8 5.085 0 1 2 1 2 369 2 0
0 57.58 2 2 1 1 6.5 0 1 1 0 2 0 11 0
1 20.07 0.25 2 11 4 0.125 0 0 0 0 2 200 1 0
1 25.75 0.75 2 8 5 0.25 1 0 0 0 2 349 24 1
0 35.42 12 2 11 8 14 1 1 8 0 2 0 6591 1
1 26.92 2.25 2 3 5 0.5 0 0 0 1 2 640 4001 0
1 44.83 7 1 8 4 1.625 0 0 0 0 2 160 3 0
1 54.42 0.5 1 4 8 3.96 1 0 0 0 2 180 315 1
1 20 7 2 8 4 0.5 0 0 0 0 2 0 1 0
0 50.08 12.54 2 6 4 2.29 1 1 3 1 2 156 1 1

