0 23.58 11.5 1 4 8 3 0 0 0 1 2 20 17 0
1 26.17 12.5 1 4 8 1.25 0 0 0 1 2 0 18 0
1 27 1.5 1 9 4 0.375 1 0 0 1 2 260 1066 1
0 29.58 1.75 1 4 4 1.25 0 0 0 1 2 280 1 0
1 47.33 6.5 2 8 4 1 0 0 0 1 2 0 229 0
1 29.58 4.5 2 9 4 7.5 1 1 2 1 2 330 1 1
1 26.17 0.83 2 13 4 1.165 0 0 0 0 2 100 1 0
0 27.67 2.04 2 9 4 0.25 0 0 0 1 2 180 51 0
0 24.08 0.5 2 11 8 1.25 1 1 1 0 2 0 679 1
1 40.58 1.5 2 3 5 0 0 0 0 0 1 300 1 0
0 21.75 1.75 1 5 3 0 0 0 0 0 2 160 1 0
1 29.92 1.83 2 8 8 4.335 1 0 0 0 2 260 201 1
1 47.17 5.83 2 9 4 5.5 0 0 0 0 2 465 151 0
1 40.92 0.83 2 1 1 0 1 0 0 0 2 130 2 0
0 26.5 2.71 1 8 4 0.085 0 0 0 0 1 80 1 0
0 18.57 10 2 2 4 0.415 0 0 0 0 2 80 43 0
1 16.92 0.33 1 4 4 0.29 0 0 0 0 1 200 1 0
0 22.25 1.25 1 1 1 3.25 0 0 0 0 2 280 1 0
0 30.42 1.37 2 9 8 0.04 0 1 3 0 2 0 34 0
0 24.5 12.75 2 8 5 4.75 1 1 2 0 2 73 445 1
1 31.67 0.83 2 14 4 1.335 1 1 8 1 2 303 3291 1
0 18.92 9.25 1 8 4 1 1 1 4 1 2 80 501 1
0 44.17 6.66 2 11 4 7.375 1 1 3 1 2 0 1 1
1 29.92 1.83 2 8 8 4.335 1 0 0 0 2 260 201 1
1 34.17 9.17 2 8 4 4.5 1 1 12 1 2 0 222 1
0 18.42 9.25 2 11 4 1.21 1 1 4 0 2 60 541 1
0 30.58 10.66 2 11 8 0.085 0 1 12 1 2 129 4 0
0 32.25 1.5 2 8 4 0.25 0 0 0 1 2 372 123 0
1 23.08 11.5 2 3 4 3.5 1 1 9 0 2 56 743 1
1 33.17 3.04 1 8 8 2.04 1 1 1 1 2 180 18028 1
1 36.75 0.12 1 8 4 1.5 0 0 0 1 2 232 114 1
1 48.08 6.04 2 4 4 0.04 0 0 0 0 2 0 2691 1
0 29.5 1.08 1 14 4 1 0 0 0 0 2 280 14 0
0 31.57 11.25 2 1 1 0 0 0 0 0 2 184 5201 0
1 27.67 0.75 2 11 8 0.165 0 0 0 1 2 220 252 0
0 23.25 5.87 2 11 4 3.17 1 1 10 0 2 120 246 1
1 40.92 0.83 2 1 1 0 1 0 0 0 2 130 2 0
1 35.25 16.5 1 8 4 4 1 0 0 0 2 80 1 0
1 44.83 7 1 8 4 1.625 0 0 0 0 2 160 3 0
1 25.58 0.33 2 4 8 3.5 0 0 0 1 2 340 1 0
1 27.67 0.75 2 11 8 0.165 0 0 0 1 2 220 252 0
1 17.42 6.5 2 3 4 0.125 0 0 0 0 2 60 101 0
1 31.83 0.04 1 7 4 0.04 0 0 0 0 2 0 1 0
0 30.58 10.66 2 11 8 0.085 0 1 12 1 2 129 4 0
0 32.25 1.5 2 8 4 0.25 0 0 0 1 2 372 123 0
1 22.17 2.25 2 3 4 0.125 0 0 0 0 2 160 11 0
1 31.08 3.08 2 8 4 2.5 0 1 2 1 2 160 42 0
0 16.32 0.21 2 6 4 0.125 0 0 0 0 2 200 2 0
0 19.67 0.21 2 11 8 0.29 1 1 11 0 2 80 100 1
0 22.67 0.33 2 11 4 0.75 0 0 0 0 1 160 1 0
1 22.67 1.58 1 9 4 3.085 1 1 6 0 2 80 1 1
1 49.17 2.29 2 1 1 0.29 0 0 0 0 2 200 4 0
0 22.25 1.25 1 1 1 3.25 0 0 0 0 2 280 1 0
0 24.75 3 2 11 8 1.835 1 1 19 0 2 0 501 1
1 19.17 4 1 3 4 1 0 0 0 1 2 360 1001 0
0 23.58 0.58 1 1 1 0.125 0 0 0 0 2 120 88 0
1 21.08 10.08 1 10 8 1.25 0 0 0 0 2 260 1 0
1 25.33 0.57 2 8 4 0.29 1 1 7 1 2 96 5125 1
1 24.42 12.33 2 11 8 1.585 1 0 0 1 2 120 1 1
1 34.25 1.75 2 9 5 0.25 1 0 0 1 2 163 1 0
1 35.75 2.41 2 9 4 0.125 0 1 2 0 2 220 2 0
0 52.5 7 2 6 8 3 0 0 0 0 2 0 1 0
1 29.83 3.5 2 8 4 0.165 0 0 0 0 2 216 1 0
0 26.17 2 2 5 3 0 0 0 0 1 2 276 2 0
0 28.5 3.04 1 14 8 2.54 1 1 1 0 2 70 1 1
1 48.58 6.5 2 11 8 6 1 0 0 1 2 350 1 1
1 21.25 1.5 2 9 4 1.5 0 0 0 0 2 150 9 1
1 43 0.28 1 13 8 1.75 1 1 8 0 2 100 376 1
1 24.58 12.5 2 9 4 0.875 1 0 0 1 2 260 1 0
1 18.67 5 2 11 4 0.375 1 1 2 0 2 0 39 0
1 15.17 7 2 10 4 1 0 0 0 0 2 600 1 0
1 23.75 12 2 8 4 2.085 0 0 0 0 1 80 1 0
1 27.75 0.58 1 13 4 0.25 1 1 2 0 2 260 501 1
1 31.25 1.12 2 1 1 0 0 1 1 0 2 96 20 0
1 27.75 0.58 1 13 4 0.25 1 1 2 0 2 260 501 1
1 34.17 1.54 2 13 4 1.54 1 1 1 1 2 520 50001 1
0 49.83 13.58 2 4 8 8.5 1 0 0 1 2 0 1 1
1 18.82 0 2 11 4 0.665 0 0 0 0 2 160 2 0
1 49.17 2.29 2 1 1 0.29 0 0 0 0 2 200 4 0
1 30.17 1.08 1 8 4 0.04 0 0 0 0 2 170 180 0
1 31.08 1.5 1 9 4 0.04 0 0 0 0 1 160 1 0
0 19.5 0.16 2 11 4 0.04 0 0 0 1 2 380 1 0
0 64.08 0.16 2 1 1 0 1 1 1 0 2 232 101 1
1 30.17 1.08 1 8 4 0.04 0 0 0 0 2 170 180 0
1 25 12 2 4 4 2.25 1 1 2 1 2 120 6 0
0 29.58 1.75 1 4 4 1.25 0 0 0 1 2 280 1 0
1 21.92 0.54 1 14 4 0.04 1 1 1 1 2 840 60 1
1 40.92 0.5 1 7 4 0.5 0 0 0 1 2 130 1 0
0 50.25 0.83 2 6 4 0.5 0 0 0 1 2 240 118 0
1 37.33 2.66 2 13 4 0.165 0 0 0 1 2 0 502 0
0 52.17 0 1 1 1 0 0 0 0 0 2 0 1 0
0 23 1.83 2 5 3 0 0 1 1 0 2 200 54 0
1 23.92 0.66 2 8 4 0.165 0 0 0 0 2 100 1 1
1 23.92 1.5 2 2 8 1.875 1 1 6 0 2 200 328 1
1 18.5 2 2 3 4 1.5 1 1 2 0 2 120 301 1
0 40.83 3.5 2 3 5 0.5 0 0 0 0 1 1160 1 0
1 51.33 10 2 3 5 0 1 1 11 0 2 0 1250 1
1 34.42 1.33 2 3 5 0.125 0 0 0 1 2 440 4501 0
1 36.67 3.25 2 11 8 9 1 0 0 1 2 102 640 1
0 58.42 21 2 3 5 10 1 1 13 0 2 0 6701 1
1 31.57 0.5 2 8 5 0.835 1 0 0 1 1 320 1 0
1 63.33 0.54 2 8 4 0.585 1 1 3 1 2 180 1 0
1 28.33 5 2 9 4 11 1 0 0 1 2 70 1 1
1 27.67 0.75 2 11 8 0.165 0 0 0 1 2 220 252 0
1 18.17 2.46 2 8 7 0.96 0 1 2 1 2 160 588 0
1 51.83 3 1 1 1 1.5 0 0 0 0 2 180 5 0
1 29.58 4.75 2 7 4 2 0 1 1 1 2 460 69 0
1 19.57 0.58 2 1 1 0 0 1 3 0 2 350 770 0
1 22.75 11.5 2 3 4 0.415 0 0 0 0 2 0 1 0
0 24.5 12.75 2 8 5 4.75 1 1 2 0 2 73 445 1

