0 24.5 12.75 2 8 5 4.75 1 1 2 0 2 73 445 1
0 28.08 15 1 10 9 0 1 0 0 0 2 0 13213 1
0 18.75 7.5 2 11 4 2.71 1 1 5 0 2 184 26727 1
1 25.67 2.21 1 6 4 4 1 0 0 0 2 188 1 0
1 59.5 2.75 2 9 4 1.75 1 1 5 1 2 60 59 1
1 35 3.37 2 8 8 8.29 0 0 0 1 2 0 1 0
1 31.83 2.5 2 6 4 7.5 1 0 0 1 2 523 1 0
0 23 11.75 2 14 8 0.5 1 1 2 1 2 300 552 1
1 49.58 19 2 1 1 0 1 1 1 0 2 94 1 0
1 26.83 0.54 2 4 1 0 0 0 0 0 2 100 1 0
0 24.75 3 2 11 8 1.835 1 1 19 0 2 0 501 1
0 42.25 1.75 1 8 4 0 0 0 0 1 2 150 2 0
0 29.5 1.08 1 14 4 1 0 0 0 0 2 280 14 0
1 47.33 6.5 2 8 4 1 0 0 0 1 2 0 229 0
1 29.92 1.83 2 8 8 4.335 1 0 0 0 2 260 201 1
1 47.33 6.5 2 8 4 1 0 0 0 1 2 0 229 0
1 16.32 4.08 2 3 8 0.415 0 0 0 1 2 120 1 0
1 34.67 1.08 2 7 4 1.165 0 0 0 0 1 28 1 0
1 33.17 3.04 1 8 8 2.04 1 1 1 1 2 180 18028 1
1 23 0.75 2 7 4 0.5 0 0 0 1 1 320 1 0
1 23.92 0.58 1 13 8 0.125 0 0 0 0 2 240 2 0
0 20.07 0.12 2 11 4 1 0 1 1 0 2 240 769 1
1 26.83 0.54 2 4 1 0 0 0 0 0 2 100 1 0
0 25 12.33 2 13 8 3.5 1 1 6 0 2 400 459 1
1 37.5 0.83 2 10 4 0.04 0 0 0 0 2 120 6 0
1 27.75 0.58 1 13 4 0.25 1 1 2 0 2 260 501 1
0 18.82 4.41 1 8 8 3 1 0 0 0 2 240 1 1
1 17.07 3.29 2 3 4 0.335 0 0 0 1 2 140 3 0
1 42 0.2 2 3 8 5.125 1 0 0 0 2 400 1 1
0 33.08 4.62 2 11 8 1.625 1 1 2 0 2 0 1 1
1 26.75 1.12 2 14 8 1.25 1 0 0 0 2 0 5299 1
0 33.92 1.58 1 1 1 0 1 0 0 0 2 320 1 0
0 24.5 2.41 1 8 4 0 0 0 0 0 2 120 1 0
1 31.83 2.5 2 6 4 7.5 1 0 0 1 2 523 1 0
1 36.17 5.5 2 3 5 5 0 0 0 0 2 210 688 0
0 46 4 2 5 3 0 1 0 0 0 2 100 961 1
0 20.07 0.12 2 11 4 1 0 1 1 0 2 240 769 1
1 37.58 0 2 8 4 0 0 0 0 0 3 184 1 1
1 42.75 3 2 3 5 1 1 0 0 0 2 0 201 0
1 39.33 5.87 2 13 8 10 1 1 14 1 2 399 1 1
1 22.92 3.16 1 8 4 0.165 0 0 0 0 2 160 1059 0
0 28.17 0.58 2 6 4 0.04 0 0 0 0 2 260 1005 0
0 22.42 11.25 1 14 8 0.75 1 1 4 0 2 0 322 1
0 26.92 13.5 2 11 8 5 1 1 2 0 2 0 5001 1
0 22.92 1.25 2 11 4 0.25 0 0 0 1 2 120 810 0
1 29.92 1.83 2 8 8 4.335 1 0 0 0 2 260 201 1
0 24.5 1.04 1 1 1 0.5 1 1 3 0 2 180 148 0
1 52.5 6.5 2 4 4 6.29 1 1 15 0 2 0 11203 1
1 19.67 0.37 2 11 4 2 1 1 2 1 2 80 1 1
0 25.33 2.08 2 8 8 2.75 1 0 0 1 2 360 2 0
1 35.17 2.5 2 4 4 4.5 1 1 7 0 2 150 1271 1
0 22.25 1.25 1 1 1 3.25 0 0 0 0 2 280 1 0
1 28.25 5.04 1 8 5 1.5 1 1 8 1 2 144 8 1
1 37.5 0.83 2 10 4 0.04 0 0 0 0 2 120 6 0
1 19 0 1 1 1 0 0 1 4 0 2 45 2 0
1 19.17 4 1 3 4 1 0 0 0 1 2 360 1001 0
1 23.75 12 2 8 4 2.085 0 0 0 0 1 80 1 0
1 24.58 1.25 2 8 4 0.25 0 0 0 0 2 110 1 0
1 43.25 25.21 2 11 8 0.21 1 1 1 0 2 760 91 0
0 32 6 2 2 4 1.25 0 0 0 0 2 272 1 0
1 60.08 14.5 2 1 1 18 1 1 15 1 2 0 1001 1
1 27.75 0.58 1 13 4 0.25 1 1 2 0 2 260 501 1
1 21.83 0.25 2 2 8 0.665 1 0 0 1 2 0 1 1
1 29.83 2.04 1 14 8 0.04 0 0 0 0 2 128 2 0
0 25.75 0.5 2 8 8 0.875 1 0 0 1 2 491 1 1
0 24.83 4.5 2 9 4 1 0 0 0 1 2 360 7 0
0 33.67 0.37 2 13 4 0.375 0 0 0 0 2 300 45 1
1 23.08 0 2 4 4 1 0 1 11 0 1 0 1 0
1 23.92 0.58 1 13 8 0.125 0 0 0 0 2 240 2 0
1 60.08 14.5 2 1 1 18 1 1 15 1 2 0 1001 1
1 34.25 3 2 13 8 7.415 1 0 0 1 2 0 1 1
1 29.25 13 2 2 8 0.5 0 0 0 0 2 228 1 0
1 29.25 13 2 2 8 0.5 0 0 0 0 2 228 1 0
1 36.75 0.12 1 8 4 1.5 0 0 0 1 2 232 114 1
1 32 1.75 1 10 8 0.04 1 0 0 1 2 393 1 1
1 22.92 3.16 1 8 4 0.165 0 0 0 0 2 160 1059 0
1 22.75 11.5 2 3 4 0.415 0 0 0 0 2 0 1 0
1 43.17 5 2 3 5 2.25 0 0 0 1 2 141 1 0
1 32.33 2.5 2 8 4 1.25 0 0 0 1 2 280 1 0
1 31.57 4 2 14 4 5 1 1 3 1 2 290 2280 1
0 20.07 0.12 2 11 4 1 0 1 1 0 2 240 769 1
1 26.75 4.5 1 8 5 2.5 0 0 0 0 2 200 1211 0
0 20.32 10 2 8 8 1 1 1 4 0 2 50 1466 1
0 52.17 0 1 1 1 0 0 0 0 0 2 0 1 0
1 22.67 2.54 1 8 8 2.585 1 0 0 0 2 0 1 1
1 54.42 0.5 1 4 8 3.96 1 0 0 0 2 180 315 1
1 27.25 1.66 2 13 8 5.085 1 1 9 0 2 399 828 1
1 21.08 10.08 1 10 8 1.25 0 0 0 0 2 260 1 0
1 25.67 0.28 1 8 4 1.5 0 0 0 1 2 160 1 0
0 28.75 3.75 2 8 4 1.085 1 1 1 1 2 371 1 1
1 39.92 5 2 3 5 0.21 0 0 0 0 2 550 1 0
1 37.75 7 2 11 8 11.5 1 1 7 1 2 300 6 0
1 23.75 12 2 8 4 2.085 0 0 0 0 1 80 1 0
1 48.33 12 2 7 4 16 1 0 0 0 1 110 1 1
1 31.08 1.5 1 9 4 0.04 0 0 0 0 1 160 1 0
0 19.67 0.21 2 11 8 0.29 1 1 11 0 2 80 100 1
1 24.83 2.75 2 8 4 2.25 1 1 6 0 2 184 601 1
1 22.08 0.83 2 8 8 2.165 0 0 0 1 2 128 1 1
1 26.67 4.25 2 13 4 4.29 1 1 1 1 2 120 1 1
1 22.58 10.03 2 14 4 0.04 1 1 9 0 2 60 397 1
1 21.33 7.5 2 6 4 1.415 1 1 1 0 2 80 9801 1
1 48.08 6.04 2 4 4 0.04 0 0 0 0 2 0 2691 1
0 38.75 1.5 2 1 1 0 0 0 0 0 2 76 1 0
1 21.92 0.5 2 8 4 0.125 0 0 0 0 2 360 1 0
1 19.32 10.91 2 8 5 0.585 0 1 2 1 2 200 8 0
1 39.25 9.5 2 7 4 6.5 1 1 14 0 2 240 4608 1
0 20.67 1.83 2 11 4 2.085 1 1 5 0 2 220 2504 1
0 26.92 13.5 2 11 8 5 1 1 2 0 2 0 5001 1
1 33.58 0.33 1 13 4 0.085 0 0 0 0 2 180 1 0
0 45.83 10.5 2 11 4 5 1 1 7 1 2 0 1 1

