1 21.58 0.79 1 13 4 0.665 0 0 0 0 2 160 1 0
1 48.58 6.5 2 11 8 6 1 0 0 1 2 350 1 1
0 40.83 10 2 11 8 1.75 1 0 0 0 2 29 838 1
1 39.42 1.71 1 7 4 0.165 0 0 0 0 1 400 1 0
0 40.83 3.5 2 3 5 0.5 0 0 0 0 1 1160 1 0
1 28.75 1.16 2 4 4 0.5 1 0 0 0 1 280 1 0
0 71.58 0 2 8 4 0 0 0 0 0 3 184 1 1
1 29.67 1.41 2 9 8 0.75 1 1 1 0 2 240 101 1
1 22.08 0.83 2 8 8 2.165 0 0 0 1 2 128 1 1
1 25.67 3.25 2 8 8 2.29 0 1 1 1 2 416 22 0
1 21.25 1.5 2 9 4 1.5 0 0 0 0 2 150 9 1
1 32.67 5.5 2 11 8 5.5 1 1 12 1 2 408 1001 1
1 23.17 0 2 13 4 0.085 1 0 0 0 2 0 1 1
0 22.92 11.58 2 13 4 0.04 1 0 0 0 2 80 1350 1
1 21.08 10.08 1 10 8 1.25 0 0 0 0 2 260 1 0
1 25.17 3 2 8 4 1.25 0 1 1 0 2 0 23 0
1 33.17 1 2 14 4 0.75 1 1 7 1 2 340 4072 1
1 62.75 7 2 10 9 0 0 0 0 0 2 0 13 0
1 22.08 11 2 13 4 0.665 1 0 0 0 2 100 1 1
1 29.5 0.57 2 9 4 0.29 0 1 1 0 2 340 2804 0
0 21.08 5 1 1 1 0 0 0 0 0 2 0 1 0
1 20.5 2.41 2 8 4 2 1 1 11 1 2 200 3001 1
1 39.42 1.71 1 7 4 0.165 0 0 0 0 1 400 1 0
0 18.82 9.53 2 6 4 0.085 1 0 0 0 2 100 1 1
0 44.33 0 2 8 4 2.5 1 0 0 0 2 0 1 1
0 30 5.29 2 10 2 2.25 1 1 5 1 2 99 501 1
0 33.08 4.62 2 11 8 1.625 1 1 2 0 2 0 1 1
0 28.08 15 1 10 9 0 1 0 0 0 2 0 13213 1
1 40.25 21.5 2 10 9 20 1 1 11 0 2 0 1201 1
1 27.83 1 1 2 8 3 0 0 0 0 2 176 538 0
0 35.17 3.75 2 1 1 0 0 1 6 0 2 0 201 0
1 25 12 2 4 4 2.25 1 1 2 1 2 120 6 0
1 25.5 0.37 2 7 4 0.25 1 1 3 0 2 260 15109 1
0 20.67 3 2 11 4 0.165 1 1 3 0 2 100 7 1
1 51.42 0.04 2 14 8 0.04 1 0 0 0 2 0 3001 1
1 16.25 0.83 2 7 4 0.085 1 0 0 0 1 200 1 0
0 23.5 9 2 11 4 8.5 1 1 5 1 2 120 1 1
1 55.92 11.5 2 1 1 5 1 1 5 0 2 0 8852 1
1 33.5 1.75 2 14 8 4.5 1 1 4 1 2 253 858 1
1 33.17 3.04 1 8 8 2.04 1 1 1 1 2 180 18028 1
1 26.33 13 2 10 2 0 0 0 0 1 2 140 1111 0
1 23.5 3.16 1 4 4 0.415 0 1 1 1 2 280 81 0
0 16.5 1.25 2 11 4 0.25 0 1 1 0 2 108 99 0
1 39.42 1.71 1 7 4 0.165 0 0 0 0 1 400 1 0
1 40 6.5 2 6 5 3.5 1 1 1 0 2 0 501 1
1 42.75 3 2 3 5 1 1 0 0 0 2 0 201 0
1 27.42 12.5 2 6 5 0.25 0 0 0 1 2 720 1 0
1 36.17 5.5 2 3 5 5 0 0 0 0 2 210 688 0
0 37.33 2.5 2 3 8 0.21 0 0 0 0 2 260 247 0
0 36.58 0.28 2 1 1 0 0 1 10 0 2 200 19 0
0 71.58 0 2 8 4 0 0 0 0 0 3 184 1 1
0 58.33 10 2 11 4 4 1 1 14 0 2 0 1603 1
1 30.58 2.71 1 7 4 0.125 0 0 0 1 1 80 1 0
0 24.33 2.5 1 3 5 4.5 0 0 0 0 2 200 457 0
1 24.83 2.75 2 8 4 2.25 1 1 6 0 2 184 601 1
1 31.67 16.16 2 2 4 3 1 1 9 0 2 250 731 1
1 21.67 1.16 1 4 4 2.5 1 1 1 0 2 180 21 0
0 47 13 2 3 5 5.165 1 1 9 1 2 0 1 1
1 31.57 0.5 2 8 5 0.835 1 0 0 1 1 320 1 0
0 20.42 7.5 2 4 4 1.5 1 1 1 0 2 160 235 1
0 24.75 12.5 2 6 4 1.5 1 1 12 1 2 120 568 1
0 33.08 1.62 2 2 4 0.54 0 0 0 1 2 0 1 0
0 18.82 9.5 2 9 4 1.625 1 1 6 1 2 40 601 1
1 18.42 10.41 1 6 4 0.125 1 0 0 0 2 120 376 0
1 36.25 5 2 8 5 2.5 1 1 6 0 2 0 368 1
1 39.42 1.71 1 7 4 0.165 0 0 0 0 1 400 1 0
0 28.5 3.04 1 14 8 2.54 1 1 1 0 2 70 1 1
1 34.17 9.17 2 8 4 4.5 1 1 12 1 2 0 222 1
1 25 12.5 2 6 4 3 1 0 0 1 1 20 1 1
1 31.67 0.83 2 14 4 1.335 1 1 8 1 2 303 3291 1
1 24.33 6.62 1 2 4 5.5 1 0 0 1 1 100 1 1
1 37.33 6.5 2 7 8 4.25 1 1 12 1 2 93 1 1
1 20.67 1.25 1 8 8 1.375 1 1 3 1 2 140 211 0
1 21.5 9.75 2 8 4 0.25 1 0 0 0 2 140 1 0
0 26.92 13.5 2 11 8 5 1 1 2 0 2 0 5001 1
1 24.33 6.62 1 2 4 5.5 1 0 0 1 1 100 1 1
1 29.83 2.04 1 14 8 0.04 0 0 0 0 2 128 2 0
1 16.07 0.75 2 8 4 1.75 1 1 5 1 2 352 691 1
0 24.5 12.75 2 8 5 4.75 1 1 2 0 2 73 445 1
1 27.75 1.29 2 4 8 0.25 0 0 0 1 1 140 1 0
0 36.75 5.12 2 10 4 5 1 0 0 1 2 0 4001 1
1 22.92 3.16 1 8 4 0.165 0 0 0 0 2 160 1059 0
1 25 11.25 2 8 4 2.5 1 1 17 0 2 200 1209 1
0 69.5 6 2 1 1 0 0 0 0 0 1 0 1 0
0 35.17 3.75 2 1 1 0 0 1 6 0 2 0 201 0
0 44.17 6.66 2 11 4 7.375 1 1 3 1 2 0 1 1
1 34.25 3 2 13 8 7.415 1 0 0 1 2 0 1 1
0 50.08 12.54 2 6 4 2.29 1 1 3 1 2 156 1 1
1 20.42 0 2 8 4 0 0 0 0 0 3 184 1 0
1 24.08 9 2 6 4 0.25 0 0 0 1 2 0 1 0
1 34.17 9.17 2 8 4 4.5 1 1 12 1 2 0 222 1
0 25 11 1 6 4 4.5 1 0 0 0 2 120 1 0
0 33.75 0.75 2 4 5 1 1 1 3 1 2 212 1 0
0 28.5 3.04 1 14 8 2.54 1 1 1 0 2 70 1 1
0 26.5 2.71 1 8 4 0.085 0 0 0 0 1 80 1 0
1 23.58 0.46 1 9 4 2.625 1 1 6 1 2 208 348 0
1 16.07 0.75 2 8 4 1.75 1 1 5 1 2 352 691 1
0 40.83 10 2 11 8 1.75 1 0 0 0 2 29 838 1
1 27.75 1.29 2 4 8 0.25 0 0 0 1 1 140 1 0
1 27.42 12.5 2 6 5 0.25 0 0 0 1 2 720 1 0
1 32.33 2.5 2 8 4 1.25 0 0 0 1 2 280 1 0
1 49.58 19 2 1 1 0 1 1 1 0 2 94 1 0
1 23.58 1.79 2 8 4 0.54 0 0 0 1 2 136 2 0
1 29.92 1.83 2 8 8 4.335 1 0 0 0 2 260 201 1
1 67.75 5.5 2 10 9 13 1 1 1 1 2 0 1 1
1 16.32 4.08 2 3 8 0.415 0 0 0 1 2 120 1 0
1 41.17 1.25 1 9 4 0.25 0 0 0 0 2 0 196 0
1 16.07 0.75 2 8 4 1.75 1 1 5 1 2 352 691 1
0 18.82 4.41 1 8 8 3 1 0 0 0 2 240 1 1
0 31.57 11.25 2 1 1 0 0 0 0 0 2 184 5201 0

