1 26.17 12.5 1 4 8 1.25 0 0 0 1 2 0 18 0
1 52.5 6.5 2 4 4 6.29 1 1 15 0 2 0 11203 1
1 22.17 0.58 1 1 1 0 0 0 0 0 2 100 1 0
1 21.17 0.87 1 8 8 0.25 0 0 0 0 2 280 205 0
1 19.32 10.91 2 8 5 0.585 0 1 2 1 2 200 8 0
0 18.57 10 2 2 4 0.415 0 0 0 0 2 80 43 0
1 36.17 0.42 1 9 4 0.29 0 0 0 1 2 309 3 0
1 27.83 1.54 2 9 4 3.75 1 1 5 1 2 100 4 1
0 26.5 2.71 1 8 4 0.085 0 0 0 0 1 80 1 0
0 36.58 0.28 2 1 1 0 0 1 10 0 2 200 19 0
1 23 0.75 2 7 4 0.5 1 0 0 1 1 320 1 0
1 17.67 4.46 2 8 4 0.25 0 0 0 0 1 80 1 0
1 26.17 0.83 2 13 4 1.165 0 0 0 0 2 100 1 0
0 28.17 0.58 2 6 4 0.04 0 0 0 0 2 260 1005 0
1 22.25 0.46 2 4 4 0.125 0 0 0 1 2 280 56 0
0 27.17 1.25 2 1 1 0 0 1 1 0 2 92 301 0
1 16.32 2.75 2 6 4 0.665 0 1 1 0 2 80 22 0
0 25 12.33 2 13 8 3.5 1 1 6 0 2 400 459 1
1 20.17 9.25 2 8 4 1.665 1 1 3 1 2 40 29 1
1 27.75 0.58 1 13 4 0.25 1 1 2 0 2 260 501 1
1 15.17 7 2 10 4 1 0 0 0 0 2 600 1 0
0 17.32 9.5 2 6 4 1.75 0 1 10 1 2 0 11 0
1 33.67 1.25 2 9 4 1.165 0 0 0 0 2 120 1 0
1 42 9.78 2 14 8 7.96 1 1 8 0 2 0 1 1
1 37.17 4 2 8 5 5 1 0 0 1 1 280 1 0
0 26.92 13.5 2 11 8 5 1 1 2 0 2 0 5001 1
1 20.42 1.08 2 11 4 1.5 0 0 0 0 2 108 8 0
1 19 1.75 1 8 4 2.335 0 0 0 1 2 112 7 0
0 27.67 2.04 2 9 4 0.25 0 0 0 1 2 180 51 0
1 34.08 6.5 2 6 4 0.125 1 0 0 1 2 443 1 0
1 33.58 0.33 1 13 4 0.085 0 0 0 0 2 180 1 0
1 32.83 2.5 2 13 8 2.75 1 1 6 0 2 160 2073 1
1 23.25 1.5 2 11 4 2.375 1 1 3 1 2 0 583 1
0 40.83 3.5 2 3 5 0.5 0 0 0 0 1 1160 1 0
1 69.17 9 2 1 1 4 0 1 1 0 2 70 7 0
1 39.92 6.21 2 11 4 0.04 1 1 1 0 2 200 301 1
0 64.08 0.16 2 1 1 0 1 1 1 0 2 232 101 1
0 24.83 4.5 2 9 4 1 0 0 0 1 2 360 7 0
1 21.17 0.25 1 8 8 0.25 0 0 0 0 2 280 205 0
1 52.5 6.5 2 4 4 6.29 1 1 15 0 2 0 11203 1
0 44.33 0 2 8 4 2.5 1 0 0 0 2 0 1 1
1 22.17 2.25 2 3 4 0.125 0 0 0 0 2 160 11 0
1 18.07 6.75 1 7 4 0.04 0 0 0 0 2 140 1 0
0 24.33 2.5 1 3 5 4.5 0 0 0 0 2 200 457 0
1 54.83 15.5 2 10 9 0 1 1 20 0 2 152 131 0
1 40.25 21.5 2 10 9 20 1 1 11 0 2 0 1201 1
1 30.83 0 2 9 4 1.25 1 1 1 0 2 202 1 1
1 22 0.79 2 9 4 0.29 0 1 1 0 2 420 284 0
0 30.58 10.66 2 11 8 0.085 0 1 12 1 2 129 4 0
0 15.83 7.62 2 11 4 0.125 0 1 1 1 2 0 161 0
1 26.67 4.25 2 13 4 4.29 1 1 1 1 2 120 1 1
0 16 0.16 2 6 4 1 0 1 2 1 2 320 2 0
0 17.92 10.21 2 1 1 0 0 0 0 0 2 0 51 0
0 20.07 1.25 2 8 4 0 0 0 0 0 2 0 1 0
1 16.17 0.04 2 8 4 0.04 0 0 0 0 2 0 1 1
1 34.25 3 2 13 8 7.415 1 0 0 1 2 0 1 1
0 24.33 2.5 1 3 5 4.5 0 0 0 0 2 200 457 0
0 33.08 1.62 2 2 4 0.54 0 0 0 1 2 0 1 0
0 26.92 13.5 2 11 8 5 1 1 2 0 2 0 5001 1
1 52.42 1.5 2 2 4 3.75 0 0 0 1 2 0 351 0
1 52.33 1.37 1 8 8 9.46 1 0 0 1 2 200 101 0
1 36.42 0.75 1 2 4 0.585 0 0 0 0 2 240 4 0
0 40.33 7.54 1 11 8 8 1 1 14 0 2 0 2301 1
1 22.58 10.03 2 14 4 0.04 1 1 9 0 2 60 397 1
1 69.17 9 2 1 1 4 0 1 1 0 2 70 7 0
1 32.25 0.16 1 8 8 3.25 1 1 1 1 2 432 8001 1
0 50.25 0.83 2 6 4 0.5 0 0 0 1 2 240 118 0
0 20.75 9.53 2 3 4 0.04 0 0 0 0 2 200 1001 0
1 21.08 10.08 1 10 8 1.25 0 0 0 0 2 260 1 0
1 31.67 0.83 2 14 4 1.335 1 1 8 1 2 303 3291 1
1 31.57 3 1 3 5 7 0 0 0 0 2 0 2 0
1 25.67 3.25 2 8 8 2.29 0 1 1 1 2 416 22 0
1 29.67 1.41 2 9 8 0.75 1 1 1 0 2 240 101 1
0 36.75 5.12 2 10 4 5 1 0 0 1 2 0 4001 1
1 24.83 2.75 2 8 4 2.25 1 1 6 0 2 184 601 1
0 47.42 3 2 14 4 13.875 1 1 2 1 2 519 1705 1
1 40.58 3.29 2 7 4 3.5 0 0 0 1 1 400 1 0
1 23.25 12.62 2 8 4 0.125 0 1 2 0 2 0 5553 0
1 32.33 7.5 2 10 5 1.585 1 0 0 1 1 420 1 0
0 65.17 14 2 1 1 0 1 1 11 1 2 0 1401 1
0 38.75 1.5 2 1 1 0 0 0 0 0 2 76 1 0
1 40.92 0.83 2 1 1 0 1 0 0 0 2 130 2 0
0 28.17 0.58 2 6 4 0.04 0 0 0 0 2 260 1005 0
1 47.67 2.5 2 7 5 2.5 1 1 12 1 2 410 2511 1
1 35.17 4.5 2 14 8 5.75 0 0 0 1 1 711 1 1
0 24.75 12.5 2 6 4 1.5 1 1 12 1 2 120 568 1
0 27.67 2.04 2 9 4 0.25 0 0 0 1 2 180 51 0
0 28.75 3.75 2 8 4 1.085 1 1 1 1 2 371 1 1
0 30.25 5.5 2 4 4 5.5 0 0 0 1 1 100 1 0
0 18.92 9.25 1 8 4 1 1 1 4 1 2 80 501 1
0 25.33 2.08 2 8 8 2.75 1 0 0 1 2 360 2 0
0 45.83 10.5 2 11 4 5 1 1 7 1 2 0 1 1
1 23.08 0 2 4 4 1 0 1 11 0 1 0 1 0
1 34 5.5 1 8 4 1.5 0 0 0 1 2 60 1 0
1 33.17 1 2 14 4 0.75 1 1 7 1 2 340 4072 1
1 20 1.25 1 4 4 0.125 0 0 0 0 2 140 5 0
0 24.5 1.04 1 1 1 0.5 1 1 3 0 2 180 148 0
1 41 0.04 2 10 4 0.04 0 1 1 0 1 560 1 1
1 16 3.12 2 9 4 0.085 0 1 1 0 2 0 7 0
0 28.58 1.66 2 11 4 2.415 1 0 0 1 2 440 1 0
1 21.67 1.16 1 4 4 2.5 1 1 1 0 2 180 21 0
1 31.83 0.04 1 7 4 0.04 0 0 0 0 2 0 1 0
1 25.67 0.28 1 8 4 1.5 0 0 0 1 2 160 1 0
0 25.33 2.08 2 8 8 2.75 1 0 0 1 2 360 2 0
0 52.5 7 2 6 8 3 0 0 0 0 2 0 1 0
1 69.17 9 2 1 1 4 0 1 1 0 2 70 7 0
1 34.75 2.5 2 13 5 0.5 0 0 0 0 2 348 1 0
1 27.67 0.75 2 11 8 0.165 0 0 0 1 2 220 252 0
1 18.07 5.5 2 4 4 0.5 1 0 0 0 2 80 1 1
1 21 4.79 1 9 4 2.25 1 1 1 1 2 80 301 1

