1 25 12 2 4 4 2.25 1 1 2 1 2 120 6 0
1 23.08 0 2 4 4 1 0 1 11 0 1 0 1 0
1 26.33 13 2 10 2 0 0 0 0 1 2 140 1111 0
1 52.5 6.5 2 4 4 6.29 1 1 15 0 2 0 11203 1
1 17.07 0.08 1 8 4 0.04 0 0 0 0 2 140 723 0
0 38.75 1.5 2 1 1 0 0 0 0 0 2 76 1 0
1 16.07 0.75 2 8 4 1.75 1 1 5 1 2 352 691 1
0 25.58 0 2 8 4 0 0 0 0 0 3 184 1 1
0 28.08 15 1 10 9 0 1 0 0 0 2 0 13213 1
0 29.5 1.08 1 14 4 1 0 0 0 0 2 280 14 0
1 22.25 0.46 2 4 4 0.125 0 0 0 1 2 280 56 0
0 17.82 11 2 14 8 1 1 1 11 0 2 0 3001 1
1 64.08 20 2 14 8 17.5 1 1 9 1 2 0 1001 1
1 35.25 16.5 1 8 4 4 1 0 0 0 2 80 1 0
1 25.67 12.5 2 13 4 1.21 1 1 67 1 2 140 259 1
1 16.32 2.75 2 6 4 0.665 0 1 1 0 2 80 22 0
1 23.92 0.58 1 13 8 0.125 0 0 0 0 2 240 2 0
1 25.42 0.54 2 9 4 0.165 0 1 1 0 2 272 445 0
1 22.08 2.33 2 4 4 0.75 0 0 0 0 2 180 1 0
1 25.17 3 2 8 4 1.25 0 1 1 0 2 0 23 0
0 22.67 0.33 2 11 4 0.75 0 0 0 0 1 160 1 0
1 22.67 0.16 2 8 3 2.25 0 0 0 1 1 0 1 1
1 44 2 2 7 4 1.75 1 1 2 1 2 0 16 1
1 54.33 6.75 2 8 8 2.625 1 1 11 1 2 0 285 1
0 19.17 8.58 2 13 8 0.75 1 1 7 0 2 96 1 1
1 65.42 11 2 10 9 20 1 1 7 1 2 22 1 1
0 22.58 10.75 2 11 4 0.415 1 1 5 1 2 0 561 1
0 38.75 1.5 2 1 1 0 0 0 0 0 2 76 1 0
1 21.92 0.5 2 8 4 0.125 0 0 0 0 2 360 1 0
1 20.17 9.25 2 8 4 1.665 1 1 3 1 2 40 29 1
1 65.42 11 2 10 9 20 1 1 7 1 2 22 1 1
1 19.42 7.25 2 7 4 0.04 0 1 1 0 2 100 2 0
1 47.67 0.28 2 8 5 15 1 1 20 0 2 0 15001 1
0 18.92 9.25 1 8 4 1 1 1 4 1 2 80 501 1
1 19.17 0 1 7 5 0 0 0 0 1 1 500 2 1
1 20.67 0.41 2 8 4 0.125 0 0 0 0 2 0 45 0
1 74.83 19 1 1 1 0.04 0 1 2 0 2 0 352 0
1 59.67 1.54 2 11 4 0.125 1 0 0 1 2 260 1 1
1 35.25 3.16 2 14 8 3.75 1 0 0 1 2 680 1 0
1 17.07 3.29 2 3 4 0.335 0 0 0 1 2 140 3 0
1 48.75 8.5 2 8 8 12.5 1 1 9 0 2 181 1656 1
1 22.92 3.16 1 8 4 0.165 0 0 0 0 2 160 1059 0
0 18.42 9.25 2 11 4 1.21 1 1 4 0 2 60 541 1
0 44.33 0 2 8 4 2.5 1 0 0 0 2 0 1 1
1 23.75 12 2 8 4 2.085 0 0 0 0 1 80 1 0
1 39.17 1.71 2 14 4 0.125 1 1 5 1 2 480 1 1
1 22.08 11 2 13 4 0.665 1 0 0 0 2 100 1 1
1 20.67 5.29 2 11 4 0.375 1 1 1 0 2 160 1 0
1 32.08 4 2 7 4 2.5 1 0 0 1 2 360 1 1
1 30.83 0 2 9 4 1.25 1 1 1 0 2 202 1 1
0 22.67 3.8 2 8 4 0.165 0 0 0 0 2 160 1 0
1 18.67 5 2 11 4 0.375 1 1 2 0 2 0 39 0
0 28.75 3.75 2 8 4 1.085 1 1 1 1 2 371 1 1
1 42 0.2 2 3 8 5.125 1 0 0 0 2 400 1 1
1 20 0 2 2 4 0.5 0 0 0 0 2 144 1 0
0 27.25 0.28 2 7 8 0.125 0 1 1 1 2 272 109 0
0 25.25 13.5 1 1 1 2 0 1 1 1 2 200 2 0
1 23.75 12 2 8 4 2.085 0 0 0 0 1 80 1 0
1 36.08 2.54 2 1 1 0 0 0 0 0 2 0 1001 0
0 19.17 0.58 1 6 4 0.585 1 0 0 1 2 160 1 0
0 17.57 9 2 6 4 1.375 1 0 0 1 2 0 1 1
0 16.07 0.33 2 1 1 0 0 1 1 0 2 160 127 0
0 27.25 0.28 2 7 8 0.125 0 1 1 1 2 272 109 0
1 25.75 0.75 2 8 5 0.25 1 0 0 0 2 349 24 1
0 40.33 7.54 1 11 8 8 1 1 14 0 2 0 2301 1
1 18.42 10.41 1 6 4 0.125 1 0 0 0 2 120 376 0
1 29.67 1.41 2 9 8 0.75 1 1 1 0 2 240 101 1
1 22.08 2.33 2 4 4 0.75 0 0 0 0 2 180 1 0
1 33.17 1 2 14 4 0.75 1 1 7 1 2 340 4072 1
1 23.58 1.79 2 8 4 0.54 0 0 0 1 2 136 2 0
0 20.42 0.83 2 11 4 1.585 1 1 1 0 2 0 1 1
0 18.92 9.25 1 8 4 1 1 1 4 1 2 80 501 1
1 51.58 15 2 8 4 8.5 1 1 9 0 2 0 1 1
1 31.57 0.5 2 8 5 0.835 1 0 0 1 1 320 1 0
0 21.08 5 1 1 1 0 0 0 0 0 2 0 1 0
1 23 0.75 2 7 4 0.5 1 0 0 1 1 320 1 0
1 34.08 6.5 2 6 4 0.125 1 0 0 1 2 443 1 0
0 27.67 1.5 2 7 4 2 1 0 0 0 1 368 1 0
0 21.75 1.75 1 5 3 0 0 0 0 0 2 160 1 0
1 18.32 1.21 1 10 2 0 0 0 0 0 2 100 1 0
0 24.5 1.04 1 1 1 0.5 1 1 3 0 2 180 148 0
1 20.67 1.25 1 8 8 1.375 1 1 3 1 2 140 211 0
0 21.75 1.75 1 5 3 0 0 0 0 0 2 160 1 0
1 20 1.25 1 4 4 0.125 0 0 0 0 2 140 5 0
1 24.42 12.33 2 11 8 1.585 1 0 0 1 2 120 1 1
1 36.33 2.12 1 9 4 0.085 1 1 1 0 2 50 1188 1
1 31.57 0.37 2 2 4 0.875 1 0 0 1 1 928 1 0
0 39.08 4 2 8 4 3 0 0 0 0 2 480 1 0
1 28.75 1.5 1 8 4 1.5 1 0 0 1 2 0 226 0
1 40.25 21.5 2 10 9 20 1 1 11 0 2 0 1201 1
1 38.42 0.7 2 8 4 0.375 0 1 2 0 2 225 501 0
0 27.25 0.28 2 7 8 0.125 0 1 1 1 2 272 109 0
0 22.42 11.25 1 14 8 0.75 1 1 4 0 2 0 322 1
0 36.75 4.71 2 1 1 0 0 0 0 0 2 160 1 0
1 23.25 12.62 2 8 4 0.125 0 1 2 0 2 0 5553 0
1 26.67 4.25 2 13 4 4.29 1 1 1 1 2 120 1 1
1 34 5.08 1 3 5 1.085 0 0 0 1 2 480 1 0
0 24.33 2.5 1 3 5 4.5 0 0 0 0 2 200 457 0
1 23.25 1 2 8 4 0.835 1 0 0 0 1 300 1 1
1 16 3.12 2 9 4 0.085 0 1 1 0 2 0 7 0
1 20.67 0.41 2 8 4 0.125 0 0 0 0 2 0 45 0
0 35.17 3.75 2 1 1 0 0 1 6 0 2 0 201 0
1 69.17 9 2 1 1 4 0 1 1 0 2 70 7 0
0 22.25 1.25 1 1 1 3.25 0 0 0 0 2 280 1 0
1 23.25 1.5 2 11 4 2.375 1 1 3 1 2 0 583 1
0 64.08 0.16 2 1 1 0 1 1 1 0 2 232 101 1
1 44.33 0.5 2 3 8 5 1 0 0 1 2 320 1 1
0 30.42 1.37 2 9 8 0.04 0 1 3 0 2 0 34 0
1 17.42 6.5 2 3 4 0.125 0 0 0 0 2 60 101 0
1 25.5 0.37 2 7 4 0.25 1 1 3 0 2 260 15109 1

