1 49.58 19 2 1 1 0 1 1 1 0 2 94 1 0
1 31.67 0.83 2 14 4 1.335 1 1 8 1 2 303 3291 1
1 80.25 5.5 2 8 4 0.54 1 0 0 0 2 0 341 0
0 33.67 0.37 2 13 4 0.375 0 0 0 0 2 300 45 1
0 33.08 4.62 2 11 8 1.625 1 1 2 0 2 0 1 1
1 51.83 3 1 1 1 1.5 0 0 0 0 2 180 5 0
1 24.08 9 2 6 4 0.25 0 0 0 1 2 0 1 0
0 26.92 13.5 2 11 8 5 1 1 2 0 2 0 5001 1
0 49.83 13.58 2 4 8 8.5 1 0 0 1 2 0 1 1
1 36.67 4.41 1 4 4 0.25 1 1 10 1 2 320 1 1
0 22.67 0.79 2 3 4 0.085 0 0 0 0 2 144 1 0
1 37.42 2.04 2 9 4 0.04 1 0 0 1 2 400 5801 1
1 48.58 6.5 2 11 8 6 1 0 0 1 2 350 1 1
1 56 12.5 2 4 8 8 1 0 0 1 2 24 2029 1
1 32.83 2.5 2 13 8 2.75 1 1 6 0 2 160 2073 1
1 20.42 7 2 8 4 1.625 1 1 3 0 2 200 1392 1
0 38.58 5 2 13 4 13.5 1 0 0 1 2 980 1 0
1 32 1.75 1 10 8 0.04 1 0 0 1 2 393 1 1
0 22.42 5.66 2 11 4 2.585 1 1 7 0 2 129 3258 1
1 35.25 3.16 2 14 8 3.75 1 0 0 1 2 680 1 0
1 21.25 1.5 2 9 4 1.5 0 0 0 0 2 150 9 1
1 29.58 4.5 2 9 4 7.5 1 1 2 1 2 330 1 1
1 51.33 10 2 3 5 0 1 1 11 0 2 0 1250 1
0 19.5 0.16 2 11 4 0.04 0 0 0 1 2 380 1 0
1 58.58 2.71 2 8 4 2.415 0 0 0 1 2 320 1 0
1 35 3.37 2 8 8 8.29 0 0 0 1 2 0 1 0
1 52.42 1.5 2 2 4 3.75 0 0 0 1 2 0 351 0
1 44.25 11 1 2 4 1.5 1 0 0 0 1 0 1 0
0 45 4.58 2 4 8 1 0 0 0 1 1 240 1 0
0 20.67 3 2 11 4 0.165 1 1 3 0 2 100 7 1
1 21.17 0.25 1 8 8 0.25 0 0 0 0 2 280 205 0
1 42 0.2 2 3 8 5.125 1 0 0 0 2 400 1 1
0 15.83 7.62 2 11 4 0.125 0 1 1 1 2 0 161 0
1 25.58 0.33 2 4 8 3.5 0 0 0 1 2 340 1 0
1 27.75 0.58 1 13 4 0.25 1 1 2 0 2 260 501 1
1 43.08 0.37 1 8 4 0.375 1 1 8 1 2 300 163 1
1 23 0.75 2 7 4 0.5 0 0 0 1 1 320 1 0
1 56.42 28 1 8 4 28.5 1 1 40 0 2 0 16 1
0 19.17 0.58 1 6 4 0.585 1 0 0 1 2 160 1 0
1 18.5 2 2 3 4 1.5 1 1 2 0 2 120 301 1
1 39.17 1.71 2 14 4 0.125 1 1 5 1 2 480 1 1
1 31.57 10.5 2 14 4 6.5 1 0 0 0 2 0 1 1
1 16.07 0.75 2 8 4 1.75 1 1 5 1 2 352 691 1
0 69.5 6 2 1 1 0 0 0 0 0 1 0 1 0
1 57.83 7.04 2 7 4 14 1 1 6 1 2 360 1333 1
1 40 6.5 2 6 5 3.5 1 1 1 0 2 0 501 1
0 40.83 3.5 2 3 5 0.5 0 0 0 0 1 1160 1 0
1 31.57 5 1 6 4 8.5 1 0 0 0 2 0 1 0
1 23.17 11.12 2 14 8 0.46 1 1 1 0 2 100 1 1
1 45 8.5 2 13 8 14 1 1 1 1 2 88 2001 1
0 22.42 11.25 1 14 8 0.75 1 1 4 0 2 0 322 1
1 22.67 0.16 2 8 3 2.25 0 0 0 1 1 0 1 1
1 48.58 6.5 2 11 8 6 1 0 0 1 2 350 1 1
1 59.67 1.54 2 11 4 0.125 1 0 0 1 2 260 1 1
1 39.92 0.54 1 6 4 0.5 1 1 3 0 2 200 1001 1
1 19.42 7.25 2 7 4 0.04 0 1 1 0 2 100 2 0
1 34.5 4.04 1 3 5 8.5 1 1 7 1 2 195 1 1
1 29.67 0.75 1 8 4 0.04 0 0 0 0 2 240 1 0
0 18.57 10 2 2 4 0.415 0 0 0 0 2 80 43 0
0 21.75 1.75 1 5 3 0 0 0 0 0 2 160 1 0
1 24.83 2.75 2 8 4 2.25 1 1 6 0 2 184 601 1
1 25.83 12.83 2 13 4 0.5 0 0 0 0 2 0 3 0
0 27.25 0.28 2 7 8 0.125 0 1 1 1 2 272 109 0
1 39.17 2.5 1 3 8 10 0 0 0 1 1 200 1 0
1 28.25 5.12 2 14 4 4.75 1 1 2 0 2 420 8 1
1 23.58 1.79 2 8 4 0.54 0 0 0 1 2 136 2 0
1 34.67 1.08 2 7 4 1.165 0 0 0 0 1 28 1 0
1 32.25 14 1 1 1 0 0 1 2 0 2 160 2 0
0 65.17 14 2 1 1 0 1 1 11 1 2 0 1401 1
0 32 6 2 2 4 1.25 0 0 0 0 2 272 1 0
1 23.5 3.16 1 4 4 0.415 0 1 1 1 2 280 81 0
0 42.25 1.75 1 8 4 0 0 0 0 1 2 150 2 0
1 33.58 0.25 2 3 5 4 0 0 0 1 1 420 1 0
1 20.17 5.62 2 9 4 1.71 1 0 0 0 1 120 1 1
1 65.42 11 2 10 9 20 1 1 7 1 2 22 1 1
0 24.5 1.04 1 1 1 0.5 1 1 3 0 2 180 148 0
1 52.42 1.5 2 2 4 3.75 0 0 0 1 2 0 351 0
1 35.17 2.5 2 4 4 4.5 1 1 7 0 2 150 1271 1
1 31.57 5 1 6 4 8.5 1 0 0 0 2 0 1 0
0 36 1 2 8 4 2 1 1 11 0 2 0 457 1
1 52.33 1.37 1 8 8 9.46 1 0 0 1 2 200 101 0
1 40.58 3.29 2 7 4 3.5 0 0 0 1 1 400 1 0
0 65.17 14 2 1 1 0 1 1 11 1 2 0 1401 1
1 65.42 11 2 10 9 20 1 1 7 1 2 22 1 1
1 27.42 12.5 2 6 5 0.25 0 0 0 1 2 720 1 0
0 34.83 1.25 1 3 8 0.5 0 0 0 1 2 160 1 0
1 23 0.75 2 7 4 0.5 0 0 0 1 1 320 1 0
1 20 7 2 8 4 0.5 0 0 0 0 2 0 1 0
0 19.17 0.58 1 6 4 0.585 1 0 0 1 2 160 1 0
0 25.25 13.5 1 1 1 2 0 1 1 1 2 200 2 0
1 18.82 3.54 1 1 1 0 0 0 0 1 2 180 2 0
1 42.83 4.62 2 11 4 4.58 1 0 0 0 1 0 1 1
1 27.67 0.75 2 11 8 0.165 0 0 0 1 2 220 252 0
0 38.75 1.5 2 1 1 0 0 0 0 0 2 76 1 0
1 20 7 2 8 4 0.5 0 0 0 0 2 0 1 0
1 17.42 6.5 2 3 4 0.125 0 0 0 0 2 60 101 0
0 41 2.04 1 11 8 0.125 1 1 23 1 2 455 1237 1
1 43.17 2.25 2 3 5 0.75 1 0 0 0 2 560 1 0
1 21.83 11 2 14 4 0.29 1 1 6 0 2 121 1 1
1 44.83 7 1 8 4 1.625 0 0 0 0 2 160 3 0
0 26.5 2.71 1 8 4 0.085 0 0 0 0 1 80 1 0
0 25.17 2.87 2 14 8 0.875 1 0 0 0 2 360 1 1
1 25.08 1.71 2 14 4 1.665 1 1 1 1 2 395 21 1
1 28.75 1.16 2 4 4 0.5 1 0 0 0 1 280 1 0
0 49.83 13.58 2 4 8 8.5 1 0 0 1 2 0 1 1
1 25.83 12.83 2 13 4 0.5 0 0 0 0 2 0 3 0
1 74.83 19 1 1 1 0.04 0 1 2 0 2 0 352 0
0 26.92 13.5 2 11 8 5 1 1 2 0 2 0 5001 1
1 57.42 8.5 2 10 8 7 1 1 3 0 2 0 1 1
1 52.42 1.5 2 2 4 3.75 0 0 0 1 2 0 351 0

