1 21.33 10.5 2 8 4 3 1 0 0 1 2 0 1 1
1 23.33 1.5 2 8 8 1.415 1 0 0 0 2 422 201 1
1 34.17 2.75 2 3 5 2.5 0 0 0 1 2 232 201 0
0 22.67 0.75 2 8 4 2 0 1 2 1 2 200 395 0
1 18.82 0.41 1 8 4 0.165 0 1 1 0 2 200 2 0
1 19.42 7.25 2 7 4 0.04 0 1 1 0 2 100 2 0
1 18.42 10.41 1 6 4 0.125 1 0 0 0 2 120 376 0
1 21.08 10.08 1 10 8 1.25 0 0 0 0 2 260 1 0
1 20 7 2 8 4 0.5 0 0 0 0 2 0 1 0
1 26.67 1.75 1 8 4 1 1 1 5 1 2 160 5778 1
1 36.17 18.12 2 9 4 0.085 0 0 0 0 2 320 3553 0
1 28.33 5 2 9 4 11 1 0 0 1 2 70 1 1
1 38.42 0.7 2 8 4 0.375 0 1 2 0 2 225 501 0
1 43.08 0.37 1 8 4 0.375 1 1 8 1 2 300 163 1
1 21.67 1.16 1 4 4 2.5 1 1 1 0 2 180 21 0
1 37.58 0 2 8 4 0 0 0 0 0 3 184 1 1
0 34.83 1.25 1 3 8 0.5 0 0 0 1 2 160 1 0
0 18.42 9.25 2 11 4 1.21 1 1 4 0 2 60 541 1
1 48.58 6.5 2 11 8 6 1 0 0 1 2 350 1 1
1 56 12.5 2 4 8 8 1 0 0 1 2 24 2029 1
1 31.67 16.16 2 2 4 3 1 1 9 0 2 250 731 1
1 54.42 0.5 1 4 8 3.96 1 0 0 0 2 180 315 1
1 49.58 19 2 1 1 0 1 1 1 0 2 94 1 0
1 27.25 0.62 2 6 4 0.455 1 0 0 1 2 200 1 0
1 22.67 2.54 1 8 8 2.585 1 0 0 0 2 0 1 1
1 20.5 10 1 8 4 2.5 1 0 0 0 1 40 1 1
1 25.08 1.71 2 14 4 1.665 1 1 1 1 2 395 21 1
1 32.75 1.5 2 13 8 5.5 1 1 3 1 2 0 1 1
0 28.42 3.5 2 9 4 0.835 1 0 0 0 1 280 1 1
0 27.67 2.04 2 9 4 0.25 0 0 0 1 2 180 51 0
1 62.75 7 2 10 9 0 0 0 0 0 2 0 13 0
1 16.07 0.75 2 8 4 1.75 1 1 5 1 2 352 691 1
1 22.08 0.83 2 8 8 2.165 0 0 0 1 2 128 1 1
1 42.75 3 2 3 5 1 1 0 0 0 2 0 201 0
1 38.42 0.7 2 8 4 0.375 0 1 2 0 2 225 501 0
0 49.83 13.58 2 4 8 8.5 1 0 0 1 2 0 1 1
1 37.75 7 2 11 8 11.5 1 1 7 1 2 300 6 0
1 19.67 10 1 4 8 0.835 1 0 0 1 2 140 1 0
1 36.67 4.41 1 4 4 0.25 1 1 10 1 2 320 1 1
0 40.83 3.5 2 3 5 0.5 0 0 0 0 1 1160 1 0
0 24.5 12.75 2 8 5 4.75 1 1 2 0 2 73 445 1
1 20 7 2 8 4 0.5 0 0 0 0 2 0 1 0
1 21.67 1.16 1 4 4 2.5 1 1 1 0 2 180 21 0
1 62.75 7 2 10 9 0 0 0 0 0 2 0 13 0
1 36.67 2 2 3 4 0.25 0 0 0 1 2 221 1 0
0 47.42 8 2 10 5 6.5 1 1 6 0 2 375 51101 1
1 30.75 1.58 2 2 4 0.585 0 0 0 1 1 0 1 0
1 29.67 1.41 2 9 8 0.75 1 1 1 0 2 240 101 1
0 23.42 0.79 1 11 4 1.5 1 1 2 1 2 80 401 1
1 23.17 11.12 2 14 8 0.46 1 1 1 0 2 100 1 1
1 22.67 0.75 2 3 4 1.585 0 1 1 1 2 400 10 0
1 20 0 2 2 4 0.5 0 0 0 0 2 144 1 0
1 31.67 0.83 2 14 4 1.335 1 1 8 1 2 303 3291 1
1 31.58 0.75 1 6 4 3.5 0 0 0 1 2 320 1 0
1 41.92 0.42 2 8 8 0.21 1 1 6 0 2 220 949 1
0 24.5 2.41 1 8 4 0 0 0 0 0 2 120 1 0
1 25.5 0.37 2 7 4 0.25 1 1 3 0 2 260 15109 1
1 39.92 6.21 2 11 4 0.04 1 1 1 0 2 200 301 1
0 17.32 9.5 2 6 4 1.75 0 1 10 1 2 0 11 0
1 24.08 9 2 6 4 0.25 0 0 0 1 2 0 1 0
0 45.83 10.5 2 11 4 5 1 1 7 1 2 0 1 1
1 41.92 0.42 2 8 8 0.21 1 1 6 0 2 220 949 1
1 36.67 2 2 3 4 0.25 0 0 0 1 2 221 1 0
1 56.42 28 1 8 4 28.5 1 1 40 0 2 0 16 1
1 21.33 10.5 2 8 4 3 1 0 0 1 2 0 1 1
0 58.42 21 2 3 5 10 1 1 13 0 2 0 6701 1
1 32.42 3 2 2 4 0.165 0 0 0 1 2 120 1 0
1 25 11.25 2 8 4 2.5 1 1 17 0 2 200 1209 1
0 19.75 0.75 2 8 4 0.795 1 1 5 1 2 140 6 0
1 25 12.5 2 6 4 3 1 0 0 1 1 20 1 1
0 19.17 8.58 2 13 8 0.75 1 1 7 0 2 96 1 1
1 31.33 19.5 2 8 4 7 1 1 16 0 2 0 5001 1
1 34.5 4.04 1 3 5 8.5 1 1 7 1 2 195 1 1
1 48.75 8.5 2 8 8 12.5 1 1 9 0 2 181 1656 1
1 25 11.25 2 8 4 2.5 1 1 17 0 2 200 1209 1
0 26.5 2.71 1 8 4 0.085 0 0 0 0 1 80 1 0
1 26.67 2.71 1 13 4 5.25 1 1 1 0 2 211 1 1
1 49.17 2.29 2 1 1 0.29 0 0 0 0 2 200 4 0
0 22.67 3.8 2 8 4 0.165 0 0 0 0 2 160 1 0
1 29.5 0.57 2 9 4 0.29 0 1 1 0 2 340 2804 0
1 32 1.75 1 10 8 0.04 1 0 0 1 2 393 1 1
1 28.67 14.5 2 2 4 0.125 0 0 0 0 2 0 287 0
0 28.67 1.04 2 8 4 2.5 1 1 5 1 2 300 1431 1
1 25.17 3 2 8 4 1.25 0 1 1 0 2 0 23 0
1 36.75 0.12 1 8 4 1.5 0 0 0 1 2 232 114 1
1 57.83 7.04 2 7 4 14 1 1 6 1 2 360 1333 1
1 26.17 0.25 2 3 5 0 1 0 0 1 2 0 1 1
1 31.57 0.04 1 2 4 4.25 0 0 0 1 2 460 1 0
0 16.07 0.33 2 1 1 0 0 1 1 0 2 160 127 0
1 24.33 6.62 1 2 4 5.5 1 0 0 1 1 100 1 1
1 19.17 4 1 3 4 1 0 0 0 1 2 360 1001 0
1 31.25 1.12 2 1 1 0 0 1 1 0 2 96 20 0
1 56.42 28 1 8 4 28.5 1 1 40 0 2 0 16 1
0 25.42 1.12 2 11 4 1.29 1 1 2 0 2 200 1 0
1 43.08 0.37 1 8 4 0.375 1 1 8 1 2 300 163 1
1 28.67 9.33 2 11 8 5.665 1 1 6 0 2 381 169 1
1 41.17 1.25 1 9 4 0.25 0 0 0 0 2 0 196 0
0 32.25 1.5 2 8 4 0.25 0 0 0 1 2 372 123 0
0 20.5 11.83 2 8 8 6 1 0 0 0 2 340 1 1
1 22 0.79 2 9 4 0.29 0 1 1 0 2 420 284 0
1 18.67 5 2 11 4 0.375 1 1 2 0 2 0 39 0
1 34.17 9.17 2 8 4 4.5 1 1 12 1 2 0 222 1
1 19.57 0.58 2 1 1 0 0 1 3 0 2 350 770 0
1 21.92 0.54 1 14 4 0.04 1 1 1 1 2 840 60 1
0 20.67 3 2 11 4 0.165 1 1 3 0 2 100 7 1
1 20.42 7 2 8 4 1.625 1 1 3 0 2 200 1392 1
1 48.08 6.04 2 4 4 0.04 0 0 0 0 2 0 2691 1
0 29.5 2 1 10 8 2 0 0 0 0 2 256 18 0
1 31.67 16.16 2 2 4 3 1 1 9 0 2 250 731 1
0 40.33 7.54 1 11 8 8 1 1 14 0 2 0 2301 1

