0 18.82 4.41 1 8 8 3 1 0 0 0 2 240 1 1
1 24.5 13.33 1 6 4 0.04 0 0 0 1 2 120 476 0
1 20 1.25 1 4 4 0.125 0 0 0 0 2 140 5 0
1 41.42 5 2 11 8 5 1 1 6 1 2 470 1 1
1 34 5.08 1 3 5 1.085 0 0 0 1 2 480 1 0
0 18.57 10 2 2 4 0.415 0 0 0 0 2 80 43 0
1 36.75 0.12 1 8 4 1.5 0 0 0 1 2 232 114 1
0 22.67 0.75 2 8 4 2 0 1 2 1 2 200 395 0
0 22.25 1.25 1 1 1 3.25 0 0 0 0 2 280 1 0
0 16.07 0.33 2 1 1 0 0 1 1 0 2 160 127 0
1 22.17 12.12 2 8 4 3.335 0 1 2 1 2 180 174 0
1 48.75 26.33 1 1 1 0 1 0 0 1 2 0 1 0
1 34.17 1.54 2 13 4 1.54 1 1 1 1 2 520 50001 1
1 43.25 3 2 11 8 6 1 1 11 0 2 80 1 1
0 69.5 6 2 1 1 0 0 0 0 0 1 0 1 0
1 26.67 2.71 1 13 4 5.25 1 1 1 0 2 211 1 1
1 54.83 15.5 2 10 9 0 1 1 20 0 2 152 131 0
1 51.58 15 2 8 4 8.5 1 1 9 0 2 0 1 1
1 43 0.28 1 13 8 1.75 1 1 8 0 2 100 376 1
1 22 0.79 2 9 4 0.29 0 1 1 0 2 420 284 0
0 22.5 0.41 2 3 4 0.335 0 0 0 1 1 144 1 0
0 31.57 11.25 2 1 1 0 0 0 0 0 2 184 5201 0
1 25.17 3 2 8 4 1.25 0 1 1 0 2 0 23 0
1 29.25 14.79 2 6 4 5.04 1 1 5 1 2 168 1 1
1 22.75 11 2 11 4 2.5 1 1 7 1 2 100 810 1
0 23 1.83 2 5 3 0 0 1 1 0 2 200 54 0
0 23.58 0.58 1 1 1 0.125 0 0 0 0 2 120 88 0
1 16.25 0 1 6 4 0.25 0 0 0 0 2 60 1 0
1 26.75 1.12 2 14 8 1.25 1 0 0 0 2 0 5299 1
1 41.92 0.42 2 8 8 0.21 1 1 6 0 2 220 949 1
0 16.07 0.33 2 1 1 0 0 1 1 0 2 160 127 0
1 35.75 2.41 2 9 4 0.125 0 1 2 0 2 220 2 0
0 33.75 0.75 2 4 5 1 1 1 3 1 2 212 1 0
1 54.33 6.75 2 8 8 2.625 1 1 11 1 2 0 285 1
1 36.17 0.42 1 9 4 0.29 0 0 0 1 2 309 3 0
1 21.92 0.5 2 8 4 0.125 0 0 0 0 2 360 1 0
1 16.07 0.75 2 8 4 1.75 1 1 5 1 2 352 691 1
0 21.5 6 2 6 4 2.5 1 1 3 0 2 80 919 1
0 24.5 12.75 2 8 5 4.75 1 1 2 0 2 73 445 1
1 19.5 9.58 2 6 4 0.79 0 0 0 0 2 80 351 0
0 17.82 11 2 14 8 1 1 1 11 0 2 0 3001 1
0 15.83 7.62 2 11 4 0.125 0 1 1 1 2 0 161 0
1 34.08 6.5 2 6 4 0.125 1 0 0 1 2 443 1 0
1 31.57 0.04 1 2 4 4.25 0 0 0 1 2 460 1 0
1 26.75 2 2 2 4 0.75 0 0 0 1 2 80 1 0
0 26.08 8.66 2 6 4 1.415 1 0 0 0 2 160 151 1
1 17.42 6.5 2 3 4 0.125 0 0 0 0 2 60 101 0
1 34.83 4 2 2 5 12.5 1 0 0 1 2 184 1 0
1 19.42 7.25 2 7 4 0.04 0 1 1 0 2 100 2 0
1 49.17 2.29 2 1 1 0.29 0 0 0 0 2 200 4 0
1 25.33 0.57 2 8 4 0.29 1 1 7 1 2 96 5125 1
0 28.67 1.04 2 8 4 2.5 1 1 5 1 2 300 1431 1
1 30.17 1.08 1 8 4 0.04 0 0 0 0 2 170 180 0
1 28.67 9.33 2 11 8 5.665 1 1 6 0 2 381 169 1
1 20.42 0 2 8 4 0 0 0 0 0 3 184 1 0
1 48.17 3.5 2 6 4 3.5 1 0 0 0 1 230 1 1
0 24.5 2.41 1 8 4 0 0 0 0 0 2 120 1 0
0 21.08 5 1 1 1 0 0 0 0 0 2 0 1 0
0 25 12.33 2 13 8 3.5 1 1 6 0 2 400 459 1
1 44.83 7 1 8 4 1.625 0 0 0 0 2 160 3 0
0 21.5 6 2 6 4 2.5 1 1 3 0 2 80 919 1
0 24.08 0.5 2 11 8 1.25 1 1 1 0 2 0 679 1
0 58.42 21 2 3 5 10 1 1 13 0 2 0 6701 1
0 17.82 11 2 14 8 1 1 1 11 0 2 0 3001 1
1 33.58 2.75 2 7 4 4.25 1 1 6 0 2 204 1 1
0 52.5 7 2 6 8 3 0 0 0 0 2 0 1 0
1 40.58 5 2 8 4 5 1 1 7 0 2 0 3066 1
1 13.75 4 1 9 4 1.75 1 1 2 1 2 120 1001 1
0 28.67 1.04 2 8 4 2.5 1 1 5 1 2 300 1431 1
0 31.75 3 1 5 3 0 0 0 0 0 2 160 21 0
1 24.17 0.87 2 11 4 4.625 1 1 2 1 2 520 2001 1
1 28.25 5.04 1 8 5 1.5 1 1 8 1 2 144 8 1
0 26.5 2.71 1 8 4 0.085 0 0 0 0 1 80 1 0
1 29.25 14.79 2 6 4 5.04 1 1 5 1 2 168 1 1
1 17.67 4.46 2 8 4 0.25 0 0 0 0 1 80 1 0
0 28.5 1 2 11 4 1 1 1 2 1 2 167 501 0
1 36.67 4.41 1 4 4 0.25 1 1 10 1 2 320 1 1
1 32.08 4 1 13 4 1.5 0 0 0 1 2 120 1 0
1 56 12.5 2 4 8 8 1 0 0 1 2 24 2029 1
1 16.92 0.33 1 4 4 0.29 0 0 0 0 1 200 1 0
1 59.5 2.75 2 9 4 1.75 1 1 5 1 2 60 59 1
1 23.17 0 2 13 4 0.085 1 0 0 0 2 0 1 1
1 20.67 5.29 2 11 4 0.375 1 1 1 0 2 160 1 0
1 37.5 0.83 2 10 4 0.04 0 0 0 0 2 120 6 0
1 42.75 3 2 3 5 1 1 0 0 0 2 0 201 0
0 45.83 10.5 2 11 4 5 1 1 7 1 2 0 1 1
1 37.42 2.04 2 9 4 0.04 1 0 0 1 2 400 5801 1
1 20.67 1.25 1 8 8 1.375 1 1 3 1 2 140 211 0
1 34.08 0.08 1 7 5 0.04 1 1 1 1 2 280 2001 1
0 28.08 15 1 10 9 0 1 0 0 0 2 0 13213 1
1 22.08 11 2 13 4 0.665 1 0 0 0 2 100 1 1
0 21.75 11.75 2 8 4 0.25 0 0 0 1 2 180 1 0
0 21.75 1.75 1 5 3 0 0 0 0 0 2 160 1 0
1 23.92 0.66 2 8 4 0.165 0 0 0 0 2 100 1 1
1 26.67 2.71 1 13 4 5.25 1 1 1 0 2 211 1 1
0 24.5 1.75 1 8 4 0.165 0 0 0 0 2 132 1 0
0 27.17 1.25 2 1 1 0 0 1 1 0 2 92 301 0
1 20.67 1.25 1 8 8 1.375 1 1 3 1 2 140 211 0
1 53.92 9.62 2 10 4 8.665 1 1 5 0 2 0 1 1
1 62.75 7 2 10 9 0 0 0 0 0 2 0 13 0
0 52.5 7 2 6 8 3 0 0 0 0 2 0 1 0
0 25.42 1.12 2 11 4 1.29 1 1 2 0 2 200 1 0
1 19.17 0 1 7 5 0 0 0 0 1 1 500 2 1
0 33.67 0.37 2 13 4 0.375 0 0 0 0 2 300 45 1
1 34.67 1.08 2 7 4 1.165 0 0 0 0 1 28 1 0
1 37.42 2.04 2 9 4 0.04 1 0 0 1 2 400 5801 1
1 33.75 2.75 2 3 5 0 0 0 0 0 2 180 1 0
0 28.67 1.04 2 8 4 2.5 1 1 5 1 2 300 1431 1
0 30 5.29 2 10 2 2.25 1 1 5 1 2 99 501 1
1 23.25 4 2 8 5 0.25 1 0 0 1 2 160 1 1

