1.234 22.08 11.46 2 4 4 1.585 0 0 0 1 2 100 1213 0
1 23.75 12 2 8 4 2.085 0 0 0 0 1 80 1 0
0 30.58 10.66 2 11 8 0.085 0 1 12 1 2 129 4 0
1 31.08 1.5 1 9 4 0.04 0 0 0 0 1 160 1 0
0 27.25 0.28 2 7 8 0.125 0 1 1 1 2 272 109 0
0 27.25 0.28 2 7 8 0.125 0 1 1 1 2 272 109 0
1 33.67 1.25 2 9 4 1.165 0 0 0 0 2 120 1 0
1 29.5 0.57 2 9 4 0.29 0 1 1 0 2 340 2804 0
1 51.42 0.04 2 14 8 0.04 1 0 0 0 2 0 3001 1
1 32.33 7.5 2 10 5 1.585 1 0 0 1 1 420 1 0
0 44.33 0 2 8 4 2.5 1 0 0 0 2 0 1 1
1 20.17 9.25 2 8 4 1.665 1 1 3 1 2 40 29 1
0 17.92 0.54 2 8 4 1.75 0 1 1 1 2 80 6 0
1 22.17 2.25 2 3 4 0.125 0 0 0 0 2 160 11 0
0 23.58 0.83 2 11 4 0.415 0 1 1 1 2 200 12 0
0 27.67 2.04 2 9 4 0.25 0 0 0 1 2 180 51 0
1 33.67 1.25 2 9 4 1.165 0 0 0 0 2 120 1 0
1 22 7.83 1 3 5 0.165 0 0 0 1 2 184 1 0
0 17.32 9.5 2 6 4 1.75 0 1 10 1 2 0 11 0
0 18.82 9.53 2 6 4 0.085 1 0 0 0 2 100 1 1
1 48.33 12 2 7 4 16 1 0 0 0 1 110 1 1
1 22.08 0.83 2 8 8 2.165 0 0 0 1 2 128 1 1
0 20.42 10.5 1 14 8 0 0 0 0 1 2 154 33 0
0 41 2.04 1 11 8 0.125 1 1 23 1 2 455 1237 1
1 39.83 0.5 2 7 4 0.25 1 0 0 0 1 288 1 0
0 33.08 1.62 2 2 4 0.54 0 0 0 1 2 0 1 0
1 32.08 4 2 7 4 2.5 1 0 0 1 2 360 1 1
0 20.75 9.53 2 3 4 0.04 0 0 0 0 2 200 1001 0
1 34.25 3 2 13 8 7.415 1 0 0 1 2 0 1 1
1 22.67 0.75 2 3 4 1.585 0 1 1 1 2 400 10 0
1 20.67 0.83 1 8 4 2 0 0 0 1 1 240 1 0
1 31.57 0.04 1 2 4 4.25 0 0 0 1 2 460 1 0
0 18.57 10 2 2 4 0.415 0 0 0 0 2 80 43 0
0 37.75 5.5 2 11 4 0.125 1 0 0 1 2 228 1 1
1 25 12 2 4 4 2.25 1 1 2 1 2 120 6 0
0 58.33 10 2 11 4 4 1 1 14 0 2 0 1603 1
1 31.25 1.12 2 1 1 0 0 1 1 0 2 96 20 0
1 26 1 2 11 4 1.75 1 0 0 1 2 280 1 1
1 24.58 12.5 2 9 4 0.875 1 0 0 1 2 260 1 0
1 25.75 0.75 2 8 5 0.25 1 0 0 0 2 349 24 1
0 18.92 9.25 1 8 4 1 1 1 4 1 2 80 501 1
0 45.33 1 2 11 4 0.125 0 0 0 1 2 263 1 0
0 20.67 1.83 2 11 4 2.085 1 1 5 0 2 220 2504 1
1 36.75 0.12 1 8 4 1.5 0 0 0 1 2 232 114 1
0 30.25 5.5 2 4 4 5.5 0 0 0 1 1 100 1 0
0 58.33 10 2 11 4 4 1 1 14 0 2 0 1603 1
1 22.75 11.5 2 3 4 0.415 0 0 0 0 2 0 1 0
1 20.17 5.62 2 9 4 1.71 1 0 0 0 1 120 1 1
1 20.42 7 2 8 4 1.625 1 1 3 0 2 200 1392 1
1 21.33 7.5 2 6 4 1.415 1 1 1 0 2 80 9801 1
1 27.58 2.04 1 6 4 2 1 1 3 1 2 370 561 1
0 28.75 3.75 2 8 4 1.085 1 1 1 1 2 371 1 1
0 52.5 7 2 6 8 3 0 0 0 0 2 0 1 0
1 31.57 0.62 2 4 4 0.25 0 0 0 0 2 380 2011 0
1 33.67 2.16 2 8 4 1.5 0 0 0 0 3 120 1 0
1 31.67 16.16 2 2 4 3 1 1 9 0 2 250 731 1
0 19.67 0.21 2 11 8 0.29 1 1 11 0 2 80 100 1
1 48.17 3.5 2 6 4 3.5 1 0 0 0 1 230 1 1
0 35.17 3.75 2 1 1 0 0 1 6 0 2 0 201 0
1 32.75 1.5 2 13 8 5.5 1 1 3 1 2 0 1 1
1 29.58 4.5 2 9 4 7.5 1 1 2 1 2 330 1 1
1 32.92 2.5 2 6 4 1.75 0 1 2 1 2 720 1 0
1 39.33 5.87 2 13 8 10 1 1 14 1 2 399 1 1
0 20.75 9.53 2 3 4 0.04 0 0 0 0 2 200 1001 0
0 21.08 5 1 1 1 0 0 0 0 0 2 0 1 0
0 30.58 10.66 2 11 8 0.085 0 1 12 1 2 129 4 0
1 31.83 2.5 2 6 4 7.5 1 0 0 1 2 523 1 0
1 35.25 16.5 1 8 4 4 1 0 0 0 2 80 1 0
0 28.17 0.58 2 6 4 0.04 0 0 0 0 2 260 1005 0
1 19 1.75 1 8 4 2.335 0 0 0 1 2 112 7 0
1 22.08 2.33 2 4 4 0.75 0 0 0 0 2 180 1 0
1 21.83 0.25 2 2 8 0.665 1 0 0 1 2 0 1 1
1 34.17 1.54 2 13 4 1.54 1 1 1 1 2 520 50001 1
1 42.17 5.04 2 11 8 12.75 1 0 0 1 2 92 1 1
1 30.58 2.71 1 7 4 0.125 0 0 0 1 1 80 1 0
0 40.83 10 2 11 8 1.75 1 0 0 0 2 29 838 1
0 40.33 7.54 1 11 8 8 1 1 14 0 2 0 2301 1
1 31.57 5 1 6 4 8.5 1 0 0 0 2 0 1 0
1 24.58 13.5 1 1 1 0 0 0 0 0 2 184 1 0
1 34.17 9.17 2 8 4 4.5 1 1 12 1 2 0 222 1
0 26.17 2 2 5 3 0 0 0 0 1 2 276 2 0
1 30.17 0.5 2 8 4 1.75 1 1 11 0 2 32 541 1
0 30.42 1.37 2 9 8 0.04 0 1 3 0 2 0 34 0
0 17.92 0.54 2 8 4 1.75 0 1 1 1 2 80 6 0
0 36 1 2 8 4 2 1 1 11 0 2 0 457 1
1 25.5 0.37 2 7 4 0.25 1 1 3 0 2 260 15109 1
1 31.08 3.08 2 8 4 2.5 0 1 2 1 2 160 42 0
1 20.17 9.25 2 8 4 1.665 1 1 3 1 2 40 29 1
1 52.5 6.5 2 4 4 6.29 1 1 15 0 2 0 11203 1
0 51.92 6.5 2 3 5 3.085 0 0 0 1 2 73 1 0
0 22.83 2.29 2 11 8 2.29 1 1 7 1 2 140 2385 1
0 22.92 1.25 2 11 4 0.25 0 0 0 1 2 120 810 0
0 39.08 4 2 8 4 3 0 0 0 0 2 480 1 0
1 27.75 0.58 1 13 4 0.25 1 1 2 0 2 260 501 1
1 37.42 2.04 2 9 4 0.04 1 0 0 1 2 400 5801 1
0 21.75 11.75 2 8 4 0.25 0 0 0 1 2 180 1 0
1 22 7.83 1 3 5 0.165 0 0 0 1 2 184 1 0
1 32.67 5.5 2 11 8 5.5 1 1 12 1 2 408 1001 1
1 32.33 3.5 2 4 4 0.5 0 0 0 1 2 232 1 0
1 42.75 3 2 3 5 1 1 0 0 0 2 0 201 0
0 40.83 3.5 2 3 5 0.5 0 0 0 0 1 1160 1 0
1 48.17 3.5 2 6 4 3.5 1 0 0 0 1 230 1 1
1 31.58 0.75 1 6 4 3.5 0 0 0 1 2 320 1 0
1 54.83 15.5 2 10 9 0 1 1 20 0 2 152 131 0
0 24.08 0.5 2 11 8 1.25 1 1 1 0 2 0 679 1
0 22.42 11.25 1 14 8 0.75 1 1 4 0 2 0 322 1
1 31.67 0.83 2 14 4 1.335 1 1 8 1 2 303 3291 1
1 34.83 4 2 2 5 12.5 1 0 0 1 2 184 1 0
1 36.67 2 2 3 4 0.25 0 0 0 1 2 221 1 0
0 28.17 0.37 2 11 4 0.585 1 1 4 0 2 80 1 1

