1 48.58 6.5 2 11 8 6 1 0 0 1 2 350 1 1
0 35.42 12 2 11 8 14 1 1 8 0 2 0 6591 1
1 36.67 3.25 2 11 8 9 1 0 0 1 2 102 640 1
0 28.17 0.37 2 11 4 0.585 1 1 4 0 2 80 1 1
0 22.92 11.58 2 13 4 0.04 1 0 0 0 2 80 1350 1
1 47.17 5.83 2 9 4 5.5 0 0 0 0 2 465 151 0
1 44.25 11 1 2 4 1.5 1 0 0 0 1 0 1 0
1 35.75 2.41 2 9 4 0.125 0 1 2 0 2 220 2 0
1 57.83 7.04 2 7 4 14 1 1 6 1 2 360 1333 1
1 27.25 1.58 2 13 8 1.835 1 1 12 1 2 583 714 1
1 19.57 0.58 2 1 1 0 0 1 3 0 2 350 770 0
0 23.5 9 2 11 4 8.5 1 1 5 1 2 120 1 1
0 19.17 0.58 1 6 4 0.585 1 0 0 1 2 160 1 0
0 29.5 1.08 1 14 4 1 0 0 0 0 2 280 14 0
1 23.58 1.79 2 8 4 0.54 0 0 0 1 2 136 2 0
0 17.92 0.54 2 8 4 1.75 0 1 1 1 2 80 6 0
0 56.83 4.25 1 1 1 5 0 0 0 1 2 0 5 0
1 25 12.5 2 6 4 3 1 0 0 1 1 20 1 1
0 20.42 10.5 1 14 8 0 0 0 0 1 2 154 33 0
1 25 11.25 2 8 4 2.5 1 1 17 0 2 200 1209 1
0 18.92 9.25 1 8 4 1 1 1 4 1 2 80 501 1
1 24.42 12.33 2 11 8 1.585 1 0 0 1 2 120 1 1
0 20.42 10.5 1 14 8 0 0 0 0 1 2 154 33 0
1 33.75 2.75 2 3 5 0 0 0 0 0 2 180 1 0
1 32.33 7.5 2 10 5 1.585 1 0 0 1 1 420 1 0
1 30.58 2.71 1 7 4 0.125 0 0 0 1 1 80 1 0
0 28.58 3.54 2 3 5 0.5 1 0 0 1 2 171 1 0
0 20.67 1.83 2 11 4 2.085 1 1 5 0 2 220 2504 1
1 28.25 5.04 1 8 5 1.5 1 1 8 1 2 144 8 1
1 54.83 15.5 2 10 9 0 1 1 20 0 2 152 131 0
1 16.32 4.08 2 3 8 0.415 0 0 0 1 2 120 1 0
1 39 5 2 13 4 3.5 1 1 10 1 2 0 1 1
1 30.75 1.58 2 2 4 0.585 0 0 0 1 1 0 1 0
0 20.42 10.5 1 14 8 0 0 0 0 1 2 154 33 0
1 37.58 0 2 8 4 0 0 0 0 0 3 184 1 1
0 47 13 2 3 5 5.165 1 1 9 1 2 0 1 1
1 25.58 0.33 2 4 8 3.5 0 0 0 1 2 340 1 0
1 44 2 2 7 4 1.75 1 1 2 1 2 0 16 1
0 23.75 0.71 2 9 4 0.25 0 1 1 1 2 240 5 0
1 41.92 0.42 2 8 8 0.21 1 1 6 0 2 220 949 1
1 26.75 1.12 2 14 8 1.25 1 0 0 0 2 0 5299 1
0 30.58 10.66 2 11 8 0.085 0 1 12 1 2 129 4 0
1 34.42 4.25 2 3 5 3.25 1 1 2 0 2 274 611 1
0 28.75 3.75 2 8 4 1.085 1 1 1 1 2 371 1 1
1 26 1 2 11 4 1.75 1 0 0 1 2 280 1 1
0 58.67 4.46 2 11 8 3.04 1 1 6 0 2 43 561 1
1 64.08 20 2 14 8 17.5 1 1 9 1 2 0 1001 1
1 21.92 0.54 1 14 4 0.04 1 1 1 1 2 840 60 1
1 23.25 1 2 8 4 0.835 1 0 0 0 1 300 1 1
1 20.67 0.41 2 8 4 0.125 0 0 0 0 2 0 45 0
0 27.17 1.25 2 1 1 0 0 1 1 0 2 92 301 0
1 22 7.83 1 3 5 0.165 0 0 0 1 2 184 1 0
0 46.67 0.46 2 13 8 0.415 1 1 11 1 2 440 7 1
1 23 0.62 1 6 4 0.125 1 0 0 0 2 180 2 0
0 20.42 0.83 2 11 4 1.585 1 1 1 0 2 0 1 1
1 23 0.75 2 7 4 0.5 0 0 0 1 1 320 1 0
0 28.67 1.04 2 8 4 2.5 1 1 5 1 2 300 1431 1
1 42.75 4.08 2 6 4 0.04 0 0 0 0 2 108 101 0
1 19.42 1.5 1 13 4 2 1 0 0 1 2 100 21 0
0 19.5 0.16 2 11 4 0.04 0 0 0 1 2 380 1 0
0 58.42 21 2 3 5 10 1 1 13 0 2 0 6701 1
1 23.42 1 2 8 4 0.5 0 0 0 1 1 280 1 0
1 34.92 2.5 2 9 4 0 1 0 0 1 2 239 201 1
1 34.17 2.75 2 3 5 2.5 0 0 0 1 2 232 201 0
1 15.17 7 2 10 4 1 0 0 0 0 2 600 1 0
1 41 0.04 2 10 4 0.04 0 1 1 0 1 560 1 1
0 22.83 2.29 2 11 8 2.29 1 1 7 1 2 140 2385 1
1 18.67 5 2 11 4 0.375 1 1 2 0 2 0 39 0
0 33.67 0.37 2 13 4 0.375 0 0 0 0 2 300 45 1
1 51.83 2.04 1 1 1 1.5 0 0 0 0 2 120 2 0
0 22.67 3.8 2 8 4 0.165 0 0 0 0 2 160 1 0
0 71.58 0 2 8 4 0 0 0 0 0 3 184 1 1
1 73.42 17.75 2 1 1 0 1 0 0 1 2 0 1 1
0 46 4 2 5 3 0 1 0 0 0 2 100 961 1
1 34.17 9.17 2 8 4 4.5 1 1 12 1 2 0 222 1
1 35.75 2.41 2 9 4 0.125 0 1 2 0 2 220 2 0
0 26.08 8.66 2 6 4 1.415 1 0 0 0 2 160 151 1
1 29.83 3.5 2 8 4 0.165 0 0 0 0 2 216 1 0
1 33.67 2.16 2 8 4 1.5 0 0 0 0 3 120 1 0
0 29.5 2 1 10 8 2 0 0 0 0 2 256 18 0
0 60.58 16.5 2 11 4 11 1 0 0 1 2 21 10562 1
0 24.5 1.04 1 1 1 0.5 1 1 3 0 2 180 148 0
0 31.57 3.5 2 2 4 3 1 0 0 1 2 300 1 0
0 46 4 2 5 3 0 1 0 0 0 2 100 961 1
0 64.08 0.16 2 1 1 0 1 1 1 0 2 232 101 1
1 42.75 4.08 2 6 4 0.04 0 0 0 0 2 108 101 0
1 27 0.75 2 8 8 4.25 1 1 3 1 2 312 151 1
1 31.42 15.5 2 8 4 0.5 1 0 0 0 2 120 1 0
0 28.67 1.04 2 8 4 2.5 1 1 5 1 2 300 1431 1
1 20.5 10 1 8 4 2.5 1 0 0 0 1 40 1 1
1 27.83 1 1 2 8 3 0 0 0 0 2 176 538 0
1 51.33 10 2 3 5 0 1 1 11 0 2 0 1250 1
1 48.58 6.5 2 11 8 6 1 0 0 1 2 350 1 1
1 36.67 2 2 3 4 0.25 0 0 0 1 2 221 1 0
1 73.42 17.75 2 1 1 0 1 0 0 1 2 0 1 1
1 64.08 20 2 14 8 17.5 1 1 9 1 2 0 1001 1
1 25 12 2 4 4 2.25 1 1 2 1 2 120 6 0
1 54.83 15.5 2 10 9 0 1 1 20 0 2 152 131 0
0 25.33 2.08 2 8 8 2.75 1 0 0 1 2 360 2 0
1 37.75 7 2 11 8 11.5 1 1 7 1 2 300 6 0
1 21.83 11 2 14 4 0.29 1 1 6 0 2 121 1 1
1 34.92 5 2 14 8 7.5 1 1 6 1 2 0 1001 1
1 29.25 13 2 2 8 0.5 0 0 0 0 2 228 1 0
1 22.67 1.58 1 9 4 3.085 1 1 6 0 2 80 1 1
1 27.83 1.5 2 9 4 2.25 0 1 1 1 2 100 4 0
1 30.75 1.58 2 2 4 0.585 0 0 0 1 1 0 1 0
0 23.75 0.71 2 9 4 0.25 0 1 1 1 2 240 5 0
1 23.17 0 2 13 4 0.085 1 0 0 0 2 0 1 1
1 21 3 1 2 4 1.085 1 1 8 1 2 160 2 1
1 31.08 1.5 1 9 4 0.04 0 0 0 0 1 160 1 0

