0 35.75 0.91 2 6 4 0.75 1 1 4 0 2 0 1584 1
1 35.25 16.5 1 8 4 4 1 0 0 0 2 80 1 0
1 28.33 5 2 9 4 11 1 0 0 1 2 70 1 1
1 22.58 10.03 2 14 4 0.04 1 1 9 0 2 60 397 1
0 20.67 3 2 11 4 0.165 1 1 3 0 2 100 7 1
1 25.67 12.5 2 13 4 1.21 1 1 67 1 2 140 259 1
0 28.67 1.04 2 8 4 2.5 1 1 5 1 2 300 1431 1
1 23.25 12.62 2 8 4 0.125 0 1 2 0 2 0 5553 0
1 20.42 0 2 8 4 0 0 0 0 0 3 184 1 0
1 20 11.04 2 8 4 2 0 0 0 1 2 136 1 0
1 34.75 2.5 2 13 5 0.5 0 0 0 0 2 348 1 0
1 20.42 7 2 8 4 1.625 1 1 3 0 2 200 1392 1
0 27.25 0.28 2 7 8 0.125 0 1 1 1 2 272 109 0
1 27.75 0.58 1 13 4 0.25 1 1 2 0 2 260 501 1
0 44.33 0 2 8 4 2.5 1 0 0 0 2 0 1 1
1 16.32 4.08 2 3 8 0.415 0 0 0 1 2 120 1 0
1 36.33 3.79 2 9 4 1.165 1 0 0 1 2 200 1 0
1 52.42 1.5 2 2 4 3.75 0 0 0 1 2 0 351 0
1 34.17 2.75 2 3 5 2.5 0 0 0 1 2 232 201 0
1 52.5 6.5 2 4 4 6.29 1 1 15 0 2 0 11203 1
1 42 0.2 2 3 8 5.125 1 0 0 0 2 400 1 1
1 54.33 6.75 2 8 8 2.625 1 1 11 1 2 0 285 1
0 20.07 0.12 2 11 4 1 0 1 1 0 2 240 769 1
1 18.5 2 2 3 4 1.5 1 1 2 0 2 120 301 1
1 36.33 3.79 2 9 4 1.165 1 0 0 1 2 200 1 0
1 48.75 8.5 2 8 8 12.5 1 1 9 0 2 181 1656 1
1 32.25 0.16 1 8 8 3.25 1 1 1 1 2 432 8001 1
1 18.67 5 2 11 4 0.375 1 1 2 0 2 0 39 0
1 22.67 1.58 1 9 4 3.085 1 1 6 0 2 80 1 1
0 50.25 0.83 2 6 4 0.5 0 0 0 1 2 240 118 0
1 31.57 0.5 2 8 5 0.835 1 0 0 1 1 320 1 0
1 23.42 1 2 8 4 0.5 0 0 0 1 1 280 1 0
1 22.17 2.25 2 3 4 0.125 0 0 0 0 2 160 11 0
1 15.17 7 2 10 4 1 0 0 0 0 2 600 1 0
1 23.25 4 2 8 5 0.25 1 0 0 1 2 160 1 1
1 21.83 0.25 2 2 8 0.665 1 0 0 1 2 0 1 1
0 32 6 2 2 4 1.25 0 0 0 0 2 272 1 0
1 28.25 5.04 1 8 5 1.5 1 1 8 1 2 144 8 1
1 29.67 1.41 2 9 8 0.75 1 1 1 0 2 240 101 1
1 23.58 1.79 2 8 4 0.54 0 0 0 1 2 136 2 0
1 24.5 13.33 1 6 4 0.04 0 0 0 1 2 120 476 0
0 19.75 0.75 2 8 4 0.795 1 1 5 1 2 140 6 0
1 31.67 16.16 2 2 4 3 1 1 9 0 2 250 731 1
0 24.75 12.5 2 6 4 1.5 1 1 12 1 2 120 568 1
0 46.67 0.46 2 13 8 0.415 1 1 11 1 2 440 7 1
1 44 2 2 7 4 1.75 1 1 2 1 2 0 16 1
1 32.25 14 1 1 1 0 0 1 2 0 2 160 2 0
1 20 0 2 2 4 0.5 0 0 0 0 2 144 1 0
0 45.33 1 2 11 4 0.125 0 0 0 1 2 263 1 0
0 18.92 9.25 1 8 4 1 1 1 4 1 2 80 501 1
1 26.75 2 2 2 4 0.75 0 0 0 1 2 80 1 0
1 32 1.75 1 10 8 0.04 1 0 0 1 2 393 1 1
0 19.75 0.75 2 8 4 0.795 1 1 5 1 2 140 6 0
1 48.75 8.5 2 8 8 12.5 1 1 9 0 2 181 1656 1
1 43.25 25.21 2 11 8 0.21 1 1 1 0 2 760 91 0
1 23.25 12.62 2 8 4 0.125 0 1 2 0 2 0 5553 0
0 25.75 0.5 2 8 8 0.875 1 0 0 1 2 491 1 1
0 23.58 0.58 1 1 1 0.125 0 0 0 0 2 120 88 0
1 18.82 3.54 1 1 1 0 0 0 0 1 2 180 2 0
1 37.5 1.75 1 8 5 0.25 1 0 0 1 2 164 401 0
0 26.5 2.71 1 8 4 0.085 0 0 0 0 1 80 1 0
0 15.83 0.58 2 8 8 1.5 1 1 2 0 2 100 1 1
1 20 1.25 1 4 4 0.125 0 0 0 0 2 140 5 0
1 25.67 3.25 2 8 8 2.29 0 1 1 1 2 416 22 0
1 16.25 0.83 2 7 4 0.085 1 0 0 0 1 200 1 0
0 18.82 9.53 2 6 4 0.085 1 0 0 0 2 100 1 1
1 33.17 3.16 1 14 4 3.165 1 1 3 1 2 380 1 1
1 29.92 1.83 2 8 8 4.335 1 0 0 0 2 260 201 1
1 40.58 5 2 8 4 5 1 1 7 0 2 0 3066 1
1 48.75 8.5 2 8 8 12.5 1 1 9 0 2 181 1656 1
1 33.17 3.16 1 14 4 3.165 1 1 3 1 2 380 1 1
1 23.17 0 2 8 4 0 0 0 0 0 3 184 1 1
1 20.42 7 2 8 4 1.625 1 1 3 0 2 200 1392 1
1 35.17 4.5 2 14 8 5.75 0 0 0 1 1 711 1 1
0 23.58 0.58 1 1 1 0.125 0 0 0 0 2 120 88 0
1 19.57 0.58 2 1 1 0 0 1 3 0 2 350 770 0
1 34.83 4 2 2 5 12.5 1 0 0 1 2 184 1 0
1 52.33 1.37 1 8 8 9.46 1 0 0 1 2 200 101 0
1 16.07 0.75 2 8 4 1.75 1 1 5 1 2 352 691 1
0 52.17 0 1 1 1 0 0 0 0 0 2 0 1 0
1 32.25 0.16 1 8 8 3.25 1 1 1 1 2 432 8001 1
1 22.17 0.58 1 1 1 0 0 0 0 0 2 100 1 0
1 21.5 9.75 2 8 4 0.25 1 0 0 0 2 140 1 0
0 45.83 10.5 2 11 4 5 1 1 7 1 2 0 1 1
1 28 3 2 9 4 0.75 0 0 0 1 2 300 68 0
0 23 11.75 2 14 8 0.5 1 1 2 1 2 300 552 1
1 48.17 3.5 2 6 4 3.5 1 0 0 0 1 230 1 1
0 22.58 10.75 2 11 4 0.415 1 1 5 1 2 0 561 1
1 51.83 3 1 1 1 1.5 0 0 0 0 2 180 5 0
1 23.58 0.46 1 9 4 2.625 1 1 6 1 2 208 348 0
1 27.83 1 1 2 8 3 0 0 0 0 2 176 538 0
1 39.92 5 2 3 5 0.21 0 0 0 0 2 550 1 0
1 21.5 9.75 2 8 4 0.25 1 0 0 0 2 140 1 0
1 26.67 4.25 2 13 4 4.29 1 1 1 1 2 120 1 1
1 23.58 1.79 2 8 4 0.54 0 0 0 1 2 136 2 0
1 34.92 5 2 14 8 7.5 1 1 6 1 2 0 1001 1
1 26.92 2.25 2 3 5 0.5 0 0 0 1 2 640 4001 0
1 60.08 14.5 2 1 1 18 1 1 15 1 2 0 1001 1
1 51.83 3 1 1 1 1.5 0 0 0 0 2 180 5 0
1 35.25 3.16 2 14 8 3.75 1 0 0 1 2 680 1 0
1 37.5 1.75 1 8 5 0.25 1 0 0 1 2 164 401 0
1 34.42 1.33 2 3 5 0.125 0 0 0 1 2 440 4501 0
1 22.17 12.12 2 8 4 3.335 0 1 2 1 2 180 174 0
1 51.83 3 1 1 1 1.5 0 0 0 0 2 180 5 0
1 52.42 1.5 2 2 4 3.75 0 0 0 1 2 0 351 0
0 28.58 1.66 2 11 4 2.415 1 0 0 1 2 440 1 0
1 29.25 13 2 2 8 0.5 0 0 0 0 2 228 1 0
1 34.75 15 2 12 7 5.375 1 1 9 1 2 0 135 1
1 27 0.75 2 8 8 4.25 1 1 3 1 2 312 151 1
1 32.33 7.5 2 10 5 1.585 1 0 0 1 1 420 1 0

