0 24.75 12.5 2 6 4 1.5 1 1 12 1 2 120 568 1
1 23.92 0.66 2 8 4 0.165 0 0 0 0 2 100 1 1
0 25.08 2.54 1 6 4 0.25 1 0 0 1 2 370 1 1
1 41.17 4.04 2 13 8 7 1 1 8 0 2 320 1 1
1 36.67 2 2 3 4 0.25 0 0 0 1 2 221 1 0
0 22.58 10.75 2 11 4 0.415 1 1 5 1 2 0 561 1
1 49.58 19 2 1 1 0 1 1 1 0 2 94 1 0
1 22.75 11.5 2 3 4 0.415 0 0 0 0 2 0 1 0
1 37.5 1.12 1 2 4 1.5 0 0 0 1 2 431 1 1
1 32.83 2.5 2 13 8 2.75 1 1 6 0 2 160 2073 1
0 31.57 11.25 2 1 1 0 0 0 0 0 2 184 5201 0
0 22.5 0.41 2 3 4 0.335 0 0 0 1 1 144 1 0
1 41 0.04 2 10 4 0.04 0 1 1 0 1 560 1 1
1 36.17 5.5 2 3 5 5 0 0 0 0 2 210 688 0
1 44.25 0.5 2 7 4 10.75 1 0 0 0 1 400 1 0
1 34.42 1.33 2 3 5 0.125 0 0 0 1 2 440 4501 0
1 35.25 16.5 1 8 4 4 1 0 0 0 2 80 1 0
1 59.67 1.54 2 11 4 0.125 1 0 0 1 2 260 1 1
1 26.67 4.25 2 13 4 4.29 1 1 1 1 2 120 1 1
0 21.75 11.75 2 8 4 0.25 0 0 0 1 2 180 1 0
0 40.83 3.5 2 3 5 0.5 0 0 0 0 1 1160 1 0
0 38.75 1.5 2 1 1 0 0 0 0 0 2 76 1 0
0 37.33 2.5 2 3 8 0.21 0 0 0 0 2 260 247 0
0 17.57 9 2 6 4 1.375 1 0 0 1 2 0 1 1
0 20.75 10.25 2 11 4 0.71 1 1 2 1 2 49 1 1
0 71.58 0 2 8 4 0 0 0 0 0 3 184 1 1
1 31.57 0.37 2 2 4 0.875 1 0 0 1 1 928 1 0
0 25.25 13.5 1 1 1 2 0 1 1 1 2 200 2 0
1 36.17 18.12 2 9 4 0.085 0 0 0 0 2 320 3553 0
1 29.42 1.25 2 8 8 0.25 0 1 2 1 2 400 109 0
1 18.82 0 2 11 4 0.665 0 0 0 0 2 160 2 0
1 32.33 2.5 2 8 4 1.25 0 0 0 1 2 280 1 0
1 31.25 1.12 2 1 1 0 0 1 1 0 2 96 20 0
0 33.92 1.58 1 1 1 0 1 0 0 0 2 320 1 0
0 29.5 2 1 10 8 2 0 0 0 0 2 256 18 0
1 34.08 0.08 1 7 5 0.04 1 1 1 1 2 280 2001 1
1 23.92 1.5 2 2 8 1.875 1 1 6 0 2 200 328 1
1 21 3 1 2 4 1.085 1 1 8 1 2 160 2 1
1 23.25 12.62 2 8 4 0.125 0 1 2 0 2 0 5553 0
1 59.67 1.54 2 11 4 0.125 1 0 0 1 2 260 1 1
0 24.75 3 2 11 8 1.835 1 1 19 0 2 0 501 1
0 28.42 3.5 2 9 4 0.835 1 0 0 0 1 280 1 1
1 44.25 0.5 2 7 4 10.75 1 0 0 0 1 400 1 0
0 30.42 1.37 2 9 8 0.04 0 1 3 0 2 0 34 0
0 31.57 11.25 2 1 1 0 0 0 0 0 2 184 5201 0
1 32.75 2.33 2 2 8 5.75 0 0 0 1 2 292 1 0
1 26.67 2.71 1 13 4 5.25 1 1 1 0 2 211 1 1
1.234 22.08 11.46 2 4 4 1.585 0 0 0 1 2 100 1213 0
0 15.83 0.58 2 8 8 1.5 1 1 2 0 2 100 1 1
1 31.57 0.62 2 4 4 0.25 0 0 0 0 2 380 2011 0
0 24.5 12.75 2 8 5 4.75 1 1 2 0 2 73 445 1
1 32.08 4 1 13 4 1.5 0 0 0 1 2 120 1 0
1 15.17 7 2 10 4 1 0 0 0 0 2 600 1 0
0 25 11 1 6 4 4.5 1 0 0 0 2 120 1 0
1 18.32 1.21 1 10 2 0 0 0 0 0 2 100 1 0
1 26.67 1.75 1 8 4 1 1 1 5 1 2 160 5778 1
0 24.5 1.75 1 8 4 0.165 0 0 0 0 2 132 1 0
1 42 0.2 2 3 8 5.125 1 0 0 0 2 400 1 1
0 15.83 7.62 2 11 4 0.125 0 1 1 1 2 0 161 0
1 57.42 8.5 2 10 8 7 1 1 3 0 2 0 1 1
1 22.67 0.75 2 3 4 1.585 0 1 1 1 2 400 10 0
0 27.67 1.5 2 7 4 2 1 0 0 0 1 368 1 0
1 19.32 10.91 2 8 5 0.585 0 1 2 1 2 200 8 0
1 65.42 11 2 10 9 20 1 1 7 1 2 22 1 1
0 19.67 0.21 2 11 8 0.29 1 1 11 0 2 80 100 1
0 40.33 7.54 1 11 8 8 1 1 14 0 2 0 2301 1
1 30.17 1.08 1 8 4 0.04 0 0 0 0 2 170 180 0
1 27.75 0.58 1 13 4 0.25 1 1 2 0 2 260 501 1
1 18.42 10.41 1 6 4 0.125 1 0 0 0 2 120 376 0
1 32.08 4 2 7 4 2.5 1 0 0 1 2 360 1 1
1 42 9.78 2 14 8 7.96 1 1 8 0 2 0 1 1
1 27.25 1.58 2 13 8 1.835 1 1 12 1 2 583 714 1
1 23.25 12.62 2 8 4 0.125 0 1 2 0 2 0 5553 0
1 36.75 0.12 1 8 4 1.5 0 0 0 1 2 232 114 1
1 23.92 0.66 2 8 4 0.165 0 0 0 0 2 100 1 1
1 43.25 25.21 2 11 8 0.21 1 1 1 0 2 760 91 0
1 18.5 2 2 3 4 1.5 1 1 2 0 2 120 301 1
0 35.42 12 2 11 8 14 1 1 8 0 2 0 6591 1
1 22.67 2.54 1 8 8 2.585 1 0 0 0 2 0 1 1
1 31.57 4 2 14 4 5 1 1 3 1 2 290 2280 1
1 41.42 5 2 11 8 5 1 1 6 1 2 470 1 1
1 37.33 2.66 2 13 4 0.165 0 0 0 1 2 0 502 0
1 34 5.08 1 3 5 1.085 0 0 0 1 2 480 1 0
1 23.08 11.5 2 3 4 3.5 1 1 9 0 2 56 743 1
1 25.42 0.54 2 9 4 0.165 0 1 1 0 2 272 445 0
0 22.67 3.8 2 8 4 0.165 0 0 0 0 2 160 1 0
1 29.83 2.04 1 14 8 0.04 0 0 0 0 2 128 2 0
1 23.5 3.16 1 4 4 0.415 0 1 1 1 2 280 81 0
1 42.75 4.08 2 6 4 0.04 0 0 0 0 2 108 101 0
1 17.42 6.5 2 3 4 0.125 0 0 0 0 2 60 101 0
1 23.42 1 2 8 4 0.5 0 0 0 1 1 280 1 0
1 18.17 2.46 2 8 7 0.96 0 1 2 1 2 160 588 0
1 33.58 2.75 2 7 4 4.25 1 1 6 0 2 204 1 1
1 18.07 5.5 2 4 4 0.5 1 0 0 0 2 80 1 1
1 23.92 1.5 2 2 8 1.875 1 1 6 0 2 200 328 1
0 24.92 1.25 2 1 1 0 1 0 0 0 2 80 1 0
0 33.08 4.62 2 11 8 1.625 1 1 2 0 2 0 1 1
0 27.67 2.04 2 9 4 0.25 0 0 0 1 2 180 51 0
1 19 0 1 1 1 0 0 1 4 0 2 45 2 0
1 36.67 2 2 3 4 0.25 0 0 0 1 2 221 1 0
0 21.75 1.75 1 5 3 0 0 0 0 0 2 160 1 0
1 27.25 0.62 2 6 4 0.455 1 0 0 1 2 200 1 0
1 34.42 1.33 2 3 5 0.125 0 0 0 1 2 440 4501 0
1 25 11.25 2 8 4 2.5 1 1 17 0 2 200 1209 1
1 39.33 5.87 2 13 8 10 1 1 14 1 2 399 1 1
1 23.5 3.16 1 4 4 0.415 0 1 1 1 2 280 81 0
1 31.83 0.04 1 7 4 0.04 0 0 0 0 2 0 1 0
0 42.25 1.75 1 8 4 0 0 0 0 1 2 150 2 0
1 40 6.5 2 6 5 3.5 1 1 1 0 2 0 501 1
1 48.17 3.5 2 6 4 3.5 1 0 0 0 1 230 1 1

