1 36.25 5 2 8 5 2.5 1 1 6 0 2 0 368 1
1 22.17 0.58 1 1 1 0 0 0 0 0 2 100 1 0
0 33.08 1.62 2 2 4 0.54 0 0 0 1 2 0 1 0
0 25 12.33 2 13 8 3.5 1 1 6 0 2 400 459 1
1 34.25 1.75 2 9 5 0.25 1 0 0 1 2 163 1 0
1 28.75 1.16 2 4 4 0.5 1 0 0 0 1 280 1 0
0 37.33 2.5 2 3 8 0.21 0 0 0 0 2 260 247 0
1 49.58 19 2 1 1 0 1 1 1 0 2 94 1 0
1 60.08 14.5 2 1 1 18 1 1 15 1 2 0 1001 1
1 36.17 18.12 2 9 4 0.085 0 0 0 0 2 320 3553 0
1 26.67 2.71 1 13 4 5.25 1 1 1 0 2 211 1 1
0 33.25 3 1 6 4 2 0 0 0 0 2 180 1 0
0 24.08 0.5 2 11 8 1.25 1 1 1 0 2 0 679 1
1 32.83 2.5 2 13 8 2.75 1 1 6 0 2 160 2073 1
0 25.17 2.87 2 14 8 0.875 1 0 0 0 2 360 1 1
1 22.08 11 2 13 4 0.665 1 0 0 0 2 100 1 1
0 40.83 3.5 2 3 5 0.5 0 0 0 0 1 1160 1 0
0 22.67 0.75 2 8 4 2 0 1 2 1 2 200 395 0
1 27.58 3.25 1 11 8 5.085 0 1 2 1 2 369 2 0
1 20 11.04 2 8 4 2 0 0 0 1 2 136 1 0
1 23.08 0 2 4 4 1 0 1 11 0 1 0 1 0
0 49 1.5 2 5 3 0 1 0 0 1 2 100 28 0
1 35.25 3.16 2 14 8 3.75 1 0 0 1 2 680 1 0
1 21.33 10.5 2 8 4 3 1 0 0 1 2 0 1 1
1 21.92 0.5 2 8 4 0.125 0 0 0 0 2 360 1 0
1 34 5.08 1 3 5 1.085 0 0 0 1 2 480 1 0
0 23.42 0.79 1 11 4 1.5 1 1 2 1 2 80 401 1
1 33.58 0.33 1 13 4 0.085 0 0 0 0 2 180 1 0
0 21.5 6 2 6 4 2.5 1 1 3 0 2 80 919 1
1 49.58 19 2 1 1 0 1 1 1 0 2 94 1 0
1 19.57 0.58 2 1 1 0 0 1 3 0 2 350 770 0
1 27.75 1.29 2 4 8 0.25 0 0 0 1 1 140 1 0
1 49.17 2.29 2 1 1 0.29 0 0 0 0 2 200 4 0
1 40.58 3.29 2 7 4 3.5 0 0 0 1 1 400 1 0
1 28.67 9.33 2 11 8 5.665 1 1 6 0 2 381 169 1
1 22 0.79 2 9 4 0.29 0 1 1 0 2 420 284 0
0 25.08 2.54 1 6 4 0.25 1 0 0 1 2 370 1 1
1 23.17 11.12 2 14 8 0.46 1 1 1 0 2 100 1 1
1 31.67 0.83 2 14 4 1.335 1 1 8 1 2 303 3291 1
0 20.42 0.83 2 11 4 1.585 1 1 1 0 2 0 1 1
1 25.92 0.87 2 4 4 0.375 0 1 2 1 2 174 4 0
1 20.42 0 2 8 4 0 0 0 0 0 3 184 1 0
0 26.92 13.5 2 11 8 5 1 1 2 0 2 0 5001 1
0 30 5.29 2 10 2 2.25 1 1 5 1 2 99 501 1
1 20.42 0 2 8 4 0 0 0 0 0 3 184 1 0
1 25.5 0.37 2 7 4 0.25 1 1 3 0 2 260 15109 1
0 33.17 2.25 1 13 4 3.5 0 0 0 1 2 200 142 0
1 19.32 10.91 2 8 5 0.585 0 1 2 1 2 200 8 0
1 32.33 3.5 2 4 4 0.5 0 0 0 1 2 232 1 0
1 22.25 0.46 2 4 4 0.125 0 0 0 1 2 280 56 0
0 17.92 10.21 2 1 1 0 0 0 0 0 2 0 51 0
1 21.25 1.5 2 9 4 1.5 0 0 0 0 2 150 9 1
1 21.83 0.25 2 2 8 0.665 1 0 0 1 2 0 1 1
0 23.25 5.87 2 11 4 3.17 1 1 10 0 2 120 246 1
1 37.33 2.66 2 13 4 0.165 0 0 0 1 2 0 502 0
0 20.5 11.83 2 8 8 6 1 0 0 0 2 340 1 1
1 25 12 2 4 4 2.25 1 1 2 1 2 120 6 0
1 27.83 1.5 2 9 4 2.25 0 1 1 1 2 100 4 0
1 44.25 11 1 2 4 1.5 1 0 0 0 1 0 1 0
1 21.25 1.5 2 9 4 1.5 0 0 0 0 2 150 9 1
1 23.33 1.5 2 8 8 1.415 1 0 0 0 2 422 201 1
0 47.75 8 2 8 4 7.875 1 1 6 1 2 0 1261 1
1 73.42 17.75 2 1 1 0 1 0 0 1 2 0 1 1
1 20.67 5.29 2 11 4 0.375 1 1 1 0 2 160 1 0
1 21 4.79 1 9 4 2.25 1 1 1 1 2 80 301 1
1 25.58 0.33 2 4 8 3.5 0 0 0 1 2 340 1 0
1 27.25 1.58 2 13 8 1.835 1 1 12 1 2 583 714 1
1 23.25 1.5 2 11 4 2.375 1 1 3 1 2 0 583 1
0 27.25 0.28 2 7 8 0.125 0 1 1 1 2 272 109 0
1 41 0.04 2 10 4 0.04 0 1 1 0 1 560 1 1
0 16.5 1.25 2 11 4 0.25 0 1 1 0 2 108 99 0
1 23.17 0 2 13 4 0.085 1 0 0 0 2 0 1 1
0 22.67 3.8 2 8 4 0.165 0 0 0 0 2 160 1 0
1 24.08 9 2 6 4 0.25 0 0 0 1 2 0 1 0
0 31.75 3 1 5 3 0 0 0 0 0 2 160 21 0
1 32.33 7.5 2 10 5 1.585 1 0 0 1 1 420 1 0
1 23.25 12.62 2 8 4 0.125 0 1 2 0 2 0 5553 0
1 40.92 0.5 1 7 4 0.5 0 0 0 1 2 130 1 0
1 26.75 1.12 2 14 8 1.25 1 0 0 0 2 0 5299 1
1 16.07 0.75 2 8 4 1.75 1 1 5 1 2 352 691 1
0 60.58 16.5 2 11 4 11 1 0 0 1 2 21 10562 1
1 19.67 10 1 4 8 0.835 1 0 0 1 2 140 1 0
0 37.33 2.5 2 3 8 0.21 0 0 0 0 2 260 247 0
0 16.07 0.33 2 1 1 0 0 1 1 0 2 160 127 0
0 40.83 3.5 2 3 5 0.5 0 0 0 0 1 1160 1 0
0 16 0.16 2 6 4 1 0 1 2 1 2 320 2 0
1 34 5.08 1 3 5 1.085 0 0 0 1 2 480 1 0
1 27.58 3.25 1 11 8 5.085 0 1 2 1 2 369 2 0
1 24.5 13.33 1 6 4 0.04 0 0 0 1 2 120 476 0
1 20.42 1.08 2 11 4 1.5 0 0 0 0 2 108 8 0
1 20.07 0.25 2 11 4 0.125 0 0 0 0 2 200 1 0
1 37.17 4 2 8 5 5 1 0 0 1 1 280 1 0
1 22.17 0.58 1 1 1 0 0 0 0 0 2 100 1 0
1 25.67 2.21 1 6 4 4 1 0 0 0 2 188 1 0
1 20 0 2 2 4 0.5 0 0 0 0 2 144 1 0
1 23.75 12 2 8 4 2.085 0 0 0 0 1 80 1 0
1 52.33 1.37 1 8 8 9.46 1 0 0 1 2 200 101 0
1 32.92 2.5 2 6 4 1.75 0 1 2 1 2 720 1 0
1 26.83 0.54 2 4 1 0 0 0 0 0 2 100 1 0
0 60.58 16.5 2 11 4 11 1 0 0 1 2 21 10562 1
1 59.5 2.75 2 9 4 1.75 1 1 5 1 2 60 59 1
1 54.33 6.75 2 8 8 2.625 1 1 11 1 2 0 285 1
1 44 2 2 7 4 1.75 1 1 2 1 2 0 16 1
1 39.17 2.5 1 3 8 10 0 0 0 1 1 200 1 0
1 23.17 0 2 8 4 0 0 0 0 0 3 184 1 1
0 17.82 11 2 14 8 1 1 1 11 0 2 0 3001 1
1 44.33 0.5 2 3 8 5 1 0 0 1 2 320 1 1
1 31.57 10.5 2 14 4 6.5 1 0 0 0 2 0 1 1
1 36.67 3.25 2 11 8 9 1 0 0 1 2 102 640 1
0 18.92 9.25 1 8 4 1 1 1 4 1 2 80 501 1

