1 15.17 7 2 10 4 1 0 0 0 0 2 600 1 0
0 24.33 2.5 1 3 5 4.5 0 0 0 0 2 200 457 0
0 38.75 1.5 2 1 1 0 0 0 0 0 2 76 1 0
1 39.17 1.62 2 8 4 1.5 1 1 10 0 2 186 4701 1
1 24.58 12.5 2 9 4 0.875 1 0 0 1 2 260 1 0
1 42.17 5.04 2 11 8 12.75 1 0 0 1 2 92 1 1
1 32 1.75 1 10 8 0.04 1 0 0 1 2 393 1 1
0 22.5 0.41 2 3 4 0.335 0 0 0 1 1 144 1 0
1 33.75 2.75 2 3 5 0 0 0 0 0 2 180 1 0
1 58.58 2.71 2 8 4 2.415 0 0 0 1 2 320 1 0
0 37.33 2.5 2 3 8 0.21 0 0 0 0 2 260 247 0
0 16 0.16 2 6 4 1 0 1 2 1 2 320 2 0
0 28.17 0.58 2 6 4 0.04 0 0 0 0 2 260 1005 0
1 18.32 1.21 1 10 2 0 0 0 0 0 2 100 1 0
0 23.58 0.58 1 1 1 0.125 0 0 0 0 2 120 88 0
1 47.33 6.5 2 8 4 1 0 0 0 1 2 0 229 0
0 16.07 0.33 2 1 1 0 0 1 1 0 2 160 127 0
0 19.5 0.16 2 11 4 0.04 0 0 0 1 2 380 1 0
1 36.17 0.42 1 9 4 0.29 0 0 0 1 2 309 3 0
1 25 12.5 2 6 4 3 1 0 0 1 1 20 1 1
0 19.75 0.75 2 8 4 0.795 1 1 5 1 2 140 6 0
1 42 9.78 2 14 8 7.96 1 1 8 0 2 0 1 1
0 47.42 8 2 10 5 6.5 1 1 6 0 2 375 51101 1
1 48.58 6.5 2 11 8 6 1 0 0 1 2 350 1 1
1 26.17 12.5 1 4 8 1.25 0 0 0 1 2 0 18 0
1 30.58 2.71 1 7 4 0.125 0 0 0 1 1 80 1 0
1 52.42 1.5 2 2 4 3.75 0 0 0 1 2 0 351 0
0 31.75 3 1 5 3 0 0 0 0 0 2 160 21 0
0 28.42 3.5 2 9 4 0.835 1 0 0 0 1 280 1 1
1 26.17 12.5 1 4 8 1.25 0 0 0 1 2 0 18 0
0 17.82 11 2 14 8 1 1 1 11 0 2 0 3001 1
1 31.57 4 1 3 4 0.085 0 0 0 1 2 411 1 0
1 31.67 0.83 2 14 4 1.335 1 1 8 1 2 303 3291 1
0 60.58 16.5 2 11 4 11 1 0 0 1 2 21 10562 1
1 22.67 0.16 2 8 3 2.25 0 0 0 1 1 0 1 1
1 25.83 12.83 2 13 4 0.5 0 0 0 0 2 0 3 0
1 44.25 0.5 2 7 4 10.75 1 0 0 0 1 400 1 0
1 42.83 4.62 2 11 4 4.58 1 0 0 0 1 0 1 1
1 23.25 1 2 8 4 0.835 1 0 0 0 1 300 1 1
0 41.58 1.04 2 6 4 0.665 0 0 0 0 2 240 238 0
0 22.42 11.25 1 14 8 0.75 1 1 4 0 2 0 322 1
1 48.08 6.04 2 4 4 0.04 0 0 0 0 2 0 2691 1
1 20 0 2 2 4 0.5 0 0 0 0 2 144 1 0
1 43 0.28 1 13 8 1.75 1 1 8 0 2 100 376 1
0 24.75 12.5 2 6 4 1.5 1 1 12 1 2 120 568 1
1 42.75 4.08 2 6 4 0.04 0 0 0 0 2 108 101 0
0 20.32 10 2 8 8 1 1 1 4 0 2 50 1466 1
0 36.75 4.71 2 1 1 0 0 0 0 0 2 160 1 0
1 40 6.5 2 6 5 3.5 1 1 1 0 2 0 501 1
1 25.08 1.71 2 14 4 1.665 1 1 1 1 2 395 21 1
1 65.42 11 2 10 9 20 1 1 7 1 2 22 1 1
1 27 1.5 1 9 4 0.375 1 0 0 1 2 260 1066 1
1 30.33 0.5 2 2 8 0.085 0 0 0 1 1 252 1 0
0 22.5 0.41 2 3 4 0.335 0 0 0 1 1 144 1 0
1 23.25 4 2 8 5 0.25 1 0 0 1 2 160 1 1
1 37.5 0.83 2 10 4 0.04 0 0 0 0 2 120 6 0
0 30.42 1.37 2 9 8 0.04 0 1 3 0 2 0 34 0
1 22.08 11 2 13 4 0.665 1 0 0 0 2 100 1 1
0 22.5 8.5 2 11 4 1.75 1 1 10 0 2 80 991 0
1 29.67 0.75 1 8 4 0.04 0 0 0 0 2 240 1 0
1 18.07 5.5 2 4 4 0.5 1 0 0 0 2 80 1 1
1 30.17 1.08 1 8 4 0.04 0 0 0 0 2 170 180 0
0 19.67 0.21 2 11 8 0.29 1 1 11 0 2 80 100 1
1 32.33 3.5 2 4 4 0.5 0 0 0 1 2 232 1 0
0 30 5.29 2 10 2 2.25 1 1 5 1 2 99 501 1
0 33.08 1.62 2 2 4 0.54 0 0 0 1 2 0 1 0
1 42.83 4.62 2 11 4 4.58 1 0 0 0 1 0 1 1
1 52.5 6.5 2 4 4 6.29 1 1 15 0 2 0 11203 1
1 56.42 28 1 8 4 28.5 1 1 40 0 2 0 16 1
1 23.92 0.66 2 8 4 0.165 0 0 0 0 2 100 1 1
0 16 0.16 2 6 4 1 0 1 2 1 2 320 2 0
1 22.08 2.33 2 4 4 0.75 0 0 0 0 2 180 1 0
1 47.67 2.5 2 7 5 2.5 1 1 12 1 2 410 2511 1
1 21 4.79 1 9 4 2.25 1 1 1 1 2 80 301 1
0 58.42 21 2 3 5 10 1 1 13 0 2 0 6701 1
0 58.42 21 2 3 5 10 1 1 13 0 2 0 6701 1
1 30.17 0.5 2 8 4 1.75 1 1 11 0 2 32 541 1
1 29.25 14.79 2 6 4 5.04 1 1 5 1 2 168 1 1
1 25.42 0.54 2 9 4 0.165 0 1 1 0 2 272 445 0
1 57.83 7.04 2 7 4 14 1 1 6 1 2 360 1333 1
1 21.08 10.08 1 10 8 1.25 0 0 0 0 2 260 1 0
0 24.5 1.75 1 8 4 0.165 0 0 0 0 2 132 1 0
0 20.32 10 2 8 8 1 1 1 4 0 2 50 1466 1
0 28.5 1 2 11 4 1 1 1 2 1 2 167 501 0
1 32.33 7.5 2 10 5 1.585 1 0 0 1 1 420 1 0
0 26.92 13.5 2 11 8 5 1 1 2 0 2 0 5001 1
1 26.67 2.71 1 13 4 5.25 1 1 1 0 2 211 1 1
1 21.33 7.5 2 6 4 1.415 1 1 1 0 2 80 9801 1
1 18.42 10.41 1 6 4 0.125 1 0 0 0 2 120 376 0
1 67.75 5.5 2 10 9 13 1 1 1 1 2 0 1 1
1 16.25 0.83 2 7 4 0.085 1 0 0 0 1 200 1 0
1 34.42 1.33 2 3 5 0.125 0 0 0 1 2 440 4501 0
1 30.17 1.08 1 8 4 0.04 0 0 0 0 2 170 180 0
0 21.75 11.75 2 8 4 0.25 0 0 0 1 2 180 1 0
0 24.75 12.5 2 6 4 1.5 1 1 12 1 2 120 568 1
1 41 0.04 2 10 4 0.04 0 1 1 0 1 560 1 1
1 26.17 12.5 1 4 8 1.25 0 0 0 1 2 0 18 0
0 20.5 11.83 2 8 8 6 1 0 0 0 2 340 1 1
0 24.92 1.25 2 1 1 0 1 0 0 0 2 80 1 0
1 20.42 1.08 2 11 4 1.5 0 0 0 0 2 108 8 0
1 35 3.37 2 8 8 8.29 0 0 0 1 2 0 1 0
1 58.58 2.71 2 8 4 2.415 0 0 0 1 2 320 1 0
1 21.25 1.5 2 9 4 1.5 0 0 0 0 2 150 9 1
1 24.58 1.25 2 8 4 0.25 0 0 0 0 2 110 1 0
1 25.17 3 2 8 4 1.25 0 1 1 0 2 0 23 0
1 30.58 2.71 1 7 4 0.125 0 0 0 1 1 80 1 0
1 40 6.5 2 6 5 3.5 1 1 1 0 2 0 501 1
1 24.58 13.5 1 1 1 0 0 0 0 0 2 184 1 0
1 37.33 6.5 2 7 8 4.25 1 1 12 1 2 93 1 1
1 36.33 3.79 2 9 4 1.165 1 0 0 1 2 200 1 0

