1 36.5 4.25 2 11 4 3.5 0 0 0 0 2 454 51 0
0 21.75 11.75 2 8 4 0.25 0 0 0 1 2 180 1 0
1 40 6.5 2 6 5 3.5 1 1 1 0 2 0 501 1
1 34.17 9.17 2 8 4 4.5 1 1 12 1 2 0 222 1
1 27.83 1.5 2 9 4 2.25 0 1 1 1 2 100 4 0
1 19.57 0.58 2 1 1 0 0 1 3 0 2 350 770 0
1 32.42 3 2 2 4 0.165 0 0 0 1 2 120 1 0
0 27.17 1.25 2 1 1 0 0 1 1 0 2 92 301 0
0 45.83 10.5 2 11 4 5 1 1 7 1 2 0 1 1
1 36.33 2.12 1 9 4 0.085 1 1 1 0 2 50 1188 1
1 27.83 1 1 2 8 3 0 0 0 0 2 176 538 0
1 26.17 0.25 2 3 5 0 1 0 0 1 2 0 1 1
0 26.5 2.71 1 8 4 0.085 0 0 0 0 1 80 1 0
0 26.08 8.66 2 6 4 1.415 1 0 0 0 2 160 151 1
0 47.75 8 2 8 4 7.875 1 1 6 1 2 0 1261 1
0 18.25 10 2 9 4 1 0 1 1 0 2 120 2 0
1 67.75 5.5 2 10 9 13 1 1 1 1 2 0 1 1
0 20.5 11.83 2 8 8 6 1 0 0 0 2 340 1 1
0 24.5 2.41 1 8 4 0 0 0 0 0 2 120 1 0
1 26.17 12.5 1 4 8 1.25 0 0 0 1 2 0 18 0
1 37.5 1.75 1 8 5 0.25 1 0 0 1 2 164 401 0
1 39.33 5.87 2 13 8 10 1 1 14 1 2 399 1 1
1 23.33 1.5 2 8 8 1.415 1 0 0 0 2 422 201 1
1 35.17 2.5 2 4 4 4.5 1 1 7 0 2 150 1271 1
1 37.17 4 2 8 5 5 1 0 0 1 1 280 1 0
1 59.5 2.75 2 9 4 1.75 1 1 5 1 2 60 59 1
1 29.58 4.75 2 7 4 2 0 1 1 1 2 460 69 0
1 25.17 3 2 8 4 1.25 0 1 1 0 2 0 23 0
1 43.17 2.25 2 3 5 0.75 1 0 0 0 2 560 1 0
1 30.75 1.58 2 2 4 0.585 0 0 0 1 1 0 1 0
0 19.17 5.41 2 3 8 0.29 0 0 0 0 2 80 485 0
1 34.25 3 2 13 8 7.415 1 0 0 1 2 0 1 1
1 22.67 0.16 2 8 3 2.25 0 0 0 1 1 0 1 1
1.234 22.08 11.46 2 4 4 1.585 0 0 0 1 2 100 1213 0
1 48.08 6.04 2 4 4 0.04 0 0 0 0 2 0 2691 1
1 29.42 1.25 2 8 8 0.25 0 1 2 1 2 400 109 0
0 44.33 0 2 8 4 2.5 1 0 0 0 2 0 1 1
1 39.17 1.71 2 14 4 0.125 1 1 5 1 2 480 1 1
1 31.08 1.5 1 9 4 0.04 0 0 0 0 1 160 1 0
1 36.17 5.5 2 3 5 5 0 0 0 0 2 210 688 0
1 25.33 0.57 2 8 4 0.29 1 1 7 1 2 96 5125 1
0 28.75 3.75 2 8 4 1.085 1 1 1 1 2 371 1 1
1 20 7 2 8 4 0.5 0 0 0 0 2 0 1 0
1 23.25 4 2 8 5 0.25 1 0 0 1 2 160 1 1
0 39.08 4 2 8 4 3 0 0 0 0 2 480 1 0
1 27.25 1.58 2 13 8 1.835 1 1 12 1 2 583 714 1
1 22.58 10.03 2 14 4 0.04 1 1 9 0 2 60 397 1
1 33.17 3.16 1 14 4 3.165 1 1 3 1 2 380 1 1
1 29.42 1.25 2 8 8 0.25 0 1 2 1 2 400 109 0
0 22.5 8.5 2 11 4 1.75 1 1 10 0 2 80 991 0
0 23 11.75 2 14 8 0.5 1 1 2 1 2 300 552 1
1 36.17 0.42 1 9 4 0.29 0 0 0 1 2 309 3 0
0 20.07 1.25 2 8 4 0 0 0 0 0 2 0 1 0
1 28.25 5.04 1 8 5 1.5 1 1 8 1 2 144 8 1
1 22.25 0.46 2 4 4 0.125 0 0 0 1 2 280 56 0
1 33.58 2.75 2 7 4 4.25 1 1 6 0 2 204 1 1
1 49.17 2.29 2 1 1 0.29 0 0 0 0 2 200 4 0
1 37.5 0.83 2 10 4 0.04 0 0 0 0 2 120 6 0
1 37.5 0.83 2 10 4 0.04 0 0 0 0 2 120 6 0
1 22.17 0.58 1 1 1 0 0 0 0 0 2 100 1 0
1 32.67 5.5 2 11 8 5.5 1 1 12 1 2 408 1001 1
0 22.67 3.8 2 8 4 0.165 0 0 0 0 2 160 1 0
0 24.5 2.41 1 8 4 0 0 0 0 0 2 120 1 0
1 26.67 2.71 1 13 4 5.25 1 1 1 0 2 211 1 1
0 34.83 1.25 1 3 8 0.5 0 0 0 1 2 160 1 0
1 25.5 0.37 2 7 4 0.25 1 1 3 0 2 260 15109 1
0 39.08 4 2 8 4 3 0 0 0 0 2 480 1 0
0 58.67 4.46 2 11 8 3.04 1 1 6 0 2 43 561 1
1 40 6.5 2 6 5 3.5 1 1 1 0 2 0 501 1
1 20.17 9.25 2 8 4 1.665 1 1 3 1 2 40 29 1
1 52.42 1.5 2 2 4 3.75 0 0 0 1 2 0 351 0
0 71.58 0 2 8 4 0 0 0 0 0 3 184 1 1
1 17.67 4.46 2 8 4 0.25 0 0 0 0 1 80 1 0
1 29.5 0.57 2 9 4 0.29 0 1 1 0 2 340 2804 0
0 15.83 7.62 2 11 4 0.125 0 1 1 1 2 0 161 0
0 24.75 13.66 2 11 8 1.5 0 0 0 0 2 280 2 0
1 48.08 6.04 2 4 4 0.04 0 0 0 0 2 0 2691 1
0 52.5 7 2 6 8 3 0 0 0 0 2 0 1 0
1 16 3.12 2 9 4 0.085 0 1 1 0 2 0 7 0
1 22.17 0.58 1 1 1 0 0 0 0 0 2 100 1 0
1 25.67 2.21 1 6 4 4 1 0 0 0 2 188 1 0
1 51.83 2.04 1 1 1 1.5 0 0 0 0 2 120 2 0
0 33.17 2.25 1 13 4 3.5 0 0 0 1 2 200 142 0
1 21.58 0.79 1 13 4 0.665 0 0 0 0 2 160 1 0
1 43.17 5 2 3 5 2.25 0 0 0 1 2 141 1 0
1 42 9.78 2 14 8 7.96 1 1 8 0 2 0 1 1
0 38.58 5 2 13 4 13.5 1 0 0 1 2 980 1 0
1 33.58 0.33 1 13 4 0.085 0 0 0 0 2 180 1 0
1 31.57 0.62 2 4 4 0.25 0 0 0 0 2 380 2011 0
1 43.08 0.37 1 8 4 0.375 1 1 8 1 2 300 163 1
1 19.17 4 1 3 4 1 0 0 0 1 2 360 1001 0
0 20.32 10 2 8 8 1 1 1 4 0 2 50 1466 1
1 30.83 0 2 9 4 1.25 1 1 1 0 2 202 1 1
1 27.83 1.54 2 9 4 3.75 1 1 5 1 2 100 4 1
1 16.25 0.83 2 7 4 0.085 1 0 0 0 1 200 1 0
0 68.67 15 2 10 9 0 1 1 14 0 2 0 3377 1
1 25.42 0.54 2 9 4 0.165 0 1 1 0 2 272 445 0
1 21.08 10.08 1 10 8 1.25 0 0 0 0 2 260 1 0
0 38.58 5 2 13 4 13.5 1 0 0 1 2 980 1 0
0 47.75 8 2 8 4 7.875 1 1 6 1 2 0 1261 1
0 44.33 0 2 8 4 2.5 1 0 0 0 2 0 1 1
0 22.5 8.5 2 11 4 1.75 1 1 10 0 2 80 991 0
0 22.5 8.5 2 11 4 1.75 1 1 10 0 2 80 991 0
1 33.58 0.33 1 13 4 0.085 0 0 0 0 2 180 1 0
0 25.17 2.87 2 14 8 0.875 1 0 0 0 2 360 1 1
1 26.17 12.5 1 4 8 1.25 0 0 0 1 2 0 18 0
1 21.92 0.5 2 8 4 0.125 0 0 0 0 2 360 1 0
1 32.92 2.5 2 6 4 1.75 0 1 2 1 2 720 1 0
1 19.42 7.25 2 7 4 0.04 0 1 1 0 2 100 2 0
1 39.42 1.71 1 7 4 0.165 0 0 0 0 1 400 1 0

