1 26.17 0.25 2 3 5 0 1 0 0 1 2 0 1 1
1 26.17 0.25 2 3 5 0 1 0 0 1 2 0 1 1
1 47.67 2.5 2 7 5 2.5 1 1 12 1 2 410 2511 1
1 27 1.5 1 9 4 0.375 1 0 0 1 2 260 1066 1
1 16.32 2.75 2 6 4 0.665 0 1 1 0 2 80 22 0
1 42 9.78 2 14 8 7.96 1 1 8 0 2 0 1 1
0 36.75 4.71 2 1 1 0 0 0 0 0 2 160 1 0
1 43.08 0.37 1 8 4 0.375 1 1 8 1 2 300 163 1
1 17.07 0.08 1 8 4 0.04 0 0 0 0 2 140 723 0
1 48.75 8.5 2 8 8 12.5 1 1 9 0 2 181 1656 1
1 36.17 0.42 1 9 4 0.29 0 0 0 1 2 309 3 0
0 23 11.75 2 14 8 0.5 1 1 2 1 2 300 552 1
0 24.75 12.5 2 6 4 1.5 1 1 12 1 2 120 568 1
1 34.75 2.5 2 13 5 0.5 0 0 0 0 2 348 1 0
1 31.08 3.08 2 8 4 2.5 0 1 2 1 2 160 42 0
1 22.17 12.12 2 8 4 3.335 0 1 2 1 2 180 174 0
1 23 0.75 2 7 4 0.5 0 0 0 1 1 320 1 0
1 28 3 2 9 4 0.75 0 0 0 1 2 300 68 0
1 38.42 0.7 2 8 4 0.375 0 1 2 0 2 225 501 0
1 37.5 1.75 1 8 5 0.25 1 0 0 1 2 164 401 0
1 22.08 2.33 2 4 4 0.75 0 0 0 0 2 180 1 0
1 26.33 13 2 10 2 0 0 0 0 1 2 140 1111 0
0 31.75 3 1 5 3 0 0 0 0 0 2 160 21 0
1 40 6.5 2 6 5 3.5 1 1 1 0 2 0 501 1
1 39.17 1.62 2 8 4 1.5 1 1 10 0 2 186 4701 1
0 41.58 1.04 2 6 4 0.665 0 0 0 0 2 240 238 0
1 48.75 26.33 1 1 1 0 1 0 0 1 2 0 1 0
1 22.67 2.54 1 8 8 2.585 1 0 0 0 2 0 1 1
0 16.5 1.25 2 11 4 0.25 0 1 1 0 2 108 99 0
0 28.75 3.75 2 8 4 1.085 1 1 1 1 2 371 1 1
1 22.75 11 2 11 4 2.5 1 1 7 1 2 100 810 1
0 28.17 0.37 2 11 4 0.585 1 1 4 0 2 80 1 1
0 37.75 5.5 2 11 4 0.125 1 0 0 1 2 228 1 1
0 20.75 10.25 2 11 4 0.71 1 1 2 1 2 49 1 1
1 32.33 2.5 2 8 4 1.25 0 0 0 1 2 280 1 0
1 34.25 3 2 13 8 7.415 1 0 0 1 2 0 1 1
1 21.33 10.5 2 8 4 3 1 0 0 1 2 0 1 1
1 35.17 4.5 2 14 8 5.75 0 0 0 1 1 711 1 1
1 24.58 12.5 2 9 4 0.875 1 0 0 1 2 260 1 0
0 18.82 9.53 2 6 4 0.085 1 0 0 0 2 100 1 1
1 32.33 7.5 2 10 5 1.585 1 0 0 1 1 420 1 0
1 25.33 0.57 2 8 4 0.29 1 1 7 1 2 96 5125 1
0 21.5 6 2 6 4 2.5 1 1 3 0 2 80 919 1
1 33.17 1 2 14 4 0.75 1 1 7 1 2 340 4072 1
0 37.75 5.5 2 11 4 0.125 1 0 0 1 2 228 1 1
1 22.08 2.33 2 4 4 0.75 0 0 0 0 2 180 1 0
0 20.42 0.83 2 11 4 1.585 1 1 1 0 2 0 1 1
1 30.83 0 2 9 4 1.25 1 1 1 0 2 202 1 1
0 26.08 8.66 2 6 4 1.415 1 0 0 0 2 160 151 1
1 29.5 0.57 2 9 4 0.29 0 1 1 0 2 340 2804 0
0 45 4.58 2 4 8 1 0 0 0 1 1 240 1 0
1 36.67 3.25 2 11 8 9 1 0 0 1 2 102 640 1
1 23.5 3.16 1 4 4 0.415 0 1 1 1 2 280 81 0
1 29.25 13 2 2 8 0.5 0 0 0 0 2 228 1 0
1 16.07 0.75 2 8 4 1.75 1 1 5 1 2 352 691 1
1 47.33 6.5 2 8 4 1 0 0 0 1 2 0 229 0
1 17.07 3.29 2 3 4 0.335 0 0 0 1 2 140 3 0
1 20.67 1.25 1 8 8 1.375 1 1 3 1 2 140 211 0
1 35.17 4.5 2 14 8 5.75 0 0 0 1 1 711 1 1
1 34.83 4 2 2 5 12.5 1 0 0 1 2 184 1 0
1 22.75 11 2 11 4 2.5 1 1 7 1 2 100 810 1
0 24.75 3 2 11 8 1.835 1 1 19 0 2 0 501 1
1 26.17 0.25 2 3 5 0 1 0 0 1 2 0 1 1
1 33.67 1.25 2 9 4 1.165 0 0 0 0 2 120 1 0
0 40.83 3.5 2 3 5 0.5 0 0 0 0 1 1160 1 0
1 31.57 0.5 2 8 5 0.835 1 0 0 1 1 320 1 0
0 18.82 9.5 2 9 4 1.625 1 1 6 1 2 40 601 1
1 25.33 0.57 2 8 4 0.29 1 1 7 1 2 96 5125 1
1 26.83 0.54 2 4 1 0 0 0 0 0 2 100 1 0
1 16.07 0.75 2 8 4 1.75 1 1 5 1 2 352 691 1
1 22.17 0.58 1 1 1 0 0 0 0 0 2 100 1 0
0 50.08 12.54 2 6 4 2.29 1 1 3 1 2 156 1 1
1 31.08 1.5 1 9 4 0.04 0 0 0 0 1 160 1 0
1 44 2 2 7 4 1.75 1 1 2 1 2 0 16 1
0 20.32 10 2 8 8 1 1 1 4 0 2 50 1466 1
0 16.5 1.25 2 11 4 0.25 0 1 1 0 2 108 99 0
0 28.42 3.5 2 9 4 0.835 1 0 0 0 1 280 1 1
0 16.07 0.33 2 1 1 0 0 1 1 0 2 160 127 0
1 36.17 0.42 1 9 4 0.29 0 0 0 1 2 309 3 0
0 40.83 3.5 2 3 5 0.5 0 0 0 0 1 1160 1 0
1 17.07 3.29 2 3 4 0.335 0 0 0 1 2 140 3 0
0 24.83 4.5 2 9 4 1 0 0 0 1 2 360 7 0
1 39.17 1.71 2 14 4 0.125 1 1 5 1 2 480 1 1
0 33.17 2.25 1 13 4 3.5 0 0 0 1 2 200 142 0
1 37.33 6.5 2 7 8 4.25 1 1 12 1 2 93 1 1
0 27.67 1.5 2 7 4 2 1 0 0 0 1 368 1 0
1 22.75 11 2 11 4 2.5 1 1 7 1 2 100 810 1
0 30.58 10.66 2 11 8 0.085 0 1 12 1 2 129 4 0
0 16.32 0.21 2 6 4 0.125 0 0 0 0 2 200 2 0
1 30.83 0 2 9 4 1.25 1 1 1 0 2 202 1 1
1 31 2.08 2 8 4 0.085 0 0 0 0 2 300 1 0
1 21.17 0.87 1 8 8 0.25 0 0 0 0 2 280 205 0
1 44.25 0.5 2 7 4 10.75 1 0 0 0 1 400 1 0
0 26.17 2 2 5 3 0 0 0 0 1 2 276 2 0
1 34 5.5 1 8 4 1.5 0 0 0 1 2 60 1 0
1 19.67 0.37 2 11 4 2 1 1 2 1 2 80 1 1
0 24.83 4.5 2 9 4 1 0 0 0 1 2 360 7 0
1 21.58 0.79 1 13 4 0.665 0 0 0 0 2 160 1 0
1 28 2 2 4 8 4.165 1 1 2 1 2 181 1 1
0 23.42 0.79 1 11 4 1.5 1 1 2 1 2 80 401 1
1 16.07 0.75 2 8 4 1.75 1 1 5 1 2 352 691 1
0 23.58 0.58 1 1 1 0.125 0 0 0 0 2 120 88 0
0 22.67 0.79 2 3 4 0.085 0 0 0 0 2 144 1 0
1 69.17 9 2 1 1 4 0 1 1 0 2 70 7 0
0 64.08 0.16 2 1 1 0 1 1 1 0 2 232 101 1
1 23.25 1 2 8 4 0.835 1 0 0 0 1 300 1 1
1 32.83 2.5 2 13 8 2.75 1 1 6 0 2 160 2073 1
1 33.58 0.33 1 13 4 0.085 0 0 0 0 2 180 1 0
0 22.25 1.25 1 1 1 3.25 0 0 0 0 2 280 1 0
0 20.67 3 2 11 4 0.165 1 1 3 0 2 100 7 1

