0 49.83 13.58 2 4 8 8.5 1 0 0 1 2 0 1 1
1 29.83 3.5 2 8 4 0.165 0 0 0 0 2 216 1 0
1 21.33 10.5 2 8 4 3 1 0 0 1 2 0 1 1
0 50.25 0.83 2 6 4 0.5 0 0 0 1 2 240 118 0
1 38.42 0.7 2 8 4 0.375 0 1 2 0 2 225 501 0
1 51.83 2.04 1 1 1 1.5 0 0 0 0 2 120 2 0
1 35.25 3.16 2 14 8 3.75 1 0 0 1 2 680 1 0
1 34.17 9.17 2 8 4 4.5 1 1 12 1 2 0 222 1
0 27.25 0.28 2 7 8 0.125 0 1 1 1 2 272 109 0
1 25 12 2 4 4 2.25 1 1 2 1 2 120 6 0
1 31.83 2.5 2 6 4 7.5 1 0 0 1 2 523 1 0
1 26.33 13 2 10 2 0 0 0 0 1 2 140 1111 0
0 20.42 10.5 1 14 8 0 0 0 0 1 2 154 33 0
0 46 4 2 5 3 0 1 0 0 0 2 100 961 1
1 37.5 1.75 1 8 5 0.25 1 0 0 1 2 164 401 0
0 21.08 5 1 1 1 0 0 0 0 0 2 0 1 0
1 40.58 5 2 8 4 5 1 1 7 0 2 0 3066 1
1 36.17 18.12 2 9 4 0.085 0 0 0 0 2 320 3553 0
1 27.58 2.04 1 6 4 2 1 1 3 1 2 370 561 1
0 58.33 10 2 11 4 4 1 1 14 0 2 0 1603 1
1 18.32 1.21 1 10 2 0 0 0 0 0 2 100 1 0
0 25.42 1.12 2 11 4 1.29 1 1 2 0 2 200 1 0
0 44.33 0 2 8 4 2.5 1 0 0 0 2 0 1 1
1 32 1.75 1 10 8 0.04 1 0 0 1 2 393 1 1
0 23.42 0.79 1 11 4 1.5 1 1 2 1 2 80 401 1
1 35.17 2.5 2 4 4 4.5 1 1 7 0 2 150 1271 1
0 22.67 3.8 2 8 4 0.165 0 0 0 0 2 160 1 0
1 34.17 9.17 2 8 4 4.5 1 1 12 1 2 0 222 1
1 25.33 0.57 2 8 4 0.29 1 1 7 1 2 96 5125 1
1 44.25 0.5 2 7 4 10.75 1 0 0 0 1 400 1 0
0 22.92 1.25 2 11 4 0.25 0 0 0 1 2 120 810 0
1 23.92 0.66 2 8 4 0.165 0 0 0 0 2 100 1 1
1 52.42 1.5 2 2 4 3.75 0 0 0 1 2 0 351 0
0 32 6 2 2 4 1.25 0 0 0 0 2 272 1 0
1 40.58 3.29 2 7 4 3.5 0 0 0 1 1 400 1 0
0 18.82 9.5 2 9 4 1.625 1 1 6 1 2 40 601 1
0 25.33 2.08 2 8 8 2.75 1 0 0 1 2 360 2 0
1 37.5 0.83 2 10 4 0.04 0 0 0 0 2 120 6 0
1 31.42 15.5 2 8 4 0.5 1 0 0 0 2 120 1 0
1 17.42 6.5 2 3 4 0.125 0 0 0 0 2 60 101 0
0 38.25 6 2 4 4 1 1 0 0 1 2 0 1 1
1 47.67 2.5 2 7 5 2.5 1 1 12 1 2 410 2511 1
1 34 5.5 1 8 4 1.5 0 0 0 1 2 60 1 0
0 38.75 1.5 2 1 1 0 0 0 0 0 2 76 1 0
0 26.92 13.5 2 11 8 5 1 1 2 0 2 0 5001 1
1 27 1.5 1 9 4 0.375 1 0 0 1 2 260 1066 1
1 22.67 2.54 1 8 8 2.585 1 0 0 0 2 0 1 1
1 26.67 1.75 1 8 4 1 1 1 5 1 2 160 5778 1
0 31.57 11.25 2 1 1 0 0 0 0 0 2 184 5201 0
1 39.83 0.5 2 7 4 0.25 1 0 0 0 1 288 1 0
1 16 3.12 2 9 4 0.085 0 1 1 0 2 0 7 0
1 23.58 1.79 2 8 4 0.54 0 0 0 1 2 136 2 0
1 32.08 4 2 7 4 2.5 1 0 0 1 2 360 1 1
0 22.42 11.25 1 14 8 0.75 1 1 4 0 2 0 322 1
0 50.08 12.54 2 6 4 2.29 1 1 3 1 2 156 1 1
0 49 1.5 2 5 3 0 1 0 0 1 2 100 28 0
1 23.92 1.5 2 2 8 1.875 1 1 6 0 2 200 328 1
1 29.92 1.83 2 8 8 4.335 1 0 0 0 2 260 201 1
1 43.08 0.37 1 8 4 0.375 1 1 8 1 2 300 163 1
1 21.5 9.75 2 8 4 0.25 1 0 0 0 2 140 1 0
1 35.17 2.5 2 4 4 4.5 1 1 7 0 2 150 1271 1
1 26.17 0.25 2 3 5 0 1 0 0 1 2 0 1 1
0 46 4 2 5 3 0 1 0 0 0 2 100 961 1
1 26.17 0.25 2 3 5 0 1 0 0 1 2 0 1 1
1 22.17 2.25 2 3 4 0.125 0 0 0 0 2 160 11 0
1 53.92 9.62 2 10 4 8.665 1 1 5 0 2 0 1 1
0 24.75 3 2 11 8 1.835 1 1 19 0 2 0 501 1
1 27.25 0.62 2 6 4 0.455 1 0 0 1 2 200 1 0
1 22.67 0.16 2 8 3 2.25 0 0 0 1 1 0 1 1
0 23 1.83 2 5 3 0 0 1 1 0 2 200 54 0
0 52.17 0 1 1 1 0 0 0 0 0 2 0 1 0
1 20.42 1.08 2 11 4 1.5 0 0 0 0 2 108 8 0
1 25.67 3.25 2 8 8 2.29 0 1 1 1 2 416 22 0
1 27.67 0.75 2 11 8 0.165 0 0 0 1 2 220 252 0
1 48.33 12 2 7 4 16 1 0 0 0 1 110 1 1
0 30.25 5.5 2 4 4 5.5 0 0 0 1 1 100 1 0
0 23.5 9 2 11 4 8.5 1 1 5 1 2 120 1 1
1 33.75 2.75 2 3 5 0 0 0 0 0 2 180 1 0
0 36.75 4.71 2 1 1 0 0 0 0 0 2 160 1 0
1 39.92 0.54 1 6 4 0.5 1 1 3 0 2 200 1001 1
1 33.67 1.25 2 9 4 1.165 0 0 0 0 2 120 1 0
0 31.57 3.5 2 2 4 3 1 0 0 1 2 300 1 0
0 21.75 11.75 2 8 4 0.25 0 0 0 1 2 180 1 0
1 16.92 0.33 1 4 4 0.29 0 0 0 0 1 200 1 0
0 26.5 2.71 1 8 4 0.085 0 0 0 0 1 80 1 0
0 16.5 1.25 2 11 4 0.25 0 1 1 0 2 108 99 0
1 32.42 3 2 2 4 0.165 0 0 0 1 2 120 1 0
1 40.58 1.5 2 3 5 0 0 0 0 0 1 300 1 0
1 20.17 5.62 2 9 4 1.71 1 0 0 0 1 120 1 1
0 18.82 9.5 2 9 4 1.625 1 1 6 1 2 40 601 1
0 60.58 16.5 2 11 4 11 1 0 0 1 2 21 10562 1
1 18.5 2 2 3 4 1.5 1 1 2 0 2 120 301 1
1 56.75 12.25 2 7 4 1.25 1 1 4 1 2 200 1 1
0 20.5 11.83 2 8 8 6 1 0 0 0 2 340 1 1
1 15.17 7 2 10 4 1 0 0 0 0 2 600 1 0
0 28.67 1.04 2 8 4 2.5 1 1 5 1 2 300 1431 1
0 25.58 0 2 8 4 0 0 0 0 0 3 184 1 1
1 21 4.79 1 9 4 2.25 1 1 1 1 2 80 301 1
1 37.75 7 2 11 8 11.5 1 1 7 1 2 300 6 0
0 22.67 3.8 2 8 4 0.165 0 0 0 0 2 160 1 0
1 39.83 0.5 2 7 4 0.25 1 0 0 0 1 288 1 0
1 28.58 3.62 2 6 4 0.25 0 0 0 1 2 100 1 0
1 26.83 0.54 2 4 1 0 0 0 0 0 2 100 1 0
1 52.33 1.37 1 8 8 9.46 1 0 0 1 2 200 101 0
1 34.83 2.5 1 9 4 3 0 0 0 0 1 200 1 0
1 23 0.75 2 7 4 0.5 1 0 0 1 1 320 1 0
1 31.83 0.04 1 7 4 0.04 0 0 0 0 2 0 1 0
0 25.17 2.87 2 14 8 0.875 1 0 0 0 2 360 1 1
1 18.67 5 2 11 4 0.375 1 1 2 0 2 0 39 0
0 21.67 11.5 1 5 3 0 1 1 11 1 2 0 1 1

