1 34.83 2.5 1 9 4 3 0 0 0 0 1 200 1 0
0 20.75 9.53 2 3 4 0.04 0 0 0 0 2 200 1001 0
1 20.67 1.25 1 8 8 1.375 1 1 3 1 2 140 211 0
1 25.17 3 2 8 4 1.25 0 1 1 0 2 0 23 0
0 27.17 1.25 2 1 1 0 0 1 1 0 2 92 301 0
0 47 13 2 3 5 5.165 1 1 9 1 2 0 1 1
1 27.25 1.58 2 13 8 1.835 1 1 12 1 2 583 714 1
1 73.42 17.75 2 1 1 0 1 0 0 1 2 0 1 1
0 31.57 11.25 2 1 1 0 0 0 0 0 2 184 5201 0
1 25 12.5 2 6 4 3 1 0 0 1 1 20 1 1
1 22.17 2.25 2 3 4 0.125 0 0 0 0 2 160 11 0
0 36.75 5.12 2 10 4 5 1 0 0 1 2 0 4001 1
0 42.25 1.75 1 8 4 0 0 0 0 1 2 150 2 0
0 20.5 11.83 2 8 8 6 1 0 0 0 2 340 1 1
1 20.07 0.25 2 11 4 0.125 0 0 0 0 2 200 1 0
0 49 1.5 2 5 3 0 1 0 0 1 2 100 28 0
0 20.07 0.12 2 11 4 1 0 1 1 0 2 240 769 1
0 29.5 1.08 1 14 4 1 0 0 0 0 2 280 14 0
1 32.25 0.16 1 8 8 3.25 1 1 1 1 2 432 8001 1
1 25 11.25 2 8 4 2.5 1 1 17 0 2 200 1209 1
1 23 0.62 1 6 4 0.125 1 0 0 0 2 180 2 0
0 37.75 5.5 2 11 4 0.125 1 0 0 1 2 228 1 1
1 27.83 1.5 2 9 4 2.25 0 1 1 1 2 100 4 0
1 16.32 4.08 2 3 8 0.415 0 0 0 1 2 120 1 0
0 22.67 0.33 2 11 4 0.75 0 0 0 0 1 160 1 0
1 56.75 12.25 2 7 4 1.25 1 1 4 1 2 200 1 1
1 20.67 0.83 1 8 4 2 0 0 0 1 1 240 1 0
0 23.25 5.87 2 11 4 3.17 1 1 10 0 2 120 246 1
1 31.57 5 1 6 4 8.5 1 0 0 0 2 0 1 0
0 20.83 0.5 1 10 2 1 0 0 0 0 2 260 1 0
1 30.17 1.08 1 8 4 0.04 0 0 0 0 2 170 180 0
0 23 11.75 2 14 8 0.5 1 1 2 1 2 300 552 1
1 25.42 0.54 2 9 4 0.165 0 1 1 0 2 272 445 0
0 36.58 0.28 2 1 1 0 0 1 10 0 2 200 19 0
1 26.17 0.25 2 3 5 0 1 0 0 1 2 0 1 1
0 23 1.83 2 5 3 0 0 1 1 0 2 200 54 0
0 36 1 2 8 4 2 1 1 11 0 2 0 457 1
1 65.42 11 2 10 9 20 1 1 7 1 2 22 1 1
1 34.83 2.5 1 9 4 3 0 0 0 0 1 200 1 0
1 36.25 5 2 8 5 2.5 1 1 6 0 2 0 368 1
0 34.83 1.25 1 3 8 0.5 0 0 0 1 2 160 1 0
0 25.42 1.12 2 11 4 1.29 1 1 2 0 2 200 1 0
1 55.92 11.5 2 1 1 5 1 1 5 0 2 0 8852 1
0 22.42 11.25 1 14 8 0.75 1 1 4 0 2 0 322 1
1 34.17 9.17 2 8 4 4.5 1 1 12 1 2 0 222 1
1 21.92 0.5 2 8 4 0.125 0 0 0 0 2 360 1 0
0 38.75 1.5 2 1 1 0 0 0 0 0 2 76 1 0
0 34.83 1.25 1 3 8 0.5 0 0 0 1 2 160 1 0
0 25.08 2.54 1 6 4 0.25 1 0 0 1 2 370 1 1
0 20.42 7.5 2 4 4 1.5 1 1 1 0 2 160 235 1
1 31.57 0.04 1 2 4 4.25 0 0 0 1 2 460 1 0
1 47.67 0.28 2 8 5 15 1 1 20 0 2 0 15001 1
0 25.33 2.08 2 8 8 2.75 1 0 0 1 2 360 2 0
1 43.25 3 2 11 8 6 1 1 11 0 2 80 1 1
1 19.32 10.91 2 8 5 0.585 0 1 2 1 2 200 8 0
1 25 11.25 2 8 4 2.5 1 1 17 0 2 200 1209 1
0 71.58 0 2 8 4 0 0 0 0 0 3 184 1 1
0 23.58 11.5 1 4 8 3 0 0 0 1 2 20 17 0
1 39.92 6.21 2 11 4 0.04 1 1 1 0 2 200 301 1
0 20.83 0.5 1 10 2 1 0 0 0 0 2 260 1 0
1 41.92 0.42 2 8 8 0.21 1 1 6 0 2 220 949 1
1 21.5 9.75 2 8 4 0.25 1 0 0 0 2 140 1 0
0 40.83 10 2 11 8 1.75 1 0 0 0 2 29 838 1
1 33.17 1.04 2 12 8 6.5 1 0 0 1 2 164 31286 1
1 39 5 2 13 4 3.5 1 1 10 1 2 0 1 1
0 28.08 15 1 10 9 0 1 0 0 0 2 0 13213 1
1 27.42 12.5 2 6 5 0.25 0 0 0 1 2 720 1 0
0 23.58 0.58 1 1 1 0.125 0 0 0 0 2 120 88 0
1 37.33 2.66 2 13 4 0.165 0 0 0 1 2 0 502 0
0 19.67 0.21 2 11 8 0.29 1 1 11 0 2 80 100 1
1 40 6.5 2 6 5 3.5 1 1 1 0 2 0 501 1
0 33.67 0.37 2 13 4 0.375 0 0 0 0 2 300 45 1
1 27.83 1 1 2 8 3 0 0 0 0 2 176 538 0
1 21.33 7.5 2 6 4 1.415 1 1 1 0 2 80 9801 1
0 23.25 5.87 2 11 4 3.17 1 1 10 0 2 120 246 1
0 36.75 5.12 2 10 4 5 1 0 0 1 2 0 4001 1
0 26.5 2.71 1 8 4 0.085 0 0 0 0 1 80 1 0
1 34.42 4.25 2 3 5 3.25 1 1 2 0 2 274 611 1
0 25.25 13.5 1 1 1 2 0 1 1 1 2 200 2 0
1 34.92 5 2 14 8 7.5 1 1 6 1 2 0 1001 1
0 20.42 7.5 2 4 4 1.5 1 1 1 0 2 160 235 1
1 59.67 1.54 2 11 4 0.125 1 0 0 1 2 260 1 1
0 19.67 0.21 2 11 8 0.29 1 1 11 0 2 80 100 1
1 39.17 2.5 1 3 8 10 0 0 0 1 1 200 1 0
1 26.83 0.54 2 4 1 0 0 0 0 0 2 100 1 0
0 64.08 0.16 2 1 1 0 1 1 1 0 2 232 101 1
0 64.08 0.16 2 1 1 0 1 1 1 0 2 232 101 1
1 31.08 3.08 2 8 4 2.5 0 1 2 1 2 160 42 0
0 49 1.5 2 5 3 0 1 0 0 1 2 100 28 0
0 38.58 5 2 13 4 13.5 1 0 0 1 2 980 1 0
1 18.07 5.5 2 4 4 0.5 1 0 0 0 2 80 1 1
1 42.75 3 2 3 5 1 1 0 0 0 2 0 201 0
1 23.33 1.5 2 8 8 1.415 1 0 0 0 2 422 201 1
1 40.58 1.5 2 3 5 0 0 0 0 0 1 300 1 0
1 34.92 2.5 2 9 4 0 1 0 0 1 2 239 201 1
1 37.17 4 2 8 5 5 1 0 0 1 1 280 1 0
0 45.33 1 2 11 4 0.125 0 0 0 1 2 263 1 0
0 55.75 7.08 2 4 8 6.75 1 1 3 1 2 100 51 0
1 28.75 1.5 1 8 4 1.5 1 0 0 1 2 0 226 0
1 21.83 11 2 14 4 0.29 1 1 6 0 2 121 1 1
1 39.42 1.71 1 7 4 0.165 0 0 0 0 1 400 1 0
1 29.42 1.25 2 8 8 0.25 0 1 2 1 2 400 109 0
0 18.82 9.53 2 6 4 0.085 1 0 0 0 2 100 1 1
0 28.08 15 1 10 9 0 1 0 0 0 2 0 13213 1
0 58.42 21 2 3 5 10 1 1 13 0 2 0 6701 1
1 21.92 0.5 2 8 4 0.125 0 0 0 0 2 360 1 0
0 18.82 9.5 2 9 4 1.625 1 1 6 1 2 40 601 1
0 27.58 3 2 7 4 2.79 0 1 1 1 2 280 11 0
1 54.83 15.5 2 10 9 0 1 1 20 0 2 152 131 0
1 25 12 2 4 4 2.25 1 1 2 1 2 120 6 0

