1 27.58 3.25 1 11 8 5.085 0 1 2 1 2 369 2 0
1 23.42 0.58 2 8 8 0.085 1 0 0 0 2 180 1 0
1 40 6.5 2 6 5 3.5 1 1 1 0 2 0 501 1
1 36.08 2.54 2 1 1 0 0 0 0 0 2 0 1001 0
1 31.57 0.62 2 4 4 0.25 0 0 0 0 2 380 2011 0
1 41.17 1.25 1 9 4 0.25 0 0 0 0 2 0 196 0
0 20.32 10 2 8 8 1 1 1 4 0 2 50 1466 1
1 48.33 12 2 7 4 16 1 0 0 0 1 110 1 1
0 20.32 10 2 8 8 1 1 1 4 0 2 50 1466 1
0 36.75 5.12 2 10 4 5 1 0 0 1 2 0 4001 1
1 27.75 0.58 1 13 4 0.25 1 1 2 0 2 260 501 1
0 24.5 1.04 1 1 1 0.5 1 1 3 0 2 180 148 0
1 33.58 0.33 1 13 4 0.085 0 0 0 0 2 180 1 0
1 22.67 2.54 1 8 8 2.585 1 0 0 0 2 0 1 1
1 31.92 4.46 2 13 8 6.04 1 1 3 0 2 311 301 1
1 33.67 2.16 2 8 4 1.5 0 0 0 0 3 120 1 0
1 22.75 11 2 11 4 2.5 1 1 7 1 2 100 810 1
1 41.17 4.04 2 13 8 7 1 1 8 0 2 320 1 1
0 31.57 3.5 2 2 4 3 1 0 0 1 2 300 1 0
1 65.42 11 2 10 9 20 1 1 7 1 2 22 1 1
0 20.83 0.5 1 10 2 1 0 0 0 0 2 260 1 0
1 44.33 0.5 2 3 8 5 1 0 0 1 2 320 1 1
1 31.25 1.12 2 1 1 0 0 1 1 0 2 96 20 0
1 39.33 5.87 2 13 8 10 1 1 14 1 2 399 1 1
1 24.33 6.62 1 2 4 5.5 1 0 0 1 1 100 1 1
1 20.67 0.83 1 8 4 2 0 0 0 1 1 240 1 0
0 20.67 3 2 11 4 0.165 1 1 3 0 2 100 7 1
1 51.83 2.04 1 1 1 1.5 0 0 0 0 2 120 2 0
0 25.58 0 2 8 4 0 0 0 0 0 3 184 1 1
1 33.17 1.04 2 12 8 6.5 1 0 0 1 2 164 31286 1
1 30.17 0.5 2 8 4 1.75 1 1 11 0 2 32 541 1
1 25.83 12.83 2 13 4 0.5 0 0 0 0 2 0 3 0
1 18.5 2 2 3 4 1.5 1 1 2 0 2 120 301 1
1 30.17 1.08 1 8 4 0.04 0 0 0 0 2 170 180 0
1 28.75 1.16 2 4 4 0.5 1 0 0 0 1 280 1 0
1 21.25 1.5 2 9 4 1.5 0 0 0 0 2 150 9 1
1 23.33 1.5 2 8 8 1.415 1 0 0 0 2 422 201 1
1 20.07 0.25 2 11 4 0.125 0 0 0 0 2 200 1 0
1 21.92 0.54 1 14 4 0.04 1 1 1 1 2 840 60 1
1 35.25 16.5 1 8 4 4 1 0 0 0 2 80 1 0
1 34.92 2.5 2 9 4 0 1 0 0 1 2 239 201 1
0 22.83 2.29 2 11 8 2.29 1 1 7 1 2 140 2385 1
1 36.17 18.12 2 9 4 0.085 0 0 0 0 2 320 3553 0
1 29.92 1.83 2 8 8 4.335 1 0 0 0 2 260 201 1
0 44.33 0 2 8 4 2.5 1 0 0 0 2 0 1 1
0 36.58 0.28 2 1 1 0 0 1 10 0 2 200 19 0
1 23.08 11.5 2 3 4 3.5 1 1 9 0 2 56 743 1
1 21.67 1.16 1 4 4 2.5 1 1 1 0 2 180 21 0
0 17.57 9 2 6 4 1.375 1 0 0 1 2 0 1 1
1 36.42 0.75 1 2 4 0.585 0 0 0 0 2 240 4 0
1 56 12.5 2 4 8 8 1 0 0 1 2 24 2029 1
1 34.17 9.17 2 8 4 4.5 1 1 12 1 2 0 222 1
1 29.58 4.5 2 9 4 7.5 1 1 2 1 2 330 1 1
1 23.25 12.62 2 8 4 0.125 0 1 2 0 2 0 5553 0
1 23.25 12.62 2 8 4 0.125 0 1 2 0 2 0 5553 0
1 26.75 1.12 2 14 8 1.25 1 0 0 0 2 0 5299 1
1 52.33 1.37 1 8 8 9.46 1 0 0 1 2 200 101 0
1 19.17 9.5 2 9 4 1.5 1 0 0 0 2 120 2207 1
0 30.58 10.66 2 11 8 0.085 0 1 12 1 2 129 4 0
1 36.33 2.12 1 9 4 0.085 1 1 1 0 2 50 1188 1
1 36.5 4.25 2 11 4 3.5 0 0 0 0 2 454 51 0
0 41 2.04 1 11 8 0.125 1 1 23 1 2 455 1237 1
1 28.25 0.87 2 7 4 0.96 1 1 3 1 2 396 1 1
1 28.67 14.5 2 2 4 0.125 0 0 0 0 2 0 287 0
1 31.57 10.5 2 14 4 6.5 1 0 0 0 2 0 1 1
0 19.67 0.21 2 11 8 0.29 1 1 11 0 2 80 100 1
1 37.58 0 2 8 4 0 0 0 0 0 3 184 1 1
1 23.75 12 2 8 4 2.085 0 0 0 0 1 80 1 0
1 22.25 0.46 2 4 4 0.125 0 0 0 1 2 280 56 0
1 21 3 1 2 4 1.085 1 1 8 1 2 160 2 1
0 52.83 15 2 8 4 5.5 1 1 14 0 2 0 2201 1
1 26.67 4.25 2 13 4 4.29 1 1 1 1 2 120 1 1
1 21.83 11 2 14 4 0.29 1 1 6 0 2 121 1 1
0 32.25 1.5 2 8 4 0.25 0 0 0 1 2 372 123 0
1 25.75 0.75 2 8 5 0.25 1 0 0 0 2 349 24 1
1 37.17 4 2 8 5 5 1 0 0 1 1 280 1 0
1 29.67 0.75 1 8 4 0.04 0 0 0 0 2 240 1 0
1 28.75 1.5 1 8 4 1.5 1 0 0 1 2 0 226 0
1 17.67 4.46 2 8 4 0.25 0 0 0 0 1 80 1 0
1 21.17 0.25 1 8 8 0.25 0 0 0 0 2 280 205 0
1 69.17 9 2 1 1 4 0 1 1 0 2 70 7 0
1 29.58 4.75 2 7 4 2 0 1 1 1 2 460 69 0
1 24.08 9 2 6 4 0.25 0 0 0 1 2 0 1 0
1 30.17 6.5 2 13 4 3.125 1 1 8 0 2 330 1201 1
0 44.17 6.66 2 11 4 7.375 1 1 3 1 2 0 1 1
1 21.08 10.08 1 10 8 1.25 0 0 0 0 2 260 1 0
1 23.25 1 2 8 4 0.835 1 0 0 0 1 300 1 1
1 41.17 4.04 2 13 8 7 1 1 8 0 2 320 1 1
1 39.42 1.71 1 7 4 0.165 0 0 0 0 1 400 1 0
1 21.92 0.54 1 14 4 0.04 1 1 1 1 2 840 60 1
1 28.58 3.62 2 6 4 0.25 0 0 0 1 2 100 1 0
1 23.42 1 2 8 4 0.5 0 0 0 1 1 280 1 0
1 26.67 4.25 2 13 4 4.29 1 1 1 1 2 120 1 1
1 43.25 25.21 2 11 8 0.21 1 1 1 0 2 760 91 0
1 18.5 2 2 3 4 1.5 1 1 2 0 2 120 301 1
0 18.92 9.25 1 8 4 1 1 1 4 1 2 80 501 1
1 27.67 0.75 2 11 8 0.165 0 0 0 1 2 220 252 0
1 29.42 1.25 2 8 8 0.25 0 1 2 1 2 400 109 0
1 54.42 0.5 1 4 8 3.96 1 0 0 0 2 180 315 1
1 28.75 1.16 2 4 4 0.5 1 0 0 0 1 280 1 0
0 50.08 12.54 2 6 4 2.29 1 1 3 1 2 156 1 1
1 39.92 0.54 1 6 4 0.5 1 1 3 0 2 200 1001 1
1 19.42 1.5 1 13 4 2 1 0 0 1 2 100 21 0
1 20.42 0 2 8 4 0 0 0 0 0 3 184 1 0
1 18.82 0.41 1 8 4 0.165 0 1 1 0 2 200 2 0
1 54.83 15.5 2 10 9 0 1 1 20 0 2 152 131 0
1 36.17 0.42 1 9 4 0.29 0 0 0 1 2 309 3 0
1 22.92 0.17 2 7 4 0.085 0 0 0 0 1 0 1 0
0 33.25 2.5 1 8 4 2.5 0 0 0 1 2 0 3 0
1 47.17 5.83 2 9 4 5.5 0 0 0 0 2 465 151 0

