0 27.67 2.04 2 9 4 0.25 0 0 0 1 2 180 51 0
1 33.58 2.75 2 7 4 4.25 1 1 6 0 2 204 1 1
1 18.17 2.46 2 8 7 0.96 0 1 2 1 2 160 588 0
0 25.75 0.5 2 8 8 0.875 1 0 0 1 2 491 1 1
1 37.5 1.12 1 2 4 1.5 0 0 0 1 2 431 1 1
0 23.58 0.58 1 1 1 0.125 0 0 0 0 2 120 88 0
1 15.17 7 2 10 4 1 0 0 0 0 2 600 1 0
1 49.17 2.29 2 1 1 0.29 0 0 0 0 2 200 4 0
1 39.92 5 2 3 5 0.21 0 0 0 0 2 550 1 0
0 33.25 2.5 1 8 4 2.5 0 0 0 1 2 0 3 0
1 36.17 0.42 1 9 4 0.29 0 0 0 1 2 309 3 0
1 40.58 3.29 2 7 4 3.5 0 0 0 1 1 400 1 0
1 27.83 1.54 2 9 4 3.75 1 1 5 1 2 100 4 1
0 47.75 8 2 8 4 7.875 1 1 6 1 2 0 1261 1
0 37.75 5.5 2 11 4 0.125 1 0 0 1 2 228 1 1
1 24.42 12.33 2 11 8 1.585 1 0 0 1 2 120 1 1
1 36.17 18.12 2 9 4 0.085 0 0 0 0 2 320 3553 0
0 29.58 1.75 1 4 4 1.25 0 0 0 1 2 280 1 0
1 39.17 1.71 2 14 4 0.125 1 1 5 1 2 480 1 1
0 64.08 0.16 2 1 1 0 1 1 1 0 2 232 101 1
1 25 11.25 2 8 4 2.5 1 1 17 0 2 200 1209 1
0 24.33 2.5 1 3 5 4.5 0 0 0 0 2 200 457 0
1 30.83 0 2 9 4 1.25 1 1 1 0 2 202 1 1
0 22.67 0.79 2 3 4 0.085 0 0 0 0 2 144 1 0
0 33.25 2.5 1 8 4 2.5 0 0 0 1 2 0 3 0
1 30.17 0.5 2 8 4 1.75 1 1 11 0 2 32 541 1
1 24.58 12.5 2 9 4 0.875 1 0 0 1 2 260 1 0
1 32 1.75 1 10 8 0.04 1 0 0 1 2 393 1 1
1 18.42 10.41 1 6 4 0.125 1 0 0 0 2 120 376 0
1 20.5 2.41 2 8 4 2 1 1 11 1 2 200 3001 1
1 62.75 7 2 10 9 0 0 0 0 0 2 0 13 0
1 49.58 19 2 1 1 0 1 1 1 0 2 94 1 0
0 21.75 11.75 2 8 4 0.25 0 0 0 1 2 180 1 0
1 40.25 21.5 2 10 9 20 1 1 11 0 2 0 1201 1
1 27.25 1.58 2 13 8 1.835 1 1 12 1 2 583 714 1
0 18.42 9.25 2 11 4 1.21 1 1 4 0 2 60 541 1
1 24.5 13.33 1 6 4 0.04 0 0 0 1 2 120 476 0
1 29.25 14.79 2 6 4 5.04 1 1 5 1 2 168 1 1
1 18.67 5 2 11 4 0.375 1 1 2 0 2 0 39 0
0 25.58 0 2 8 4 0 0 0 0 0 3 184 1 1
1 25.75 0.75 2 8 5 0.25 1 0 0 0 2 349 24 1
0 22.67 0.79 2 3 4 0.085 0 0 0 0 2 144 1 0
1 22.08 2.33 2 4 4 0.75 0 0 0 0 2 180 1 0
0 57.58 2 2 1 1 6.5 0 1 1 0 2 0 11 0
0 33.08 4.62 2 11 8 1.625 1 1 2 0 2 0 1 1
1 35.17 4.5 2 14 8 5.75 0 0 0 1 1 711 1 1
0 40.83 3.5 2 3 5 0.5 0 0 0 0 1 1160 1 0
1.234 22.08 11.46 2 4 4 1.585 0 0 0 1 2 100 1213 0
1 36.5 4.25 2 11 4 3.5 0 0 0 0 2 454 51 0
0 28.75 3.75 2 8 4 1.085 1 1 1 1 2 371 1 1
1 35.75 2.41 2 9 4 0.125 0 1 2 0 2 220 2 0
1 32.33 2.5 2 8 4 1.25 0 0 0 1 2 280 1 0
1 64.08 20 2 14 8 17.5 1 1 9 1 2 0 1001 1
0 20.42 10.5 1 14 8 0 0 0 0 1 2 154 33 0
1 25 11.25 2 8 4 2.5 1 1 17 0 2 200 1209 1
1 34 5.08 1 3 5 1.085 0 0 0 1 2 480 1 0
1 32.33 2.5 2 8 4 1.25 0 0 0 1 2 280 1 0
1 21.58 0.79 1 13 4 0.665 0 0 0 0 2 160 1 0
1 29.83 3.5 2 8 4 0.165 0 0 0 0 2 216 1 0
0 25.08 2.54 1 6 4 0.25 1 0 0 1 2 370 1 1
0 25.75 0.5 2 8 8 0.875 1 0 0 1 2 491 1 1
1 34.92 5 2 14 8 7.5 1 1 6 1 2 0 1001 1
1 18.67 5 2 11 4 0.375 1 1 2 0 2 0 39 0
0 40.83 3.5 2 3 5 0.5 0 0 0 0 1 1160 1 0
1 37.42 2.04 2 9 4 0.04 1 0 0 1 2 400 5801 1
0 18.57 10 2 2 4 0.415 0 0 0 0 2 80 43 0
1 23.08 2.5 2 1 1 0.085 0 0 0 1 2 100 4209 0
0 19.5 0.16 2 11 4 0.04 0 0 0 1 2 380 1 0
0 18.57 10 2 2 4 0.415 0 0 0 0 2 80 43 0
0 21.75 1.75 1 5 3 0 0 0 0 0 2 160 1 0
1 28.25 5.04 1 8 5 1.5 1 1 8 1 2 144 8 1
0 17.57 9 2 6 4 1.375 1 0 0 1 2 0 1 1
1 28.25 5.12 2 14 4 4.75 1 1 2 0 2 420 8 1
1 16.92 0.33 1 4 4 0.29 0 0 0 0 1 200 1 0
1 49.17 2.29 2 1 1 0.29 0 0 0 0 2 200 4 0
1 28.67 9.33 2 11 8 5.665 1 1 6 0 2 381 169 1
0 60.58 16.5 2 11 4 11 1 0 0 1 2 21 10562 1
1 44.25 11 1 2 4 1.5 1 0 0 0 1 0 1 0
1 26.17 0.25 2 3 5 0 1 0 0 1 2 0 1 1
1 53.92 9.62 2 10 4 8.665 1 1 5 0 2 0 1 1
1 27 1.5 1 9 4 0.375 1 0 0 1 2 260 1066 1
1 49.58 19 2 1 1 0 1 1 1 0 2 94 1 0
1 22.67 1.58 1 9 4 3.085 1 1 6 0 2 80 1 1
0 23 1.83 2 5 3 0 0 1 1 0 2 200 54 0
0 28.5 3.04 1 14 8 2.54 1 1 1 0 2 70 1 1
1 39.25 9.5 2 7 4 6.5 1 1 14 0 2 240 4608 1
1 29.42 1.25 2 8 8 0.25 0 1 2 1 2 400 109 0
1 37.33 6.5 2 7 8 4.25 1 1 12 1 2 93 1 1
1 23.08 0 2 4 4 1 0 1 11 0 1 0 1 0
1 23 0.75 2 7 4 0.5 1 0 0 1 1 320 1 0
1 20.67 0.83 1 8 4 2 0 0 0 1 1 240 1 0
1 23 0.75 2 7 4 0.5 0 0 0 1 1 320 1 0
1 47.17 5.83 2 9 4 5.5 0 0 0 0 2 465 151 0
1 33.17 3.04 1 8 8 2.04 1 1 1 1 2 180 18028 1
0 24.92 1.25 2 1 1 0 1 0 0 0 2 80 1 0
0 40.33 7.54 1 11 8 8 1 1 14 0 2 0 2301 1
1 22.58 10.03 2 14 4 0.04 1 1 9 0 2 60 397 1
1 18.07 5.5 2 4 4 0.5 1 0 0 0 2 80 1 1
1 40 6.5 2 6 5 3.5 1 1 1 0 2 0 501 1
1 25.25 1 2 6 4 0.5 0 0 0 0 2 200 1 0
1 55.92 11.5 2 1 1 5 1 1 5 0 2 0 8852 1
1 34.75 15 2 12 7 5.375 1 1 9 1 2 0 135 1
1 28 3 2 9 4 0.75 0 0 0 1 2 300 68 0
1 16.32 2.75 2 6 4 0.665 0 1 1 0 2 80 22 0
1 23.58 0.46 1 9 4 2.625 1 1 6 1 2 208 348 0
1 22 0.79 2 9 4 0.29 0 1 1 0 2 420 284 0
1 34.75 15 2 12 7 5.375 1 1 9 1 2 0 135 1
1 52.33 1.37 1 8 8 9.46 1 0 0 1 2 200 101 0
0 24.83 4.5 2 9 4 1 0 0 0 1 2 360 7 0
1 31.57 4 2 14 4 5 1 1 3 1 2 290 2280 1

