1 73.42 17.75 2 1 1 0 1 0 0 1 2 0 1 1
1 44.83 7 1 8 4 1.625 0 0 0 0 2 160 3 0
1 25.08 1.71 2 14 4 1.665 1 1 1 1 2 395 21 1
1 18.17 2.46 2 8 7 0.96 0 1 2 1 2 160 588 0
1 41 0.04 2 10 4 0.04 0 1 1 0 1 560 1 1
1 19.17 4 1 3 4 1 0 0 0 1 2 360 1001 0
1 35.17 2.5 2 4 4 4.5 1 1 7 0 2 150 1271 1
1 21.33 7.5 2 6 4 1.415 1 1 1 0 2 80 9801 1
0 20.75 10.25 2 11 4 0.71 1 1 2 1 2 49 1 1
0 28.58 1.66 2 11 4 2.415 1 0 0 1 2 440 1 0
1 26 1 2 11 4 1.75 1 0 0 1 2 280 1 1
1 26.75 4.5 1 8 5 2.5 0 0 0 0 2 200 1211 0
0 58.33 10 2 11 4 4 1 1 14 0 2 0 1603 1
1 51.83 2.04 1 1 1 1.5 0 0 0 0 2 120 2 0
1 34.92 2.5 2 9 4 0 1 0 0 1 2 239 201 1
1 31.57 0.5 2 8 5 0.835 1 0 0 1 1 320 1 0
0 32 6 2 2 4 1.25 0 0 0 0 2 272 1 0
1 21.08 10.08 1 10 8 1.25 0 0 0 0 2 260 1 0
1 16 3.12 2 9 4 0.085 0 1 1 0 2 0 7 0
1 27.75 0.58 1 13 4 0.25 1 1 2 0 2 260 501 1
0 15.75 0.37 2 8 4 1 0 0 0 0 2 120 19 0
1 22.17 0.58 1 1 1 0 0 0 0 0 2 100 1 0
1 16.32 4.08 2 3 8 0.415 0 0 0 1 2 120 1 0
1 30.58 2.71 1 7 4 0.125 0 0 0 1 1 80 1 0
0 32.33 0.54 2 13 4 0.04 1 0 0 0 2 440 11178 1
1 22.67 0.16 2 8 3 2.25 0 0 0 1 1 0 1 1
1 32.75 2.33 2 2 8 5.75 0 0 0 1 2 292 1 0
1 33.58 0.25 2 3 5 4 0 0 0 1 1 420 1 0
1 29.67 0.75 1 8 4 0.04 0 0 0 0 2 240 1 0
0 29.5 1.08 1 14 4 1 0 0 0 0 2 280 14 0
1 28.75 1.5 1 8 4 1.5 1 0 0 1 2 0 226 0
0 50.08 12.54 2 6 4 2.29 1 1 3 1 2 156 1 1
1 24.58 13.5 1 1 1 0 0 0 0 0 2 184 1 0
1 33.17 3.16 1 14 4 3.165 1 1 3 1 2 380 1 1
0 30.42 1.37 2 9 8 0.04 0 1 3 0 2 0 34 0
1 25 11.25 2 8 4 2.5 1 1 17 0 2 200 1209 1
1 22.25 0.46 2 4 4 0.125 0 0 0 1 2 280 56 0
0 44.17 6.66 2 11 4 7.375 1 1 3 1 2 0 1 1
1 27.58 2.04 1 6 4 2 1 1 3 1 2 370 561 1
1 34.17 9.17 2 8 4 4.5 1 1 12 1 2 0 222 1
0 45.33 1 2 11 4 0.125 0 0 0 1 2 263 1 0
1 49.17 2.29 2 1 1 0.29 0 0 0 0 2 200 4 0
1 30.33 0.5 2 2 8 0.085 0 0 0 1 1 252 1 0
1 34.42 1.33 2 3 5 0.125 0 0 0 1 2 440 4501 0
0 35.17 3.75 2 1 1 0 0 1 6 0 2 0 201 0
0 40.83 3.5 2 3 5 0.5 0 0 0 0 1 1160 1 0
1 25 11.25 2 8 4 2.5 1 1 17 0 2 200 1209 1
1 31.57 4 2 14 4 5 1 1 3 1 2 290 2280 1
1 34.92 5 2 14 8 7.5 1 1 6 1 2 0 1001 1
1 27.83 1.5 2 9 4 2.25 0 1 1 1 2 100 4 0
1 23.25 1 2 8 4 0.835 1 0 0 0 1 300 1 1
0 30.58 10.66 2 11 8 0.085 0 1 12 1 2 129 4 0
0 58.33 10 2 11 4 4 1 1 14 0 2 0 1603 1
0 20.67 1.83 2 11 4 2.085 1 1 5 0 2 220 2504 1
1 33.67 1.25 2 9 4 1.165 0 0 0 0 2 120 1 0
1 24.08 9 2 6 4 0.25 0 0 0 1 2 0 1 0
1 23.25 12.62 2 8 4 0.125 0 1 2 0 2 0 5553 0
0 18.57 10 2 2 4 0.415 0 0 0 0 2 80 43 0
1 28.75 1.16 2 4 4 0.5 1 0 0 0 1 280 1 0
1 19.57 0.58 2 1 1 0 0 1 3 0 2 350 770 0
0 16 0.16 2 6 4 1 0 1 2 1 2 320 2 0
1 32.08 4 2 7 4 2.5 1 0 0 1 2 360 1 1
0 16.07 0.33 2 1 1 0 0 1 1 0 2 160 127 0
1 47.33 6.5 2 8 4 1 0 0 0 1 2 0 229 0
1 21.92 0.54 1 14 4 0.04 1 1 1 1 2 840 60 1
1 24.42 12.33 2 11 8 1.585 1 0 0 1 2 120 1 1
0 28.5 3.04 1 14 8 2.54 1 1 1 0 2 70 1 1
1 51.33 10 2 3 5 0 1 1 11 0 2 0 1250 1
0 30 5.29 2 10 2 2.25 1 1 5 1 2 99 501 1
0 35.17 3.75 2 1 1 0 0 1 6 0 2 0 201 0
1 20.17 5.62 2 9 4 1.71 1 0 0 0 1 120 1 1
0 24.5 1.75 1 8 4 0.165 0 0 0 0 2 132 1 0
1 16.17 0.04 2 8 4 0.04 0 0 0 0 2 0 1 1
1 21.67 1.16 1 4 4 2.5 1 1 1 0 2 180 21 0
1 40 6.5 2 6 5 3.5 1 1 1 0 2 0 501 1
0 16.5 1.25 2 11 4 0.25 0 1 1 0 2 108 99 0
1 27.58 2.04 1 6 4 2 1 1 3 1 2 370 561 1
1 42 0.2 2 3 8 5.125 1 0 0 0 2 400 1 1
1 20.67 5.29 2 11 4 0.375 1 1 1 0 2 160 1 0
1 24.58 13.5 1 1 1 0 0 0 0 0 2 184 1 0
1 52.42 1.5 2 2 4 3.75 0 0 0 1 2 0 351 0
1 34.83 4 2 2 5 12.5 1 0 0 1 2 184 1 0
1 34.75 2.5 2 13 5 0.5 0 0 0 0 2 348 1 0
1 24.58 12.5 2 9 4 0.875 1 0 0 1 2 260 1 0
0 18.07 0.37 3 13 1 10 0 0 0 1 1 300 1 1
1 20 11.04 2 8 4 2 0 0 0 1 2 136 1 0
1 52.5 6.5 2 4 4 6.29 1 1 15 0 2 0 11203 1
1 36.08 2.54 2 1 1 0 0 0 0 0 2 0 1001 0
0 22.42 5.66 2 11 4 2.585 1 1 7 0 2 129 3258 1
1 22.92 3.16 1 8 4 0.165 0 0 0 0 2 160 1059 0
0 29.58 1.75 1 4 4 1.25 0 0 0 1 2 280 1 0
1 21.58 0.79 1 13 4 0.665 0 0 0 0 2 160 1 0
1 32.25 14 1 1 1 0 0 1 2 0 2 160 2 0
1 37.58 0 2 8 4 0 0 0 0 0 3 184 1 1
1 23.42 1 2 8 4 0.5 0 0 0 1 1 280 1 0
1 42 0.2 2 3 8 5.125 1 0 0 0 2 400 1 1
1 26.17 0.25 2 3 5 0 1 0 0 1 2 0 1 1
1 56 12.5 2 4 8 8 1 0 0 1 2 24 2029 1
0 25.33 2.08 2 8 8 2.75 1 0 0 1 2 360 2 0
0 47.42 8 2 10 5 6.5 1 1 6 0 2 375 51101 1
0 71.58 0 2 8 4 0 0 0 0 0 3 184 1 1
1 27 0.75 2 8 8 4.25 1 1 3 1 2 312 151 1
1 33.17 3.16 1 14 4 3.165 1 1 3 1 2 380 1 1
1 23.08 0 2 4 4 1 0 1 11 0 1 0 1 0
1 35.25 16.5 1 8 4 4 1 0 0 0 2 80 1 0
1 51.42 0.04 2 14 8 0.04 1 0 0 0 2 0 3001 1
0 24.75 12.5 2 6 4 1.5 1 1 12 1 2 120 568 1
0 17.82 11 2 14 8 1 1 1 11 0 2 0 3001 1
0 35.17 3.75 2 1 1 0 0 1 6 0 2 0 201 0
0 35.75 0.91 2 6 4 0.75 1 1 4 0 2 0 1584 1

