1 32.33 7.5 2 10 5 1.585 1 0 0 1 1 420 1 0
0 30.58 10.66 2 11 8 0.085 0 1 12 1 2 129 4 0
1 18.42 10.41 1 6 4 0.125 1 0 0 0 2 120 376 0
1 18.07 6.75 1 7 4 0.04 0 0 0 0 2 140 1 0
1 29.5 0.57 2 9 4 0.29 0 1 1 0 2 340 2804 0
1 31.08 1.5 1 9 4 0.04 0 0 0 0 1 160 1 0
0 15.83 0.58 2 8 8 1.5 1 1 2 0 2 100 1 1
1 32.33 3.5 2 4 4 0.5 0 0 0 1 2 232 1 0
0 65.17 14 2 1 1 0 1 1 11 1 2 0 1401 1
1 21 4.79 1 9 4 2.25 1 1 1 1 2 80 301 1
0 56.83 4.25 1 1 1 5 0 0 0 1 2 0 5 0
1 25.67 0.28 1 8 4 1.5 0 0 0 1 2 160 1 0
1 19.5 0.28 2 4 4 0.29 0 0 0 0 2 280 365 0
1 33.67 1.25 2 9 4 1.165 0 0 0 0 2 120 1 0
1 36.25 5 2 8 5 2.5 1 1 6 0 2 0 368 1
0 31.57 3.5 2 2 4 3 1 0 0 1 2 300 1 0
0 21.75 11.75 2 8 4 0.25 0 0 0 1 2 180 1 0
0 28.75 3.75 2 8 4 1.085 1 1 1 1 2 371 1 1
0 16.5 1.25 2 11 4 0.25 0 1 1 0 2 108 99 0
0 40.83 3.5 2 3 5 0.5 0 0 0 0 1 1160 1 0
0 33.08 4.62 2 11 8 1.625 1 1 2 0 2 0 1 1
1 28.33 5 2 9 4 11 1 0 0 1 2 70 1 1
1 80.25 5.5 2 8 4 0.54 1 0 0 0 2 0 341 0
1 80.25 5.5 2 8 4 0.54 1 0 0 0 2 0 341 0
0 57.58 2 2 1 1 6.5 0 1 1 0 2 0 11 0
1 18.5 2 2 3 4 1.5 1 1 2 0 2 120 301 1
1 39 5 2 13 4 3.5 1 1 10 1 2 0 1 1
1 56.75 12.25 2 7 4 1.25 1 1 4 1 2 200 1 1
0 40.83 3.5 2 3 5 0.5 0 0 0 0 1 1160 1 0
1 23.25 4 2 8 5 0.25 1 0 0 1 2 160 1 1
1 20 0 2 2 4 0.5 0 0 0 0 2 144 1 0
1 33.17 3.16 1 14 4 3.165 1 1 3 1 2 380 1 1
1 43.17 5 2 3 5 2.25 0 0 0 1 2 141 1 0
1 25.33 0.57 2 8 4 0.29 1 1 7 1 2 96 5125 1
0 18.82 4.41 1 8 8 3 1 0 0 0 2 240 1 1
1 20.5 2.41 2 8 4 2 1 1 11 1 2 200 3001 1
0 44.33 0 2 8 4 2.5 1 0 0 0 2 0 1 1
1 19.17 9.5 2 9 4 1.5 1 0 0 0 2 120 2207 1
1 44.25 11 1 2 4 1.5 1 0 0 0 1 0 1 0
0 22.58 10.75 2 11 4 0.415 1 1 5 1 2 0 561 1
1 20 11.04 2 8 4 2 0 0 0 1 2 136 1 0
1 51.42 0.04 2 14 8 0.04 1 0 0 0 2 0 3001 1
1 21.83 0.25 2 2 8 0.665 1 0 0 1 2 0 1 1
0 25.25 13.5 1 1 1 2 0 1 1 1 2 200 2 0
1 31.67 0.83 2 14 4 1.335 1 1 8 1 2 303 3291 1
1 44.25 11 1 2 4 1.5 1 0 0 0 1 0 1 0
1 19.5 9.58 2 6 4 0.79 0 0 0 0 2 80 351 0
1 32.67 5.5 2 11 8 5.5 1 1 12 1 2 408 1001 1
0 45 4.58 2 4 8 1 0 0 0 1 1 240 1 0
1 48.75 26.33 1 1 1 0 1 0 0 1 2 0 1 0
1 25.75 0.75 2 8 5 0.25 1 0 0 0 2 349 24 1
1 29.58 4.75 2 7 4 2 0 1 1 1 2 460 69 0
0 27.67 1.5 2 7 4 2 1 0 0 0 1 368 1 0
1 23 0.75 2 7 4 0.5 0 0 0 1 1 320 1 0
1 25.83 12.83 2 13 4 0.5 0 0 0 0 2 0 3 0
1 33.17 1 2 14 4 0.75 1 1 7 1 2 340 4072 1
1 32.42 3 2 2 4 0.165 0 0 0 1 2 120 1 0
0 28.5 3.04 1 14 8 2.54 1 1 1 0 2 70 1 1
1 36.42 0.75 1 2 4 0.585 0 0 0 0 2 240 4 0
1 22.75 11 2 11 4 2.5 1 1 7 1 2 100 810 1
1 44.25 11 1 2 4 1.5 1 0 0 0 1 0 1 0
0 47.42 3 2 14 4 13.875 1 1 2 1 2 519 1705 1
1 17.67 4.46 2 8 4 0.25 0 0 0 0 1 80 1 0
1 26.33 13 2 10 2 0 0 0 0 1 2 140 1111 0
1 31.08 3.08 2 8 4 2.5 0 1 2 1 2 160 42 0
1 44.25 0.5 2 7 4 10.75 1 0 0 0 1 400 1 0
0 49.83 13.58 2 4 8 8.5 1 0 0 1 2 0 1 1
1 42.17 5.04 2 11 8 12.75 1 0 0 1 2 92 1 1
1 26.17 12.5 1 4 8 1.25 0 0 0 1 2 0 18 0
1 22.17 12.12 2 8 4 3.335 0 1 2 1 2 180 174 0
0 71.58 0 2 8 4 0 0 0 0 0 3 184 1 1
0 65.17 14 2 1 1 0 1 1 11 1 2 0 1401 1
0 47.42 3 2 14 4 13.875 1 1 2 1 2 519 1705 1
1 21.17 0.87 1 8 8 0.25 0 0 0 0 2 280 205 0
1 13.75 4 1 9 4 1.75 1 1 2 1 2 120 1001 1
1 34.08 0.08 1 7 5 0.04 1 1 1 1 2 280 2001 1
0 24.08 0.5 2 11 8 1.25 1 1 1 0 2 0 679 1
0 18.75 7.5 2 11 4 2.71 1 1 5 0 2 184 26727 1
1 51.83 2.04 1 1 1 1.5 0 0 0 0 2 120 2 0
1 29.42 1.25 2 8 8 0.25 0 1 2 1 2 400 109 0
1 29.5 0.57 2 9 4 0.29 0 1 1 0 2 340 2804 0
1 26.67 4.25 2 13 4 4.29 1 1 1 1 2 120 1 1
0 51.92 6.5 2 3 5 3.085 0 0 0 1 2 73 1 0
1 33.17 1.04 2 12 8 6.5 1 0 0 1 2 164 31286 1
1 29.92 1.83 2 8 8 4.335 1 0 0 0 2 260 201 1
1 30.58 2.71 1 7 4 0.125 0 0 0 1 1 80 1 0
1 24.08 9 2 6 4 0.25 0 0 0 1 2 0 1 0
0 52.17 0 1 1 1 0 0 0 0 0 2 0 1 0
1 26.67 1.75 1 8 4 1 1 1 5 1 2 160 5778 1
0 60.58 16.5 2 11 4 11 1 0 0 1 2 21 10562 1
1 18.32 1.21 1 10 2 0 0 0 0 0 2 100 1 0
1 15.17 7 2 10 4 1 0 0 0 0 2 600 1 0
0 23 11.75 2 14 8 0.5 1 1 2 1 2 300 552 1
0 22.67 0.79 2 3 4 0.085 0 0 0 0 2 144 1 0
0 25.42 1.12 2 11 4 1.29 1 1 2 0 2 200 1 0
1 34.08 0.08 1 7 5 0.04 1 1 1 1 2 280 2001 1
1 34.17 1.54 2 13 4 1.54 1 1 1 1 2 520 50001 1
0 38.75 1.5 2 1 1 0 0 0 0 0 2 76 1 0
0 19.67 0.21 2 11 8 0.29 1 1 11 0 2 80 100 1
0 16 0.16 2 6 4 1 0 1 2 1 2 320 2 0
1 25.67 12.5 2 13 4 1.21 1 1 67 1 2 140 259 1
1 18.5 2 2 3 4 1.5 1 1 2 0 2 120 301 1
0 28.5 1 2 11 4 1 1 1 2 1 2 167 501 0
1 34.17 2.75 2 3 5 2.5 0 0 0 1 2 232 201 0
1 24.5 13.33 1 6 4 0.04 0 0 0 1 2 120 476 0
1 19.17 0 1 7 5 0 0 0 0 1 1 500 2 1
1 23.25 1.5 2 11 4 2.375 1 1 3 1 2 0 583 1
0 45.83 10.5 2 11 4 5 1 1 7 1 2 0 1 1
0 38.25 6 2 4 4 1 1 0 0 1 2 0 1 1
0 19.17 8.58 2 13 8 0.75 1 1 7 0 2 96 1 1

