0 23.25 5.87 2 11 4 3.17 1 1 10 0 2 120 246 1
0 30.42 1.37 2 9 8 0.04 0 1 3 0 2 0 34 0
0 40.83 3.5 2 3 5 0.5 0 0 0 0 1 1160 1 0
1 32.92 2.5 2 6 4 1.75 0 1 2 1 2 720 1 0
0 35.42 12 2 11 8 14 1 1 8 0 2 0 6591 1
1 32.75 1.5 2 13 8 5.5 1 1 3 1 2 0 1 1
0 20.83 0.5 1 10 2 1 0 0 0 0 2 260 1 0
1 16.32 4.08 2 3 8 0.415 0 0 0 1 2 120 1 0
1 42.75 4.08 2 6 4 0.04 0 0 0 0 2 108 101 0
1 31.57 0.5 2 8 5 0.835 1 0 0 1 1 320 1 0
0 38.75 1.5 2 1 1 0 0 0 0 0 2 76 1 0
1 40.92 0.5 1 7 4 0.5 0 0 0 1 2 130 1 0
1 51.42 0.04 2 14 8 0.04 1 0 0 0 2 0 3001 1
0 22.42 11.25 1 14 8 0.75 1 1 4 0 2 0 322 1
0 18.82 4.41 1 8 8 3 1 0 0 0 2 240 1 1
1 20.17 9.25 2 8 4 1.665 1 1 3 1 2 40 29 1
1 16.32 2.75 2 6 4 0.665 0 1 1 0 2 80 22 0
1 23 0.75 2 7 4 0.5 1 0 0 1 1 320 1 0
0 35.17 3.75 2 1 1 0 0 1 6 0 2 0 201 0
1 23.25 1 2 8 4 0.835 1 0 0 0 1 300 1 1
0 44.17 6.66 2 11 4 7.375 1 1 3 1 2 0 1 1
1 19.5 9.58 2 6 4 0.79 0 0 0 0 2 80 351 0
1 22.92 0.17 2 7 4 0.085 0 0 0 0 1 0 1 0
1 28 3 2 9 4 0.75 0 0 0 1 2 300 68 0
1 35.17 4.5 2 14 8 5.75 0 0 0 1 1 711 1 1
1 17.07 3.29 2 3 4 0.335 0 0 0 1 2 140 3 0
1 27 1.5 1 9 4 0.375 1 0 0 1 2 260 1066 1
1 19 0 1 1 1 0 0 1 4 0 2 45 2 0
1 15.17 7 2 10 4 1 0 0 0 0 2 600 1 0
1 22.67 2.54 1 8 8 2.585 1 0 0 0 2 0 1 1
1 34.83 4 2 2 5 12.5 1 0 0 1 2 184 1 0
0 35.17 3.75 2 1 1 0 0 1 6 0 2 0 201 0
1 54.83 15.5 2 10 9 0 1 1 20 0 2 152 131 0
1 49.17 2.29 2 1 1 0.29 0 0 0 0 2 200 4 0
1 34.25 3 2 13 8 7.415 1 0 0 1 2 0 1 1
1 32.25 0.16 1 8 8 3.25 1 1 1 1 2 432 8001 1
1 19 1.75 1 8 4 2.335 0 0 0 1 2 112 7 0
0 22.92 1.25 2 11 4 0.25 0 0 0 1 2 120 810 0
1 24.5 13.33 1 6 4 0.04 0 0 0 1 2 120 476 0
0 45.83 10.5 2 11 4 5 1 1 7 1 2 0 1 1
1 27.83 1.5 2 9 4 2.25 0 1 1 1 2 100 4 0
1 25.5 0.37 2 7 4 0.25 1 1 3 0 2 260 15109 1
1 16.25 0.83 2 7 4 0.085 1 0 0 0 1 200 1 0
1 29.58 4.75 2 7 4 2 0 1 1 1 2 460 69 0
1 22.67 0.75 2 3 4 1.585 0 1 1 1 2 400 10 0
1 21.5 9.75 2 8 4 0.25 1 0 0 0 2 140 1 0
1 18.07 5.5 2 4 4 0.5 1 0 0 0 2 80 1 1
0 45.83 10.5 2 11 4 5 1 1 7 1 2 0 1 1
0 22.67 0.75 2 8 4 2 0 1 2 1 2 200 395 0
0 25.08 2.54 1 6 4 0.25 1 0 0 1 2 370 1 1
0 32 6 2 2 4 1.25 0 0 0 0 2 272 1 0
1 59.67 1.54 2 11 4 0.125 1 0 0 1 2 260 1 1
1 34.75 15 2 12 7 5.375 1 1 9 1 2 0 135 1
1 19.17 4 1 3 4 1 0 0 0 1 2 360 1001 0
1 19.67 10 1 4 8 0.835 1 0 0 1 2 140 1 0
0 23.75 0.71 2 9 4 0.25 0 1 1 1 2 240 5 0
0 24.83 4.5 2 9 4 1 0 0 0 1 2 360 7 0
1 41.42 5 2 11 8 5 1 1 6 1 2 470 1 1
1 19.17 0 1 7 5 0 0 0 0 1 1 500 2 1
1 33.67 2.16 2 8 4 1.5 0 0 0 0 3 120 1 0
1 63.33 0.54 2 8 4 0.585 1 1 3 1 2 180 1 0
1 40 6.5 2 6 5 3.5 1 1 1 0 2 0 501 1
1 28.33 5 2 9 4 11 1 0 0 1 2 70 1 1
1 21.83 0.25 2 2 8 0.665 1 0 0 1 2 0 1 1
0 18.25 10 2 9 4 1 0 1 1 0 2 120 2 0
1 42.83 1.25 2 7 4 13.875 0 1 1 1 2 352 113 0
1 22.75 11.5 2 3 4 0.415 0 0 0 0 2 0 1 0
1 18.82 3.54 1 1 1 0 0 0 0 1 2 180 2 0
1 51.33 10 2 3 5 0 1 1 11 0 2 0 1250 1
1 28.25 5.12 2 14 4 4.75 1 1 2 0 2 420 8 1
1 20.42 7 2 8 4 1.625 1 1 3 0 2 200 1392 1
0 25.33 2.08 2 8 8 2.75 1 0 0 1 2 360 2 0
1 42.75 4.08 2 6 4 0.04 0 0 0 0 2 108 101 0
1 23.75 12 2 8 4 2.085 0 0 0 0 1 80 1 0
1 51.42 0.04 2 14 8 0.04 1 0 0 0 2 0 3001 1
1 52.33 1.37 1 8 8 9.46 1 0 0 1 2 200 101 0
0 58.33 10 2 11 4 4 1 1 14 0 2 0 1603 1
0 25 12.33 2 13 8 3.5 1 1 6 0 2 400 459 1
0 18.82 9.53 2 6 4 0.085 1 0 0 0 2 100 1 1
0 17.32 9.5 2 6 4 1.75 0 1 10 1 2 0 11 0
1 37.58 0 2 8 4 0 0 0 0 0 3 184 1 1
0 26.17 2 2 5 3 0 0 0 0 1 2 276 2 0
1 16.32 2.75 2 6 4 0.665 0 1 1 0 2 80 22 0
1 24.17 0.87 2 11 4 4.625 1 1 2 1 2 520 2001 1
0 22.5 8.5 2 11 4 1.75 1 1 10 0 2 80 991 0
1 43.17 5 2 3 5 2.25 0 0 0 1 2 141 1 0
0 21.75 11.75 2 8 4 0.25 0 0 0 1 2 180 1 0
1 23.08 2.5 2 1 1 0.085 0 0 0 1 2 100 4209 0
1 33.17 3.16 1 14 4 3.165 1 1 3 1 2 380 1 1
1 31.08 3.08 2 8 4 2.5 0 1 2 1 2 160 42 0
1 23.25 1.5 2 11 4 2.375 1 1 3 1 2 0 583 1
1 22.92 0.17 2 7 4 0.085 0 0 0 0 1 0 1 0
0 55.75 7.08 2 4 8 6.75 1 1 3 1 2 100 51 0
0 22.92 11.58 2 13 4 0.04 1 0 0 0 2 80 1350 1
1 40.92 0.83 2 1 1 0 1 0 0 0 2 130 2 0
1 42.83 4.62 2 11 4 4.58 1 0 0 0 1 0 1 1
1 20.67 0.83 1 8 4 2 0 0 0 1 1 240 1 0
1 27.67 0.75 2 11 8 0.165 0 0 0 1 2 220 252 0
1 19.42 1.5 1 13 4 2 1 0 0 1 2 100 21 0
1 42 0.2 2 3 8 5.125 1 0 0 0 2 400 1 1
0 28.58 1.66 2 11 4 2.415 1 0 0 1 2 440 1 0
1 20.17 5.62 2 9 4 1.71 1 0 0 0 1 120 1 1
0 34.83 1.25 1 3 8 0.5 0 0 0 1 2 160 1 0
0 36 1 2 8 4 2 1 1 11 0 2 0 457 1
1 23.25 12.62 2 8 4 0.125 0 1 2 0 2 0 5553 0
1 39.17 2.5 1 3 8 10 0 0 0 1 1 200 1 0
0 41 2.04 1 11 8 0.125 1 1 23 1 2 455 1237 1
0 30.25 5.5 2 4 4 5.5 0 0 0 1 1 100 1 0
1 18.32 1.21 1 10 2 0 0 0 0 0 2 100 1 0
0 49.83 13.58 2 4 8 8.5 1 0 0 1 2 0 1 1

