1 28 3 2 9 4 0.75 0 0 0 1 2 300 68 0
1 39.92 5 2 3 5 0.21 0 0 0 0 2 550 1 0
0 22.5 8.5 2 11 4 1.75 1 1 10 0 2 80 991 0
0 17.82 11 2 14 8 1 1 1 11 0 2 0 3001 1
0 24.5 1.75 1 8 4 0.165 0 0 0 0 2 132 1 0
1 34.42 1.33 2 3 5 0.125 0 0 0 1 2 440 4501 0
1 30.33 0.5 2 2 8 0.085 0 0 0 1 1 252 1 0
1 36.17 18.12 2 9 4 0.085 0 0 0 0 2 320 3553 0
1 34.92 5 2 14 8 7.5 1 1 6 1 2 0 1001 1
1 57.83 7.04 2 7 4 14 1 1 6 1 2 360 1333 1
1 80.25 5.5 2 8 4 0.54 1 0 0 0 2 0 341 0
0 50.08 12.54 2 6 4 2.29 1 1 3 1 2 156 1 1
0 17.57 9 2 6 4 1.375 1 0 0 1 2 0 1 1
1 26.67 1.75 1 8 4 1 1 1 5 1 2 160 5778 1
1 23.42 1 2 8 4 0.5 0 0 0 1 1 280 1 0
1 27.25 0.62 2 6 4 0.455 1 0 0 1 2 200 1 0
0 34.83 1.25 1 3 8 0.5 0 0 0 1 2 160 1 0
1 34.42 1.33 2 3 5 0.125 0 0 0 1 2 440 4501 0
0 36 1 2 8 4 2 1 1 11 0 2 0 457 1
1 39 5 2 13 4 3.5 1 1 10 1 2 0 1 1
0 20.42 0.83 2 11 4 1.585 1 1 1 0 2 0 1 1
1 24.58 13.5 1 1 1 0 0 0 0 0 2 184 1 0
1 23.17 0 2 8 4 0 0 0 0 0 3 184 1 1
1 34 5.08 1 3 5 1.085 0 0 0 1 2 480 1 0
1 43.25 3 2 11 8 6 1 1 11 0 2 80 1 1
1 23.33 1.5 2 8 8 1.415 1 0 0 0 2 422 201 1
1 21.83 11 2 14 4 0.29 1 1 6 0 2 121 1 1
1 18.82 3.54 1 1 1 0 0 0 0 1 2 180 2 0
1 20.42 7 2 8 4 1.625 1 1 3 0 2 200 1392 1
0 33.92 1.58 1 1 1 0 1 0 0 0 2 320 1 0
0 69.5 6 2 1 1 0 0 0 0 0 1 0 1 0
1 20 11.04 2 8 4 2 0 0 0 1 2 136 1 0
1 35 3.37 2 8 8 8.29 0 0 0 1 2 0 1 0
1 31.57 0.62 2 4 4 0.25 0 0 0 0 2 380 2011 0
1 28 3 2 9 4 0.75 0 0 0 1 2 300 68 0
1 26.67 4.25 2 13 4 4.29 1 1 1 1 2 120 1 1
1 26.67 1.75 1 8 4 1 1 1 5 1 2 160 5778 1
1 32.33 2.5 2 8 4 1.25 0 0 0 1 2 280 1 0
1 22.92 0.17 2 7 4 0.085 0 0 0 0 1 0 1 0
1 22.17 12.12 2 8 4 3.335 0 1 2 1 2 180 174 0
0 28.58 3.54 2 3 5 0.5 1 0 0 1 2 171 1 0
0 37.75 5.5 2 11 4 0.125 1 0 0 1 2 228 1 1
1 26.75 1.12 2 14 8 1.25 1 0 0 0 2 0 5299 1
1 20 0 2 2 4 0.5 0 0 0 0 2 144 1 0
1 31.67 16.16 2 2 4 3 1 1 9 0 2 250 731 1
1 22.08 11 2 13 4 0.665 1 0 0 0 2 100 1 1
0 23.58 0.58 1 1 1 0.125 0 0 0 0 2 120 88 0
0 16 0.16 2 6 4 1 0 1 2 1 2 320 2 0
1 18.17 2.46 2 8 7 0.96 0 1 2 1 2 160 588 0
1 35.25 3.16 2 14 8 3.75 1 0 0 1 2 680 1 0
0 24.5 12.75 2 8 5 4.75 1 1 2 0 2 73 445 1
1 24.17 0.87 2 11 4 4.625 1 1 2 1 2 520 2001 1
1 62.75 7 2 10 9 0 0 0 0 0 2 0 13 0
1 57.42 8.5 2 10 8 7 1 1 3 0 2 0 1 1
1 41.17 4.04 2 13 8 7 1 1 8 0 2 320 1 1
1 22.67 0.16 2 8 3 2.25 0 0 0 1 1 0 1 1
1 27.83 1.54 2 9 4 3.75 1 1 5 1 2 100 4 1
0 71.58 0 2 8 4 0 0 0 0 0 3 184 1 1
1 29.58 4.75 2 7 4 2 0 1 1 1 2 460 69 0
1 38.42 0.7 2 8 4 0.375 0 1 2 0 2 225 501 0
0 27.67 1.5 2 7 4 2 1 0 0 0 1 368 1 0
0 22.58 10.75 2 11 4 0.415 1 1 5 1 2 0 561 1
1 22.75 11.5 2 3 4 0.415 0 0 0 0 2 0 1 0
0 15.83 7.62 2 11 4 0.125 0 1 1 1 2 0 161 0
1 24.83 2.75 2 8 4 2.25 1 1 6 0 2 184 601 1
0 22.67 3.8 2 8 4 0.165 0 0 0 0 2 160 1 0
1 34.25 3 2 13 8 7.415 1 0 0 1 2 0 1 1
1 43.25 25.21 2 11 8 0.21 1 1 1 0 2 760 91 0
0 64.08 0.16 2 1 1 0 1 1 1 0 2 232 101 1
0 31.57 3.5 2 2 4 3 1 0 0 1 2 300 1 0
1 44.25 11 1 2 4 1.5 1 0 0 0 1 0 1 0
0 36.58 0.28 2 1 1 0 0 1 10 0 2 200 19 0
1 41.17 4.04 2 13 8 7 1 1 8 0 2 320 1 1
0 31.57 3.5 2 2 4 3 1 0 0 1 2 300 1 0
0 25.17 2.87 2 14 8 0.875 1 0 0 0 2 360 1 1
1 27.83 1.5 2 9 4 2.25 0 1 1 1 2 100 4 0
1 28.67 9.33 2 11 8 5.665 1 1 6 0 2 381 169 1
1 33.17 1.04 2 12 8 6.5 1 0 0 1 2 164 31286 1
1 57.83 7.04 2 7 4 14 1 1 6 1 2 360 1333 1
1 21.92 0.54 1 14 4 0.04 1 1 1 1 2 840 60 1
0 30.42 1.37 2 9 8 0.04 0 1 3 0 2 0 34 0
1 22.67 2.54 1 8 8 2.585 1 0 0 0 2 0 1 1
1 26.92 2.25 2 3 5 0.5 0 0 0 1 2 640 4001 0
0 25.33 2.08 2 8 8 2.75 1 0 0 1 2 360 2 0
1 13.75 4 1 9 4 1.75 1 1 2 1 2 120 1001 1
0 22.42 5.66 2 11 4 2.585 1 1 7 0 2 129 3258 1
1 27.83 1 1 2 8 3 0 0 0 0 2 176 538 0
0 23.58 0.83 2 11 4 0.415 0 1 1 1 2 200 12 0
1 23.5 3.16 1 4 4 0.415 0 1 1 1 2 280 81 0
1 29.67 0.75 1 8 4 0.04 0 0 0 0 2 240 1 0
1 20.67 0.83 1 8 4 2 0 0 0 1 1 240 1 0
1 25.75 0.75 2 8 5 0.25 1 0 0 0 2 349 24 1
1 40 6.5 2 6 5 3.5 1 1 1 0 2 0 501 1
0 20.07 1.25 2 8 4 0 0 0 0 0 2 0 1 0
1 23.75 12 2 8 4 2.085 0 0 0 0 1 80 1 0
1 39.17 1.71 2 14 4 0.125 1 1 5 1 2 480 1 1
1 27.67 0.75 2 11 8 0.165 0 0 0 1 2 220 252 0
0 24.08 0.5 2 11 8 1.25 1 1 1 0 2 0 679 1
0 25.75 0.5 2 8 8 0.875 1 0 0 1 2 491 1 1
1 29.58 4.5 2 9 4 7.5 1 1 2 1 2 330 1 1
1 25.67 0.28 1 8 4 1.5 0 0 0 1 2 160 1 0
0 15.75 0.37 2 8 4 1 0 0 0 0 2 120 19 0
1 31.57 4 1 3 4 0.085 0 0 0 1 2 411 1 0
1 23.25 12.62 2 8 4 0.125 0 1 2 0 2 0 5553 0
0 21.5 6 2 6 4 2.5 1 1 3 0 2 80 919 1
1 42 9.78 2 14 8 7.96 1 1 8 0 2 0 1 1
1 20.67 0.83 1 8 4 2 0 0 0 1 1 240 1 0
1 17.07 0.08 1 8 4 0.04 0 0 0 0 2 140 723 0
1 20 7 2 8 4 0.5 0 0 0 0 2 0 1 0
0 32 6 2 2 4 1.25 0 0 0 0 2 272 1 0

