1 54.42 0.5 1 4 8 3.96 1 0 0 0 2 180 315 1
1 56.42 28 1 8 4 28.5 1 1 40 0 2 0 16 1
1 31.83 2.5 2 6 4 7.5 1 0 0 1 2 523 1 0
0 22.92 11.58 2 13 4 0.04 1 0 0 0 2 80 1350 1
1 18.82 3.54 1 1 1 0 0 0 0 1 2 180 2 0
1 16.07 0.75 2 8 4 1.75 1 1 5 1 2 352 691 1
0 17.32 9.5 2 6 4 1.75 0 1 10 1 2 0 11 0
1 40.92 0.83 2 1 1 0 1 0 0 0 2 130 2 0
1 31.57 0.62 2 4 4 0.25 0 0 0 0 2 380 2011 0
1 19.42 1.5 1 13 4 2 1 0 0 1 2 100 21 0
0 25.25 13.5 1 1 1 2 0 1 1 1 2 200 2 0
1 21 3 1 2 4 1.085 1 1 8 1 2 160 2 1
1 19.17 0 1 7 5 0 0 0 0 1 1 500 2 1
1 58.58 2.71 2 8 4 2.415 0 0 0 1 2 320 1 0
1 29.25 14.79 2 6 4 5.04 1 1 5 1 2 168 1 1
0 27.67 2.04 2 9 4 0.25 0 0 0 1 2 180 51 0
1 23.25 4 2 8 5 0.25 1 0 0 1 2 160 1 1
0 27.17 1.25 2 1 1 0 0 1 1 0 2 92 301 0
1 74.83 19 1 1 1 0.04 0 1 2 0 2 0 352 0
1 52.5 6.5 2 4 4 6.29 1 1 15 0 2 0 11203 1
1 51.58 15 2 8 4 8.5 1 1 9 0 2 0 1 1
0 23.58 11.5 1 4 8 3 0 0 0 1 2 20 17 0
0 50.25 0.83 2 6 4 0.5 0 0 0 1 2 240 118 0
1 27.25 0.62 2 6 4 0.455 1 0 0 1 2 200 1 0
1 23.92 1.5 2 2 8 1.875 1 1 6 0 2 200 328 1
1 29.42 1.25 2 8 8 0.25 0 1 2 1 2 400 109 0
1 26.67 4.25 2 13 4 4.29 1 1 1 1 2 120 1 1
1 23.75 12 2 8 4 2.085 0 0 0 0 1 80 1 0
1 52.5 6.5 2 4 4 6.29 1 1 15 0 2 0 11203 1
1 26.83 0.54 2 4 1 0 0 0 0 0 2 100 1 0
1 37.42 2.04 2 9 4 0.04 1 0 0 1 2 400 5801 1
1 17.07 0.08 1 8 4 0.04 0 0 0 0 2 140 723 0
1 21.92 0.5 2 8 4 0.125 0 0 0 0 2 360 1 0
1 24.58 12.5 2 9 4 0.875 1 0 0 1 2 260 1 0
0 26.08 8.66 2 6 4 1.415 1 0 0 0 2 160 151 1
1 39.17 1.62 2 8 4 1.5 1 1 10 0 2 186 4701 1
0 18.25 10 2 9 4 1 0 1 1 0 2 120 2 0
1 17.42 6.5 2 3 4 0.125 0 0 0 0 2 60 101 0
0 52.17 0 1 1 1 0 0 0 0 0 2 0 1 0
1 34.5 4.04 1 3 5 8.5 1 1 7 1 2 195 1 1
1 32.33 7.5 2 10 5 1.585 1 0 0 1 1 420 1 0
1 26.75 1.12 2 14 8 1.25 1 0 0 0 2 0 5299 1
1 18.07 5.5 2 4 4 0.5 1 0 0 0 2 80 1 1
0 21.75 1.75 1 5 3 0 0 0 0 0 2 160 1 0
0 36.75 4.71 2 1 1 0 0 0 0 0 2 160 1 0
0 16.5 1.25 2 11 4 0.25 0 1 1 0 2 108 99 0
0 29.5 1.08 1 14 4 1 0 0 0 0 2 280 14 0
0 58.42 21 2 3 5 10 1 1 13 0 2 0 6701 1
1 53.92 9.62 2 10 4 8.665 1 1 5 0 2 0 1 1
1 42.83 4.62 2 11 4 4.58 1 0 0 0 1 0 1 1
1 22 7.83 1 3 5 0.165 0 0 0 1 2 184 1 0
1 18.42 10.41 1 6 4 0.125 1 0 0 0 2 120 376 0
1 28 3 2 9 4 0.75 0 0 0 1 2 300 68 0
1 39.92 0.54 1 6 4 0.5 1 1 3 0 2 200 1001 1
1 31.57 4 1 3 4 0.085 0 0 0 1 2 411 1 0
1 38.92 1.75 2 4 4 0.5 0 0 0 1 2 300 3 0
0 32 6 2 2 4 1.25 0 0 0 0 2 272 1 0
0 36 1 2 8 4 2 1 1 11 0 2 0 457 1
0 18.57 10 2 2 4 0.415 0 0 0 0 2 80 43 0
1 43.25 25.21 2 11 8 0.21 1 1 1 0 2 760 91 0
0 32.33 0.54 2 13 4 0.04 1 0 0 0 2 440 11178 1
0 35.17 3.75 2 1 1 0 0 1 6 0 2 0 201 0
0 25.33 2.08 2 8 8 2.75 1 0 0 1 2 360 2 0
0 24.83 4.5 2 9 4 1 0 0 0 1 2 360 7 0
0 16.07 0.33 2 1 1 0 0 1 1 0 2 160 127 0
1 20.42 1.08 2 11 4 1.5 0 0 0 0 2 108 8 0
1 29.5 0.57 2 9 4 0.29 0 1 1 0 2 340 2804 0
1 35.25 3.16 2 14 8 3.75 1 0 0 1 2 680 1 0
0 24.75 12.5 2 6 4 1.5 1 1 12 1 2 120 568 1
1 33.5 1.75 2 14 8 4.5 1 1 4 1 2 253 858 1
1 16.92 0.33 1 4 4 0.29 0 0 0 0 1 200 1 0
1 36.67 2 2 3 4 0.25 0 0 0 1 2 221 1 0
0 33.92 1.58 1 1 1 0 1 0 0 0 2 320 1 0
0 27.67 1.5 2 7 4 2 1 0 0 0 1 368 1 0
1 22.17 12.12 2 8 4 3.335 0 1 2 1 2 180 174 0
1 21.58 0.79 1 13 4 0.665 0 0 0 0 2 160 1 0
1 19.57 0.58 2 1 1 0 0 1 3 0 2 350 770 0
1 27.75 0.58 1 13 4 0.25 1 1 2 0 2 260 501 1
0 41 2.04 1 11 8 0.125 1 1 23 1 2 455 1237 1
1 32.67 5.5 2 11 8 5.5 1 1 12 1 2 408 1001 1
0 55.75 7.08 2 4 8 6.75 1 1 3 1 2 100 51 0
1 29.92 1.83 2 8 8 4.335 1 0 0 0 2 260 201 1
0 20.42 10.5 1 14 8 0 0 0 0 1 2 154 33 0
1 55.92 11.5 2 1 1 5 1 1 5 0 2 0 8852 1
0 22.5 8.5 2 11 4 1.75 1 1 10 0 2 80 991 0
0 28.08 15 1 10 9 0 1 0 0 0 2 0 13213 1
1 39.33 5.87 2 13 8 10 1 1 14 1 2 399 1 1
0 33.25 2.5 1 8 4 2.5 0 0 0 1 2 0 3 0
0 40.83 3.5 2 3 5 0.5 0 0 0 0 1 1160 1 0
1 25 11.25 2 8 4 2.5 1 1 17 0 2 200 1209 1
1 21.17 0.87 1 8 8 0.25 0 0 0 0 2 280 205 0
1 24.58 1.25 2 8 4 0.25 0 0 0 0 2 110 1 0
1 39.92 0.54 1 6 4 0.5 1 1 3 0 2 200 1001 1
0 22.67 0.75 2 8 4 2 0 1 2 1 2 200 395 0
1 59.67 1.54 2 11 4 0.125 1 0 0 1 2 260 1 1
1 22.67 1.58 1 9 4 3.085 1 1 6 0 2 80 1 1
1 25 12.5 2 6 4 3 1 0 0 1 1 20 1 1
1 23.58 0.46 1 9 4 2.625 1 1 6 1 2 208 348 0
1 31 2.08 2 8 4 0.085 0 0 0 0 2 300 1 0
1 38.25 10.12 1 4 4 0.125 0 0 0 0 2 160 1 0
1 43.17 2.25 2 3 5 0.75 1 0 0 0 2 560 1 0
1 19.67 0.37 2 11 4 2 1 1 2 1 2 80 1 1
1 23.25 1.5 2 11 4 2.375 1 1 3 1 2 0 583 1
1 32.92 2.5 2 6 4 1.75 0 1 2 1 2 720 1 0
1 17.67 4.46 2 8 4 0.25 0 0 0 0 1 80 1 0
0 25.17 2.87 2 14 8 0.875 1 0 0 0 2 360 1 1
1 36.17 0.42 1 9 4 0.29 0 0 0 1 2 309 3 0
1 23.42 0.58 2 8 8 0.085 1 0 0 0 2 180 1 0
0 25.75 0.5 2 8 8 0.875 1 0 0 1 2 491 1 1
0 20.83 0.5 1 10 2 1 0 0 0 0 2 260 1 0

