1 67.75 5.5 2 10 9 13 1 1 1 1 2 0 1 1
1 22.67 0.16 2 8 3 2.25 0 0 0 1 1 0 1 1
1 22.67 1.58 1 9 4 3.085 1 1 6 0 2 80 1 1
1 23 0.75 2 7 4 0.5 1 0 0 1 1 320 1 0
1 27.25 1.66 2 13 8 5.085 1 1 9 0 2 399 828 1
0 18.92 9.25 1 8 4 1 1 1 4 1 2 80 501 1
1 52.5 6.5 2 4 4 6.29 1 1 15 0 2 0 11203 1
1 29.25 13 2 2 8 0.5 0 0 0 0 2 228 1 0
1 23.92 0.58 1 13 8 0.125 0 0 0 0 2 240 2 0
1 47.67 0.28 2 8 5 15 1 1 20 0 2 0 15001 1
1 29.83 3.5 2 8 4 0.165 0 0 0 0 2 216 1 0
1 24.5 13.33 1 6 4 0.04 0 0 0 1 2 120 476 0
1 48.17 3.5 2 6 4 3.5 1 0 0 0 1 230 1 1
0 33.08 1.62 2 2 4 0.54 0 0 0 1 2 0 1 0
1 35.17 4.5 2 14 8 5.75 0 0 0 1 1 711 1 1
0 38.75 1.5 2 1 1 0 0 0 0 0 2 76 1 0
1 29.25 13 2 2 8 0.5 0 0 0 0 2 228 1 0
1 31.33 19.5 2 8 4 7 1 1 16 0 2 0 5001 1
1 23.08 2.5 2 1 1 0.085 0 0 0 1 2 100 4209 0
0 18.42 9.25 2 11 4 1.21 1 1 4 0 2 60 541 1
0 22.42 11.25 1 14 8 0.75 1 1 4 0 2 0 322 1
0 19.17 5.41 2 3 8 0.29 0 0 0 0 2 80 485 0
0 35.17 3.75 2 1 1 0 0 1 6 0 2 0 201 0
1 51.83 3 1 1 1 1.5 0 0 0 0 2 180 5 0
0 19.75 0.75 2 8 4 0.795 1 1 5 1 2 140 6 0
1 27 1.5 1 9 4 0.375 1 0 0 1 2 260 1066 1
0 24.75 12.5 2 6 4 1.5 1 1 12 1 2 120 568 1
1 45 8.5 2 13 8 14 1 1 1 1 2 88 2001 1
1 34.5 4.04 1 3 5 8.5 1 1 7 1 2 195 1 1
1 24.58 12.5 2 9 4 0.875 1 0 0 1 2 260 1 0
0 29.5 2 1 10 8 2 0 0 0 0 2 256 18 0
1 23.08 2.5 2 1 1 0.085 0 0 0 1 2 100 4209 0
1 34.92 2.5 2 9 4 0 1 0 0 1 2 239 201 1
1 25.58 0.33 2 4 8 3.5 0 0 0 1 2 340 1 0
1 22.58 10.03 2 14 4 0.04 1 1 9 0 2 60 397 1
1 21.33 7.5 2 6 4 1.415 1 1 1 0 2 80 9801 1
0 25.08 2.54 1 6 4 0.25 1 0 0 1 2 370 1 1
0 20.67 3 2 11 4 0.165 1 1 3 0 2 100 7 1
1 41.17 4.04 2 13 8 7 1 1 8 0 2 320 1 1
1 22.67 0.16 2 8 3 2.25 0 0 0 1 1 0 1 1
1 58.58 2.71 2 8 4 2.415 0 0 0 1 2 320 1 0
1 31.57 3 1 3 5 7 0 0 0 0 2 0 2 0
1 43.25 25.21 2 11 8 0.21 1 1 1 0 2 760 91 0
1 36.33 2.12 1 9 4 0.085 1 1 1 0 2 50 1188 1
1 31.57 3 1 3 5 7 0 0 0 0 2 0 2 0
1 31.25 1.12 2 1 1 0 0 1 1 0 2 96 20 0
1 29.5 0.57 2 9 4 0.29 0 1 1 0 2 340 2804 0
1 25.83 12.83 2 13 4 0.5 0 0 0 0 2 0 3 0
0 22.92 11.58 2 13 4 0.04 1 0 0 0 2 80 1350 1
1 44.33 0.5 2 3 8 5 1 0 0 1 2 320 1 1
0 18.82 4.41 1 8 8 3 1 0 0 0 2 240 1 1
1 54.33 6.75 2 8 8 2.625 1 1 11 1 2 0 285 1
1 30.33 0.5 2 2 8 0.085 0 0 0 1 1 252 1 0
1 18.5 2 2 3 4 1.5 1 1 2 0 2 120 301 1
0 33.08 4.62 2 11 8 1.625 1 1 2 0 2 0 1 1
1 25.83 12.83 2 13 4 0.5 0 0 0 0 2 0 3 0
1 33.58 0.25 2 3 5 4 0 0 0 1 1 420 1 0
1 31.57 4 2 14 4 5 1 1 3 1 2 290 2280 1
1 32.75 2.33 2 2 8 5.75 0 0 0 1 2 292 1 0
0 46.67 0.46 2 13 8 0.415 1 1 11 1 2 440 7 1
1 37.33 2.66 2 13 4 0.165 0 0 0 1 2 0 502 0
0 29.5 2 1 10 8 2 0 0 0 0 2 256 18 0
0 40.83 10 2 11 8 1.75 1 0 0 0 2 29 838 1
1 38.42 0.7 2 8 4 0.375 0 1 2 0 2 225 501 0
0 15.75 0.37 2 8 4 1 0 0 0 0 2 120 19 0
1 22.17 2.25 2 3 4 0.125 0 0 0 0 2 160 11 0
1 25.67 2.21 1 6 4 4 1 0 0 0 2 188 1 0
1 29.92 1.83 2 8 8 4.335 1 0 0 0 2 260 201 1
1 23.92 0.58 1 13 8 0.125 0 0 0 0 2 240 2 0
1 37.5 1.12 1 2 4 1.5 0 0 0 1 2 431 1 1
1 55.92 11.5 2 1 1 5 1 1 5 0 2 0 8852 1
0 20.42 10.5 1 14 8 0 0 0 0 1 2 154 33 0
0 32.33 0.54 2 13 4 0.04 1 0 0 0 2 440 11178 1
0 22.67 0.33 2 11 4 0.75 0 0 0 0 1 160 1 0
0 28.67 1.04 2 8 4 2.5 1 1 5 1 2 300 1431 1
1 20.07 0.25 2 11 4 0.125 0 0 0 0 2 200 1 0
1 44.25 0.5 2 7 4 10.75 1 0 0 0 1 400 1 0
0 19.75 0.75 2 8 4 0.795 1 1 5 1 2 140 6 0
1 49.58 19 2 1 1 0 1 1 1 0 2 94 1 0
0 29.5 2 1 10 8 2 0 0 0 0 2 256 18 0
0 60.58 16.5 2 11 4 11 1 0 0 1 2 21 10562 1
1 35.25 16.5 1 8 4 4 1 0 0 0 2 80 1 0
1 19.32 10.91 2 8 5 0.585 0 1 2 1 2 200 8 0
0 49 1.5 2 5 3 0 1 0 0 1 2 100 28 0
0 35.17 3.75 2 1 1 0 0 1 6 0 2 0 201 0
1 41.17 4.04 2 13 8 7 1 1 8 0 2 320 1 1
1 39.92 0.54 1 6 4 0.5 1 1 3 0 2 200 1001 1
1 33.17 3.04 1 8 8 2.04 1 1 1 1 2 180 18028 1
0 20.83 0.5 1 10 2 1 0 0 0 0 2 260 1 0
1 33.58 0.25 2 3 5 4 0 0 0 1 1 420 1 0
1 40 6.5 2 6 5 3.5 1 1 1 0 2 0 501 1
1 34.92 5 2 14 8 7.5 1 1 6 1 2 0 1001 1
1 40.58 3.29 2 7 4 3.5 0 0 0 1 1 400 1 0
1 23.92 1.5 2 2 8 1.875 1 1 6 0 2 200 328 1
1 23.08 2.5 2 1 1 0.085 0 0 0 1 2 100 4209 0
1 25.92 0.87 2 4 4 0.375 0 1 2 1 2 174 4 0
0 20.42 10.5 1 14 8 0 0 0 0 1 2 154 33 0
1 26.67 1.75 1 8 4 1 1 1 5 1 2 160 5778 1
0 27.25 0.28 2 7 8 0.125 0 1 1 1 2 272 109 0
0 33.67 0.37 2 13 4 0.375 0 0 0 0 2 300 45 1
1 23.42 0.58 2 8 8 0.085 1 0 0 0 2 180 1 0
0 23.75 0.71 2 9 4 0.25 0 1 1 1 2 240 5 0
0 22.67 0.75 2 8 4 2 0 1 2 1 2 200 395 0
0 42.25 1.75 1 8 4 0 0 0 0 1 2 150 2 0
0 40.83 10 2 11 8 1.75 1 0 0 0 2 29 838 1
1 34.17 2.75 2 3 5 2.5 0 0 0 1 2 232 201 0
0 31.75 3 1 5 3 0 0 0 0 0 2 160 21 0
1 37.42 2.04 2 9 4 0.04 1 0 0 1 2 400 5801 1
1 37.75 7 2 11 8 11.5 1 1 7 1 2 300 6 0
0 56.83 4.25 1 1 1 5 0 0 0 1 2 0 5 0

