0 19.75 0.75 2 8 4 0.795 1 1 5 1 2 140 6 0
0 24.83 4.5 2 9 4 1 0 0 0 1 2 360 7 0
1 33.5 1.75 2 14 8 4.5 1 1 4 1 2 253 858 1
0 49 1.5 2 5 3 0 1 0 0 1 2 100 28 0
1 19.5 0.28 2 4 4 0.29 0 0 0 0 2 280 365 0
1 32.08 4 2 7 4 2.5 1 0 0 1 2 360 1 1
1 42.83 1.25 2 7 4 13.875 0 1 1 1 2 352 113 0
1 36.75 0.12 1 8 4 1.5 0 0 0 1 2 232 114 1
1 20 7 2 8 4 0.5 0 0 0 0 2 0 1 0
0 33.08 1.62 2 2 4 0.54 0 0 0 1 2 0 1 0
1 34.17 9.17 2 8 4 4.5 1 1 12 1 2 0 222 1
0 22.5 0.41 2 3 4 0.335 0 0 0 1 1 144 1 0
1 23 0.62 1 6 4 0.125 1 0 0 0 2 180 2 0
1 52.42 1.5 2 2 4 3.75 0 0 0 1 2 0 351 0
1 24.58 1.25 2 8 4 0.25 0 0 0 0 2 110 1 0
0 25.33 2.08 2 8 8 2.75 1 0 0 1 2 360 2 0
1 30.17 6.5 2 13 4 3.125 1 1 8 0 2 330 1201 1
1 16.17 0.04 2 8 4 0.04 0 0 0 0 2 0 1 1
1 22.92 3.16 1 8 4 0.165 0 0 0 0 2 160 1059 0
1 31.25 1.12 2 1 1 0 0 1 1 0 2 96 20 0
1 20.17 5.62 2 9 4 1.71 1 0 0 0 1 120 1 1
1 23.92 1.5 2 2 8 1.875 1 1 6 0 2 200 328 1
1 16.07 0.75 2 8 4 1.75 1 1 5 1 2 352 691 1
1 32 1.75 1 10 8 0.04 1 0 0 1 2 393 1 1
0 27.67 1.5 2 7 4 2 1 0 0 0 1 368 1 0
1 40.58 3.29 2 7 4 3.5 0 0 0 1 1 400 1 0
1 73.42 17.75 2 1 1 0 1 0 0 1 2 0 1 1
1 20.17 9.25 2 8 4 1.665 1 1 3 1 2 40 29 1
0 35.42 12 2 11 8 14 1 1 8 0 2 0 6591 1
0 33.75 0.75 2 4 5 1 1 1 3 1 2 212 1 0
1 30.17 6.5 2 13 4 3.125 1 1 8 0 2 330 1201 1
0 16.5 1.25 2 11 4 0.25 0 1 1 0 2 108 99 0
1 34.67 1.08 2 7 4 1.165 0 0 0 0 1 28 1 0
1 47.33 6.5 2 8 4 1 0 0 0 1 2 0 229 0
1 22.92 3.16 1 8 4 0.165 0 0 0 0 2 160 1059 0
1 59.5 2.75 2 9 4 1.75 1 1 5 1 2 60 59 1
1 20.07 0.25 2 11 4 0.125 0 0 0 0 2 200 1 0
1 21.58 0.79 1 13 4 0.665 0 0 0 0 2 160 1 0
0 17.32 9.5 2 6 4 1.75 0 1 10 1 2 0 11 0
0 25 12.33 2 13 8 3.5 1 1 6 0 2 400 459 1
0 46.67 0.46 2 13 8 0.415 1 1 11 1 2 440 7 1
1 55.92 11.5 2 1 1 5 1 1 5 0 2 0 8852 1
1 23.17 11.12 2 14 8 0.46 1 1 1 0 2 100 1 1
1 26.17 0.83 2 13 4 1.165 0 0 0 0 2 100 1 0
1 20.5 10 1 8 4 2.5 1 0 0 0 1 40 1 1
0 58.42 21 2 3 5 10 1 1 13 0 2 0 6701 1
0 37.75 5.5 2 11 4 0.125 1 0 0 1 2 228 1 1
1 65.42 11 2 10 9 20 1 1 7 1 2 22 1 1
1 37.33 6.5 2 7 8 4.25 1 1 12 1 2 93 1 1
1 27.58 2.04 1 6 4 2 1 1 3 1 2 370 561 1
1 17.67 4.46 2 8 4 0.25 0 0 0 0 1 80 1 0
1 55.92 11.5 2 1 1 5 1 1 5 0 2 0 8852 1
1 34.92 5 2 14 8 7.5 1 1 6 1 2 0 1001 1
1 24.5 13.33 1 6 4 0.04 0 0 0 1 2 120 476 0
0 24.75 12.5 2 6 4 1.5 1 1 12 1 2 120 568 1
0 38.75 1.5 2 1 1 0 0 0 0 0 2 76 1 0
1 17.07 3.29 2 3 4 0.335 0 0 0 1 2 140 3 0
0 18.42 9.25 2 11 4 1.21 1 1 4 0 2 60 541 1
1 63.33 0.54 2 8 4 0.585 1 1 3 1 2 180 1 0
1 16.32 2.75 2 6 4 0.665 0 1 1 0 2 80 22 0
1 19 0 1 1 1 0 0 1 4 0 2 45 2 0
1 42.75 4.08 2 6 4 0.04 0 0 0 0 2 108 101 0
0 33.92 1.58 1 1 1 0 1 0 0 0 2 320 1 0
1 24.33 6.62 1 2 4 5.5 1 0 0 1 1 100 1 1
1 67.75 5.5 2 10 9 13 1 1 1 1 2 0 1 1
1 56.42 28 1 8 4 28.5 1 1 40 0 2 0 16 1
1 32 1.75 1 10 8 0.04 1 0 0 1 2 393 1 1
1 26.75 2 2 2 4 0.75 0 0 0 1 2 80 1 0
1 34 5.5 1 8 4 1.5 0 0 0 1 2 60 1 0
1 34 5.5 1 8 4 1.5 0 0 0 1 2 60 1 0
1 44 2 2 7 4 1.75 1 1 2 1 2 0 16 1
1 48.08 6.04 2 4 4 0.04 0 0 0 0 2 0 2691 1
1 39.83 0.5 2 7 4 0.25 1 0 0 0 1 288 1 0
1 23.08 0 2 4 4 1 0 1 11 0 1 0 1 0
1 42.75 3 2 3 5 1 1 0 0 0 2 0 201 0
1 23.25 1 2 8 4 0.835 1 0 0 0 1 300 1 1
1 26.67 4.25 2 13 4 4.29 1 1 1 1 2 120 1 1
1 31.57 0.37 2 2 4 0.875 1 0 0 1 1 928 1 0
1 34.67 1.08 2 7 4 1.165 0 0 0 0 1 28 1 0
1 39.17 1.71 2 14 4 0.125 1 1 5 1 2 480 1 1
1 13.75 4 1 9 4 1.75 1 1 2 1 2 120 1001 1
1 31.83 0.04 1 7 4 0.04 0 0 0 0 2 0 1 0
0 33.25 3 1 6 4 2 0 0 0 0 2 180 1 0
1 31 2.08 2 8 4 0.085 0 0 0 0 2 300 1 0
1 21.5 9.75 2 8 4 0.25 1 0 0 0 2 140 1 0
1 57.83 7.04 2 7 4 14 1 1 6 1 2 360 1333 1
0 46.67 0.46 2 13 8 0.415 1 1 11 1 2 440 7 1
0 19.17 5.41 2 3 8 0.29 0 0 0 0 2 80 485 0
1 40.58 1.5 2 3 5 0 0 0 0 0 1 300 1 0
0 21.08 5 1 1 1 0 0 0 0 0 2 0 1 0
1 21.33 10.5 2 8 4 3 1 0 0 1 2 0 1 1
1 24.58 12.5 2 9 4 0.875 1 0 0 1 2 260 1 0
1 49.17 2.29 2 1 1 0.29 0 0 0 0 2 200 4 0
1 51.83 2.04 1 1 1 1.5 0 0 0 0 2 120 2 0
1 32.92 2.5 2 6 4 1.75 0 1 2 1 2 720 1 0
0 47.42 3 2 14 4 13.875 1 1 2 1 2 519 1705 1
0 47 13 2 3 5 5.165 1 1 9 1 2 0 1 1
1 13.75 4 1 9 4 1.75 1 1 2 1 2 120 1001 1
1 23.92 0.58 1 13 8 0.125 0 0 0 0 2 240 2 0
1 26.33 13 2 10 2 0 0 0 0 1 2 140 1111 0
1 24.33 6.62 1 2 4 5.5 1 0 0 1 1 100 1 1
1.234 22.08 11.46 2 4 4 1.585 0 0 0 1 2 100 1213 0
1 30.17 1.08 1 8 4 0.04 0 0 0 0 2 170 180 0
0 45 4.58 2 4 8 1 0 0 0 1 1 240 1 0
1 25.67 0.28 1 8 4 1.5 0 0 0 1 2 160 1 0
1 34 5.08 1 3 5 1.085 0 0 0 1 2 480 1 0
0 19.17 0.58 1 6 4 0.585 1 0 0 1 2 160 1 0
1 40.58 1.5 2 3 5 0 0 0 0 0 1 300 1 0
0 36.58 0.28 2 1 1 0 0 1 10 0 2 200 19 0
0 21.75 11.75 2 8 4 0.25 0 0 0 1 2 180 1 0

