1 30.75 1.58 2 2 4 0.585 0 0 0 1 1 0 1 0
0 15.83 0.58 2 8 8 1.5 1 1 2 0 2 100 1 1
0 19.75 0.75 2 8 4 0.795 1 1 5 1 2 140 6 0
1 19.17 0 1 7 5 0 0 0 0 1 1 500 2 1
1 43 0.28 1 13 8 1.75 1 1 8 0 2 100 376 1
1 30.75 1.58 2 2 4 0.585 0 0 0 1 1 0 1 0
0 19.67 0.21 2 11 8 0.29 1 1 11 0 2 80 100 1
0 40.83 10 2 11 8 1.75 1 0 0 0 2 29 838 1
0 22.5 8.5 2 11 4 1.75 1 1 10 0 2 80 991 0
1 39.33 5.87 2 13 8 10 1 1 14 1 2 399 1 1
1 16 3.12 2 9 4 0.085 0 1 1 0 2 0 7 0
1 26.67 1.75 1 8 4 1 1 1 5 1 2 160 5778 1
1 23.33 1.5 2 8 8 1.415 1 0 0 0 2 422 201 1
1 22.08 0.83 2 8 8 2.165 0 0 0 1 2 128 1 1
1 21.33 10.5 2 8 4 3 1 0 0 1 2 0 1 1
1 27.83 1 1 2 8 3 0 0 0 0 2 176 538 0
1 27.25 1.66 2 13 8 5.085 1 1 9 0 2 399 828 1
1 52.33 1.37 1 8 8 9.46 1 0 0 1 2 200 101 0
1 23.42 0.58 2 8 8 0.085 1 0 0 0 2 180 1 0
1 36.17 5.5 2 3 5 5 0 0 0 0 2 210 688 0
1 26.75 2 2 2 4 0.75 0 0 0 1 2 80 1 0
1 26.75 1.12 2 14 8 1.25 1 0 0 0 2 0 5299 1
1 39.17 1.71 2 14 4 0.125 1 1 5 1 2 480 1 1
1 24.08 9 2 6 4 0.25 0 0 0 1 2 0 1 0
1 23.92 0.66 2 8 4 0.165 0 0 0 0 2 100 1 1
1 28.25 0.87 2 7 4 0.96 1 1 3 1 2 396 1 1
0 23.25 5.87 2 11 4 3.17 1 1 10 0 2 120 246 1
1 26.17 0.25 2 3 5 0 1 0 0 1 2 0 1 1
0 22.83 2.29 2 11 8 2.29 1 1 7 1 2 140 2385 1
1 41 0.04 2 10 4 0.04 0 1 1 0 1 560 1 1
1 25 12 2 4 4 2.25 1 1 2 1 2 120 6 0
1 22.75 11 2 11 4 2.5 1 1 7 1 2 100 810 1
1 31.83 0.04 1 7 4 0.04 0 0 0 0 2 0 1 0
1 23 0.75 2 7 4 0.5 0 0 0 1 1 320 1 0
1 24.17 0.87 2 11 4 4.625 1 1 2 1 2 520 2001 1
1 31.08 3.08 2 8 4 2.5 0 1 2 1 2 160 42 0
1 22.75 11 2 11 4 2.5 1 1 7 1 2 100 810 1
1 28 2 2 4 8 4.165 1 1 2 1 2 181 1 1
0 33.67 0.37 2 13 4 0.375 0 0 0 0 2 300 45 1
1 20.42 0 2 8 4 0 0 0 0 0 3 184 1 0
1 42 0.2 2 3 8 5.125 1 0 0 0 2 400 1 1
0 27.17 1.25 2 1 1 0 0 1 1 0 2 92 301 0
1 22.17 2.25 2 3 4 0.125 0 0 0 0 2 160 11 0
0 21.75 1.75 1 5 3 0 0 0 0 0 2 160 1 0
1 47.67 0.28 2 8 5 15 1 1 20 0 2 0 15001 1
0 64.08 0.16 2 1 1 0 1 1 1 0 2 232 101 1
1 23.25 4 2 8 5 0.25 1 0 0 1 2 160 1 1
1 29.83 2.04 1 14 8 0.04 0 0 0 0 2 128 2 0
1 27.83 1 1 2 8 3 0 0 0 0 2 176 538 0
0 35.75 0.91 2 6 4 0.75 1 1 4 0 2 0 1584 1
0 26.17 2 2 5 3 0 0 0 0 1 2 276 2 0
0 35.75 0.91 2 6 4 0.75 1 1 4 0 2 0 1584 1
0 16.5 1.25 2 11 4 0.25 0 1 1 0 2 108 99 0
1 31.58 0.75 1 6 4 3.5 0 0 0 1 2 320 1 0
0 28.17 0.58 2 6 4 0.04 0 0 0 0 2 260 1005 0
1 33.58 0.25 2 3 5 4 0 0 0 1 1 420 1 0
1 16.07 0.75 2 8 4 1.75 1 1 5 1 2 352 691 1
1 37.5 1.12 1 2 4 1.5 0 0 0 1 2 431 1 1
1 34.25 1.75 2 9 5 0.25 1 0 0 1 2 163 1 0
0 35.42 12 2 11 8 14 1 1 8 0 2 0 6591 1
1 36.67 3.25 2 11 8 9 1 0 0 1 2 102 640 1
0 39.08 4 2 8 4 3 0 0 0 0 2 480 1 0
1 57.42 8.5 2 10 8 7 1 1 3 0 2 0 1 1
0 23.58 0.58 1 1 1 0.125 0 0 0 0 2 120 88 0
0 17.32 9.5 2 6 4 1.75 0 1 10 1 2 0 11 0
1 32.08 4 2 7 4 2.5 1 0 0 1 2 360 1 1
1 42.83 4.62 2 11 4 4.58 1 0 0 0 1 0 1 1
1 51.83 2.04 1 1 1 1.5 0 0 0 0 2 120 2 0
1 34.42 1.33 2 3 5 0.125 0 0 0 1 2 440 4501 0
0 28.75 3.75 2 8 4 1.085 1 1 1 1 2 371 1 1
1 34.17 1.54 2 13 4 1.54 1 1 1 1 2 520 50001 1
0 20.75 9.53 2 3 4 0.04 0 0 0 0 2 200 1001 0
1 35.25 3.16 2 14 8 3.75 1 0 0 1 2 680 1 0
1 22.08 11 2 13 4 0.665 1 0 0 0 2 100 1 1
0 31.57 11.25 2 1 1 0 0 0 0 0 2 184 5201 0
1 27.75 1.29 2 4 8 0.25 0 0 0 1 1 140 1 0
1 35.25 16.5 1 8 4 4 1 0 0 0 2 80 1 0
0 39.08 4 2 8 4 3 0 0 0 0 2 480 1 0
1 24.42 12.33 2 11 8 1.585 1 0 0 1 2 120 1 1
0 35.75 0.91 2 6 4 0.75 1 1 4 0 2 0 1584 1
1 25.67 2.21 1 6 4 4 1 0 0 0 2 188 1 0
0 17.32 9.5 2 6 4 1.75 0 1 10 1 2 0 11 0
1 32 1.75 1 10 8 0.04 1 0 0 1 2 393 1 1
0 37.33 2.5 2 3 8 0.21 0 0 0 0 2 260 247 0
1 43.17 5 2 3 5 2.25 0 0 0 1 2 141 1 0
1 28.75 1.16 2 4 4 0.5 1 0 0 0 1 280 1 0
0 17.82 11 2 14 8 1 1 1 11 0 2 0 3001 1
1 37.75 7 2 11 8 11.5 1 1 7 1 2 300 6 0
0 64.08 0.16 2 1 1 0 1 1 1 0 2 232 101 1
1 57.42 8.5 2 10 8 7 1 1 3 0 2 0 1 1
1 28.75 1.5 1 8 4 1.5 1 0 0 1 2 0 226 0
1 40.92 0.83 2 1 1 0 1 0 0 0 2 130 2 0
1 39.92 0.54 1 6 4 0.5 1 1 3 0 2 200 1001 1
1 27.58 2.04 1 6 4 2 1 1 3 1 2 370 561 1
1 33.58 0.25 2 3 5 4 0 0 0 1 1 420 1 0
0 24.5 12.75 2 8 5 4.75 1 1 2 0 2 73 445 1
1 32.08 4 2 7 4 2.5 1 0 0 1 2 360 1 1
1 22.67 0.16 2 8 3 2.25 0 0 0 1 1 0 1 1
1 36.33 3.79 2 9 4 1.165 1 0 0 1 2 200 1 0
1 29.58 4.5 2 9 4 7.5 1 1 2 1 2 330 1 1
0 37.33 2.5 2 3 8 0.21 0 0 0 0 2 260 247 0
1 31.83 2.5 2 6 4 7.5 1 0 0 1 2 523 1 0
0 25.25 13.5 1 1 1 2 0 1 1 1 2 200 2 0
1 51.83 2.04 1 1 1 1.5 0 0 0 0 2 120 2 0
1 19.17 0 1 7 5 0 0 0 0 1 1 500 2 1
0 23.58 0.58 1 1 1 0.125 0 0 0 0 2 120 88 0
1 22.92 0.17 2 7 4 0.085 0 0 0 0 1 0 1 0
1 43 0.28 1 13 8 1.75 1 1 8 0 2 100 376 1
0 27.58 3 2 7 4 2.79 0 1 1 1 2 280 11 0
0 45 4.58 2 4 8 1 0 0 0 1 1 240 1 0

