1 18.42 10.41 1 6 4 0.125 1 0 0 0 2 120 376 0
1 33.75 2.75 2 3 5 0 0 0 0 0 2 180 1 0
1 33.17 1 2 14 4 0.75 1 1 7 1 2 340 4072 1
1 32.67 5.5 2 11 8 5.5 1 1 12 1 2 408 1001 1
1 54.33 6.75 2 8 8 2.625 1 1 11 1 2 0 285 1
0 47.42 3 2 14 4 13.875 1 1 2 1 2 519 1705 1
1 65.42 11 2 10 9 20 1 1 7 1 2 22 1 1
1 44.83 7 1 8 4 1.625 0 0 0 0 2 160 3 0
1 35.75 2.41 2 9 4 0.125 0 1 2 0 2 220 2 0
1 23.17 0 2 8 4 0 0 0 0 0 3 184 1 1
1 24.5 13.33 1 6 4 0.04 0 0 0 1 2 120 476 0
1 35.17 4.5 2 14 8 5.75 0 0 0 1 1 711 1 1
1 57.83 7.04 2 7 4 14 1 1 6 1 2 360 1333 1
1 22.67 2.54 1 8 8 2.585 1 0 0 0 2 0 1 1
0 27.67 1.5 2 7 4 2 1 0 0 0 1 368 1 0
1 36.67 3.25 2 11 8 9 1 0 0 1 2 102 640 1
1 22.67 0.75 2 3 4 1.585 0 1 1 1 2 400 10 0
1 24.08 9 2 6 4 0.25 0 0 0 1 2 0 1 0
0 23.25 5.87 2 11 4 3.17 1 1 10 0 2 120 246 1
1 23.58 0.46 1 9 4 2.625 1 1 6 1 2 208 348 0
1 30.17 0.5 2 8 4 1.75 1 1 11 0 2 32 541 1
0 30 5.29 2 10 2 2.25 1 1 5 1 2 99 501 1
0 18.92 9.25 1 8 4 1 1 1 4 1 2 80 501 1
1 22.17 12.12 2 8 4 3.335 0 1 2 1 2 180 174 0
1 30.17 0.5 2 8 4 1.75 1 1 11 0 2 32 541 1
1 16 3.12 2 9 4 0.085 0 1 1 0 2 0 7 0
0 18.07 0.37 3 13 1 10 0 0 0 1 1 300 1 1
0 36.58 0.28 2 1 1 0 0 1 10 0 2 200 19 0
1 30.17 6.5 2 13 4 3.125 1 1 8 0 2 330 1201 1
1 16 3.12 2 9 4 0.085 0 1 1 0 2 0 7 0
1 38.25 10.12 1 4 4 0.125 0 0 0 0 2 160 1 0
0 69.5 6 2 1 1 0 0 0 0 0 1 0 1 0
0 19.75 0.75 2 8 4 0.795 1 1 5 1 2 140 6 0
0 57.58 2 2 1 1 6.5 0 1 1 0 2 0 11 0
0 17.92 10.21 2 1 1 0 0 0 0 0 2 0 51 0
0 20.75 10.25 2 11 4 0.71 1 1 2 1 2 49 1 1
1 19 1.75 1 8 4 2.335 0 0 0 1 2 112 7 0
1 16.25 0.83 2 7 4 0.085 1 0 0 0 1 200 1 0
1 31.92 4.46 2 13 8 6.04 1 1 3 0 2 311 301 1
0 22.5 0.41 2 3 4 0.335 0 0 0 1 1 144 1 0
0 27.58 3 2 7 4 2.79 0 1 1 1 2 280 11 0
0 38.58 5 2 13 4 13.5 1 0 0 1 2 980 1 0
0 68.67 15 2 10 9 0 1 1 14 0 2 0 3377 1
0 55.75 7.08 2 4 8 6.75 1 1 3 1 2 100 51 0
1 56 12.5 2 4 8 8 1 0 0 1 2 24 2029 1
0 27.67 2.04 2 9 4 0.25 0 0 0 1 2 180 51 0
0 26.92 13.5 2 11 8 5 1 1 2 0 2 0 5001 1
0 64.08 0.16 2 1 1 0 1 1 1 0 2 232 101 1
0 17.92 10.21 2 1 1 0 0 0 0 0 2 0 51 0
1 37.75 7 2 11 8 11.5 1 1 7 1 2 300 6 0
0 27.67 2.04 2 9 4 0.25 0 0 0 1 2 180 51 0
1 32.33 7.5 2 10 5 1.585 1 0 0 1 1 420 1 0
1 32 1.75 1 10 8 0.04 1 0 0 1 2 393 1 1
1 38.25 10.12 1 4 4 0.125 0 0 0 0 2 160 1 0
1 19.57 0.58 2 1 1 0 0 1 3 0 2 350 770 0
1 27 1.5 1 9 4 0.375 1 0 0 1 2 260 1066 1
1 21.17 0.87 1 8 8 0.25 0 0 0 0 2 280 205 0
0 44.33 0 2 8 4 2.5 1 0 0 0 2 0 1 1
1 22.75 11 2 11 4 2.5 1 1 7 1 2 100 810 1
1 41.17 1.25 1 9 4 0.25 0 0 0 0 2 0 196 0
1 57.42 8.5 2 10 8 7 1 1 3 0 2 0 1 1
1 34.92 2.5 2 9 4 0 1 0 0 1 2 239 201 1
1 20 0 2 2 4 0.5 0 0 0 0 2 144 1 0
1 21.92 0.54 1 14 4 0.04 1 1 1 1 2 840 60 1
1 37.5 0.83 2 10 4 0.04 0 0 0 0 2 120 6 0
1 37.33 2.66 2 13 4 0.165 0 0 0 1 2 0 502 0
1 25.25 1 2 6 4 0.5 0 0 0 0 2 200 1 0
0 23 11.75 2 14 8 0.5 1 1 2 1 2 300 552 1
1 29.83 2.04 1 14 8 0.04 0 0 0 0 2 128 2 0
0 58.42 21 2 3 5 10 1 1 13 0 2 0 6701 1
0 23.42 0.79 1 11 4 1.5 1 1 2 1 2 80 401 1
1 17.07 0.08 1 8 4 0.04 0 0 0 0 2 140 723 0
1 20.67 0.83 1 8 4 2 0 0 0 1 1 240 1 0
0 24.83 4.5 2 9 4 1 0 0 0 1 2 360 7 0
1 59.67 1.54 2 11 4 0.125 1 0 0 1 2 260 1 1
1 40.58 1.5 2 3 5 0 0 0 0 0 1 300 1 0
1 37.5 1.12 1 2 4 1.5 0 0 0 1 2 431 1 1
0 58.42 21 2 3 5 10 1 1 13 0 2 0 6701 1
0 24.5 12.75 2 8 5 4.75 1 1 2 0 2 73 445 1
1 30.75 1.58 2 2 4 0.585 0 0 0 1 1 0 1 0
1 24.83 2.75 2 8 4 2.25 1 1 6 0 2 184 601 1
1 33.75 2.75 2 3 5 0 0 0 0 0 2 180 1 0
1 23.75 12 2 8 4 2.085 0 0 0 0 1 80 1 0
1 33.75 2.75 2 3 5 0 0 0 0 0 2 180 1 0
1 36.17 0.42 1 9 4 0.29 0 0 0 1 2 309 3 0
0 32 6 2 2 4 1.25 0 0 0 0 2 272 1 0
1 36.75 0.12 1 8 4 1.5 0 0 0 1 2 232 114 1
0 25 12.33 2 13 8 3.5 1 1 6 0 2 400 459 1
0 35.75 0.91 2 6 4 0.75 1 1 4 0 2 0 1584 1
1 25.25 1 2 6 4 0.5 0 0 0 0 2 200 1 0
1 74.83 19 1 1 1 0.04 0 1 2 0 2 0 352 0
0 41 2.04 1 11 8 0.125 1 1 23 1 2 455 1237 1
1 26.83 0.54 2 4 1 0 0 0 0 0 2 100 1 0
1 19.67 0.37 2 11 4 2 1 1 2 1 2 80 1 1
1 36.17 0.42 1 9 4 0.29 0 0 0 1 2 309 3 0
0 21.75 11.75 2 8 4 0.25 0 0 0 1 2 180 1 0
0 38.75 1.5 2 1 1 0 0 0 0 0 2 76 1 0
0 40.83 10 2 11 8 1.75 1 0 0 0 2 29 838 1
1 33.17 3.16 1 14 4 3.165 1 1 3 1 2 380 1 1
1 58.58 2.71 2 8 4 2.415 0 0 0 1 2 320 1 0
0 26.08 8.66 2 6 4 1.415 1 0 0 0 2 160 151 1
1 22.75 11 2 11 4 2.5 1 1 7 1 2 100 810 1
1 34.08 6.5 2 6 4 0.125 1 0 0 1 2 443 1 0
1 39.42 1.71 1 7 4 0.165 0 0 0 0 1 400 1 0
0 46 4 2 5 3 0 1 0 0 0 2 100 961 1
1 19.42 1.5 1 13 4 2 1 0 0 1 2 100 21 0
1 18.17 2.46 2 8 7 0.96 0 1 2 1 2 160 588 0
0 36 1 2 8 4 2 1 1 11 0 2 0 457 1
1 62.75 7 2 10 9 0 0 0 0 0 2 0 13 0
0 24.75 3 2 11 8 1.835 1 1 19 0 2 0 501 1

