1 27.75 0.58 1 13 4 0.25 1 1 2 0 2 260 501 1
1 51.83 3 1 1 1 1.5 0 0 0 0 2 180 5 0
1 60.08 14.5 2 1 1 18 1 1 15 1 2 0 1001 1
1 33.58 0.33 1 13 4 0.085 0 0 0 0 2 180 1 0
0 23.25 5.87 2 11 4 3.17 1 1 10 0 2 120 246 1
1 24.58 12.5 2 9 4 0.875 1 0 0 1 2 260 1 0
0 22.92 11.58 2 13 4 0.04 1 0 0 0 2 80 1350 1
1 20 11.04 2 8 4 2 0 0 0 1 2 136 1 0
0 22.58 10.75 2 11 4 0.415 1 1 5 1 2 0 561 1
1 26.75 2 2 2 4 0.75 0 0 0 1 2 80 1 0
1 22.58 10.03 2 14 4 0.04 1 1 9 0 2 60 397 1
1.234 22.08 11.46 2 4 4 1.585 0 0 0 1 2 100 1213 0
1 26.75 1.12 2 14 8 1.25 1 0 0 0 2 0 5299 1
0 27.67 2.04 2 9 4 0.25 0 0 0 1 2 180 51 0
0 55.75 7.08 2 4 8 6.75 1 1 3 1 2 100 51 0
1 18.67 5 2 11 4 0.375 1 1 2 0 2 0 39 0
1 18.32 1.21 1 10 2 0 0 0 0 0 2 100 1 0
1 28 3 2 9 4 0.75 0 0 0 1 2 300 68 0
1 34.92 2.5 2 9 4 0 1 0 0 1 2 239 201 1
1 23.17 0 2 13 4 0.085 1 0 0 0 2 0 1 1
1 31.57 0.5 2 8 5 0.835 1 0 0 1 1 320 1 0
0 24.5 2.41 1 8 4 0 0 0 0 0 2 120 1 0
0 23.58 0.58 1 1 1 0.125 0 0 0 0 2 120 88 0
1 20 1.25 1 4 4 0.125 0 0 0 0 2 140 5 0
1 26.33 13 2 10 2 0 0 0 0 1 2 140 1111 0
1 37.5 1.12 1 2 4 1.5 0 0 0 1 2 431 1 1
0 25 11 1 6 4 4.5 1 0 0 0 2 120 1 0
1 28.67 14.5 2 2 4 0.125 0 0 0 0 2 0 287 0
0 35.42 12 2 11 8 14 1 1 8 0 2 0 6591 1
1 34 5.5 1 8 4 1.5 0 0 0 1 2 60 1 0
1 42 9.78 2 14 8 7.96 1 1 8 0 2 0 1 1
0 28.5 3.04 1 14 8 2.54 1 1 1 0 2 70 1 1
0 44.33 0 2 8 4 2.5 1 0 0 0 2 0 1 1
1 25 11.25 2 8 4 2.5 1 1 17 0 2 200 1209 1
0 22.25 1.25 1 1 1 3.25 0 0 0 0 2 280 1 0
1 24.17 0.87 2 11 4 4.625 1 1 2 1 2 520 2001 1
1 23.08 0 2 4 4 1 0 1 11 0 1 0 1 0
1 34.83 4 2 2 5 12.5 1 0 0 1 2 184 1 0
0 35.75 0.91 2 6 4 0.75 1 1 4 0 2 0 1584 1
0 52.5 7 2 6 8 3 0 0 0 0 2 0 1 0
0 35.75 0.91 2 6 4 0.75 1 1 4 0 2 0 1584 1
1 22.08 0.83 2 8 8 2.165 0 0 0 1 2 128 1 1
1 28.33 5 2 9 4 11 1 0 0 1 2 70 1 1
0 23.58 0.83 2 11 4 0.415 0 1 1 1 2 200 12 0
0 16 0.16 2 6 4 1 0 1 2 1 2 320 2 0
0 19.17 5.41 2 3 8 0.29 0 0 0 0 2 80 485 0
0 19.75 0.75 2 8 4 0.795 1 1 5 1 2 140 6 0
1 25.75 0.75 2 8 5 0.25 1 0 0 0 2 349 24 1
0 40.83 10 2 11 8 1.75 1 0 0 0 2 29 838 1
1 56 12.5 2 4 8 8 1 0 0 1 2 24 2029 1
1 39.17 1.62 2 8 4 1.5 1 1 10 0 2 186 4701 1
1 36.25 5 2 8 5 2.5 1 1 6 0 2 0 368 1
1 24.58 13.5 1 1 1 0 0 0 0 0 2 184 1 0
0 26.08 8.66 2 6 4 1.415 1 0 0 0 2 160 151 1
0 18.82 4.41 1 8 8 3 1 0 0 0 2 240 1 1
1 37.58 0 2 8 4 0 0 0 0 0 3 184 1 1
1 20.67 1.25 1 8 8 1.375 1 1 3 1 2 140 211 0
1 49.17 2.29 2 1 1 0.29 0 0 0 0 2 200 4 0
0 40.83 3.5 2 3 5 0.5 0 0 0 0 1 1160 1 0
0 24.92 1.25 2 1 1 0 1 0 0 0 2 80 1 0
1 32.75 1.5 2 13 8 5.5 1 1 3 1 2 0 1 1
1 25.67 0.28 1 8 4 1.5 0 0 0 1 2 160 1 0
0 26.5 2.71 1 8 4 0.085 0 0 0 0 1 80 1 0
1 27.83 1.54 2 9 4 3.75 1 1 5 1 2 100 4 1
1 37.58 0 2 8 4 0 0 0 0 0 3 184 1 1
1 36.17 18.12 2 9 4 0.085 0 0 0 0 2 320 3553 0
1 31.57 0.62 2 4 4 0.25 0 0 0 0 2 380 2011 0
1 36.17 5.5 2 3 5 5 0 0 0 0 2 210 688 0
1 56 12.5 2 4 8 8 1 0 0 1 2 24 2029 1
1 17.67 4.46 2 8 4 0.25 0 0 0 0 1 80 1 0
0 30.25 5.5 2 4 4 5.5 0 0 0 1 1 100 1 0
0 16 0.16 2 6 4 1 0 1 2 1 2 320 2 0
1 27.25 1.58 2 13 8 1.835 1 1 12 1 2 583 714 1
1 34.17 1.54 2 13 4 1.54 1 1 1 1 2 520 50001 1
1 23 0.75 2 7 4 0.5 0 0 0 1 1 320 1 0
1 22.17 2.25 2 3 4 0.125 0 0 0 0 2 160 11 0
1 28.75 1.5 1 8 4 1.5 1 0 0 1 2 0 226 0
1 33.17 1 2 14 4 0.75 1 1 7 1 2 340 4072 1
1 18.5 2 2 3 4 1.5 1 1 2 0 2 120 301 1
1 27.67 0.75 2 11 8 0.165 0 0 0 1 2 220 252 0
0 22.92 11.58 2 13 4 0.04 1 0 0 0 2 80 1350 1
1 19.57 0.58 2 1 1 0 0 1 3 0 2 350 770 0
1 37.5 1.12 1 2 4 1.5 0 0 0 1 2 431 1 1
1 22.75 11.5 2 3 4 0.415 0 0 0 0 2 0 1 0
0 33.25 2.5 1 8 4 2.5 0 0 0 1 2 0 3 0
1 26.67 1.75 1 8 4 1 1 1 5 1 2 160 5778 1
1 21.67 1.16 1 4 4 2.5 1 1 1 0 2 180 21 0
1 48.33 12 2 7 4 16 1 0 0 0 1 110 1 1
1 47.67 2.5 2 7 5 2.5 1 1 12 1 2 410 2511 1
0 28.58 1.66 2 11 4 2.415 1 0 0 1 2 440 1 0
1 29.83 2.04 1 14 8 0.04 0 0 0 0 2 128 2 0
1 32.83 2.5 2 13 8 2.75 1 1 6 0 2 160 2073 1
1 27.25 0.62 2 6 4 0.455 1 0 0 1 2 200 1 0
0 24.5 1.04 1 1 1 0.5 1 1 3 0 2 180 148 0
1 51.58 15 2 8 4 8.5 1 1 9 0 2 0 1 1
1 51.58 15 2 8 4 8.5 1 1 9 0 2 0 1 1
1 59.67 1.54 2 11 4 0.125 1 0 0 1 2 260 1 1
1 21.08 10.08 1 10 8 1.25 0 0 0 0 2 260 1 0
1 33.17 1.04 2 12 8 6.5 1 0 0 1 2 164 31286 1
1 44.33 0.5 2 3 8 5 1 0 0 1 2 320 1 1
1 16.92 0.33 1 4 4 0.29 0 0 0 0 1 200 1 0
1 26.67 1.75 1 8 4 1 1 1 5 1 2 160 5778 1
1 25.33 0.57 2 8 4 0.29 1 1 7 1 2 96 5125 1
1 53.92 9.62 2 10 4 8.665 1 1 5 0 2 0 1 1
1 17.07 3.29 2 3 4 0.335 0 0 0 1 2 140 3 0
0 23.5 9 2 11 4 8.5 1 1 5 1 2 120 1 1
0 38.58 5 2 13 4 13.5 1 0 0 1 2 980 1 0
0 25.33 2.08 2 8 8 2.75 1 0 0 1 2 360 2 0
1 25.75 0.75 2 8 5 0.25 1 0 0 0 2 349 24 1
1 43.17 2.25 2 3 5 0.75 1 0 0 0 2 560 1 0

