0 29.5 1.08 1 14 4 1 0 0 0 0 2 280 14 0
1 57.42 8.5 2 10 8 7 1 1 3 0 2 0 1 1
1 16 3.12 2 9 4 0.085 0 1 1 0 2 0 7 0
1 34.92 2.5 2 9 4 0 1 0 0 1 2 239 201 1
1 28.25 0.87 2 7 4 0.96 1 1 3 1 2 396 1 1
0 18.82 9.5 2 9 4 1.625 1 1 6 1 2 40 601 1
1 23.92 0.58 1 13 8 0.125 0 0 0 0 2 240 2 0
1 37.58 0 2 8 4 0 0 0 0 0 3 184 1 1
1 26.75 1.12 2 14 8 1.25 1 0 0 0 2 0 5299 1
1 34.17 2.75 2 3 5 2.5 0 0 0 1 2 232 201 0
1 27.25 0.62 2 6 4 0.455 1 0 0 1 2 200 1 0
0 22.92 11.58 2 13 4 0.04 1 0 0 0 2 80 1350 1
1 16.25 0 1 6 4 0.25 0 0 0 0 2 60 1 0
1 43.25 3 2 11 8 6 1 1 11 0 2 80 1 1
1 24.58 1.25 2 8 4 0.25 0 0 0 0 2 110 1 0
0 21.75 1.75 1 5 3 0 0 0 0 0 2 160 1 0
1 26.92 2.25 2 3 5 0.5 0 0 0 1 2 640 4001 0
1 29.5 0.57 2 9 4 0.29 0 1 1 0 2 340 2804 0
1 48.17 3.5 2 6 4 3.5 1 0 0 0 1 230 1 1
0 32.33 0.54 2 13 4 0.04 1 0 0 0 2 440 11178 1
0 24.92 1.25 2 1 1 0 1 0 0 0 2 80 1 0
0 21.08 5 1 1 1 0 0 0 0 0 2 0 1 0
1 39 5 2 13 4 3.5 1 1 10 1 2 0 1 1
1 31.57 4 1 3 4 0.085 0 0 0 1 2 411 1 0
0 24.92 1.25 2 1 1 0 1 0 0 0 2 80 1 0
1 18.07 6.75 1 7 4 0.04 0 0 0 0 2 140 1 0
1 47.33 6.5 2 8 4 1 0 0 0 1 2 0 229 0
0 25.42 1.12 2 11 4 1.29 1 1 2 0 2 200 1 0
1 22.75 11 2 11 4 2.5 1 1 7 1 2 100 810 1
1 26.92 2.25 2 3 5 0.5 0 0 0 1 2 640 4001 0
1 18.82 0.41 1 8 4 0.165 0 1 1 0 2 200 2 0
1 17.67 4.46 2 8 4 0.25 0 0 0 0 1 80 1 0
1 35.17 2.5 2 4 4 4.5 1 1 7 0 2 150 1271 1
1 36.08 2.54 2 1 1 0 0 0 0 0 2 0 1001 0
0 27.17 1.25 2 1 1 0 0 1 1 0 2 92 301 0
1 27.83 1.5 2 9 4 2.25 0 1 1 1 2 100 4 0
0 33.25 2.5 1 8 4 2.5 0 0 0 1 2 0 3 0
1 32.42 3 2 2 4 0.165 0 0 0 1 2 120 1 0
1 32.75 2.33 2 2 8 5.75 0 0 0 1 2 292 1 0
1 41 0.04 2 10 4 0.04 0 1 1 0 1 560 1 1
1 23.75 12 2 8 4 2.085 0 0 0 0 1 80 1 0
1 32.83 2.5 2 13 8 2.75 1 1 6 0 2 160 2073 1
1 42 0.2 2 3 8 5.125 1 0 0 0 2 400 1 1
1 20 11.04 2 8 4 2 0 0 0 1 2 136 1 0
1 19.67 0.37 2 11 4 2 1 1 2 1 2 80 1 1
1 21.33 7.5 2 6 4 1.415 1 1 1 0 2 80 9801 1
1 47.67 0.28 2 8 5 15 1 1 20 0 2 0 15001 1
1 27.75 0.58 1 13 4 0.25 1 1 2 0 2 260 501 1
1 18.42 10.41 1 6 4 0.125 1 0 0 0 2 120 376 0
1 32.33 2.5 2 8 4 1.25 0 0 0 1 2 280 1 0
1 48.58 6.5 2 11 8 6 1 0 0 1 2 350 1 1
0 20.07 1.25 2 8 4 0 0 0 0 0 2 0 1 0
1 19.42 7.25 2 7 4 0.04 0 1 1 0 2 100 2 0
0 33.67 0.37 2 13 4 0.375 0 0 0 0 2 300 45 1
0 58.33 10 2 11 4 4 1 1 14 0 2 0 1603 1
1 55.92 11.5 2 1 1 5 1 1 5 0 2 0 8852 1
1 39.92 0.54 1 6 4 0.5 1 1 3 0 2 200 1001 1
1 31.57 0.04 1 2 4 4.25 0 0 0 1 2 460 1 0
1 18.17 2.46 2 8 7 0.96 0 1 2 1 2 160 588 0
1 26.67 4.25 2 13 4 4.29 1 1 1 1 2 120 1 1
1 31 2.08 2 8 4 0.085 0 0 0 0 2 300 1 0
1 40.58 3.29 2 7 4 3.5 0 0 0 1 1 400 1 0
1 24.17 0.87 2 11 4 4.625 1 1 2 1 2 520 2001 1
1 23.08 0 2 4 4 1 0 1 11 0 1 0 1 0
1 25.5 0.37 2 7 4 0.25 1 1 3 0 2 260 15109 1
0 49.83 13.58 2 4 8 8.5 1 0 0 1 2 0 1 1
1 20 11.04 2 8 4 2 0 0 0 1 2 136 1 0
0 19.17 0.58 1 6 4 0.585 1 0 0 1 2 160 1 0
0 28.17 0.37 2 11 4 0.585 1 1 4 0 2 80 1 1
0 29.5 2 1 10 8 2 0 0 0 0 2 256 18 0
1 38.25 10.12 1 4 4 0.125 0 0 0 0 2 160 1 0
1 21.92 0.5 2 8 4 0.125 0 0 0 0 2 360 1 0
1 26.17 0.25 2 3 5 0 1 0 0 1 2 0 1 1
0 27.25 0.28 2 7 8 0.125 0 1 1 1 2 272 109 0
1 38.92 1.75 2 4 4 0.5 0 0 0 1 2 300 3 0
1 39.25 9.5 2 7 4 6.5 1 1 14 0 2 240 4608 1
1 31.57 4 2 14 4 5 1 1 3 1 2 290 2280 1
0 23.25 5.87 2 11 4 3.17 1 1 10 0 2 120 246 1
1 22.17 2.25 2 3 4 0.125 0 0 0 0 2 160 11 0
0 71.58 0 2 8 4 0 0 0 0 0 3 184 1 1
1 34.42 1.33 2 3 5 0.125 0 0 0 1 2 440 4501 0
1 21.08 10.08 1 10 8 1.25 0 0 0 0 2 260 1 0
1 35.25 3.16 2 14 8 3.75 1 0 0 1 2 680 1 0
0 37.33 2.5 2 3 8 0.21 0 0 0 0 2 260 247 0
0 29.58 1.75 1 4 4 1.25 0 0 0 1 2 280 1 0
1 62.75 7 2 10 9 0 0 0 0 0 2 0 13 0
1 39.33 5.87 2 13 8 10 1 1 14 1 2 399 1 1
0 18.82 9.53 2 6 4 0.085 1 0 0 0 2 100 1 1
0 22.5 8.5 2 11 4 1.75 1 1 10 0 2 80 991 0
0 25 12.33 2 13 8 3.5 1 1 6 0 2 400 459 1
0 41.58 1.04 2 6 4 0.665 0 0 0 0 2 240 238 0
1 43.17 5 2 3 5 2.25 0 0 0 1 2 141 1 0
0 50.25 0.83 2 6 4 0.5 0 0 0 1 2 240 118 0
1 23.92 1.5 2 2 8 1.875 1 1 6 0 2 200 328 1
0 24.5 1.75 1 8 4 0.165 0 0 0 0 2 132 1 0
1 22.92 3.16 1 8 4 0.165 0 0 0 0 2 160 1059 0
0 25.33 2.08 2 8 8 2.75 1 0 0 1 2 360 2 0
1 28.33 5 2 9 4 11 1 0 0 1 2 70 1 1
0 44.33 0 2 8 4 2.5 1 0 0 0 2 0 1 1
1 23.08 2.5 2 1 1 0.085 0 0 0 1 2 100 4209 0
1 23.17 11.12 2 14 8 0.46 1 1 1 0 2 100 1 1
1 40.58 5 2 8 4 5 1 1 7 0 2 0 3066 1
1 44.33 0.5 2 3 8 5 1 0 0 1 2 320 1 1
1 40.92 0.83 2 1 1 0 1 0 0 0 2 130 2 0
1 21.08 10.08 1 10 8 1.25 0 0 0 0 2 260 1 0
0 28.08 15 1 10 9 0 1 0 0 0 2 0 13213 1
1 23.58 1.79 2 8 4 0.54 0 0 0 1 2 136 2 0
1 80.25 5.5 2 8 4 0.54 1 0 0 0 2 0 341 0
1 19.17 4 1 3 4 1 0 0 0 1 2 360 1001 0
1 39.92 5 2 3 5 0.21 0 0 0 0 2 550 1 0

