0 18.82 4.41 1 8 8 3 1 0 0 0 2 240 1 1
1 33.67 1.25 2 9 4 1.165 0 0 0 0 2 120 1 0
1 32.42 3 2 2 4 0.165 0 0 0 1 2 120 1 0
1 32.25 14 1 1 1 0 0 1 2 0 2 160 2 0
1 51.83 3 1 1 1 1.5 0 0 0 0 2 180 5 0
0 20.07 0.12 2 11 4 1 0 1 1 0 2 240 769 1
0 26.17 2 2 5 3 0 0 0 0 1 2 276 2 0
1 41.92 0.42 2 8 8 0.21 1 1 6 0 2 220 949 1
1 16.07 0.75 2 8 4 1.75 1 1 5 1 2 352 691 1
1 32.08 4 2 7 4 2.5 1 0 0 1 2 360 1 1
1 63.33 0.54 2 8 4 0.585 1 1 3 1 2 180 1 0
1 48.75 8.5 2 8 8 12.5 1 1 9 0 2 181 1656 1
1 64.08 20 2 14 8 17.5 1 1 9 1 2 0 1001 1
0 33.08 4.62 2 11 8 1.625 1 1 2 0 2 0 1 1
1 51.58 15 2 8 4 8.5 1 1 9 0 2 0 1 1
1 40.92 0.5 1 7 4 0.5 0 0 0 1 2 130 1 0
1 24.58 13.5 1 1 1 0 0 0 0 0 2 184 1 0
1 42.17 5.04 2 11 8 12.75 1 0 0 1 2 92 1 1
1 34.67 1.08 2 7 4 1.165 0 0 0 0 1 28 1 0
0 23.58 11.5 1 4 8 3 0 0 0 1 2 20 17 0
0 32.33 0.54 2 13 4 0.04 1 0 0 0 2 440 11178 1
1 23.75 12 2 8 4 2.085 0 0 0 0 1 80 1 0
1 43.17 5 2 3 5 2.25 0 0 0 1 2 141 1 0
0 27.67 1.5 2 7 4 2 1 0 0 0 1 368 1 0
1 22 7.83 1 3 5 0.165 0 0 0 1 2 184 1 0
1 18.07 6.75 1 7 4 0.04 0 0 0 0 2 140 1 0
1 22.08 2.33 2 4 4 0.75 0 0 0 0 2 180 1 0
0 50.25 0.83 2 6 4 0.5 0 0 0 1 2 240 118 0
1 24.58 13.5 1 1 1 0 0 0 0 0 2 184 1 0
1 32.75 2.33 2 2 8 5.75 0 0 0 1 2 292 1 0
1 31.57 5 1 6 4 8.5 1 0 0 0 2 0 1 0
1 41.17 1.25 1 9 4 0.25 0 0 0 0 2 0 196 0
1 31.57 3 1 3 5 7 0 0 0 0 2 0 2 0
1 39.5 1.62 2 8 4 1.5 0 0 0 0 2 0 317 0
0 23 11.75 2 14 8 0.5 1 1 2 1 2 300 552 1
1 37.5 1.12 1 2 4 1.5 0 0 0 1 2 431 1 1
1 25.25 1 2 6 4 0.5 0 0 0 0 2 200 1 0
1 20.67 0.41 2 8 4 0.125 0 0 0 0 2 0 45 0
1 22.08 0.83 2 8 8 2.165 0 0 0 1 2 128 1 1
1 25.67 2.21 1 6 4 4 1 0 0 0 2 188 1 0
1 59.67 1.54 2 11 4 0.125 1 0 0 1 2 260 1 1
0 24.83 4.5 2 9 4 1 0 0 0 1 2 360 7 0
1 42 0.2 2 3 8 5.125 1 0 0 0 2 400 1 1
0 40.33 7.54 1 11 8 8 1 1 14 0 2 0 2301 1
1 20.5 2.41 2 8 4 2 1 1 11 1 2 200 3001 1
1 31.92 4.46 2 13 8 6.04 1 1 3 0 2 311 301 1
1 30.83 0 2 9 4 1.25 1 1 1 0 2 202 1 1
1 28.25 5.04 1 8 5 1.5 1 1 8 1 2 144 8 1
1 18.67 5 2 11 4 0.375 1 1 2 0 2 0 39 0
1 32 1.75 1 10 8 0.04 1 0 0 1 2 393 1 1
0 31.57 3.5 2 2 4 3 1 0 0 1 2 300 1 0
1 30.17 1.08 1 8 4 0.04 0 0 0 0 2 170 180 0
1 27.83 1.54 2 9 4 3.75 1 1 5 1 2 100 4 1
1 49.58 19 2 1 1 0 1 1 1 0 2 94 1 0
1 36.33 2.12 1 9 4 0.085 1 1 1 0 2 50 1188 1
1 26.83 0.54 2 4 1 0 0 0 0 0 2 100 1 0
1 25.33 0.57 2 8 4 0.29 1 1 7 1 2 96 5125 1
1 21.33 10.5 2 8 4 3 1 0 0 1 2 0 1 1
1 31.57 5 1 6 4 8.5 1 0 0 0 2 0 1 0
0 22.67 0.79 2 3 4 0.085 0 0 0 0 2 144 1 0
1 31.67 0.83 2 14 4 1.335 1 1 8 1 2 303 3291 1
1 42 9.78 2 14 8 7.96 1 1 8 0 2 0 1 1
1 30.17 0.5 2 8 4 1.75 1 1 11 0 2 32 541 1
1 37.58 0 2 8 4 0 0 0 0 0 3 184 1 1
1 24.42 12.33 2 11 8 1.585 1 0 0 1 2 120 1 1
0 22.67 0.75 2 8 4 2 0 1 2 1 2 200 395 0
1 30.75 1.58 2 2 4 0.585 0 0 0 1 1 0 1 0
1 39.42 1.71 1 7 4 0.165 0 0 0 0 1 400 1 0
1 31.57 4 1 3 4 0.085 0 0 0 1 2 411 1 0
1 33.75 2.75 2 3 5 0 0 0 0 0 2 180 1 0
0 23.25 5.87 2 11 4 3.17 1 1 10 0 2 120 246 1
1 42.83 4.62 2 11 4 4.58 1 0 0 0 1 0 1 1
1 22.08 11 2 13 4 0.665 1 0 0 0 2 100 1 1
0 33.25 3 1 6 4 2 0 0 0 0 2 180 1 0
0 15.83 0.58 2 8 8 1.5 1 1 2 0 2 100 1 1
0 29.58 1.75 1 4 4 1.25 0 0 0 1 2 280 1 0
1 26.33 13 2 10 2 0 0 0 0 1 2 140 1111 0
1 34.83 4 2 2 5 12.5 1 0 0 1 2 184 1 0
1 41.17 4.04 2 13 8 7 1 1 8 0 2 320 1 1
0 18.82 9.5 2 9 4 1.625 1 1 6 1 2 40 601 1
1 54.33 6.75 2 8 8 2.625 1 1 11 1 2 0 285 1
1 20.42 0 2 8 4 0 0 0 0 0 3 184 1 0
1 27.75 0.58 1 13 4 0.25 1 1 2 0 2 260 501 1
1 47.67 0.28 2 8 5 15 1 1 20 0 2 0 15001 1
0 22.83 2.29 2 11 8 2.29 1 1 7 1 2 140 2385 1
0 68.67 15 2 10 9 0 1 1 14 0 2 0 3377 1
1 21.33 7.5 2 6 4 1.415 1 1 1 0 2 80 9801 1
1 37.75 7 2 11 8 11.5 1 1 7 1 2 300 6 0
1 37.33 6.5 2 7 8 4.25 1 1 12 1 2 93 1 1
0 32.33 0.54 2 13 4 0.04 1 0 0 0 2 440 11178 1
1 19.17 9.5 2 9 4 1.5 1 0 0 0 2 120 2207 1
0 20.67 3 2 11 4 0.165 1 1 3 0 2 100 7 1
1 23.17 0 2 8 4 0 0 0 0 0 3 184 1 1
1 17.67 4.46 2 8 4 0.25 0 0 0 0 1 80 1 0
0 28.5 3.04 1 14 8 2.54 1 1 1 0 2 70 1 1
1 56.75 12.25 2 7 4 1.25 1 1 4 1 2 200 1 1
1 22.92 0.17 2 7 4 0.085 0 0 0 0 1 0 1 0
0 25.58 0 2 8 4 0 0 0 0 0 3 184 1 1
1 33.67 2.16 2 8 4 1.5 0 0 0 0 3 120 1 0
1 22 0.79 2 9 4 0.29 0 1 1 0 2 420 284 0
0 23.42 0.79 1 11 4 1.5 1 1 2 1 2 80 401 1
1 28 2 2 4 8 4.165 1 1 2 1 2 181 1 1
0 22.5 8.5 2 11 4 1.75 1 1 10 0 2 80 991 0
0 19.17 8.58 2 13 8 0.75 1 1 7 0 2 96 1 1
1 33.58 0.33 1 13 4 0.085 0 0 0 0 2 180 1 0
1 40.58 3.29 2 7 4 3.5 0 0 0 1 1 400 1 0
0 24.75 3 2 11 8 1.835 1 1 19 0 2 0 501 1
0 18.92 9.25 1 8 4 1 1 1 4 1 2 80 501 1
0 17.92 10.21 2 1 1 0 0 0 0 0 2 0 51 0
1 26.75 4.5 1 8 5 2.5 0 0 0 0 2 200 1211 0

