0 33.75 0.75 2 4 5 1 1 1 3 1 2 212 1 0
0 22.42 5.66 2 11 4 2.585 1 1 7 0 2 129 3258 1
0 21.75 1.75 1 5 3 0 0 0 0 0 2 160 1 0
0 21.5 6 2 6 4 2.5 1 1 3 0 2 80 919 1
0 19.17 5.41 2 3 8 0.29 0 0 0 0 2 80 485 0
1 33.17 1 2 14 4 0.75 1 1 7 1 2 340 4072 1
1 16 3.12 2 9 4 0.085 0 1 1 0 2 0 7 0
0 41 2.04 1 11 8 0.125 1 1 23 1 2 455 1237 1
0 24.5 12.75 2 8 5 4.75 1 1 2 0 2 73 445 1
0 42.25 1.75 1 8 4 0 0 0 0 1 2 150 2 0
1 24.08 9 2 6 4 0.25 0 0 0 1 2 0 1 0
1 34.08 6.5 2 6 4 0.125 1 0 0 1 2 443 1 0
1 39.33 5.87 2 13 8 10 1 1 14 1 2 399 1 1
1 17.67 4.46 2 8 4 0.25 0 0 0 0 1 80 1 0
1 21 3 1 2 4 1.085 1 1 8 1 2 160 2 1
0 33.92 1.58 1 1 1 0 1 0 0 0 2 320 1 0
1 18.07 5.5 2 4 4 0.5 1 0 0 0 2 80 1 1
1 15.17 7 2 10 4 1 0 0 0 0 2 600 1 0
1 19.67 0.37 2 11 4 2 1 1 2 1 2 80 1 1
1 30.33 0.5 2 2 8 0.085 0 0 0 1 1 252 1 0
1 27 0.75 2 8 8 4.25 1 1 3 1 2 312 151 1
1 20.42 1.08 2 11 4 1.5 0 0 0 0 2 108 8 0
1 39.42 1.71 1 7 4 0.165 0 0 0 0 1 400 1 0
0 25.75 0.5 2 8 8 0.875 1 0 0 1 2 491 1 1
1 33.17 3.04 1 8 8 2.04 1 1 1 1 2 180 18028 1
1 25.42 0.54 2 9 4 0.165 0 1 1 0 2 272 445 0
1 19.5 0.28 2 4 4 0.29 0 0 0 0 2 280 365 0
1 44.83 7 1 8 4 1.625 0 0 0 0 2 160 3 0
0 22.67 0.33 2 11 4 0.75 0 0 0 0 1 160 1 0
1 19.5 9.58 2 6 4 0.79 0 0 0 0 2 80 351 0
1 36.42 0.75 1 2 4 0.585 0 0 0 0 2 240 4 0
1 25.08 1.71 2 14 4 1.665 1 1 1 1 2 395 21 1
1 48.75 8.5 2 8 8 12.5 1 1 9 0 2 181 1656 1
1 31.57 4 1 3 4 0.085 0 0 0 1 2 411 1 0
1 42 9.78 2 14 8 7.96 1 1 8 0 2 0 1 1
1 31.57 0.04 1 2 4 4.25 0 0 0 1 2 460 1 0
1 29.42 1.25 2 8 8 0.25 0 1 2 1 2 400 109 0
0 38.25 6 2 4 4 1 1 0 0 1 2 0 1 1
1 36.5 4.25 2 11 4 3.5 0 0 0 0 2 454 51 0
0 56.83 4.25 1 1 1 5 0 0 0 1 2 0 5 0
0 19.17 8.58 2 13 8 0.75 1 1 7 0 2 96 1 1
0 25.08 2.54 1 6 4 0.25 1 0 0 1 2 370 1 1
1 35.17 2.5 2 4 4 4.5 1 1 7 0 2 150 1271 1
0 68.67 15 2 10 9 0 1 1 14 0 2 0 3377 1
1 31.42 15.5 2 8 4 0.5 1 0 0 0 2 120 1 0
1 36.17 18.12 2 9 4 0.085 0 0 0 0 2 320 3553 0
1 51.83 2.04 1 1 1 1.5 0 0 0 0 2 120 2 0
0 18.07 0.37 3 13 1 10 0 0 0 1 1 300 1 1
1 23.42 0.58 2 8 8 0.085 1 0 0 0 2 180 1 0
0 23.58 0.83 2 11 4 0.415 0 1 1 1 2 200 12 0
1 39.42 1.71 1 7 4 0.165 0 0 0 0 1 400 1 0
1 28.25 0.87 2 7 4 0.96 1 1 3 1 2 396 1 1
1 28.25 0.87 2 7 4 0.96 1 1 3 1 2 396 1 1
1 26.67 2.71 1 13 4 5.25 1 1 1 0 2 211 1 1
1 31.67 16.16 2 2 4 3 1 1 9 0 2 250 731 1
1 18.67 5 2 11 4 0.375 1 1 2 0 2 0 39 0
1 22.67 1.58 1 9 4 3.085 1 1 6 0 2 80 1 1
1 29.67 1.41 2 9 8 0.75 1 1 1 0 2 240 101 1
1 16.07 0.75 2 8 4 1.75 1 1 5 1 2 352 691 1
0 40.33 7.54 1 11 8 8 1 1 14 0 2 0 2301 1
0 47 13 2 3 5 5.165 1 1 9 1 2 0 1 1
0 25.25 13.5 1 1 1 2 0 1 1 1 2 200 2 0
0 24.33 2.5 1 3 5 4.5 0 0 0 0 2 200 457 0
1 34.42 1.33 2 3 5 0.125 0 0 0 1 2 440 4501 0
1 29.83 3.5 2 8 4 0.165 0 0 0 0 2 216 1 0
1 24.58 13.5 1 1 1 0 0 0 0 0 2 184 1 0
0 26.17 2 2 5 3 0 0 0 0 1 2 276 2 0
1 24.58 12.5 2 9 4 0.875 1 0 0 1 2 260 1 0
1 18.32 1.21 1 10 2 0 0 0 0 0 2 100 1 0
1 36.17 0.42 1 9 4 0.29 0 0 0 1 2 309 3 0
1 49.58 19 2 1 1 0 1 1 1 0 2 94 1 0
1 18.67 5 2 11 4 0.375 1 1 2 0 2 0 39 0
0 69.5 6 2 1 1 0 0 0 0 0 1 0 1 0
0 22.58 10.75 2 11 4 0.415 1 1 5 1 2 0 561 1
0 50.25 0.83 2 6 4 0.5 0 0 0 1 2 240 118 0
0 50.25 0.83 2 6 4 0.5 0 0 0 1 2 240 118 0
0 38.58 5 2 13 4 13.5 1 0 0 1 2 980 1 0
1 43.25 3 2 11 8 6 1 1 11 0 2 80 1 1
1 25.08 1.71 2 14 4 1.665 1 1 1 1 2 395 21 1
0 22.25 1.25 1 1 1 3.25 0 0 0 0 2 280 1 0
1 48.75 26.33 1 1 1 0 1 0 0 1 2 0 1 0
1 39.92 6.21 2 11 4 0.04 1 1 1 0 2 200 301 1
0 20.07 1.25 2 8 4 0 0 0 0 0 2 0 1 0
1 20 11.04 2 8 4 2 0 0 0 1 2 136 1 0
1 25.33 0.57 2 8 4 0.29 1 1 7 1 2 96 5125 1
0 64.08 0.16 2 1 1 0 1 1 1 0 2 232 101 1
0 22.67 0.79 2 3 4 0.085 0 0 0 0 2 144 1 0
0 42.25 1.75 1 8 4 0 0 0 0 1 2 150 2 0
0 52.17 0 1 1 1 0 0 0 0 0 2 0 1 0
1 52.5 6.5 2 4 4 6.29 1 1 15 0 2 0 11203 1
1 31.57 4 2 14 4 5 1 1 3 1 2 290 2280 1
0 23 1.83 2 5 3 0 0 1 1 0 2 200 54 0
1 25.5 0.37 2 7 4 0.25 1 1 3 0 2 260 15109 1
1 29.67 1.41 2 9 8 0.75 1 1 1 0 2 240 101 1
1 25.17 3 2 8 4 1.25 0 1 1 0 2 0 23 0
1 62.75 7 2 10 9 0 0 0 0 0 2 0 13 0
1 28.67 14.5 2 2 4 0.125 0 0 0 0 2 0 287 0
1 34.17 2.75 2 3 5 2.5 0 0 0 1 2 232 201 0
0 45.83 10.5 2 11 4 5 1 1 7 1 2 0 1 1
1 43.08 0.37 1 8 4 0.375 1 1 8 1 2 300 163 1
1 19 1.75 1 8 4 2.335 0 0 0 1 2 112 7 0
0 24.08 0.5 2 11 8 1.25 1 1 1 0 2 0 679 1
1 27.25 1.66 2 13 8 5.085 1 1 9 0 2 399 828 1
1 20 11.04 2 8 4 2 0 0 0 1 2 136 1 0
0 25.25 13.5 1 1 1 2 0 1 1 1 2 200 2 0
1 48.75 8.5 2 8 8 12.5 1 1 9 0 2 181 1656 1
1 41.17 1.25 1 9 4 0.25 0 0 0 0 2 0 196 0
1 33.67 2.16 2 8 4 1.5 0 0 0 0 3 120 1 0
0 17.57 9 2 6 4 1.375 1 0 0 1 2 0 1 1
0 41 2.04 1 11 8 0.125 1 1 23 1 2 455 1237 1

