0 24.08 0.5 2 11 8 1.25 1 1 1 0 2 0 679 1
1 30.83 0 2 9 4 1.25 1 1 1 0 2 202 1 1
1 23.42 1 2 8 4 0.5 0 0 0 1 1 280 1 0
0 24.5 1.75 1 8 4 0.165 0 0 0 0 2 132 1 0
1 20.42 0 2 8 4 0 0 0 0 0 3 184 1 0
1 19.5 0.28 2 4 4 0.29 0 0 0 0 2 280 365 0
0 47.75 8 2 8 4 7.875 1 1 6 1 2 0 1261 1
1 31.67 0.83 2 14 4 1.335 1 1 8 1 2 303 3291 1
0 52.17 0 1 1 1 0 0 0 0 0 2 0 1 0
1 21.5 9.75 2 8 4 0.25 1 0 0 0 2 140 1 0
0 25.42 1.12 2 11 4 1.29 1 1 2 0 2 200 1 0
0 18.25 10 2 9 4 1 0 1 1 0 2 120 2 0
0 19.75 0.75 2 8 4 0.795 1 1 5 1 2 140 6 0
0 35.75 0.91 2 6 4 0.75 1 1 4 0 2 0 1584 1
1 26.92 2.25 2 3 5 0.5 0 0 0 1 2 640 4001 0
0 15.83 0.58 2 8 8 1.5 1 1 2 0 2 100 1 1
0 15.75 0.37 2 8 4 1 0 0 0 0 2 120 19 0
1 32.33 7.5 2 10 5 1.585 1 0 0 1 1 420 1 0
0 28.42 3.5 2 9 4 0.835 1 0 0 0 1 280 1 1
1 36.67 2 2 3 4 0.25 0 0 0 1 2 221 1 0
0 33.08 4.62 2 11 8 1.625 1 1 2 0 2 0 1 1
1 21.17 0.25 1 8 8 0.25 0 0 0 0 2 280 205 0
0 24.5 1.04 1 1 1 0.5 1 1 3 0 2 180 148 0
1 56 12.5 2 4 8 8 1 0 0 1 2 24 2029 1
1 25.67 12.5 2 13 4 1.21 1 1 67 1 2 140 259 1
1 22.17 0.58 1 1 1 0 0 0 0 0 2 100 1 0
1 32.33 2.5 2 8 4 1.25 0 0 0 1 2 280 1 0
1 18.82 0.41 1 8 4 0.165 0 1 1 0 2 200 2 0
1 33.17 3.04 1 8 8 2.04 1 1 1 1 2 180 18028 1
1 56.42 28 1 8 4 28.5 1 1 40 0 2 0 16 1
0 20.75 10.25 2 11 4 0.71 1 1 2 1 2 49 1 1
1 55.92 11.5 2 1 1 5 1 1 5 0 2 0 8852 1
1 34.25 3 2 13 8 7.415 1 0 0 1 2 0 1 1
1 31.67 0.83 2 14 4 1.335 1 1 8 1 2 303 3291 1
0 35.42 12 2 11 8 14 1 1 8 0 2 0 6591 1
1 29.92 1.83 2 8 8 4.335 1 0 0 0 2 260 201 1
1 22 7.83 1 3 5 0.165 0 0 0 1 2 184 1 0
0 36 1 2 8 4 2 1 1 11 0 2 0 457 1
1 43.08 0.37 1 8 4 0.375 1 1 8 1 2 300 163 1
1 22 0.79 2 9 4 0.29 0 1 1 0 2 420 284 0
0 22.67 0.33 2 11 4 0.75 0 0 0 0 1 160 1 0
1 24.58 1.25 2 8 4 0.25 0 0 0 0 2 110 1 0
1 31.57 5 1 6 4 8.5 1 0 0 0 2 0 1 0
0 26.5 2.71 1 8 4 0.085 0 0 0 0 1 80 1 0
1 20.67 1.25 1 8 8 1.375 1 1 3 1 2 140 211 0
1 18.82 3.54 1 1 1 0 0 0 0 1 2 180 2 0
1 21.92 0.54 1 14 4 0.04 1 1 1 1 2 840 60 1
1 34.25 3 2 13 8 7.415 1 0 0 1 2 0 1 1
1 38.25 10.12 1 4 4 0.125 0 0 0 0 2 160 1 0
0 29.58 1.75 1 4 4 1.25 0 0 0 1 2 280 1 0
0 20.67 3 2 11 4 0.165 1 1 3 0 2 100 7 1
1 51.58 15 2 8 4 8.5 1 1 9 0 2 0 1 1
1 18.17 2.46 2 8 7 0.96 0 1 2 1 2 160 588 0
1 51.33 10 2 3 5 0 1 1 11 0 2 0 1250 1
1 51.83 2.04 1 1 1 1.5 0 0 0 0 2 120 2 0
1 33.17 3.04 1 8 8 2.04 1 1 1 1 2 180 18028 1
1 27.67 0.75 2 11 8 0.165 0 0 0 1 2 220 252 0
1 31.67 0.83 2 14 4 1.335 1 1 8 1 2 303 3291 1
1 33.58 0.33 1 13 4 0.085 0 0 0 0 2 180 1 0
0 28.75 3.75 2 8 4 1.085 1 1 1 1 2 371 1 1
0 23.42 0.79 1 11 4 1.5 1 1 2 1 2 80 401 1
0 23 1.83 2 5 3 0 0 1 1 0 2 200 54 0
0 39.08 4 2 8 4 3 0 0 0 0 2 480 1 0
1 33.75 2.75 2 3 5 0 0 0 0 0 2 180 1 0
1 74.83 19 1 1 1 0.04 0 1 2 0 2 0 352 0
1 19 1.75 1 8 4 2.335 0 0 0 1 2 112 7 0
1 18.17 2.46 2 8 7 0.96 0 1 2 1 2 160 588 0
1 21.92 0.5 2 8 4 0.125 0 0 0 0 2 360 1 0
1 32.33 3.5 2 4 4 0.5 0 0 0 1 2 232 1 0
0 24.75 12.5 2 6 4 1.5 1 1 12 1 2 120 568 1
1 39 5 2 13 4 3.5 1 1 10 1 2 0 1 1
1 31.57 4 1 3 4 0.085 0 0 0 1 2 411 1 0
0 22.25 1.25 1 1 1 3.25 0 0 0 0 2 280 1 0
1 31.67 0.83 2 14 4 1.335 1 1 8 1 2 303 3291 1
1 28.25 0.87 2 7 4 0.96 1 1 3 1 2 396 1 1
1 24.83 2.75 2 8 4 2.25 1 1 6 0 2 184 601 1
1 39.92 6.21 2 11 4 0.04 1 1 1 0 2 200 301 1
1 17.07 0.08 1 8 4 0.04 0 0 0 0 2 140 723 0
1 36.5 4.25 2 11 4 3.5 0 0 0 0 2 454 51 0
1 39.42 1.71 1 7 4 0.165 0 0 0 0 1 400 1 0
1 67.75 5.5 2 10 9 13 1 1 1 1 2 0 1 1
1 31.83 0.04 1 7 4 0.04 0 0 0 0 2 0 1 0
1 25.33 0.57 2 8 4 0.29 1 1 7 1 2 96 5125 1
0 19.75 0.75 2 8 4 0.795 1 1 5 1 2 140 6 0
0 24.83 4.5 2 9 4 1 0 0 0 1 2 360 7 0
1 33.17 3.04 1 8 8 2.04 1 1 1 1 2 180 18028 1
1 23.17 11.12 2 14 8 0.46 1 1 1 0 2 100 1 1
1 16 3.12 2 9 4 0.085 0 1 1 0 2 0 7 0
1 40.58 3.29 2 7 4 3.5 0 0 0 1 1 400 1 0
1 40.25 21.5 2 10 9 20 1 1 11 0 2 0 1201 1
1 48.17 3.5 2 6 4 3.5 1 0 0 0 1 230 1 1
1 31.57 0.04 1 2 4 4.25 0 0 0 1 2 460 1 0
0 28.42 3.5 2 9 4 0.835 1 0 0 0 1 280 1 1
1 36.5 4.25 2 11 4 3.5 0 0 0 0 2 454 51 0
1 24.58 12.5 2 9 4 0.875 1 0 0 1 2 260 1 0
0 25.17 2.87 2 14 8 0.875 1 0 0 0 2 360 1 1
1 64.08 20 2 14 8 17.5 1 1 9 1 2 0 1001 1
0 26.5 2.71 1 8 4 0.085 0 0 0 0 1 80 1 0
0 18.25 10 2 9 4 1 0 1 1 0 2 120 2 0
1 36.75 0.12 1 8 4 1.5 0 0 0 1 2 232 114 1
1 31.57 0.37 2 2 4 0.875 1 0 0 1 1 928 1 0
0 23.75 0.71 2 9 4 0.25 0 1 1 1 2 240 5 0
1 27.58 2.04 1 6 4 2 1 1 3 1 2 370 561 1
0 35.75 0.91 2 6 4 0.75 1 1 4 0 2 0 1584 1
1 40.58 1.5 2 3 5 0 0 0 0 0 1 300 1 0
1 36.33 3.79 2 9 4 1.165 1 0 0 1 2 200 1 0
1 47.33 6.5 2 8 4 1 0 0 0 1 2 0 229 0
1 44.83 7 1 8 4 1.625 0 0 0 0 2 160 3 0
0 21.75 1.75 1 5 3 0 0 0 0 0 2 160 1 0
1 36.25 5 2 8 5 2.5 1 1 6 0 2 0 368 1

