1 16 3.12 2 9 4 0.085 0 1 1 0 2 0 7 0
0 28.08 15 1 10 9 0 1 0 0 0 2 0 13213 1
0 21.75 1.75 1 5 3 0 0 0 0 0 2 160 1 0
1 26.33 13 2 10 2 0 0 0 0 1 2 140 1111 0
0 50.25 0.83 2 6 4 0.5 0 0 0 1 2 240 118 0
1 28.58 3.62 2 6 4 0.25 0 0 0 1 2 100 1 0
1 27.25 1.58 2 13 8 1.835 1 1 12 1 2 583 714 1
0 23 1.83 2 5 3 0 0 1 1 0 2 200 54 0
1 24.58 1.25 2 8 4 0.25 0 0 0 0 2 110 1 0
0 18.25 10 2 9 4 1 0 1 1 0 2 120 2 0
1 34.75 15 2 12 7 5.375 1 1 9 1 2 0 135 1
1 40.92 0.5 1 7 4 0.5 0 0 0 1 2 130 1 0
1 21.5 9.75 2 8 4 0.25 1 0 0 0 2 140 1 0
0 15.75 0.37 2 8 4 1 0 0 0 0 2 120 19 0
1 20.5 10 1 8 4 2.5 1 0 0 0 1 40 1 1
0 28.17 0.58 2 6 4 0.04 0 0 0 0 2 260 1005 0
1 26.17 0.83 2 13 4 1.165 0 0 0 0 2 100 1 0
1 22.17 2.25 2 3 4 0.125 0 0 0 0 2 160 11 0
0 33.67 0.37 2 13 4 0.375 0 0 0 0 2 300 45 1
1 31.67 16.16 2 2 4 3 1 1 9 0 2 250 731 1
0 50.25 0.83 2 6 4 0.5 0 0 0 1 2 240 118 0
0 21.5 6 2 6 4 2.5 1 1 3 0 2 80 919 1
1 37.33 6.5 2 7 8 4.25 1 1 12 1 2 93 1 1
1 36.67 4.41 1 4 4 0.25 1 1 10 1 2 320 1 1
1 59.5 2.75 2 9 4 1.75 1 1 5 1 2 60 59 1
0 44.33 0 2 8 4 2.5 1 0 0 0 2 0 1 1
1 31.57 0.5 2 8 5 0.835 1 0 0 1 1 320 1 0
1 30.75 1.58 2 2 4 0.585 0 0 0 1 1 0 1 0
1 29.25 13 2 2 8 0.5 0 0 0 0 2 228 1 0
1 36.75 0.12 1 8 4 1.5 0 0 0 1 2 232 114 1
0 32 6 2 2 4 1.25 0 0 0 0 2 272 1 0
1 21 3 1 2 4 1.085 1 1 8 1 2 160 2 1
1 37.42 2.04 2 9 4 0.04 1 0 0 1 2 400 5801 1
0 47.75 8 2 8 4 7.875 1 1 6 1 2 0 1261 1
0 16.5 1.25 2 11 4 0.25 0 1 1 0 2 108 99 0
1 28.33 5 2 9 4 11 1 0 0 1 2 70 1 1
0 24.5 1.04 1 1 1 0.5 1 1 3 0 2 180 148 0
0 38.25 6 2 4 4 1 1 0 0 1 2 0 1 1
1 28.58 3.62 2 6 4 0.25 0 0 0 1 2 100 1 0
1 16.32 4.08 2 3 8 0.415 0 0 0 1 2 120 1 0
1 56.75 12.25 2 7 4 1.25 1 1 4 1 2 200 1 1
1 39.92 5 2 3 5 0.21 0 0 0 0 2 550 1 0
1 20 11.04 2 8 4 2 0 0 0 1 2 136 1 0
1 38.92 1.75 2 4 4 0.5 0 0 0 1 2 300 3 0
1 23 0.62 1 6 4 0.125 1 0 0 0 2 180 2 0
0 20.75 10.25 2 11 4 0.71 1 1 2 1 2 49 1 1
1 41 0.04 2 10 4 0.04 0 1 1 0 1 560 1 1
1 20.42 1.08 2 11 4 1.5 0 0 0 0 2 108 8 0
0 60.58 16.5 2 11 4 11 1 0 0 1 2 21 10562 1
1 21.67 1.16 1 4 4 2.5 1 1 1 0 2 180 21 0
1 40.92 0.5 1 7 4 0.5 0 0 0 1 2 130 1 0
1 20.67 5.29 2 11 4 0.375 1 1 1 0 2 160 1 0
1 30.33 0.5 2 2 8 0.085 0 0 0 1 1 252 1 0
1 26.67 4.25 2 13 4 4.29 1 1 1 1 2 120 1 1
1 37.5 0.83 2 10 4 0.04 0 0 0 0 2 120 6 0
0 58.67 4.46 2 11 8 3.04 1 1 6 0 2 43 561 1
0 22.25 1.25 1 1 1 3.25 0 0 0 0 2 280 1 0
1 43.17 5 2 3 5 2.25 0 0 0 1 2 141 1 0
0 27.67 2.04 2 9 4 0.25 0 0 0 1 2 180 51 0
1 19.5 0.28 2 4 4 0.29 0 0 0 0 2 280 365 0
0 30 5.29 2 10 2 2.25 1 1 5 1 2 99 501 1
1 25.75 0.75 2 8 5 0.25 1 0 0 0 2 349 24 1
1 37.5 1.12 1 2 4 1.5 0 0 0 1 2 431 1 1
1 31.57 0.04 1 2 4 4.25 0 0 0 1 2 460 1 0
1 32.08 4 1 13 4 1.5 0 0 0 1 2 120 1 0
0 33.67 0.37 2 13 4 0.375 0 0 0 0 2 300 45 1
1 26.67 2.71 1 13 4 5.25 1 1 1 0 2 211 1 1
1 37.5 1.75 1 8 5 0.25 1 0 0 1 2 164 401 0
1 34.17 2.75 2 3 5 2.5 0 0 0 1 2 232 201 0
1 28.25 5.12 2 14 4 4.75 1 1 2 0 2 420 8 1
0 18.42 9.25 2 11 4 1.21 1 1 4 0 2 60 541 1
0 20.07 0.12 2 11 4 1 0 1 1 0 2 240 769 1
1 18.5 2 2 3 4 1.5 1 1 2 0 2 120 301 1
1 23.5 3.16 1 4 4 0.415 0 1 1 1 2 280 81 0
1 25 11.25 2 8 4 2.5 1 1 17 0 2 200 1209 1
0 58.42 21 2 3 5 10 1 1 13 0 2 0 6701 1
1 54.42 0.5 1 4 8 3.96 1 0 0 0 2 180 315 1
1 21 3 1 2 4 1.085 1 1 8 1 2 160 2 1
1 22 0.79 2 9 4 0.29 0 1 1 0 2 420 284 0
1 31.67 0.83 2 14 4 1.335 1 1 8 1 2 303 3291 1
1 36.25 5 2 8 5 2.5 1 1 6 0 2 0 368 1
0 28.42 3.5 2 9 4 0.835 1 0 0 0 1 280 1 1
0 18.25 10 2 9 4 1 0 1 1 0 2 120 2 0
1 38.92 1.75 2 4 4 0.5 0 0 0 1 2 300 3 0
1 48.33 12 2 7 4 16 1 0 0 0 1 110 1 1
0 65.17 14 2 1 1 0 1 1 11 1 2 0 1401 1
0 28.17 0.58 2 6 4 0.04 0 0 0 0 2 260 1005 0
1 55.92 11.5 2 1 1 5 1 1 5 0 2 0 8852 1
0 25.17 2.87 2 14 8 0.875 1 0 0 0 2 360 1 1
1 18.42 10.41 1 6 4 0.125 1 0 0 0 2 120 376 0
0 22.67 0.33 2 11 4 0.75 0 0 0 0 1 160 1 0
1 38.92 1.75 2 4 4 0.5 0 0 0 1 2 300 3 0
0 31.75 3 1 5 3 0 0 0 0 0 2 160 21 0
0 60.58 16.5 2 11 4 11 1 0 0 1 2 21 10562 1
0 25.25 13.5 1 1 1 2 0 1 1 1 2 200 2 0
1 23 0.75 2 7 4 0.5 0 0 0 1 1 320 1 0
1 39.5 1.62 2 8 4 1.5 0 0 0 0 2 0 317 0
1 34.83 2.5 1 9 4 3 0 0 0 0 1 200 1 0
1 29.42 1.25 2 8 8 0.25 0 1 2 1 2 400 109 0
1 21.58 0.79 1 13 4 0.665 0 0 0 0 2 160 1 0
1 16.25 0 1 6 4 0.25 0 0 0 0 2 60 1 0
1 19.5 9.58 2 6 4 0.79 0 0 0 0 2 80 351 0
0 20.75 10.25 2 11 4 0.71 1 1 2 1 2 49 1 1
1 24.58 1.25 2 8 4 0.25 0 0 0 0 2 110 1 0
1 35.17 4.5 2 14 8 5.75 0 0 0 1 1 711 1 1
0 22.5 8.5 2 11 4 1.75 1 1 10 0 2 80 991 0
1 28.67 14.5 2 2 4 0.125 0 0 0 0 2 0 287 0
1 20.42 1.08 2 11 4 1.5 0 0 0 0 2 108 8 0
1 41.92 0.42 2 8 8 0.21 1 1 6 0 2 220 949 1
1 49.58 19 2 1 1 0 1 1 1 0 2 94 1 0

