1 34.25 1.75 2 9 5 0.25 1 0 0 1 2 163 1 0
1 44.33 0.5 2 3 8 5 1 0 0 1 2 320 1 1
1 28 3 2 9 4 0.75 0 0 0 1 2 300 68 0
0 18.57 10 2 2 4 0.415 0 0 0 0 2 80 43 0
0 22.67 0.75 2 8 4 2 0 1 2 1 2 200 395 0
1 30.17 0.5 2 8 4 1.75 1 1 11 0 2 32 541 1
1 25.08 1.71 2 14 4 1.665 1 1 1 1 2 395 21 1
1 48.17 3.5 2 6 4 3.5 1 0 0 0 1 230 1 1
1 31.25 1.12 2 1 1 0 0 1 1 0 2 96 20 0
1 31.08 3.08 2 8 4 2.5 0 1 2 1 2 160 42 0
0 24.08 0.5 2 11 8 1.25 1 1 1 0 2 0 679 1
0 36.75 4.71 2 1 1 0 0 0 0 0 2 160 1 0
0 55.75 7.08 2 4 8 6.75 1 1 3 1 2 100 51 0
0 22.42 11.25 1 14 8 0.75 1 1 4 0 2 0 322 1
1 40 6.5 2 6 5 3.5 1 1 1 0 2 0 501 1
0 31.57 3.5 2 2 4 3 1 0 0 1 2 300 1 0
1 28.58 3.62 2 6 4 0.25 0 0 0 1 2 100 1 0
1 32.42 3 2 2 4 0.165 0 0 0 1 2 120 1 0
1 38.92 1.75 2 4 4 0.5 0 0 0 1 2 300 3 0
1 33.67 1.25 2 9 4 1.165 0 0 0 0 2 120 1 0
1 27.25 1.66 2 13 8 5.085 1 1 9 0 2 399 828 1
1 20.5 2.41 2 8 4 2 1 1 11 1 2 200 3001 1
0 50.25 0.83 2 6 4 0.5 0 0 0 1 2 240 118 0
1 17.42 6.5 2 3 4 0.125 0 0 0 0 2 60 101 0
0 16.32 0.21 2 6 4 0.125 0 0 0 0 2 200 2 0
0 27.67 2.04 2 9 4 0.25 0 0 0 1 2 180 51 0
0 27.25 0.28 2 7 8 0.125 0 1 1 1 2 272 109 0
1 18.82 0.41 1 8 4 0.165 0 1 1 0 2 200 2 0
0 20.83 0.5 1 10 2 1 0 0 0 0 2 260 1 0
0 29.58 1.75 1 4 4 1.25 0 0 0 1 2 280 1 0
1 33.58 0.25 2 3 5 4 0 0 0 1 1 420 1 0
1 34.25 1.75 2 9 5 0.25 1 0 0 1 2 163 1 0
1 31.67 16.16 2 2 4 3 1 1 9 0 2 250 731 1
1 29.83 2.04 1 14 8 0.04 0 0 0 0 2 128 2 0
0 40.83 10 2 11 8 1.75 1 0 0 0 2 29 838 1
1 24.5 13.33 1 6 4 0.04 0 0 0 1 2 120 476 0
1 23.17 11.12 2 14 8 0.46 1 1 1 0 2 100 1 1
1 65.42 11 2 10 9 20 1 1 7 1 2 22 1 1
0 22.67 0.75 2 8 4 2 0 1 2 1 2 200 395 0
1 26.17 12.5 1 4 8 1.25 0 0 0 1 2 0 18 0
1 17.07 0.08 1 8 4 0.04 0 0 0 0 2 140 723 0
0 23.42 0.79 1 11 4 1.5 1 1 2 1 2 80 401 1
0 20.67 3 2 11 4 0.165 1 1 3 0 2 100 7 1
0 22.83 2.29 2 11 8 2.29 1 1 7 1 2 140 2385 1
0 23.58 0.58 1 1 1 0.125 0 0 0 0 2 120 88 0
0 28.75 3.75 2 8 4 1.085 1 1 1 1 2 371 1 1
1 31.08 1.5 1 9 4 0.04 0 0 0 0 1 160 1 0
1 26.33 13 2 10 2 0 0 0 0 1 2 140 1111 0
1 31.57 5 1 6 4 8.5 1 0 0 0 2 0 1 0
0 22.92 11.58 2 13 4 0.04 1 0 0 0 2 80 1350 1
1 29.58 4.5 2 9 4 7.5 1 1 2 1 2 330 1 1
1 56.75 12.25 2 7 4 1.25 1 1 4 1 2 200 1 1
1 26.75 2 2 2 4 0.75 0 0 0 1 2 80 1 0
1 42.75 3 2 3 5 1 1 0 0 0 2 0 201 0
0 44.33 0 2 8 4 2.5 1 0 0 0 2 0 1 1
1 16.25 0 1 6 4 0.25 0 0 0 0 2 60 1 0
1 35.25 3.16 2 14 8 3.75 1 0 0 1 2 680 1 0
1 31.67 16.16 2 2 4 3 1 1 9 0 2 250 731 1
1 37.5 0.83 2 10 4 0.04 0 0 0 0 2 120 6 0
0 32.33 0.54 2 13 4 0.04 1 0 0 0 2 440 11178 1
0 21.75 11.75 2 8 4 0.25 0 0 0 1 2 180 1 0
0 36.58 0.28 2 1 1 0 0 1 10 0 2 200 19 0
0 24.5 2.41 1 8 4 0 0 0 0 0 2 120 1 0
1 31.33 19.5 2 8 4 7 1 1 16 0 2 0 5001 1
1 20.67 0.83 1 8 4 2 0 0 0 1 1 240 1 0
1 42.75 3 2 3 5 1 1 0 0 0 2 0 201 0
1 23.25 12.62 2 8 4 0.125 0 1 2 0 2 0 5553 0
1 29.67 0.75 1 8 4 0.04 0 0 0 0 2 240 1 0
1 36.33 3.79 2 9 4 1.165 1 0 0 1 2 200 1 0
1 36.33 3.79 2 9 4 1.165 1 0 0 1 2 200 1 0
1 38.25 10.12 1 4 4 0.125 0 0 0 0 2 160 1 0
1 31.67 0.83 2 14 4 1.335 1 1 8 1 2 303 3291 1
1 23 0.75 2 7 4 0.5 0 0 0 1 1 320 1 0
1 27.75 1.29 2 4 8 0.25 0 0 0 1 1 140 1 0
1 23.17 0 2 8 4 0 0 0 0 0 3 184 1 1
0 20.07 1.25 2 8 4 0 0 0 0 0 2 0 1 0
1 65.42 11 2 10 9 20 1 1 7 1 2 22 1 1
0 26.92 13.5 2 11 8 5 1 1 2 0 2 0 5001 1
0 22.92 1.25 2 11 4 0.25 0 0 0 1 2 120 810 0
1 26.67 4.25 2 13 4 4.29 1 1 1 1 2 120 1 1
1 22.67 1.58 1 9 4 3.085 1 1 6 0 2 80 1 1
1 48.33 12 2 7 4 16 1 0 0 0 1 110 1 1
0 20.67 1.83 2 11 4 2.085 1 1 5 0 2 220 2504 1
1 36.75 0.12 1 8 4 1.5 0 0 0 1 2 232 114 1
0 22.83 2.29 2 11 8 2.29 1 1 7 1 2 140 2385 1
0 22.92 11.58 2 13 4 0.04 1 0 0 0 2 80 1350 1
0 32.25 1.5 2 8 4 0.25 0 0 0 1 2 372 123 0
1 18.5 2 2 3 4 1.5 1 1 2 0 2 120 301 1
0 33.67 0.37 2 13 4 0.375 0 0 0 0 2 300 45 1
1 56.75 12.25 2 7 4 1.25 1 1 4 1 2 200 1 1
1 21.83 0.25 2 2 8 0.665 1 0 0 1 2 0 1 1
1 25.92 0.87 2 4 4 0.375 0 1 2 1 2 174 4 0
0 17.32 9.5 2 6 4 1.75 0 1 10 1 2 0 11 0
1 33.58 0.25 2 3 5 4 0 0 0 1 1 420 1 0
0 24.5 1.04 1 1 1 0.5 1 1 3 0 2 180 148 0
1 64.08 20 2 14 8 17.5 1 1 9 1 2 0 1001 1
1 31.42 15.5 2 8 4 0.5 1 0 0 0 2 120 1 0
1 23.25 4 2 8 5 0.25 1 0 0 1 2 160 1 1
0 19.5 0.16 2 11 4 0.04 0 0 0 1 2 380 1 0
0 20.07 0.12 2 11 4 1 0 1 1 0 2 240 769 1
1 33.58 0.25 2 3 5 4 0 0 0 1 1 420 1 0
0 35.42 12 2 11 8 14 1 1 8 0 2 0 6591 1
1 37.58 0 2 8 4 0 0 0 0 0 3 184 1 1
1 28.25 5.12 2 14 4 4.75 1 1 2 0 2 420 8 1
1 22.08 0.83 2 8 8 2.165 0 0 0 1 2 128 1 1
0 33.25 2.5 1 8 4 2.5 0 0 0 1 2 0 3 0
0 33.92 1.58 1 1 1 0 1 0 0 0 2 320 1 0
1 31.92 4.46 2 13 8 6.04 1 1 3 0 2 311 301 1
1 23.25 12.62 2 8 4 0.125 0 1 2 0 2 0 5553 0
1 51.33 10 2 3 5 0 1 1 11 0 2 0 1250 1

