1 31.83 2.5 2 6 4 7.5 1 0 0 1 2 523 1 0
1 16.07 0.75 2 8 4 1.75 1 1 5 1 2 352 691 1
1 32.42 3 2 2 4 0.165 0 0 0 1 2 120 1 0
1 49.58 19 2 1 1 0 1 1 1 0 2 94 1 0
1 25.5 0.37 2 7 4 0.25 1 1 3 0 2 260 15109 1
1 33.58 0.25 2 3 5 4 0 0 0 1 1 420 1 0
0 22.58 10.75 2 11 4 0.415 1 1 5 1 2 0 561 1
1 35 3.37 2 8 8 8.29 0 0 0 1 2 0 1 0
0 28.58 3.54 2 3 5 0.5 1 0 0 1 2 171 1 0
0 18.92 9.25 1 8 4 1 1 1 4 1 2 80 501 1
1 37.5 0.83 2 10 4 0.04 0 0 0 0 2 120 6 0
0 20.42 7.5 2 4 4 1.5 1 1 1 0 2 160 235 1
1 28 3 2 9 4 0.75 0 0 0 1 2 300 68 0
1 31.57 4 2 14 4 5 1 1 3 1 2 290 2280 1
1 23.58 0.46 1 9 4 2.625 1 1 6 1 2 208 348 0
1 32.42 3 2 2 4 0.165 0 0 0 1 2 120 1 0
1 60.08 14.5 2 1 1 18 1 1 15 1 2 0 1001 1
0 22.42 11.25 1 14 8 0.75 1 1 4 0 2 0 322 1
1 33.17 1 2 14 4 0.75 1 1 7 1 2 340 4072 1
1 57.42 8.5 2 10 8 7 1 1 3 0 2 0 1 1
0 20.75 10.25 2 11 4 0.71 1 1 2 1 2 49 1 1
1 38.25 10.12 1 4 4 0.125 0 0 0 0 2 160 1 0
1 39.17 1.71 2 14 4 0.125 1 1 5 1 2 480 1 1
0 33.17 2.25 1 13 4 3.5 0 0 0 1 2 200 142 0
1 58.58 2.71 2 8 4 2.415 0 0 0 1 2 320 1 0
1 44.33 0.5 2 3 8 5 1 0 0 1 2 320 1 1
1 80.25 5.5 2 8 4 0.54 1 0 0 0 2 0 341 0
1 22 7.83 1 3 5 0.165 0 0 0 1 2 184 1 0
0 23.42 0.79 1 11 4 1.5 1 1 2 1 2 80 401 1
1 32.75 2.33 2 2 8 5.75 0 0 0 1 2 292 1 0
1 22.67 2.54 1 8 8 2.585 1 0 0 0 2 0 1 1
1 25.92 0.87 2 4 4 0.375 0 1 2 1 2 174 4 0
1 17.07 0.08 1 8 4 0.04 0 0 0 0 2 140 723 0
1 20.67 5.29 2 11 4 0.375 1 1 1 0 2 160 1 0
0 22.67 0.75 2 8 4 2 0 1 2 1 2 200 395 0
0 25.58 0 2 8 4 0 0 0 0 0 3 184 1 1
0 36 1 2 8 4 2 1 1 11 0 2 0 457 1
1 37.58 0 2 8 4 0 0 0 0 0 3 184 1 1
1 31.57 5 1 6 4 8.5 1 0 0 0 2 0 1 0
1 32 1.75 1 10 8 0.04 1 0 0 1 2 393 1 1
1 23.17 0 2 13 4 0.085 1 0 0 0 2 0 1 1
0 44.17 6.66 2 11 4 7.375 1 1 3 1 2 0 1 1
1 64.08 20 2 14 8 17.5 1 1 9 1 2 0 1001 1
1 43.25 3 2 11 8 6 1 1 11 0 2 80 1 1
1 36.5 4.25 2 11 4 3.5 0 0 0 0 2 454 51 0
1 18.17 2.46 2 8 7 0.96 0 1 2 1 2 160 588 0
0 50.08 12.54 2 6 4 2.29 1 1 3 1 2 156 1 1
0 45.33 1 2 11 4 0.125 0 0 0 1 2 263 1 0
1 36.67 2 2 3 4 0.25 0 0 0 1 2 221 1 0
1 31.42 15.5 2 8 4 0.5 1 0 0 0 2 120 1 0
1 51.83 2.04 1 1 1 1.5 0 0 0 0 2 120 2 0
1 26.75 2 2 2 4 0.75 0 0 0 1 2 80 1 0
1 22.17 12.12 2 8 4 3.335 0 1 2 1 2 180 174 0
1 18.07 6.75 1 7 4 0.04 0 0 0 0 2 140 1 0
1 25 12 2 4 4 2.25 1 1 2 1 2 120 6 0
0 32 6 2 2 4 1.25 0 0 0 0 2 272 1 0
0 22.67 0.33 2 11 4 0.75 0 0 0 0 1 160 1 0
0 28.5 3.04 1 14 8 2.54 1 1 1 0 2 70 1 1
1 26.92 2.25 2 3 5 0.5 0 0 0 1 2 640 4001 0
1 27.83 1.54 2 9 4 3.75 1 1 5 1 2 100 4 1
1 23.17 0 2 13 4 0.085 1 0 0 0 2 0 1 1
0 22.67 0.33 2 11 4 0.75 0 0 0 0 1 160 1 0
0 23.25 5.87 2 11 4 3.17 1 1 10 0 2 120 246 1
1 28.67 9.33 2 11 8 5.665 1 1 6 0 2 381 169 1
1 22.08 11 2 13 4 0.665 1 0 0 0 2 100 1 1
1 16 3.12 2 9 4 0.085 0 1 1 0 2 0 7 0
1 43.25 25.21 2 11 8 0.21 1 1 1 0 2 760 91 0
1 34.5 4.04 1 3 5 8.5 1 1 7 1 2 195 1 1
0 30.25 5.5 2 4 4 5.5 0 0 0 1 1 100 1 0
0 36.58 0.28 2 1 1 0 0 1 10 0 2 200 19 0
1 32.25 14 1 1 1 0 0 1 2 0 2 160 2 0
1 37.42 2.04 2 9 4 0.04 1 0 0 1 2 400 5801 1
1 34.08 6.5 2 6 4 0.125 1 0 0 1 2 443 1 0
1 23.58 1.79 2 8 4 0.54 0 0 0 1 2 136 2 0
1 43.25 3 2 11 8 6 1 1 11 0 2 80 1 1
1 51.83 2.04 1 1 1 1.5 0 0 0 0 2 120 2 0
0 24.08 0.5 2 11 8 1.25 1 1 1 0 2 0 679 1
1 31.33 19.5 2 8 4 7 1 1 16 0 2 0 5001 1
0 24.33 2.5 1 3 5 4.5 0 0 0 0 2 200 457 0
1 48.75 26.33 1 1 1 0 1 0 0 1 2 0 1 0
0 20.67 3 2 11 4 0.165 1 1 3 0 2 100 7 1
0 47.42 8 2 10 5 6.5 1 1 6 0 2 375 51101 1
1 28.67 9.33 2 11 8 5.665 1 1 6 0 2 381 169 1
1 38.25 10.12 1 4 4 0.125 0 0 0 0 2 160 1 0
1 64.08 20 2 14 8 17.5 1 1 9 1 2 0 1001 1
0 32 6 2 2 4 1.25 0 0 0 0 2 272 1 0
1 42.83 1.25 2 7 4 13.875 0 1 1 1 2 352 113 0
1 34.42 1.33 2 3 5 0.125 0 0 0 1 2 440 4501 0
1 25.17 3 2 8 4 1.25 0 1 1 0 2 0 23 0
0 34.83 1.25 1 3 8 0.5 0 0 0 1 2 160 1 0
1 48.75 8.5 2 8 8 12.5 1 1 9 0 2 181 1656 1
0 47.42 8 2 10 5 6.5 1 1 6 0 2 375 51101 1
1 47.67 0.28 2 8 5 15 1 1 20 0 2 0 15001 1
1 29.83 3.5 2 8 4 0.165 0 0 0 0 2 216 1 0
0 19.17 5.41 2 3 8 0.29 0 0 0 0 2 80 485 0
1 13.75 4 1 9 4 1.75 1 1 2 1 2 120 1001 1
1 18.07 6.75 1 7 4 0.04 0 0 0 0 2 140 1 0
1 28.67 9.33 2 11 8 5.665 1 1 6 0 2 381 169 1
0 28.5 3.04 1 14 8 2.54 1 1 1 0 2 70 1 1
1 59.5 2.75 2 9 4 1.75 1 1 5 1 2 60 59 1
0 31.57 11.25 2 1 1 0 0 0 0 0 2 184 5201 0
1 35 3.37 2 8 8 8.29 0 0 0 1 2 0 1 0
0 26.17 2 2 5 3 0 0 0 0 1 2 276 2 0
0 58.42 21 2 3 5 10 1 1 13 0 2 0 6701 1
1 40 6.5 2 6 5 3.5 1 1 1 0 2 0 501 1
1 24.58 12.5 2 9 4 0.875 1 0 0 1 2 260 1 0
0 24.75 3 2 11 8 1.835 1 1 19 0 2 0 501 1
1 39.33 5.87 2 13 8 10 1 1 14 1 2 399 1 1
1 43.17 2.25 2 3 5 0.75 1 0 0 0 2 560 1 0
0 40.83 3.5 2 3 5 0.5 0 0 0 0 1 1160 1 0

