0 28.42 3.5 2 9 4 0.835 1 0 0 0 1 280 1 1
1 29.58 4.5 2 9 4 7.5 1 1 2 1 2 330 1 1
1 20.42 0 2 8 4 0 0 0 0 0 3 184 1 0
0 23.25 5.87 2 11 4 3.17 1 1 10 0 2 120 246 1
1 59.67 1.54 2 11 4 0.125 1 0 0 1 2 260 1 1
1 28.25 5.12 2 14 4 4.75 1 1 2 0 2 420 8 1
1 27.75 1.29 2 4 8 0.25 0 0 0 1 1 140 1 0
1 37.42 2.04 2 9 4 0.04 1 0 0 1 2 400 5801 1
1 28.25 5.04 1 8 5 1.5 1 1 8 1 2 144 8 1
0 25.17 2.87 2 14 8 0.875 1 0 0 0 2 360 1 1
0 52.17 0 1 1 1 0 0 0 0 0 2 0 1 0
1 57.42 8.5 2 10 8 7 1 1 3 0 2 0 1 1
0 22.92 1.25 2 11 4 0.25 0 0 0 1 2 120 810 0
0 20.07 1.25 2 8 4 0 0 0 0 0 2 0 1 0
1 30.17 0.5 2 8 4 1.75 1 1 11 0 2 32 541 1
0 23.58 0.58 1 1 1 0.125 0 0 0 0 2 120 88 0
0 31.57 11.25 2 1 1 0 0 0 0 0 2 184 5201 0
1 47.17 5.83 2 9 4 5.5 0 0 0 0 2 465 151 0
1 44.83 7 1 8 4 1.625 0 0 0 0 2 160 3 0
1 29.58 4.75 2 7 4 2 0 1 1 1 2 460 69 0
1 36.42 0.75 1 2 4 0.585 0 0 0 0 2 240 4 0
1 34.67 1.08 2 7 4 1.165 0 0 0 0 1 28 1 0
1 34.92 2.5 2 9 4 0 1 0 0 1 2 239 201 1
0 26.08 8.66 2 6 4 1.415 1 0 0 0 2 160 151 1
1 29.58 4.75 2 7 4 2 0 1 1 1 2 460 69 0
1.234 22.08 11.46 2 4 4 1.585 0 0 0 1 2 100 1213 0
1 20.67 5.29 2 11 4 0.375 1 1 1 0 2 160 1 0
0 37.75 5.5 2 11 4 0.125 1 0 0 1 2 228 1 1
1 44.83 7 1 8 4 1.625 0 0 0 0 2 160 3 0
1 20.42 1.08 2 11 4 1.5 0 0 0 0 2 108 8 0
1 38.42 0.7 2 8 4 0.375 0 1 2 0 2 225 501 0
1 37.75 7 2 11 8 11.5 1 1 7 1 2 300 6 0
0 52.17 0 1 1 1 0 0 0 0 0 2 0 1 0
1 23.92 1.5 2 2 8 1.875 1 1 6 0 2 200 328 1
1 80.25 5.5 2 8 4 0.54 1 0 0 0 2 0 341 0
0 16.32 0.21 2 6 4 0.125 0 0 0 0 2 200 2 0
1 36.17 0.42 1 9 4 0.29 0 0 0 1 2 309 3 0
0 50.08 12.54 2 6 4 2.29 1 1 3 1 2 156 1 1
1 33.75 2.75 2 3 5 0 0 0 0 0 2 180 1 0
1 37.5 1.12 1 2 4 1.5 0 0 0 1 2 431 1 1
0 47.75 8 2 8 4 7.875 1 1 6 1 2 0 1261 1
1 22.67 0.16 2 8 3 2.25 0 0 0 1 1 0 1 1
1 25.42 0.54 2 9 4 0.165 0 1 1 0 2 272 445 0
0 35.17 3.75 2 1 1 0 0 1 6 0 2 0 201 0
1 31.57 10.5 2 14 4 6.5 1 0 0 0 2 0 1 1
1 24.08 9 2 6 4 0.25 0 0 0 1 2 0 1 0
0 25.25 13.5 1 1 1 2 0 1 1 1 2 200 2 0
1 43.25 3 2 11 8 6 1 1 11 0 2 80 1 1
1 22.17 0.58 1 1 1 0 0 0 0 0 2 100 1 0
1 69.17 9 2 1 1 4 0 1 1 0 2 70 7 0
1 30.33 0.5 2 2 8 0.085 0 0 0 1 1 252 1 0
0 38.25 6 2 4 4 1 1 0 0 1 2 0 1 1
1 30.75 1.58 2 2 4 0.585 0 0 0 1 1 0 1 0
1 31.08 1.5 1 9 4 0.04 0 0 0 0 1 160 1 0
1 31 2.08 2 8 4 0.085 0 0 0 0 2 300 1 0
1 19.5 9.58 2 6 4 0.79 0 0 0 0 2 80 351 0
1 23.92 1.5 2 2 8 1.875 1 1 6 0 2 200 328 1
1 20.67 0.83 1 8 4 2 0 0 0 1 1 240 1 0
1 23.92 0.58 1 13 8 0.125 0 0 0 0 2 240 2 0
1 52.5 6.5 2 4 4 6.29 1 1 15 0 2 0 11203 1
0 22.25 1.25 1 1 1 3.25 0 0 0 0 2 280 1 0
1 26.75 4.5 1 8 5 2.5 0 0 0 0 2 200 1211 0
1 39.42 1.71 1 7 4 0.165 0 0 0 0 1 400 1 0
0 25.17 2.87 2 14 8 0.875 1 0 0 0 2 360 1 1
1 23.58 1.79 2 8 4 0.54 0 0 0 1 2 136 2 0
1 40.58 1.5 2 3 5 0 0 0 0 0 1 300 1 0
1 31.57 3 1 3 5 7 0 0 0 0 2 0 2 0
0 33.08 4.62 2 11 8 1.625 1 1 2 0 2 0 1 1
1 27.25 0.62 2 6 4 0.455 1 0 0 1 2 200 1 0
0 58.33 10 2 11 4 4 1 1 14 0 2 0 1603 1
1 22.92 3.16 1 8 4 0.165 0 0 0 0 2 160 1059 0
1 23.17 0 2 8 4 0 0 0 0 0 3 184 1 1
1 26.33 13 2 10 2 0 0 0 0 1 2 140 1111 0
1 29.25 13 2 2 8 0.5 0 0 0 0 2 228 1 0
0 23 1.83 2 5 3 0 0 1 1 0 2 200 54 0
1 24.58 13.5 1 1 1 0 0 0 0 0 2 184 1 0
1 37.33 2.66 2 13 4 0.165 0 0 0 1 2 0 502 0
1 28.67 9.33 2 11 8 5.665 1 1 6 0 2 381 169 1
0 21.5 6 2 6 4 2.5 1 1 3 0 2 80 919 1
0 45 4.58 2 4 8 1 0 0 0 1 1 240 1 0
1 28.25 0.87 2 7 4 0.96 1 1 3 1 2 396 1 1
1 39.5 1.62 2 8 4 1.5 0 0 0 0 2 0 317 0
1 74.83 19 1 1 1 0.04 0 1 2 0 2 0 352 0
1 24.83 2.75 2 8 4 2.25 1 1 6 0 2 184 601 1
0 45.33 1 2 11 4 0.125 0 0 0 1 2 263 1 0
0 30.25 5.5 2 4 4 5.5 0 0 0 1 1 100 1 0
1 31.08 1.5 1 9 4 0.04 0 0 0 0 1 160 1 0
0 27.67 2.04 2 9 4 0.25 0 0 0 1 2 180 51 0
1 43.25 25.21 2 11 8 0.21 1 1 1 0 2 760 91 0
0 36.58 0.28 2 1 1 0 0 1 10 0 2 200 19 0
0 22.42 5.66 2 11 4 2.585 1 1 7 0 2 129 3258 1
0 18.57 10 2 2 4 0.415 0 0 0 0 2 80 43 0
0 42.25 1.75 1 8 4 0 0 0 0 1 2 150 2 0
0 38.58 5 2 13 4 13.5 1 0 0 1 2 980 1 0
1 20.5 2.41 2 8 4 2 1 1 11 1 2 200 3001 1
0 42.25 1.75 1 8 4 0 0 0 0 1 2 150 2 0
1 19.5 0.28 2 4 4 0.29 0 0 0 0 2 280 365 0
1 26 1 2 11 4 1.75 1 0 0 1 2 280 1 1
1 25 12 2 4 4 2.25 1 1 2 1 2 120 6 0
1 38.25 10.12 1 4 4 0.125 0 0 0 0 2 160 1 0
1 23.25 12.62 2 8 4 0.125 0 1 2 0 2 0 5553 0
1 20.67 5.29 2 11 4 0.375 1 1 1 0 2 160 1 0
0 23.58 11.5 1 4 8 3 0 0 0 1 2 20 17 0
0 20.67 3 2 11 4 0.165 1 1 3 0 2 100 7 1
1 25.67 0.28 1 8 4 1.5 0 0 0 1 2 160 1 0
0 24.5 2.41 1 8 4 0 0 0 0 0 2 120 1 0
1 33.67 1.25 2 9 4 1.165 0 0 0 0 2 120 1 0
1 28.33 5 2 9 4 11 1 0 0 1 2 70 1 1
1 54.33 6.75 2 8 8 2.625 1 1 11 1 2 0 285 1
1 23.25 1.5 2 11 4 2.375 1 1 3 1 2 0 583 1

