0 25 12.33 2 13 8 3.5 1 1 6 0 2 400 459 1
1 28.75 1.5 1 8 4 1.5 1 0 0 1 2 0 226 0
1 32.08 4 2 7 4 2.5 1 0 0 1 2 360 1 1
0 33.25 2.5 1 8 4 2.5 0 0 0 1 2 0 3 0
1 34.42 4.25 2 3 5 3.25 1 1 2 0 2 274 611 1
1 22.08 11 2 13 4 0.665 1 0 0 0 2 100 1 1
1 31.08 3.08 2 8 4 2.5 0 1 2 1 2 160 42 0
1 22.17 2.25 2 3 4 0.125 0 0 0 0 2 160 11 0
1 37.5 1.12 1 2 4 1.5 0 0 0 1 2 431 1 1
1 42.83 1.25 2 7 4 13.875 0 1 1 1 2 352 113 0
1 31.83 2.5 2 6 4 7.5 1 0 0 1 2 523 1 0
1 39.92 5 2 3 5 0.21 0 0 0 0 2 550 1 0
1 26.67 4.25 2 13 4 4.29 1 1 1 1 2 120 1 1
1 40.58 5 2 8 4 5 1 1 7 0 2 0 3066 1
1 26.17 0.25 2 3 5 0 1 0 0 1 2 0 1 1
1 28.58 3.62 2 6 4 0.25 0 0 0 1 2 100 1 0
1 34 5.08 1 3 5 1.085 0 0 0 1 2 480 1 0
1 16 3.12 2 9 4 0.085 0 1 1 0 2 0 7 0
1 49.17 2.29 2 1 1 0.29 0 0 0 0 2 200 4 0
1 25.67 3.25 2 8 8 2.29 0 1 1 1 2 416 22 0
1 23.25 12.62 2 8 4 0.125 0 1 2 0 2 0 5553 0
0 24.08 0.5 2 11 8 1.25 1 1 1 0 2 0 679 1
1 36.17 5.5 2 3 5 5 0 0 0 0 2 210 688 0
1 17.07 3.29 2 3 4 0.335 0 0 0 1 2 140 3 0
0 38.75 1.5 2 1 1 0 0 0 0 0 2 76 1 0
1 34.25 3 2 13 8 7.415 1 0 0 1 2 0 1 1
1 30.83 0 2 9 4 1.25 1 1 1 0 2 202 1 1
0 36 1 2 8 4 2 1 1 11 0 2 0 457 1
1 18.82 0 2 11 4 0.665 0 0 0 0 2 160 2 0
1 40.58 1.5 2 3 5 0 0 0 0 0 1 300 1 0
1 25.33 0.57 2 8 4 0.29 1 1 7 1 2 96 5125 1
1 29.58 4.75 2 7 4 2 0 1 1 1 2 460 69 0
1 29.5 0.57 2 9 4 0.29 0 1 1 0 2 340 2804 0
0 64.08 0.16 2 1 1 0 1 1 1 0 2 232 101 1
0 52.5 7 2 6 8 3 0 0 0 0 2 0 1 0
0 18.92 9.25 1 8 4 1 1 1 4 1 2 80 501 1
1 27.58 2.04 1 6 4 2 1 1 3 1 2 370 561 1
1 29.83 2.04 1 14 8 0.04 0 0 0 0 2 128 2 0
1 25.92 0.87 2 4 4 0.375 0 1 2 1 2 174 4 0
0 18.82 9.53 2 6 4 0.085 1 0 0 0 2 100 1 1
1 13.75 4 1 9 4 1.75 1 1 2 1 2 120 1001 1
1 33.67 2.16 2 8 4 1.5 0 0 0 0 3 120 1 0
0 28.17 0.37 2 11 4 0.585 1 1 4 0 2 80 1 1
0 19.67 0.21 2 11 8 0.29 1 1 11 0 2 80 100 1
1 34.67 1.08 2 7 4 1.165 0 0 0 0 1 28 1 0
1 29.83 3.5 2 8 4 0.165 0 0 0 0 2 216 1 0
1 40 6.5 2 6 5 3.5 1 1 1 0 2 0 501 1
0 52.17 0 1 1 1 0 0 0 0 0 2 0 1 0
0 25.17 2.87 2 14 8 0.875 1 0 0 0 2 360 1 1
1 27.25 0.62 2 6 4 0.455 1 0 0 1 2 200 1 0
1 39.25 9.5 2 7 4 6.5 1 1 14 0 2 240 4608 1
1 42.83 1.25 2 7 4 13.875 0 1 1 1 2 352 113 0
1 32.33 3.5 2 4 4 0.5 0 0 0 1 2 232 1 0
0 24.75 12.5 2 6 4 1.5 1 1 12 1 2 120 568 1
1 23.42 0.58 2 8 8 0.085 1 0 0 0 2 180 1 0
1 43.25 25.21 2 11 8 0.21 1 1 1 0 2 760 91 0
1 43.25 3 2 11 8 6 1 1 11 0 2 80 1 1
1 48.17 3.5 2 6 4 3.5 1 0 0 0 1 230 1 1
1 74.83 19 1 1 1 0.04 0 1 2 0 2 0 352 0
0 17.32 9.5 2 6 4 1.75 0 1 10 1 2 0 11 0
0 24.5 2.41 1 8 4 0 0 0 0 0 2 120 1 0
1 42.17 5.04 2 11 8 12.75 1 0 0 1 2 92 1 1
1 26.17 0.83 2 13 4 1.165 0 0 0 0 2 100 1 0
0 35.42 12 2 11 8 14 1 1 8 0 2 0 6591 1
0 32 6 2 2 4 1.25 0 0 0 0 2 272 1 0
0 27.67 2.04 2 9 4 0.25 0 0 0 1 2 180 51 0
0 22.67 3.8 2 8 4 0.165 0 0 0 0 2 160 1 0
0 22.92 11.58 2 13 4 0.04 1 0 0 0 2 80 1350 1
1 22.67 2.54 1 8 8 2.585 1 0 0 0 2 0 1 1
1 35 3.37 2 8 8 8.29 0 0 0 1 2 0 1 0
0 40.33 7.54 1 11 8 8 1 1 14 0 2 0 2301 1
1 27.83 1.54 2 9 4 3.75 1 1 5 1 2 100 4 1
1 23 0.62 1 6 4 0.125 1 0 0 0 2 180 2 0
1 38.25 10.12 1 4 4 0.125 0 0 0 0 2 160 1 0
0 52.83 15 2 8 4 5.5 1 1 14 0 2 0 2201 1
0 17.92 10.21 2 1 1 0 0 0 0 0 2 0 51 0
0 15.75 0.37 2 8 4 1 0 0 0 0 2 120 19 0
1 23 0.75 2 7 4 0.5 0 0 0 1 1 320 1 0
0 25.17 2.87 2 14 8 0.875 1 0 0 0 2 360 1 1
1 31.92 4.46 2 13 8 6.04 1 1 3 0 2 311 301 1
1 28.25 5.04 1 8 5 1.5 1 1 8 1 2 144 8 1
1 23.33 1.5 2 8 8 1.415 1 0 0 0 2 422 201 1
1 25.67 3.25 2 8 8 2.29 0 1 1 1 2 416 22 0
1 51.83 2.04 1 1 1 1.5 0 0 0 0 2 120 2 0
0 22.58 10.75 2 11 4 0.415 1 1 5 1 2 0 561 1
1 25.75 0.75 2 8 5 0.25 1 0 0 0 2 349 24 1
0 32.25 1.5 2 8 4 0.25 0 0 0 1 2 372 123 0
0 47.42 3 2 14 4 13.875 1 1 2 1 2 519 1705 1
1 31.42 15.5 2 8 4 0.5 1 0 0 0 2 120 1 0
0 19.17 8.58 2 13 8 0.75 1 1 7 0 2 96 1 1
1 27.58 2.04 1 6 4 2 1 1 3 1 2 370 561 1
1 33.58 0.33 1 13 4 0.085 0 0 0 0 2 180 1 0
1 19.5 0.28 2 4 4 0.29 0 0 0 0 2 280 365 0
1 24.58 1.25 2 8 4 0.25 0 0 0 0 2 110 1 0
1 18.07 5.5 2 4 4 0.5 1 0 0 0 2 80 1 1
1 19 1.75 1 8 4 2.335 0 0 0 1 2 112 7 0
1 28.25 0.87 2 7 4 0.96 1 1 3 1 2 396 1 1
1 23.25 1.5 2 11 4 2.375 1 1 3 1 2 0 583 1
1 29.5 0.57 2 9 4 0.29 0 1 1 0 2 340 2804 0
1 29.83 2.04 1 14 8 0.04 0 0 0 0 2 128 2 0
1 25.08 1.71 2 14 4 1.665 1 1 1 1 2 395 21 1
1 34.08 0.08 1 7 5 0.04 1 1 1 1 2 280 2001 1
0 28.17 0.37 2 11 4 0.585 1 1 4 0 2 80 1 1
1 39.17 1.71 2 14 4 0.125 1 1 5 1 2 480 1 1
1 26.67 4.25 2 13 4 4.29 1 1 1 1 2 120 1 1
1 59.67 1.54 2 11 4 0.125 1 0 0 1 2 260 1 1
1 34.67 1.08 2 7 4 1.165 0 0 0 0 1 28 1 0
1 18.17 2.46 2 8 7 0.96 0 1 2 1 2 160 588 0
0 35.17 3.75 2 1 1 0 0 1 6 0 2 0 201 0
0 23 1.83 2 5 3 0 0 1 1 0 2 200 54 0

