0 20.67 1.83 2 11 4 2.085 1 1 5 0 2 220 2504 1
0 30.58 10.66 2 11 8 0.085 0 1 12 1 2 129 4 0
0 16.5 1.25 2 11 4 0.25 0 1 1 0 2 108 99 0
0 37.33 2.5 2 3 8 0.21 0 0 0 0 2 260 247 0
1 59.67 1.54 2 11 4 0.125 1 0 0 1 2 260 1 1
0 52.5 7 2 6 8 3 0 0 0 0 2 0 1 0
1 21.83 11 2 14 4 0.29 1 1 6 0 2 121 1 1
1 30.83 0 2 9 4 1.25 1 1 1 0 2 202 1 1
1 28.67 14.5 2 2 4 0.125 0 0 0 0 2 0 287 0
1 58.58 2.71 2 8 4 2.415 0 0 0 1 2 320 1 0
1 25.83 12.83 2 13 4 0.5 0 0 0 0 2 0 3 0
0 41.58 1.04 2 6 4 0.665 0 0 0 0 2 240 238 0
1 24.83 2.75 2 8 4 2.25 1 1 6 0 2 184 601 1
0 23.58 0.58 1 1 1 0.125 0 0 0 0 2 120 88 0
1 21.83 11 2 14 4 0.29 1 1 6 0 2 121 1 1
1 23.42 1 2 8 4 0.5 0 0 0 1 1 280 1 0
1 20.67 0.83 1 8 4 2 0 0 0 1 1 240 1 0
1 42 0.2 2 3 8 5.125 1 0 0 0 2 400 1 1
1 34.42 1.33 2 3 5 0.125 0 0 0 1 2 440 4501 0
1 23.92 0.66 2 8 4 0.165 0 0 0 0 2 100 1 1
0 37.33 2.5 2 3 8 0.21 0 0 0 0 2 260 247 0
1 27.75 1.29 2 4 8 0.25 0 0 0 1 1 140 1 0
1 44.83 7 1 8 4 1.625 0 0 0 0 2 160 3 0
1 40.92 0.5 1 7 4 0.5 0 0 0 1 2 130 1 0
1 57.83 7.04 2 7 4 14 1 1 6 1 2 360 1333 1
1 23.08 2.5 2 1 1 0.085 0 0 0 1 2 100 4209 0
1 18.82 0.41 1 8 4 0.165 0 1 1 0 2 200 2 0
1 26.67 2.71 1 13 4 5.25 1 1 1 0 2 211 1 1
1 34.08 6.5 2 6 4 0.125 1 0 0 1 2 443 1 0
1 25.08 1.71 2 14 4 1.665 1 1 1 1 2 395 21 1
1 28.75 1.16 2 4 4 0.5 1 0 0 0 1 280 1 0
1 49.17 2.29 2 1 1 0.29 0 0 0 0 2 200 4 0
1 22.67 2.54 1 8 8 2.585 1 0 0 0 2 0 1 1
1 23.25 1.5 2 11 4 2.375 1 1 3 1 2 0 583 1
1 42 9.78 2 14 8 7.96 1 1 8 0 2 0 1 1
0 20.83 0.5 1 10 2 1 0 0 0 0 2 260 1 0
1 58.58 2.71 2 8 4 2.415 0 0 0 1 2 320 1 0
1 31.92 4.46 2 13 8 6.04 1 1 3 0 2 311 301 1
0 24.5 2.41 1 8 4 0 0 0 0 0 2 120 1 0
0 25.25 13.5 1 1 1 2 0 1 1 1 2 200 2 0
1 16.32 4.08 2 3 8 0.415 0 0 0 1 2 120 1 0
1 20.07 0.25 2 11 4 0.125 0 0 0 0 2 200 1 0
0 18.75 7.5 2 11 4 2.71 1 1 5 0 2 184 26727 1
1 32.75 2.33 2 2 8 5.75 0 0 0 1 2 292 1 0
0 15.83 7.62 2 11 4 0.125 0 1 1 1 2 0 161 0
0 35.17 3.75 2 1 1 0 0 1 6 0 2 0 201 0
1 16.32 2.75 2 6 4 0.665 0 1 1 0 2 80 22 0
1 31.67 16.16 2 2 4 3 1 1 9 0 2 250 731 1
0 24.75 13.66 2 11 8 1.5 0 0 0 0 2 280 2 0
1 39.5 1.62 2 8 4 1.5 0 0 0 0 2 0 317 0
1 39.92 5 2 3 5 0.21 0 0 0 0 2 550 1 0
0 33.25 2.5 1 8 4 2.5 0 0 0 1 2 0 3 0
0 71.58 0 2 8 4 0 0 0 0 0 3 184 1 1
1 20.67 0.41 2 8 4 0.125 0 0 0 0 2 0 45 0
0 20.07 1.25 2 8 4 0 0 0 0 0 2 0 1 0
1 22.17 0.58 1 1 1 0 0 0 0 0 2 100 1 0
1 34.17 1.54 2 13 4 1.54 1 1 1 1 2 520 50001 1
1 27.58 2.04 1 6 4 2 1 1 3 1 2 370 561 1
1 19 1.75 1 8 4 2.335 0 0 0 1 2 112 7 0
0 24.92 1.25 2 1 1 0 1 0 0 0 2 80 1 0
0 28.17 0.58 2 6 4 0.04 0 0 0 0 2 260 1005 0
1 22.67 2.54 1 8 8 2.585 1 0 0 0 2 0 1 1
0 19.17 8.58 2 13 8 0.75 1 1 7 0 2 96 1 1
0 45.33 1 2 11 4 0.125 0 0 0 1 2 263 1 0
1 63.33 0.54 2 8 4 0.585 1 1 3 1 2 180 1 0
0 28.08 15 1 10 9 0 1 0 0 0 2 0 13213 1
1 39.92 0.54 1 6 4 0.5 1 1 3 0 2 200 1001 1
1 32.83 2.5 2 13 8 2.75 1 1 6 0 2 160 2073 1
0 21.75 11.75 2 8 4 0.25 0 0 0 1 2 180 1 0
1 26.75 1.12 2 14 8 1.25 1 0 0 0 2 0 5299 1
1 23.92 0.66 2 8 4 0.165 0 0 0 0 2 100 1 1
1 31.57 0.5 2 8 5 0.835 1 0 0 1 1 320 1 0
1 23.25 1 2 8 4 0.835 1 0 0 0 1 300 1 1
1 19.5 9.58 2 6 4 0.79 0 0 0 0 2 80 351 0
0 41 2.04 1 11 8 0.125 1 1 23 1 2 455 1237 1
1 48.33 12 2 7 4 16 1 0 0 0 1 110 1 1
1 31.67 16.16 2 2 4 3 1 1 9 0 2 250 731 1
1 23.42 0.58 2 8 8 0.085 1 0 0 0 2 180 1 0
1 24.17 0.87 2 11 4 4.625 1 1 2 1 2 520 2001 1
1 16.92 0.33 1 4 4 0.29 0 0 0 0 1 200 1 0
0 33.75 0.75 2 4 5 1 1 1 3 1 2 212 1 0
0 24.75 3 2 11 8 1.835 1 1 19 0 2 0 501 1
1 32.92 2.5 2 6 4 1.75 0 1 2 1 2 720 1 0
0 33.67 0.37 2 13 4 0.375 0 0 0 0 2 300 45 1
1 22.08 11 2 13 4 0.665 1 0 0 0 2 100 1 1
1 31.25 1.12 2 1 1 0 0 1 1 0 2 96 20 0
1 73.42 17.75 2 1 1 0 1 0 0 1 2 0 1 1
1 24.17 0.87 2 11 4 4.625 1 1 2 1 2 520 2001 1
1 44.25 0.5 2 7 4 10.75 1 0 0 0 1 400 1 0
1 42.75 3 2 3 5 1 1 0 0 0 2 0 201 0
0 39.08 4 2 8 4 3 0 0 0 0 2 480 1 0
1 23.33 1.5 2 8 8 1.415 1 0 0 0 2 422 201 1
1 25.67 2.21 1 6 4 4 1 0 0 0 2 188 1 0
1 26.75 1.12 2 14 8 1.25 1 0 0 0 2 0 5299 1
1 47.33 6.5 2 8 4 1 0 0 0 1 2 0 229 0
1 53.92 9.62 2 10 4 8.665 1 1 5 0 2 0 1 1
0 23.5 9 2 11 4 8.5 1 1 5 1 2 120 1 1
0 24.08 0.5 2 11 8 1.25 1 1 1 0 2 0 679 1
0 22.67 0.33 2 11 4 0.75 0 0 0 0 1 160 1 0
1 26.17 0.83 2 13 4 1.165 0 0 0 0 2 100 1 0
1 54.33 6.75 2 8 8 2.625 1 1 11 1 2 0 285 1
1 31.57 0.62 2 4 4 0.25 0 0 0 0 2 380 2011 0
1 80.25 5.5 2 8 4 0.54 1 0 0 0 2 0 341 0
1 39.33 5.87 2 13 8 10 1 1 14 1 2 399 1 1
1 31.92 4.46 2 13 8 6.04 1 1 3 0 2 311 301 1
1 57.42 8.5 2 10 8 7 1 1 3 0 2 0 1 1
0 24.75 3 2 11 8 1.835 1 1 19 0 2 0 501 1
0 20.42 7.5 2 4 4 1.5 1 1 1 0 2 160 235 1
1 25 11.25 2 8 4 2.5 1 1 17 0 2 200 1209 1
1 54.42 0.5 1 4 8 3.96 1 0 0 0 2 180 315 1

