1 28.58 3.62 2 6 4 0.25 0 0 0 1 2 100 1 0
1 28.67 14.5 2 2 4 0.125 0 0 0 0 2 0 287 0
0 19.17 5.41 2 3 8 0.29 0 0 0 0 2 80 485 0
1 39.92 0.54 1 6 4 0.5 1 1 3 0 2 200 1001 1
1 25.67 0.28 1 8 4 1.5 0 0 0 1 2 160 1 0
1 28.25 5.04 1 8 5 1.5 1 1 8 1 2 144 8 1
1 29.67 1.41 2 9 8 0.75 1 1 1 0 2 240 101 1
0 21.67 11.5 1 5 3 0 1 1 11 1 2 0 1 1
1 32.75 2.33 2 2 8 5.75 0 0 0 1 2 292 1 0
1 28.58 3.62 2 6 4 0.25 0 0 0 1 2 100 1 0
1 27 1.5 1 9 4 0.375 1 0 0 1 2 260 1066 1
1 27.58 3.25 1 11 8 5.085 0 1 2 1 2 369 2 0
1 30.75 1.58 2 2 4 0.585 0 0 0 1 1 0 1 0
0 28.17 0.37 2 11 4 0.585 1 1 4 0 2 80 1 1
1 19.67 0.37 2 11 4 2 1 1 2 1 2 80 1 1
1 20.42 1.08 2 11 4 1.5 0 0 0 0 2 108 8 0
1 48.75 26.33 1 1 1 0 1 0 0 1 2 0 1 0
1 24.58 12.5 2 9 4 0.875 1 0 0 1 2 260 1 0
0 50.25 0.83 2 6 4 0.5 0 0 0 1 2 240 118 0
1 17.07 0.08 1 8 4 0.04 0 0 0 0 2 140 723 0
1 25.58 0.33 2 4 8 3.5 0 0 0 1 2 340 1 0
0 45 4.58 2 4 8 1 0 0 0 1 1 240 1 0
1 34.25 3 2 13 8 7.415 1 0 0 1 2 0 1 1
1 24.08 9 2 6 4 0.25 0 0 0 1 2 0 1 0
0 52.17 0 1 1 1 0 0 0 0 0 2 0 1 0
1 17.07 3.29 2 3 4 0.335 0 0 0 1 2 140 3 0
1 30.33 0.5 2 2 8 0.085 0 0 0 1 1 252 1 0
1 31.57 0.62 2 4 4 0.25 0 0 0 0 2 380 2011 0
0 22.67 0.75 2 8 4 2 0 1 2 1 2 200 395 0
1 65.42 11 2 10 9 20 1 1 7 1 2 22 1 1
0 19.17 5.41 2 3 8 0.29 0 0 0 0 2 80 485 0
1 18.17 2.46 2 8 7 0.96 0 1 2 1 2 160 588 0
0 33.08 1.62 2 2 4 0.54 0 0 0 1 2 0 1 0
1 31.25 1.12 2 1 1 0 0 1 1 0 2 96 20 0
1 35.75 2.41 2 9 4 0.125 0 1 2 0 2 220 2 0
1 23.17 0 2 8 4 0 0 0 0 0 3 184 1 1
1 26.17 12.5 1 4 8 1.25 0 0 0 1 2 0 18 0
1 33.58 2.75 2 7 4 4.25 1 1 6 0 2 204 1 1
1 21 4.79 1 9 4 2.25 1 1 1 1 2 80 301 1
1 35.17 4.5 2 14 8 5.75 0 0 0 1 1 711 1 1
1 31.57 10.5 2 14 4 6.5 1 0 0 0 2 0 1 1
0 64.08 0.16 2 1 1 0 1 1 1 0 2 232 101 1
1 31.08 3.08 2 8 4 2.5 0 1 2 1 2 160 42 0
1 29.83 2.04 1 14 8 0.04 0 0 0 0 2 128 2 0
1 28.75 1.5 1 8 4 1.5 1 0 0 1 2 0 226 0
1 25.42 0.54 2 9 4 0.165 0 1 1 0 2 272 445 0
1 23.17 11.12 2 14 8 0.46 1 1 1 0 2 100 1 1
0 33.08 4.62 2 11 8 1.625 1 1 2 0 2 0 1 1
1 22.58 10.03 2 14 4 0.04 1 1 9 0 2 60 397 1
1 29.25 13 2 2 8 0.5 0 0 0 0 2 228 1 0
0 23.58 11.5 1 4 8 3 0 0 0 1 2 20 17 0
1 44.25 0.5 2 7 4 10.75 1 0 0 0 1 400 1 0
1 29.67 0.75 1 8 4 0.04 0 0 0 0 2 240 1 0
0 49 1.5 2 5 3 0 1 0 0 1 2 100 28 0
0 40.33 7.54 1 11 8 8 1 1 14 0 2 0 2301 1
0 28.5 3.04 1 14 8 2.54 1 1 1 0 2 70 1 1
1 28.67 14.5 2 2 4 0.125 0 0 0 0 2 0 287 0
1 34.42 1.33 2 3 5 0.125 0 0 0 1 2 440 4501 0
1 27.75 1.29 2 4 8 0.25 0 0 0 1 1 140 1 0
1 56 12.5 2 4 8 8 1 0 0 1 2 24 2029 1
1 32.33 3.5 2 4 4 0.5 0 0 0 1 2 232 1 0
1 16 3.12 2 9 4 0.085 0 1 1 0 2 0 7 0
1 43.08 0.37 1 8 4 0.375 1 1 8 1 2 300 163 1
0 23.5 9 2 11 4 8.5 1 1 5 1 2 120 1 1
1 28.25 0.87 2 7 4 0.96 1 1 3 1 2 396 1 1
1 43.17 2.25 2 3 5 0.75 1 0 0 0 2 560 1 0
1 43.17 5 2 3 5 2.25 0 0 0 1 2 141 1 0
1 34.17 9.17 2 8 4 4.5 1 1 12 1 2 0 222 1
0 22.92 1.25 2 11 4 0.25 0 0 0 1 2 120 810 0
0 41.58 1.04 2 6 4 0.665 0 0 0 0 2 240 238 0
1 54.83 15.5 2 10 9 0 1 1 20 0 2 152 131 0
0 25.17 2.87 2 14 8 0.875 1 0 0 0 2 360 1 1
1 39.92 6.21 2 11 4 0.04 1 1 1 0 2 200 301 1
1 44 2 2 7 4 1.75 1 1 2 1 2 0 16 1
1 39.92 5 2 3 5 0.21 0 0 0 0 2 550 1 0
1 28.25 0.87 2 7 4 0.96 1 1 3 1 2 396 1 1
1 28.33 5 2 9 4 11 1 0 0 1 2 70 1 1
0 22.92 11.58 2 13 4 0.04 1 0 0 0 2 80 1350 1
0 30 5.29 2 10 2 2.25 1 1 5 1 2 99 501 1
0 19.17 0.58 1 6 4 0.585 1 0 0 1 2 160 1 0
0 24.83 4.5 2 9 4 1 0 0 0 1 2 360 7 0
1 44.25 0.5 2 7 4 10.75 1 0 0 0 1 400 1 0
1 36.33 2.12 1 9 4 0.085 1 1 1 0 2 50 1188 1
0 38.58 5 2 13 4 13.5 1 0 0 1 2 980 1 0
0 27.25 0.28 2 7 8 0.125 0 1 1 1 2 272 109 0
1 57.83 7.04 2 7 4 14 1 1 6 1 2 360 1333 1
1 34.42 1.33 2 3 5 0.125 0 0 0 1 2 440 4501 0
1 25 12.5 2 6 4 3 1 0 0 1 1 20 1 1
0 17.92 0.54 2 8 4 1.75 0 1 1 1 2 80 6 0
0 28.5 3.04 1 14 8 2.54 1 1 1 0 2 70 1 1
0 18.82 9.5 2 9 4 1.625 1 1 6 1 2 40 601 1
1 53.92 9.62 2 10 4 8.665 1 1 5 0 2 0 1 1
0 16.32 0.21 2 6 4 0.125 0 0 0 0 2 200 2 0
0 26.92 13.5 2 11 8 5 1 1 2 0 2 0 5001 1
1 19 0 1 1 1 0 0 1 4 0 2 45 2 0
0 30.58 10.66 2 11 8 0.085 0 1 12 1 2 129 4 0
1 34.08 0.08 1 7 5 0.04 1 1 1 1 2 280 2001 1
1 35.17 2.5 2 4 4 4.5 1 1 7 0 2 150 1271 1
0 58.67 4.46 2 11 8 3.04 1 1 6 0 2 43 561 1
1 22.08 0.83 2 8 8 2.165 0 0 0 1 2 128 1 1
1 20.17 9.25 2 8 4 1.665 1 1 3 1 2 40 29 1
1 18.42 10.41 1 6 4 0.125 1 0 0 0 2 120 376 0
1 26.67 4.25 2 13 4 4.29 1 1 1 1 2 120 1 1
1 22.08 2.33 2 4 4 0.75 0 0 0 0 2 180 1 0
1 57.83 7.04 2 7 4 14 1 1 6 1 2 360 1333 1
1 32.33 2.5 2 8 4 1.25 0 0 0 1 2 280 1 0
0 23.42 0.79 1 11 4 1.5 1 1 2 1 2 80 401 1
1 21 4.79 1 9 4 2.25 1 1 1 1 2 80 301 1
0 35.17 3.75 2 1 1 0 0 1 6 0 2 0 201 0
0 23 1.83 2 5 3 0 0 1 1 0 2 200 54 0

