1 28.25 5.04 1 8 5 1.5 1 1 8 1 2 144 8 1
0 47 13 2 3 5 5.165 1 1 9 1 2 0 1 1
0 34.83 1.25 1 3 8 0.5 0 0 0 1 2 160 1 0
1 17.07 0.08 1 8 4 0.04 0 0 0 0 2 140 723 0
1 31.58 0.75 1 6 4 3.5 0 0 0 1 2 320 1 0
0 34.83 1.25 1 3 8 0.5 0 0 0 1 2 160 1 0
1 48.33 12 2 7 4 16 1 0 0 0 1 110 1 1
1 51.83 2.04 1 1 1 1.5 0 0 0 0 2 120 2 0
0 28.17 0.58 2 6 4 0.04 0 0 0 0 2 260 1005 0
1 33.58 0.33 1 13 4 0.085 0 0 0 0 2 180 1 0
0 37.75 5.5 2 11 4 0.125 1 0 0 1 2 228 1 1
0 39.08 4 2 8 4 3 0 0 0 0 2 480 1 0
1 55.92 11.5 2 1 1 5 1 1 5 0 2 0 8852 1
0 26.5 2.71 1 8 4 0.085 0 0 0 0 1 80 1 0
1 51.42 0.04 2 14 8 0.04 1 0 0 0 2 0 3001 1
0 25.33 2.08 2 8 8 2.75 1 0 0 1 2 360 2 0
0 31.57 11.25 2 1 1 0 0 0 0 0 2 184 5201 0
1 24.58 13.5 1 1 1 0 0 0 0 0 2 184 1 0
1 27.25 1.66 2 13 8 5.085 1 1 9 0 2 399 828 1
0 30.25 5.5 2 4 4 5.5 0 0 0 1 1 100 1 0
1 54.33 6.75 2 8 8 2.625 1 1 11 1 2 0 285 1
1 25.17 3 2 8 4 1.25 0 1 1 0 2 0 23 0
0 40.83 10 2 11 8 1.75 1 0 0 0 2 29 838 1
0 19.5 0.16 2 11 4 0.04 0 0 0 1 2 380 1 0
1 34.67 1.08 2 7 4 1.165 0 0 0 0 1 28 1 0
0 28.67 1.04 2 8 4 2.5 1 1 5 1 2 300 1431 1
0 47.75 8 2 8 4 7.875 1 1 6 1 2 0 1261 1
1 38.25 10.12 1 4 4 0.125 0 0 0 0 2 160 1 0
0 58.42 21 2 3 5 10 1 1 13 0 2 0 6701 1
0 20.75 9.53 2 3 4 0.04 0 0 0 0 2 200 1001 0
0 45.33 1 2 11 4 0.125 0 0 0 1 2 263 1 0
1 19 0 1 1 1 0 0 1 4 0 2 45 2 0
1 22.58 10.03 2 14 4 0.04 1 1 9 0 2 60 397 1
1 34.92 5 2 14 8 7.5 1 1 6 1 2 0 1001 1
1 22.67 2.54 1 8 8 2.585 1 0 0 0 2 0 1 1
1 26.92 2.25 2 3 5 0.5 0 0 0 1 2 640 4001 0
1 22.92 3.16 1 8 4 0.165 0 0 0 0 2 160 1059 0
0 56.83 4.25 1 1 1 5 0 0 0 1 2 0 5 0
1 26 1 2 11 4 1.75 1 0 0 1 2 280 1 1
0 51.92 6.5 2 3 5 3.085 0 0 0 1 2 73 1 0
1 32.25 14 1 1 1 0 0 1 2 0 2 160 2 0
1 25.67 3.25 2 8 8 2.29 0 1 1 1 2 416 22 0
1 25.67 3.25 2 8 8 2.29 0 1 1 1 2 416 22 0
1 25.08 1.71 2 14 4 1.665 1 1 1 1 2 395 21 1
0 40.83 10 2 11 8 1.75 1 0 0 0 2 29 838 1
1 20.67 0.83 1 8 4 2 0 0 0 1 1 240 1 0
1 27.42 12.5 2 6 5 0.25 0 0 0 1 2 720 1 0
0 28.75 3.75 2 8 4 1.085 1 1 1 1 2 371 1 1
1 80.25 5.5 2 8 4 0.54 1 0 0 0 2 0 341 0
1 19.17 9.5 2 9 4 1.5 1 0 0 0 2 120 2207 1
1 20.42 0 2 8 4 0 0 0 0 0 3 184 1 0
0 22.92 1.25 2 11 4 0.25 0 0 0 1 2 120 810 0
1 31.57 10.5 2 14 4 6.5 1 0 0 0 2 0 1 1
0 17.92 10.21 2 1 1 0 0 0 0 0 2 0 51 0
0 56.83 4.25 1 1 1 5 0 0 0 1 2 0 5 0
0 20.42 0.83 2 11 4 1.585 1 1 1 0 2 0 1 1
1 27.25 1.58 2 13 8 1.835 1 1 12 1 2 583 714 1
0 25.08 2.54 1 6 4 0.25 1 0 0 1 2 370 1 1
1 16.25 0 1 6 4 0.25 0 0 0 0 2 60 1 0
1 47.33 6.5 2 8 4 1 0 0 0 1 2 0 229 0
1 48.75 8.5 2 8 8 12.5 1 1 9 0 2 181 1656 1
0 57.58 2 2 1 1 6.5 0 1 1 0 2 0 11 0
1 55.92 11.5 2 1 1 5 1 1 5 0 2 0 8852 1
1 23.42 0.58 2 8 8 0.085 1 0 0 0 2 180 1 0
0 33.75 0.75 2 4 5 1 1 1 3 1 2 212 1 0
0 52.83 15 2 8 4 5.5 1 1 14 0 2 0 2201 1
1 21.67 1.16 1 4 4 2.5 1 1 1 0 2 180 21 0
1 37.5 0.83 2 10 4 0.04 0 0 0 0 2 120 6 0
1 34.75 2.5 2 13 5 0.5 0 0 0 0 2 348 1 0
1 25.83 12.83 2 13 4 0.5 0 0 0 0 2 0 3 0
1 49.17 2.29 2 1 1 0.29 0 0 0 0 2 200 4 0
1 33.67 1.25 2 9 4 1.165 0 0 0 0 2 120 1 0
1 28 2 2 4 8 4.165 1 1 2 1 2 181 1 1
0 38.75 1.5 2 1 1 0 0 0 0 0 2 76 1 0
1 25.5 0.37 2 7 4 0.25 1 1 3 0 2 260 15109 1
1 36.25 5 2 8 5 2.5 1 1 6 0 2 0 368 1
1 57.83 7.04 2 7 4 14 1 1 6 1 2 360 1333 1
1.234 22.08 11.46 2 4 4 1.585 0 0 0 1 2 100 1213 0
1 39.25 9.5 2 7 4 6.5 1 1 14 0 2 240 4608 1
0 20.67 3 2 11 4 0.165 1 1 3 0 2 100 7 1
0 33.75 0.75 2 4 5 1 1 1 3 1 2 212 1 0
0 24.92 1.25 2 1 1 0 1 0 0 0 2 80 1 0
1 23.17 0 2 8 4 0 0 0 0 0 3 184 1 1
1 35.17 4.5 2 14 8 5.75 0 0 0 1 1 711 1 1
0 28.08 15 1 10 9 0 1 0 0 0 2 0 13213 1
0 20.75 10.25 2 11 4 0.71 1 1 2 1 2 49 1 1
1 49.17 2.29 2 1 1 0.29 0 0 0 0 2 200 4 0
1 16.32 4.08 2 3 8 0.415 0 0 0 1 2 120 1 0
1 18.07 5.5 2 4 4 0.5 1 0 0 0 2 80 1 1
1 37.5 0.83 2 10 4 0.04 0 0 0 0 2 120 6 0
1 29.58 4.75 2 7 4 2 0 1 1 1 2 460 69 0
1 51.33 10 2 3 5 0 1 1 11 0 2 0 1250 1
1 42 0.2 2 3 8 5.125 1 0 0 0 2 400 1 1
1 23.42 1 2 8 4 0.5 0 0 0 1 1 280 1 0
1 36.67 4.41 1 4 4 0.25 1 1 10 1 2 320 1 1
0 21.5 6 2 6 4 2.5 1 1 3 0 2 80 919 1
0 40.83 10 2 11 8 1.75 1 0 0 0 2 29 838 1
0 22.83 2.29 2 11 8 2.29 1 1 7 1 2 140 2385 1
1 21 4.79 1 9 4 2.25 1 1 1 1 2 80 301 1
0 20.67 1.83 2 11 4 2.085 1 1 5 0 2 220 2504 1
0 22.25 1.25 1 1 1 3.25 0 0 0 0 2 280 1 0
0 28.5 1 2 11 4 1 1 1 2 1 2 167 501 0
1 18.07 5.5 2 4 4 0.5 1 0 0 0 2 80 1 1
0 32.25 1.5 2 8 4 0.25 0 0 0 1 2 372 123 0
0 25.17 2.87 2 14 8 0.875 1 0 0 0 2 360 1 1
1 54.33 6.75 2 8 8 2.625 1 1 11 1 2 0 285 1
1 41 0.04 2 10 4 0.04 0 1 1 0 1 560 1 1
1 35.25 3.16 2 14 8 3.75 1 0 0 1 2 680 1 0
1 23.25 1.5 2 11 4 2.375 1 1 3 1 2 0 583 1
1 20.42 7 2 8 4 1.625 1 1 3 0 2 200 1392 1

