0 25.33 2.08 2 8 8 2.75 1 0 0 1 2 360 2 0
0 26.58 2.54 1 1 1 0 0 0 0 1 2 180 61 0
0 17.32 9.5 2 6 4 1.75 0 1 10 1 2 0 11 0
0 20.67 3 2 11 4 0.165 1 1 3 0 2 100 7 1
1 41.17 1.33 2 2 4 0.165 0 0 0 0 2 168 1 0
1 22.33 11 2 9 4 2 1 1 1 0 2 80 279 1
1 36.25 5 2 8 5 2.5 1 1 6 0 2 0 368 1
1 20.5 2.41 2 8 4 2 1 1 11 1 2 200 3001 1
0 23.58 0.58 1 1 1 0.125 0 0 0 0 2 120 88 0
1 31.83 0.04 1 7 4 0.04 0 0 0 0 2 0 1 0
1 28.58 3.62 2 6 4 0.25 0 0 0 1 2 100 1 0
1 16.07 0.75 2 8 4 1.75 1 1 5 1 2 352 691 1
0 18.75 7.5 2 11 4 2.71 1 1 5 0 2 184 26727 1
0 22.67 0.33 2 11 4 0.75 0 0 0 0 1 160 1 0
1 51.33 10 2 3 5 0 1 1 11 0 2 0 1250 1
0 36.75 5.12 2 10 4 5 1 0 0 1 2 0 4001 1
0 23.5 1.5 2 9 4 0.875 0 0 0 1 2 160 1 0
1 18.82 0 2 11 4 0.665 0 0 0 0 2 160 2 0
1 22.75 11.5 2 3 4 0.415 0 0 0 0 2 0 1 0
1 56 12.5 2 4 8 8 1 0 0 1 2 24 2029 1
0 33.25 2.5 1 8 4 2.5 0 0 0 1 2 0 3 0
1 30.67 2.5 2 13 8 2.25 0 0 0 1 1 340 1 0
1 18 0.16 2 11 7 0.21 0 0 0 0 2 200 41 1
1 23.33 1.5 2 8 8 1.415 1 0 0 0 2 422 201 1
1 36.17 5.5 2 3 5 5 0 0 0 0 2 210 688 0
1 59.5 2.75 2 9 4 1.75 1 1 5 1 2 60 59 1
0 18.25 10 2 9 4 1 0 1 1 0 2 120 2 0
1 47.83 4.16 2 14 5 0.085 0 0 0 1 2 520 1 0
1 23.08 0 2 4 4 1 0 1 11 0 1 0 1 0
0 46.67 0.46 2 13 8 0.415 1 1 11 1 2 440 7 1
1 22.17 12.12 2 8 4 3.335 0 1 2 1 2 180 174 0
1 28.75 1.5 1 8 4 1.5 1 0 0 1 2 0 226 0
0 29.5 1.08 1 14 4 1 0 0 0 0 2 280 14 0
1 21.42 0.75 1 12 7 0.75 0 0 0 1 2 132 3 0
1 52.33 1.37 1 8 8 9.46 1 0 0 1 2 200 101 0
1 31.58 0.75 1 6 4 3.5 0 0 0 1 2 320 1 0
0 58.42 21 2 3 5 10 1 1 13 0 2 0 6701 1
0 23 1.83 2 5 3 0 0 1 1 0 2 200 54 0
1 26.67 1.75 1 8 4 1 1 1 5 1 2 160 5778 1
1 56.58 18.5 2 2 5 15 1 1 17 1 2 0 1 1
1 25.5 0.37 2 7 4 0.25 1 1 3 0 2 260 15109 1
0 18.82 4.41 1 8 8 3 1 0 0 0 2 240 1 1
1 38.58 3.33 2 9 4 4 1 1 14 0 2 383 1345 1
1 20.42 1.08 2 11 4 1.5 0 0 0 0 2 108 8 0
0 28.58 3.75 2 8 4 0.25 0 1 1 1 2 40 155 0
0 52.17 0 1 1 1 0 0 0 0 0 2 0 1 0
1 56.42 28 1 8 4 28.5 1 1 40 0 2 0 16 1
0 33.92 1.58 1 1 1 0 1 0 0 0 2 320 1 0
0 17.82 11 2 14 8 1 1 1 11 0 2 0 3001 1
1 35.17 25.12 2 14 8 1.625 1 1 1 1 2 515 501 1
1 34.17 1.54 2 13 4 1.54 1 1 1 1 2 520 50001 1
1 25.17 3.5 2 13 4 0.625 1 1 7 0 2 0 7060 1
1 31.25 1.12 2 1 1 0 0 1 1 0 2 96 20 0
1 34.17 2.75 2 3 5 2.5 0 0 0 1 2 232 201 0
0 18.92 9 2 6 4 0.75 1 1 2 0 2 88 592 1

