0 28.58 3.54 2 3 5 0.5 1 0 0 1 2 171 1 0
0 20.42 7.5 2 4 4 1.5 1 1 1 0 2 160 235 1
1 27.83 1 1 2 8 3 0 0 0 0 2 176 538 0
1 27.83 1.54 2 9 4 3.75 1 1 5 1 2 100 4 1
1 20.67 1.25 1 8 8 1.375 1 1 3 1 2 140 211 0
1 37.42 2.04 2 9 4 0.04 1 0 0 1 2 400 5801 1
0 25.75 0.5 2 8 8 0.875 1 0 0 1 2 491 1 1
1 19.32 10.91 2 8 5 0.585 0 1 2 1 2 200 8 0
0 23.58 0.58 1 1 1 0.125 0 0 0 0 2 120 88 0
1 49.5 7.58 2 3 5 7.585 1 1 15 1 2 0 5001 1
1 30.58 2.71 1 7 4 0.125 0 0 0 1 1 80 1 0
1 22.58 1.5 1 6 4 0.54 0 0 0 1 2 120 68 0
0 29.5 0.46 2 4 4 0.54 1 1 4 0 2 380 501 1
1 25.25 1 2 6 4 0.5 0 0 0 0 2 200 1 0
0 25 12.33 2 13 8 3.5 1 1 6 0 2 400 459 1
1 30.67 2.5 2 13 8 2.25 0 0 0 1 1 340 1 0
1 34.08 6.5 2 6 4 0.125 1 0 0 1 2 443 1 0
1 31.57 3 1 3 5 7 0 0 0 0 2 0 2 0
1 17.07 3.29 2 3 4 0.335 0 0 0 1 2 140 3 0
0 33.92 1.58 1 1 1 0 1 0 0 0 2 320 1 0
1 30.33 0.5 2 2 8 0.085 0 0 0 1 1 252 1 0
0 33.25 2.5 1 8 4 2.5 0 0 0 1 2 0 3 0
1 21.33 7.5 2 6 4 1.415 1 1 1 0 2 80 9801 1
1 31.57 0.37 2 2 4 0.875 1 0 0 1 1 928 1 0
0 17.92 0.54 2 8 4 1.75 0 1 1 1 2 80 6 0
1 48.25 25.08 2 9 4 1.75 1 1 3 0 2 120 15 1
1 39 5 2 13 4 3.5 1 1 10 1 2 0 1 1
1 18 0.16 2 11 7 0.21 0 0 0 0 2 200 41 1
1 34.75 15 2 12 7 5.375 1 1 9 1 2 0 135 1
1 33.17 1.04 2 12 8 6.5 1 0 0 1 2 164 31286 1
1 27 1.5 1 9 4 0.375 1 0 0 1 2 260 1066 1
1 39.17 2.5 1 3 8 10 0 0 0 1 1 200 1 0
0 58.33 10 2 11 4 4 1 1 14 0 2 0 1603 1
1 22 7.83 1 3 5 0.165 0 0 0 1 2 184 1 0
0 36 1 2 8 4 2 1 1 11 0 2 0 457 1
1 28 2 2 4 8 4.165 1 1 2 1 2 181 1 1
1 56.42 28 1 8 4 28.5 1 1 40 0 2 0 16 1
0 24.75 13.66 2 11 8 1.5 0 0 0 0 2 280 2 0
0 28.58 1.66 2 11 4 2.415 1 0 0 1 2 440 1 0
1 32.25 0.16 1 8 8 3.25 1 1 1 1 2 432 8001 1
1 27 0.75 2 8 8 4.25 1 1 3 1 2 312 151 1
1 36.33 3.79 2 9 4 1.165 1 0 0 1 2 200 1 0
1 34 5.08 1 3 5 1.085 0 0 0 1 2 480 1 0
0 28.17 0.37 2 11 4 0.585 1 1 4 0 2 80 1 1
0 23.58 0.83 2 11 4 0.415 0 1 1 1 2 200 12 0
1 33.75 2.75 2 3 5 0 0 0 0 0 2 180 1 0
1 34.75 2.5 2 13 5 0.5 0 0 0 0 2 348 1 0
0 47.42 3 2 14 4 13.875 1 1 2 1 2 519 1705 1
1 34.83 2.5 1 9 4 3 0 0 0 0 1 200 1 0
1 23.17 0 2 13 4 0.085 1 0 0 0 2 0 1 1
0 31.92 3.12 2 1 1 3.04 0 1 2 1 2 200 5 0
0 18.17 10 1 11 8 0.165 0 0 0 0 2 340 1 0
1 22.08 11 2 13 4 0.665 1 0 0 0 2 100 1 1
1 37.33 2.66 2 13 4 0.165 0 0 0 1 2 0 502 0
1 23.75 0.41 1 8 4 0.04 0 1 2 0 2 128 7 0

