1 31.67 0.83 2 14 4 1.335 1 1 8 1 2 303 3291 1
1 34.75 2.5 2 13 5 0.5 0 0 0 0 2 348 1 0
0 45 4.58 2 4 8 1 0 0 0 1 1 240 1 0
0 50.08 12.54 2 6 4 2.29 1 1 3 1 2 156 1 1
0 16.07 0.33 2 1 1 0 0 1 1 0 2 160 127 0
0 24.75 12.5 2 6 4 1.5 1 1 12 1 2 120 568 1
1 41.92 0.42 2 8 8 0.21 1 1 6 0 2 220 949 1
0 31.75 3 1 5 3 0 0 0 0 0 2 160 21 0
1 23 0.75 2 7 4 0.5 0 0 0 1 1 320 1 0
0 26.08 8.66 2 6 4 1.415 1 0 0 0 2 160 151 1
0 60.92 5 2 6 4 4 1 1 4 0 2 0 100 1
1 28.17 0.12 1 4 4 0.085 0 0 0 0 2 216 2101 0
1 27.67 2 2 14 8 1 1 1 4 0 2 140 7545 1
1 45.17 1.5 2 8 4 2.5 1 0 0 1 2 140 1 0
1 32.83 2.5 2 13 8 2.75 1 1 6 0 2 160 2073 1
0 31.57 3.5 2 2 4 3 1 0 0 1 2 300 1 0
1 18.17 10.25 2 8 8 1.085 0 0 0 0 2 320 14 0
0 52.5 7 2 6 8 3 0 0 0 0 2 0 1 0
1 49.5 7.58 2 3 5 7.585 1 1 15 1 2 0 5001 1
1 26.75 1.12 2 14 8 1.25 1 0 0 0 2 0 5299 1
1 41.33 0 2 8 5 15 1 0 0 0 2 0 1 1
0 69.5 6 2 1 1 0 0 0 0 0 1 0 1 0
1 36.67 3.25 2 11 8 9 1 0 0 1 2 102 640 1
1 34.92 2.5 2 9 4 0 1 0 0 1 2 239 201 1
0 24.92 1.25 2 1 1 0 1 0 0 0 2 80 1 0
1 36.75 0.12 1 8 4 1.5 0 0 0 1 2 232 114 1
1 48.58 6.5 2 11 8 6 1 0 0 1 2 350 1 1
1 56.58 18.5 2 2 5 15 1 1 17 1 2 0 1 1
0 25 11 1 6 4 4.5 1 0 0 0 2 120 1 0
1 52.5 6.5 2 4 4 6.29 1 1 15 0 2 0 11203 1
1 26.25 1.54 2 9 4 0.125 0 0 0 0 2 100 1 0
0 23.25 5.87 2 11 4 3.17 1 1 10 0 2 120 246 1
1 19.32 10.91 2 8 5 0.585 0 1 2 1 2 200 8 0
0 49 1.5 2 5 3 0 1 0 0 1 2 100 28 0
0 32.17 1.46 2 9 4 1.085 1 1 16 0 2 120 2080 1
0 33.92 1.58 1 1 1 0 1 0 0 0 2 320 1 0
0 31.57 1.5 2 1 1 0 0 1 2 1 2 200 106 0
0 58.42 21 2 3 5 10 1 1 13 0 2 0 6701 1
0 28.75 3.75 2 8 4 1.085 1 1 1 1 2 371 1 1
0 24.08 0.5 2 11 8 1.25 1 1 1 0 2 0 679 1
1 42.17 5.04 2 11 8 12.75 1 0 0 1 2 92 1 1
1 34.58 0 2 8 4 0 0 0 0 0 3 184 1 0
1 42.75 4.08 2 6 4 0.04 0 0 0 0 2 108 101 0
1 22.67 10.5 2 11 8 1.335 1 0 0 0 2 100 1 1
0 18.42 9.25 2 11 4 1.21 1 1 4 0 2 60 541 1
1 48.75 8.5 2 8 8 12.5 1 1 9 0 2 181 1656 1
1 20.5 10 1 8 4 2.5 1 0 0 0 1 40 1 1
1 39.08 6 2 7 4 1.29 1 1 5 1 2 108 1098 1
1 19 1.75 1 8 4 2.335 0 0 0 1 2 112 7 0
1 37.5 1.75 1 8 5 0.25 1 0 0 1 2 164 401 0
1 37.58 0 2 8 4 0 0 0 0 0 3 184 1 1
1 41.42 5 2 11 8 5 1 1 6 1 2 470 1 1
1 21.58 0.79 1 13 4 0.665 0 0 0 0 2 160 1 0
1 42 9.78 2 14 8 7.96 1 1 8 0 2 0 1 1
0 36 1 2 8 4 2 1 1 11 0 2 0 457 1

