1 37.33 6.5 2 7 8 4.25 1 1 12 1 2 93 1 1
0 30.67 12 2 8 4 2 1 1 1 0 2 220 20 1
0 41.33 1 2 3 5 2.25 1 0 0 1 2 0 301 1
0 22.75 6.16 2 6 4 0.165 0 0 0 0 2 220 1001 0
0 47 13 2 3 5 5.165 1 1 9 1 2 0 1 1
1 15.17 7 2 10 4 1 0 0 0 0 2 600 1 0
1 54.58 9.41 2 1 1 14.415 1 1 11 1 2 30 301 1
1 16.92 0.33 1 4 4 0.29 0 0 0 0 1 200 1 0
1 73.42 17.75 2 1 1 0 1 0 0 1 2 0 1 1
1 24.83 2.75 2 8 4 2.25 1 1 6 0 2 184 601 1
1 21.42 0.75 1 12 7 0.75 0 0 0 1 2 132 3 0
0 28.58 3.54 2 3 5 0.5 1 0 0 1 2 171 1 0
1 22.67 2.54 1 8 8 2.585 1 0 0 0 2 0 1 1
0 31.57 3.5 2 2 4 3 1 0 0 1 2 300 1 0
1 33.17 3.04 1 8 8 2.04 1 1 1 1 2 180 18028 1
0 30 5.29 2 10 2 2.25 1 1 5 1 2 99 501 1
0 17.82 11 2 14 8 1 1 1 11 0 2 0 3001 1
1 59.5 2.75 2 9 4 1.75 1 1 5 1 2 60 59 1
1 32 1.75 1 10 8 0.04 1 0 0 1 2 393 1 1
1 31.08 1.5 1 9 4 0.04 0 0 0 0 1 160 1 0
1 23 0.75 2 7 4 0.5 1 0 0 1 1 320 1 0
1 29.58 4.75 2 7 4 2 0 1 1 1 2 460 69 0
1 33.17 3.16 1 14 4 3.165 1 1 3 1 2 380 1 1
1 32.33 7.5 2 10 5 1.585 1 0 0 1 1 420 1 0
1 17.67 4.46 2 8 4 0.25 0 0 0 0 1 80 1 0
0 20.67 3 2 11 4 0.165 1 1 3 0 2 100 7 1
0 64.08 0.16 2 1 1 0 1 1 1 0 2 232 101 1
1 28.67 14.5 2 2 4 0.125 0 0 0 0 2 0 287 0
1 32.75 2.33 2 2 8 5.75 0 0 0 1 2 292 1 0
1 40.92 0.83 2 1 1 0 1 0 0 0 2 130 2 0
1 32.92 2.5 2 6 4 1.75 0 1 2 1 2 720 1 0
0 28.75 3.75 2 8 4 1.085 1 1 1 1 2 371 1 1
1 22.08 2.33 2 4 4 0.75 0 0 0 0 2 180 1 0
1 16.32 2.75 2 6 4 0.665 0 1 1 0 2 80 22 0
1 25 11.25 2 8 4 2.5 1 1 17 0 2 200 1209 1
1 17.42 6.5 2 3 4 0.125 0 0 0 0 2 60 101 0
1 42.17 5.04 2 11 8 12.75 1 0 0 1 2 92 1 1
1 21.17 0.25 1 8 8 0.25 0 0 0 0 2 280 205 0
1 35 3.37 2 8 8 8.29 0 0 0 1 2 0 1 0
0 19.57 0.66 2 9 4 1.665 0 0 0 0 2 220 6 0
1 48.5 4.25 2 7 4 0.125 1 0 0 1 2 225 1 1
0 18.92 9.25 1 8 4 1 1 1 4 1 2 80 501 1
1 32.67 9 1 9 8 5.25 1 0 0 1 2 154 1 1
0 41.17 6.5 2 11 4 0.5 1 1 3 1 2 145 1 1
1 25.67 2.21 1 6 4 4 1 0 0 0 2 188 1 0
0 23.5 1.5 2 9 4 0.875 0 0 0 1 2 160 1 0
1 34.42 4.25 2 3 5 3.25 1 1 2 0 2 274 611 1
1 34.25 3 2 13 8 7.415 1 0 0 1 2 0 1 1
1 16.25 0 1 6 4 0.25 0 0 0 0 2 60 1 0
1 29.42 1.25 2 9 4 1.75 0 0 0 0 2 200 1 0
0 22.67 0.33 2 11 4 0.75 0 0 0 0 1 160 1 0
1 34.92 5 2 14 8 7.5 1 1 6 1 2 0 1001 1
0 58.42 21 2 3 5 10 1 1 13 0 2 0 6701 1
1 18.5 2 2 3 4 1.5 1 1 2 0 2 120 301 1
1 44.25 0.5 2 7 4 10.75 1 0 0 0 1 400 1 0

