1 42 0.2 2 3 8 5.125 1 0 0 0 2 400 1 1
1 27.83 1.5 2 9 4 2.25 0 1 1 1 2 100 4 0
1 20.5 10 1 8 4 2.5 1 0 0 0 1 40 1 1
0 15.83 7.62 2 11 4 0.125 0 1 1 1 2 0 161 0
1 39.92 0.54 1 6 4 0.5 1 1 3 0 2 200 1001 1
0 17.32 9.5 2 6 4 1.75 0 1 10 1 2 0 11 0
1 38.17 10.12 2 14 4 2.5 1 1 6 0 2 520 197 1
1 34.17 5.25 2 9 4 0.085 0 0 0 1 2 290 7 1
1 16.25 0.83 2 7 4 0.085 1 0 0 0 1 200 1 0
0 57.08 0.33 2 3 5 1 1 0 0 1 2 252 2198 0
1 21 3 1 2 4 1.085 1 1 8 1 2 160 2 1
0 22.5 8.5 2 11 4 1.75 1 1 10 0 2 80 991 0
1 50.75 0.58 2 1 1 0 0 0 0 0 2 145 1 0
1 27.25 0.62 2 6 4 0.455 1 0 0 1 2 200 1 0
1 41.42 5 2 11 8 5 1 1 6 1 2 470 1 1
1 34.08 6.5 2 6 4 0.125 1 0 0 1 2 443 1 0
1 36.67 4.41 1 4 4 0.25 1 1 10 1 2 320 1 1
1 32.67 5.5 2 11 8 5.5 1 1 12 1 2 408 1001 1
1 25.17 6 2 8 4 1 1 1 3 0 2 0 1 1
1 32.83 2.5 2 13 8 2.75 1 1 6 0 2 160 2073 1
1 23.25 4 2 8 5 0.25 1 0 0 1 2 160 1 1
0 20.75 10.25 2 11 4 0.71 1 1 2 1 2 49 1 1
0 21.75 11.75 2 8 4 0.25 0 0 0 1 2 180 1 0
1 35.17 2.5 2 4 4 4.5 1 1 7 0 2 150 1271 1
1 40.92 2.25 1 14 8 10 1 0 0 1 2 176 1 0
0 46.67 0.46 2 13 8 0.415 1 1 11 1 2 440 7 1
1 40.58 5 2 8 4 5 1 1 7 0 2 0 3066 1
1 36.42 0.75 1 2 4 0.585 0 0 0 0 2 240 4 0
1.234 22.08 11.46 2 4 4 1.585 0 0 0 1 2 100 1213 0
1 48.08 6.04 2 4 4 0.04 0 0 0 0 2 0 2691 1
0 22.42 5.66 2 11 4 2.585 1 1 7 0 2 129 3258 1
0 33.25 2.5 1 8 4 2.5 0 0 0 1 2 0 3 0
1 39.92 5 2 3 5 0.21 0 0 0 0 2 550 1 0
0 28.08 15 1 10 9 0 1 0 0 0 2 0 13213 1
0 35.75 0.91 2 6 4 0.75 1 1 4 0 2 0 1584 1
1 22.75 11 2 11 4 2.5 1 1 7 1 2 100 810 1
0 56.83 4.25 1 1 1 5 0 0 0 1 2 0 5 0
1 27.42 12.5 2 6 5 0.25 0 0 0 1 2 720 1 0
0 40.83 3.5 2 3 5 0.5 0 0 0 0 1 1160 1 0
1 63.33 0.54 2 8 4 0.585 1 1 3 1 2 180 1 0
1 22.67 0.75 2 3 4 1.585 0 1 1 1 2 400 10 0
1 37.33 6.5 2 7 8 4.25 1 1 12 1 2 93 1 1
1 18.82 0.41 1 8 4 0.165 0 1 1 0 2 200 2 0
1 18.07 6.75 1 7 4 0.04 0 0 0 0 2 140 1 0
0 22.25 1.25 1 1 1 3.25 0 0 0 0 2 280 1 0
0 18.82 9.5 2 9 4 1.625 1 1 6 1 2 40 601 1
0 29.58 1.75 1 4 4 1.25 0 0 0 1 2 280 1 0
0 26.92 13.5 2 11 8 5 1 1 2 0 2 0 5001 1
0 22.83 2.29 2 11 8 2.29 1 1 7 1 2 140 2385 1
0 45.83 10.5 2 11 4 5 1 1 7 1 2 0 1 1
0 18.82 4.41 1 8 8 3 1 0 0 0 2 240 1 1
0 31.57 3.5 2 2 4 3 1 0 0 1 2 300 1 0
0 33.25 3 1 6 4 2 0 0 0 0 2 180 1 0
1 23.92 0.66 2 8 4 0.165 0 0 0 0 2 100 1 1
1 36.17 0.42 1 9 4 0.29 0 0 0 1 2 309 3 0

