1 37.5 1.75 1 8 5 0.25 1 0 0 1 2 164 401 0
1 18.07 5.5 2 4 4 0.5 1 0 0 0 2 80 1 1
1 31.83 2.5 2 6 4 7.5 1 0 0 1 2 523 1 0
1 36.5 4.25 2 11 4 3.5 0 0 0 0 2 454 51 0
1 42.08 1.04 2 9 4 5 1 1 6 1 2 500 10001 1
1 32 1.75 1 10 8 0.04 1 0 0 1 2 393 1 1
0 27.25 0.28 2 7 8 0.125 0 1 1 1 2 272 109 0
1 19.32 9.5 2 11 4 1 1 0 0 1 2 60 401 1
0 38.25 6 2 4 4 1 1 0 0 1 2 0 1 1
1 23.25 12.62 2 8 4 0.125 0 1 2 0 2 0 5553 0
1 25.67 2.21 1 6 4 4 1 0 0 0 2 188 1 0
1 47.83 4.16 2 14 5 0.085 0 0 0 1 2 520 1 0
1 49.58 19 2 1 1 0 1 1 1 0 2 94 1 0
1 34.92 5 2 14 8 7.5 1 1 6 1 2 0 1001 1
1 22.33 11 2 9 4 2 1 1 1 0 2 80 279 1
1 25.67 0.28 1 8 4 1.5 0 0 0 1 2 160 1 0
1 26.67 4.25 2 13 4 4.29 1 1 1 1 2 120 1 1
0 52.83 15 2 8 4 5.5 1 1 14 0 2 0 2201 1
0 36.58 0.28 2 1 1 0 0 1 10 0 2 200 19 0
1 17.07 0.08 1 8 4 0.04 0 0 0 0 2 140 723 0
0 58.42 21 2 3 5 10 1 1 13 0 2 0 6701 1
0 32 6 2 2 4 1.25 0 0 0 0 2 272 1 0
0 50.08 12.54 2 6 4 2.29 1 1 3 1 2 156 1 1
1 29.42 1.25 2 8 8 0.25 0 1 2 1 2 400 109 0
0 30.58 10.66 2 11 8 0.085 0 1 12 1 2 129 4 0
1 22.08 11 2 13 4 0.665 1 0 0 0 2 100 1 1
1 20.17 8.17 2 6 4 1.96 1 1 14 0 2 60 159 1
1 51.58 15 2 8 4 8.5 1 1 9 0 2 0 1 1
0 60.92 5 2 6 4 4 1 1 4 0 2 0 100 1
0 27.17 1.25 2 1 1 0 0 1 1 0 2 92 301 0
1 45 8.5 2 13 8 14 1 1 1 1 2 88 2001 1
1 30.17 0.5 2 8 4 1.75 1 1 11 0 2 32 541 1
0 41 2.04 1 11 8 0.125 1 1 23 1 2 455 1237 1
1 30.58 2.71 1 7 4 0.125 0 0 0 1 1 80 1 0
1 34.08 2.5 2 8 4 1 0 0 0 0 2 460 17 0
1 28.25 5.12 2 14 4 4.75 1 1 2 0 2 420 8 1
0 65.17 14 2 1 1 0 1 1 11 1 2 0 1401 1
1 26 1 2 11 4 1.75 1 0 0 1 2 280 1 1
0 19.5 0.16 2 11 4 0.04 0 0 0 1 2 380 1 0
0 22.92 1.25 2 11 4 0.25 0 0 0 1 2 120 810 0
1 23.75 0.41 1 8 4 0.04 0 1 2 0 2 128 7 0
1 35.17 2.5 2 4 4 4.5 1 1 7 0 2 150 1271 1
1 21.67 1.16 1 4 4 2.5 1 1 1 0 2 180 21 0
1 32.42 3 2 2 4 0.165 0 0 0 1 2 120 1 0
0 25 0.87 2 14 8 1.04 1 0 0 1 2 160 5861 1
0 23 11.75 2 14 8 0.5 1 1 2 1 2 300 552 1
0 21.08 5 1 1 1 0 0 0 0 0 2 0 1 0
1 27.83 1.54 2 9 4 3.75 1 1 5 1 2 100 4 1
0 28.58 3.54 2 3 5 0.5 1 0 0 1 2 171 1 0
1 60.08 14.5 2 1 1 18 1 1 15 1 2 0 1001 1
0 21.25 2.33 2 3 5 0.5 1 1 4 0 1 80 1 1
1 24.08 9 2 6 4 0.25 0 0 0 1 2 0 1 0
0 27.67 1.5 2 7 4 2 1 0 0 0 1 368 1 0
1 21.08 4.12 1 3 8 0.04 0 0 0 0 2 140 101 0
1 39.42 1.71 1 7 4 0.165 0 0 0 0 1 400 1 0

