0 20.67 3 2 11 4 0.165 1 1 3 0 2 100 7 1
1 34.92 5 2 14 8 7.5 1 1 6 1 2 0 1001 1
0 57.08 0.33 2 3 5 1 1 0 0 1 2 252 2198 0
0 20.5 11.83 2 8 8 6 1 0 0 0 2 340 1 1
0 21.75 11.75 2 8 4 0.25 0 0 0 1 2 180 1 0
1 54.83 15.5 2 10 9 0 1 1 20 0 2 152 131 0
0 16.32 0.21 2 6 4 0.125 0 0 0 0 2 200 2 0
1 24.33 6.62 1 2 4 5.5 1 0 0 1 1 100 1 1
0 29.58 1.75 1 4 4 1.25 0 0 0 1 2 280 1 0
1 16.92 0.33 1 4 4 0.29 0 0 0 0 1 200 1 0
1 57.83 7.04 2 7 4 14 1 1 6 1 2 360 1333 1
0 19.17 0.58 1 6 4 0.585 1 0 0 1 2 160 1 0
1 24.42 2 2 10 2 0.165 0 1 2 0 2 320 1301 0
0 24.5 0.5 2 11 8 1.5 1 0 0 0 2 280 825 1
1 17.07 0.25 2 11 4 0.335 0 1 4 0 2 160 9 0
0 33.08 4.62 2 11 8 1.625 1 1 2 0 2 0 1 1
0 30.67 12 2 8 4 2 1 1 1 0 2 220 20 1
0 18.92 9 2 6 4 0.75 1 1 2 0 2 88 592 1
0 55.75 7.08 2 4 8 6.75 1 1 3 1 2 100 51 0
1 22.08 0.83 2 8 8 2.165 0 0 0 1 2 128 1 1
1 23.08 11.5 2 3 4 3.5 1 1 9 0 2 56 743 1
0 18.17 10 1 11 8 0.165 0 0 0 0 2 340 1 0
0 41 2.04 1 11 8 0.125 1 1 23 1 2 455 1237 1
1 42.08 1.04 2 9 4 5 1 1 6 1 2 500 10001 1
0 38.58 5 2 13 4 13.5 1 0 0 1 2 980 1 0
1 39.5 1.62 2 8 4 1.5 0 0 0 0 2 0 317 0
1 22.33 11 2 9 4 2 1 1 1 0 2 80 279 1
1 22 0.79 2 9 4 0.29 0 1 1 0 2 420 284 0
0 36 1 2 8 4 2 1 1 11 0 2 0 457 1
1 37.17 4 2 8 5 5 1 0 0 1 1 280 1 0
1 25.17 3 2 8 4 1.25 0 1 1 0 2 0 23 0
1 48.75 8.5 2 8 8 12.5 1 1 9 0 2 181 1656 1
1 51.83 2.04 1 1 1 1.5 0 0 0 0 2 120 2 0
1 31.57 4 1 3 4 0.085 0 0 0 1 2 411 1 0
1 19 1.75 1 8 4 2.335 0 0 0 1 2 112 7 0
0 27.25 0.28 2 7 8 0.125 0 1 1 1 2 272 109 0
1 22.58 10.03 2 14 4 0.04 1 1 9 0 2 60 397 1
0 30.42 1.37 2 9 8 0.04 0 1 3 0 2 0 34 0
1 32.75 2.33 2 2 8 5.75 0 0 0 1 2 292 1 0
0 20.75 10.33 2 13 8 0.335 1 1 1 1 2 80 51 1
0 25.42 1.12 2 11 4 1.29 1 1 2 0 2 200 1 0
0 24.75 3 2 11 8 1.835 1 1 19 0 2 0 501 1
1 25.92 0.87 2 4 4 0.375 0 1 2 1 2 174 4 0
0 60.58 16.5 2 11 4 11 1 0 0 1 2 21 10562 1
1 22.75 11 2 11 4 2.5 1 1 7 1 2 100 810 1
1 34 5.5 1 8 4 1.5 0 0 0 1 2 60 1 0
0 17.32 9.5 2 6 4 1.75 0 1 10 1 2 0 11 0
1 21.42 0.75 1 12 7 0.75 0 0 0 1 2 132 3 0
1 19.67 0.37 2 11 4 2 1 1 2 1 2 80 1 1
1 21.08 4.12 1 3 8 0.04 0 0 0 0 2 140 101 0
1 23.25 1 2 8 4 0.835 1 0 0 0 1 300 1 1
0 27.67 1.5 2 7 4 2 1 0 0 0 1 368 1 0
1 31.25 1.12 2 1 1 0 0 1 1 0 2 96 20 0
1 19.57 0.58 2 1 1 0 0 1 3 0 2 350 770 0
0 23.75 0.71 2 9 4 0.25 0 1 1 1 2 240 5 0

