1 25.33 0.57 2 8 4 0.29 1 1 7 1 2 96 5125 1
0 26.5 2.71 1 8 4 0.085 0 0 0 0 1 80 1 0
1 20.17 5.62 2 9 4 1.71 1 0 0 0 1 120 1 1
1 28.58 3.62 2 6 4 0.25 0 0 0 1 2 100 1 0
1 35.17 2.5 2 4 4 4.5 1 1 7 0 2 150 1271 1
0 18.82 9.53 2 6 4 0.085 1 0 0 0 2 100 1 1
0 36.75 5.12 2 10 4 5 1 0 0 1 2 0 4001 1
1 23.42 0.58 2 8 8 0.085 1 0 0 0 2 180 1 0
1 34.08 0.08 1 7 5 0.04 1 1 1 1 2 280 2001 1
1 23 0.62 1 6 4 0.125 1 0 0 0 2 180 2 0
1 26.67 1.75 1 8 4 1 1 1 5 1 2 160 5778 1
0 42.25 1.75 1 8 4 0 0 0 0 1 2 150 2 0
0 25.08 2.54 1 6 4 0.25 1 0 0 1 2 370 1 1
1 39.17 2.5 1 3 8 10 0 0 0 1 1 200 1 0
0 18.57 10 2 2 4 0.415 0 0 0 0 2 80 43 0
1 17.57 10 2 9 8 0.165 0 1 1 0 2 120 2 0
1 35.17 25.12 2 14 8 1.625 1 1 1 1 2 515 501 1
1 25.83 12.83 2 13 4 0.5 0 0 0 0 2 0 3 0
0 60.92 5 2 6 4 4 1 1 4 0 2 0 100 1
1 21.83 1.54 2 4 4 0.085 0 0 0 1 2 356 1 0
1 33.67 2.16 2 8 4 1.5 0 0 0 0 3 120 1 0
0 21.75 11.75 2 8 4 0.25 0 0 0 1 2 180 1 0
1 38.58 3.33 2 9 4 4 1 1 14 0 2 383 1345 1
1 25.75 0.5 2 8 4 1.46 1 1 5 1 2 312 1 1
1 29.92 1.83 2 8 8 4.335 1 0 0 0 2 260 201 1
1 56.42 28 1 8 4 28.5 1 1 40 0 2 0 16 1
1 33.67 1.25 2 9 4 1.165 0 0 0 0 2 120 1 0
0 36 1 2 8 4 2 1 1 11 0 2 0 457 1
1 51.83 3 1 1 1 1.5 0 0 0 0 2 180 5 0
0 24.75 12.5 2 6 4 1.5 1 1 12 1 2 120 568 1
1 34.08 2.5 2 8 4 1 0 0 0 0 2 460 17 0
0 19.75 0.75 2 8 4 0.795 1 1 5 1 2 140 6 0
1 28.67 14.5 2 2 4 0.125 0 0 0 0 2 0 287 0
0 41.17 6.5 2 11 4 0.5 1 1 3 1 2 145 1 1
0 44.17 6.66 2 11 4 7.375 1 1 3 1 2 0 1 1
1 43.25 3 2 11 8 6 1 1 11 0 2 80 1 1
1 31.83 0.04 1 7 4 0.04 0 0 0 0 2 0 1 0
1 43.08 0.37 1 8 4 0.375 1 1 8 1 2 300 163 1
1 37.5 1.12 1 2 4 1.5 0 0 0 1 2 431 1 1
1 26.75 4.5 1 8 5 2.5 0 0 0 0 2 200 1211 0
0 20.42 0.83 2 11 4 1.585 1 1 1 0 2 0 1 1
1 21.83 11 2 14 4 0.29 1 1 6 0 2 121 1 1
1 23.25 12.62 2 8 4 0.125 0 1 2 0 2 0 5553 0
0 30.58 10.66 2 11 8 0.085 0 1 12 1 2 129 4 0
1 35 2.5 2 3 4 1 0 0 0 1 2 210 1 0
0 21.25 2.33 2 3 5 0.5 1 1 4 0 1 80 1 1
0 20.5 11.83 2 8 8 6 1 0 0 0 2 340 1 1
0 37.33 2.5 2 3 8 0.21 0 0 0 0 2 260 247 0
1 38.92 1.75 2 4 4 0.5 0 0 0 1 2 300 3 0
0 27.33 1.66 2 1 1 0 0 0 0 0 2 340 2 0
0 21.67 11.5 1 5 3 0 1 1 11 1 2 0 1 1
0 25.58 0 2 8 4 0 0 0 0 0 3 184 1 1
1 40.58 1.5 2 3 5 0 0 0 0 0 1 300 1 0
1 24.42 12.33 2 11 8 1.585 1 0 0 1 2 120 1 1
1 28.67 9.33 2 11 8 5.665 1 1 6 0 2 381 169 1

