1 33.17 3.16 1 14 4 3.165 1 1 3 1 2 380 1 1
1 21 3 1 2 4 1.085 1 1 8 1 2 160 2 1
1 17.07 3.29 2 3 4 0.335 0 0 0 1 2 140 3 0
1 29.92 1.83 2 8 8 4.335 1 0 0 0 2 260 201 1
1 27 1.5 1 9 4 0.375 1 0 0 1 2 260 1066 1
1 39.92 5 2 3 5 0.21 0 0 0 0 2 550 1 0
1 32.67 5.5 2 11 8 5.5 1 1 12 1 2 408 1001 1
1 60.08 14.5 2 1 1 18 1 1 15 1 2 0 1001 1
1 29.25 14.79 2 6 4 5.04 1 1 5 1 2 168 1 1
1 28.75 1.5 1 8 4 1.5 1 0 0 1 2 0 226 0
1 23 0.62 1 6 4 0.125 1 0 0 0 2 180 2 0
1 32 1.75 1 10 8 0.04 1 0 0 1 2 393 1 1
0 24.5 12.75 2 8 5 4.75 1 1 2 0 2 73 445 1
1 29.5 0.57 2 9 4 0.29 0 1 1 0 2 340 2804 0
0 23.58 0.83 2 11 4 0.415 0 1 1 1 2 200 12 0
0 23 1.83 2 5 3 0 0 1 1 0 2 200 54 0
0 20.07 1.25 2 8 4 0 0 0 0 0 2 0 1 0
1 23.92 0.58 1 13 8 0.125 0 0 0 0 2 240 2 0
1 26.75 4.5 1 8 5 2.5 0 0 0 0 2 200 1211 0
1 17.5 22 3 1 7 0 0 0 0 1 3 450 100001 1
0 57.08 0.33 2 3 5 1 1 0 0 1 2 252 2198 0
0 22.5 8.5 2 11 4 1.75 1 1 10 0 2 80 991 0
1 19.5 9.58 2 6 4 0.79 0 0 0 0 2 80 351 0
0 49 1.5 2 5 3 0 1 0 0 1 2 100 28 0
1 28.67 9.33 2 11 8 5.665 1 1 6 0 2 381 169 1
0 22.75 6.16 2 6 4 0.165 0 0 0 0 2 220 1001 0
0 30.67 12 2 8 4 2 1 1 1 0 2 220 20 1
1 48.08 3.75 2 3 5 1 0 0 0 0 2 100 3 0
1 21.5 11.5 2 3 4 0.5 1 0 0 1 2 100 69 0
1 59.67 1.54 2 11 4 0.125 1 0 0 1 2 260 1 1
1 20 1.25 1 4 4 0.125 0 0 0 0 2 140 5 0
1 41.33 0 2 8 5 15 1 0 0 0 2 0 1 1
0 34.83 1.25 1 3 8 0.5 0 0 0 1 2 160 1 0
1 34.17 1.54 2 13 4 1.54 1 1 1 1 2 520 50001 1
1 23.58 0.46 1 9 4 2.625 1 1 6 1 2 208 348 0
1 24.75 0.54 2 7 4 1 0 0 0 1 2 120 2 0
1 35.17 4.5 2 14 8 5.75 0 0 0 1 1 711 1 1
1 45.17 1.5 2 8 4 2.5 1 0 0 1 2 140 1 0
1 21.17 0 2 8 4 0.5 0 0 0 1 1 0 1 0
0 28.08 15 1 10 9 0 1 0 0 0 2 0 13213 1
1 22.92 0.17 2 7 4 0.085 0 0 0 0 1 0 1 0
0 31.57 1.5 2 1 1 0 0 1 2 1 2 200 106 0
0 32.17 1.46 2 9 4 1.085 1 1 16 0 2 120 2080 1
1 31.57 0.62 2 4 4 0.25 0 0 0 0 2 380 2011 0
1 51.33 10 2 3 5 0 1 1 11 0 2 0 1250 1
0 39.08 4 2 8 4 3 0 0 0 0 2 480 1 0
1 49.17 2.29 2 1 1 0.29 0 0 0 0 2 200 4 0
1 25.25 1 2 6 4 0.5 0 0 0 0 2 200 1 0
1 25.58 0.33 2 4 8 3.5 0 0 0 1 2 340 1 0
0 24.58 0.67 2 6 8 1.75 1 0 0 0 2 400 1 0
1 23.25 1.5 2 11 4 2.375 1 1 3 1 2 0 583 1
1 19.42 6.5 2 9 8 1.46 1 1 7 0 2 80 2955 1
0 24.08 0.5 2 11 8 1.25 1 1 1 0 2 0 679 1
1 16 3.12 2 9 4 0.085 0 1 1 0 2 0 7 0
1 24.58 13.5 1 1 1 0 0 0 0 0 2 184 1 0

