1 35.17 2.5 2 4 4 4.5 1 1 7 0 2 150 1271 1
1 27.58 3.25 1 11 8 5.085 0 1 2 1 2 369 2 0
1 19.42 7.25 2 7 4 0.04 0 1 1 0 2 100 2 0
0 57.58 2 2 1 1 6.5 0 1 1 0 2 0 11 0
0 50.25 0.83 2 6 4 0.5 0 0 0 1 2 240 118 0
0 18.92 9.25 1 8 4 1 1 1 4 1 2 80 501 1
1 49.5 7.58 2 3 5 7.585 1 1 15 1 2 0 5001 1
1 31.33 19.5 2 8 4 7 1 1 16 0 2 0 5001 1
0 22.92 11.58 2 13 4 0.04 1 0 0 0 2 80 1350 1
1 38.42 0.7 2 8 4 0.375 0 1 2 0 2 225 501 0
1 21.17 0 2 8 4 0.5 0 0 0 1 1 0 1 0
1 45.17 1.5 2 8 4 2.5 1 0 0 1 2 140 1 0
0 24.75 12.5 2 6 4 1.5 1 1 12 1 2 120 568 1
1 36.42 0.75 1 2 4 0.585 0 0 0 0 2 240 4 0
0 20.67 3 2 11 4 0.165 1 1 3 0 2 100 7 1
0 57.08 0.33 2 3 5 1 1 0 0 1 2 252 2198 0
1 42 0.2 2 3 8 5.125 1 0 0 0 2 400 1 1
0 27.58 3 2 7 4 2.79 0 1 1 1 2 280 11 0
0 33.75 0.75 2 4 5 1 1 1 3 1 2 212 1 0
0 32.25 1.5 2 8 4 0.25 0 0 0 1 2 372 123 0
0 18.92 9 2 6 4 0.75 1 1 2 0 2 88 592 1
1 23.25 1 2 8 4 0.835 1 0 0 0 1 300 1 1
1 31.25 2.83 2 1 1 0 0 1 5 0 2 176 147 0
1 36.5 4.25 2 11 4 3.5 0 0 0 0 2 454 51 0
1 38.58 3.33 2 9 4 4 1 1 14 0 2 383 1345 1
1 37.33 6.5 2 7 8 4.25 1 1 12 1 2 93 1 1
0 18.82 9.53 2 6 4 0.085 1 0 0 0 2 100 1 1
0 40.33 8.12 1 4 4 0.165 0 1 2 0 2 184 19 0
1 20 1.25 1 4 4 0.125 0 0 0 0 2 140 5 0
1 56.75 12.25 2 7 4 1.25 1 1 4 1 2 200 1 1
1 36.08 2.54 2 1 1 0 0 0 0 0 2 0 1001 0
1 29.83 2.04 1 14 8 0.04 0 0 0 0 2 128 2 0
1 19.5 9.58 2 6 4 0.79 0 0 0 0 2 80 351 0
1 48.08 6.04 2 4 4 0.04 0 0 0 0 2 0 2691 1
0 15.75 0.37 2 8 4 1 0 0 0 0 2 120 19 0
0 23.58 11.5 1 4 8 3 0 0 0 1 2 20 17 0
1 20.25 9.96 2 10 2 0 1 0 0 0 2 0 1 1
1 47.67 0.28 2 8 5 15 1 1 20 0 2 0 15001 1
0 19.57 0.66 2 9 4 1.665 0 0 0 0 2 220 6 0
1 15.17 7 2 10 4 1 0 0 0 0 2 600 1 0
1 17.07 0.25 2 11 4 0.335 0 1 4 0 2 160 9 0
1 28.58 3.62 2 6 4 0.25 0 0 0 1 2 100 1 0
1 33.17 3.16 1 14 4 3.165 1 1 3 1 2 380 1 1
0 20.83 3 2 6 4 0.04 1 0 0 0 2 100 1 1
1 18.42 10.41 1 6 4 0.125 1 0 0 0 2 120 376 0
1 18.82 3.54 1 1 1 0 0 0 0 1 2 180 2 0
1 42.08 1.04 2 9 4 5 1 1 6 1 2 500 10001 1
1.234 22.08 11.46 2 4 4 1.585 0 0 0 1 2 100 1213 0
1 22.58 1.5 1 6 4 0.54 0 0 0 1 2 120 68 0
0 23.5 1.5 2 9 4 0.875 0 0 0 1 2 160 1 0
1 26.33 13 2 10 2 0 0 0 0 1 2 140 1111 0
1 29.67 0.75 1 8 4 0.04 0 0 0 0 2 240 1 0
1 26.67 2.71 1 13 4 5.25 1 1 1 0 2 211 1 1
1 26.17 12.5 1 4 8 1.25 0 0 0 1 2 0 18 0
0 33.67 0.37 2 13 4 0.375 0 0 0 0 2 300 45 1

