0 25.58 0 2 8 4 0 0 0 0 0 3 184 1 1
1 51.58 15 2 8 4 8.5 1 1 9 0 2 0 1 1
0 47.25 0.75 2 11 8 2.75 1 1 1 0 2 333 893 1
1 34.75 15 2 12 7 5.375 1 1 9 1 2 0 135 1
0 18.82 9.5 2 9 4 1.625 1 1 6 1 2 40 601 1
1 63.33 0.54 2 8 4 0.585 1 1 3 1 2 180 1 0
1 36.25 5 2 8 5 2.5 1 1 6 0 2 0 368 1
1 40.92 2.25 1 14 8 10 1 0 0 1 2 176 1 0
1 26.75 1.12 2 14 8 1.25 1 0 0 0 2 0 5299 1
0 19.57 0.66 1 8 4 1 0 1 1 0 2 2000 3 0
0 46.67 0.46 2 13 8 0.415 1 1 11 1 2 440 7 1
1 41.5 1.54 2 3 5 3.5 0 0 0 0 2 216 1 1
1 23.25 12.62 2 8 4 0.125 0 1 2 0 2 0 5553 0
0 20.07 1.25 2 8 4 0 0 0 0 0 2 0 1 0
0 45.33 1 2 11 4 0.125 0 0 0 1 2 263 1 0
1 33 2.5 1 9 4 7 0 0 0 1 2 280 1 0
1 21 4.79 1 9 4 2.25 1 1 1 1 2 80 301 1
1 31.25 2.83 2 1 1 0 0 1 5 0 2 176 147 0
0 71.58 0 2 8 4 0 0 0 0 0 3 184 1 1
0 20.83 3 2 6 4 0.04 1 0 0 0 2 100 1 1
1 48.08 3.75 2 3 5 1 0 0 0 0 2 100 3 0
1 32.67 5.5 2 11 8 5.5 1 1 12 1 2 408 1001 1
1 18.82 0 2 11 4 0.665 0 0 0 0 2 160 2 0
1 22.75 11.5 2 3 4 0.415 0 0 0 0 2 0 1 0
0 47.75 8 2 8 4 7.875 1 1 6 1 2 0 1261 1
0 16.07 0.33 2 1 1 0 0 1 1 0 2 160 127 0
0 18.92 9 2 6 4 0.75 1 1 2 0 2 88 592 1
1 27 1.5 1 9 4 0.375 1 0 0 1 2 260 1066 1
1 27.67 13.75 2 9 4 5.75 1 0 0 1 2 487 501 1
1.234 22.08 11.46 2 4 4 1.585 0 0 0 1 2 100 1213 0
0 20.42 0.83 2 11 4 1.585 1 1 1 0 2 0 1 1
1 31.57 4 2 14 4 5 1 1 3 1 2 290 2280 1
1 41 0.04 2 10 4 0.04 0 1 1 0 1 560 1 1
1 35.25 16.5 1 8 4 4 1 0 0 0 2 80 1 0
0 36.58 0.28 2 1 1 0 0 1 10 0 2 200 19 0
0 24.92 1.25 2 1 1 0 1 0 0 0 2 80 1 0
1 21.33 10.5 2 8 4 3 1 0 0 1 2 0 1 1
0 25.25 13.5 1 1 1 2 0 1 1 1 2 200 2 0
0 57.58 2 2 1 1 6.5 0 1 1 0 2 0 11 0
1 44 2 2 7 4 1.75 1 1 2 1 2 0 16 1
1 21.5 9.75 2 8 4 0.25 1 0 0 0 2 140 1 0
1 17.42 6.5 2 3 4 0.125 0 0 0 0 2 60 101 0
1 27.25 1.58 2 13 8 1.835 1 1 12 1 2 583 714 1
1 44.25 11 1 2 4 1.5 1 0 0 0 1 0 1 0
1 25.75 0.5 2 8 4 1.46 1 1 5 1 2 312 1 1
1 22.17 2.25 2 3 4 0.125 0 0 0 0 2 160 11 0
1 19.42 7.25 2 7 4 0.04 0 1 1 0 2 100 2 0
1 20.42 7 2 8 4 1.625 1 1 3 0 2 200 1392 1
1 23.92 0.66 2 8 4 0.165 0 0 0 0 2 100 1 1
1 48.17 7.62 2 9 8 15.5 1 1 12 0 2 0 791 1
1 20.67 0.41 2 8 4 0.125 0 0 0 0 2 0 45 0
1 29.83 1.25 1 4 4 0.25 0 0 0 0 2 224 1 0
0 19.17 0.58 1 6 4 0.585 1 0 0 1 2 160 1 0
0 31.57 1.5 2 1 1 0 0 1 2 1 2 200 106 0
1 28.25 5.12 2 14 4 4.75 1 1 2 0 2 420 8 1

