1 52.5 6.5 2 4 4 6.29 1 1 15 0 2 0 11203 1
0 29.5 0.46 2 4 4 0.54 1 1 4 0 2 380 501 1
0 22.5 8.46 1 14 4 2.46 0 0 0 0 2 164 1 1
1 20.17 9.25 2 8 4 1.665 1 1 3 1 2 40 29 1
0 52.5 7 2 6 8 3 0 0 0 0 2 0 1 0
1 28.17 0.12 1 4 4 0.085 0 0 0 0 2 216 2101 0
0 36.75 4.71 2 1 1 0 0 0 0 0 2 160 1 0
1 40.92 2.25 1 14 8 10 1 0 0 1 2 176 1 0
1 25.58 0.33 2 4 8 3.5 0 0 0 1 2 340 1 0
0 40.33 7.54 1 11 8 8 1 1 14 0 2 0 2301 1
1 22.75 11 2 11 4 2.5 1 1 7 1 2 100 810 1
1 42.83 4.62 2 11 4 4.58 1 0 0 0 1 0 1 1
1 23.92 0.58 1 13 8 0.125 0 0 0 0 2 240 2 0
0 25.25 13.5 1 1 1 2 0 1 1 1 2 200 2 0
1 42.83 1.25 2 7 4 13.875 0 1 1 1 2 352 113 0
0 26.58 2.54 1 1 1 0 0 0 0 1 2 180 61 0
1 56.42 28 1 8 4 28.5 1 1 40 0 2 0 16 1
1 43.17 2.25 2 3 5 0.75 1 0 0 0 2 560 1 0
1 17.42 6.5 2 3 4 0.125 0 0 0 0 2 60 101 0
1 36.5 4.25 2 11 4 3.5 0 0 0 0 2 454 51 0
1 21.25 1.5 2 9 4 1.5 0 0 0 0 2 150 9 1
1 40.92 0.83 2 1 1 0 1 0 0 0 2 130 2 0
1 26.67 2.71 1 13 4 5.25 1 1 1 0 2 211 1 1
0 44.33 0 2 8 4 2.5 1 0 0 0 2 0 1 1
0 29.5 2 1 10 8 2 0 0 0 0 2 256 18 0
0 24.83 4.5 2 9 4 1 0 0 0 1 2 360 7 0
1 40 6.5 2 6 5 3.5 1 1 1 0 2 0 501 1
1 19.17 9.5 2 9 4 1.5 1 0 0 0 2 120 2207 1
1 47.33 6.5 2 8 4 1 0 0 0 1 2 0 229 0
1 26.67 4.25 2 13 4 4.29 1 1 1 1 2 120 1 1
0 45.83 10.5 2 11 4 5 1 1 7 1 2 0 1 1
1 22.08 2.33 2 4 4 0.75 0 0 0 0 2 180 1 0
0 18.82 4.41 1 8 8 3 1 0 0 0 2 240 1 1
1 41.42 5 2 11 8 5 1 1 6 1 2 470 1 1
0 49.83 13.58 2 4 8 8.5 1 0 0 1 2 0 1 1
1 27 0.75 2 8 8 4.25 1 1 3 1 2 312 151 1
1 29.83 2.04 1 14 8 0.04 0 0 0 0 2 128 2 0
1 54.58 9.41 2 1 1 14.415 1 1 11 1 2 30 301 1
1 19.42 6.5 2 9 8 1.46 1 1 7 0 2 80 2955 1
1 39.92 6.21 2 11 4 0.04 1 1 1 0 2 200 301 1
1 54.33 6.75 2 8 8 2.625 1 1 11 1 2 0 285 1
1 18.42 10.41 1 6 4 0.125 1 0 0 0 2 120 376 0
0 40.33 8.12 1 4 4 0.165 0 1 2 0 2 184 19 0
1 28.58 3.62 2 6 4 0.25 0 0 0 1 2 100 1 0
1 20.5 10 1 8 4 2.5 1 0 0 0 1 40 1 1
1 23.17 11.12 2 14 8 0.46 1 1 1 0 2 100 1 1
1 21.83 1.54 2 4 4 0.085 0 0 0 1 2 356 1 0
1 30.58 2.71 1 7 4 0.125 0 0 0 1 1 80 1 0
0 65.17 14 2 1 1 0 1 1 11 1 2 0 1401 1
1 27 1.5 1 9 4 0.375 1 0 0 1 2 260 1066 1
1 16.32 4.08 2 3 8 0.415 0 0 0 1 2 120 1 0
1 22.17 12.12 2 8 4 3.335 0 1 2 1 2 180 174 0
0 17.67 0 1 5 1 0 0 0 0 0 2 86 1 0
1 20.17 8.17 2 6 4 1.96 1 1 14 0 2 60 159 1
0 28.17 0.58 2 6 4 0.04 0 0 0 0 2 260 1005 0

