0 25 11 1 6 4 4.5 1 0 0 0 2 120 1 0
1 17.57 10 2 9 8 0.165 0 1 1 0 2 120 2 0
0 38.75 1.5 2 1 1 0 0 0 0 0 2 76 1 0
1 23.58 0.46 1 9 4 2.625 1 1 6 1 2 208 348 0
1 22.5 0.12 1 4 4 0.125 0 0 0 0 2 200 71 0
1 28.17 0.12 1 4 4 0.085 0 0 0 0 2 216 2101 0
1 41 0.04 2 10 4 0.04 0 1 1 0 1 560 1 1
1 18.57 10.29 2 1 1 0.415 0 0 0 0 2 80 1 0
1 62.75 7 2 10 9 0 0 0 0 0 2 0 13 0
1 31 2.08 2 8 4 0.085 0 0 0 0 2 300 1 0
0 17.57 9 2 6 4 1.375 1 0 0 1 2 0 1 1
1 43.17 2.25 2 3 5 0.75 1 0 0 0 2 560 1 0
1 39.92 0.54 1 6 4 0.5 1 1 3 0 2 200 1001 1
1 37.33 6.5 2 7 8 4.25 1 1 12 1 2 93 1 1
1 29.58 4.5 2 9 4 7.5 1 1 2 1 2 330 1 1
1 31.57 10.5 2 14 4 6.5 1 0 0 0 2 0 1 1
1 27.83 1.5 2 9 4 2 1 1 11 1 2 434 36 1
0 35.75 0.91 2 6 4 0.75 1 1 4 0 2 0 1584 1
1 31.92 4.46 2 13 8 6.04 1 1 3 0 2 311 301 1
0 58.33 10 2 11 4 4 1 1 14 0 2 0 1603 1
1 48.17 3.5 2 6 4 3.5 1 0 0 0 1 230 1 1
1 23.25 1 2 8 4 0.835 1 0 0 0 1 300 1 1
1 59.5 2.75 2 9 4 1.75 1 1 5 1 2 60 59 1
1 31.67 16.16 2 2 4 3 1 1 9 0 2 250 731 1
1 25.33 0.57 2 8 4 0.29 1 1 7 1 2 96 5125 1
1 51.83 3 1 1 1 1.5 0 0 0 0 2 180 5 0
0 25.17 2.87 2 14 8 0.875 1 0 0 0 2 360 1 1
0 21.08 5 1 1 1 0 0 0 0 0 2 0 1 0
1 19.42 6.5 2 9 8 1.46 1 1 7 0 2 80 2955 1
1 55.92 11.5 2 1 1 5 1 1 5 0 2 0 8852 1
0 45 4.58 2 4 8 1 0 0 0 1 1 240 1 0
1 36.67 2 2 3 4 0.25 0 0 0 1 2 221 1 0
0 56.83 4.25 1 1 1 5 0 0 0 1 2 0 5 0
1 25 11.25 2 8 4 2.5 1 1 17 0 2 200 1209 1
1 33.17 3.16 1 14 4 3.165 1 1 3 1 2 380 1 1
1 22.17 12.12 2 8 4 3.335 0 1 2 1 2 180 174 0
0 33.92 1.58 1 1 1 0 1 0 0 0 2 320 1 0
1 25.67 3.25 2 8 8 2.29 0 1 1 1 2 416 22 0
0 25.25 13.5 1 1 1 2 0 1 1 1 2 200 2 0
0 60.58 16.5 2 11 4 11 1 0 0 1 2 21 10562 1
1 17.07 3.29 2 3 4 0.335 0 0 0 1 2 140 3 0
1 36.5 4.25 2 11 4 3.5 0 0 0 0 2 454 51 0
1 18.5 2 2 3 4 1.5 1 1 2 0 2 120 301 1
1 16.07 0.75 2 8 4 1.75 1 1 5 1 2 352 691 1
1 20.17 9.25 2 8 4 1.665 1 1 3 1 2 40 29 1
0 34.83 1.25 1 3 8 0.5 0 0 0 1 2 160 1 0
0 15.83 7.62 2 11 4 0.125 0 1 1 1 2 0 161 0
1 56.42 28 1 8 4 28.5 1 1 40 0 2 0 16 1
0 15.75 0.37 2 8 4 1 0 0 0 0 2 120 19 0
0 37.75 5.5 2 11 4 0.125 1 0 0 1 2 228 1 1
1 17.42 6.5 2 3 4 0.125 0 0 0 0 2 60 101 0
0 20.75 10.25 2 11 4 0.71 1 1 2 1 2 49 1 1
1 20 7 2 8 4 0.5 0 0 0 0 2 0 1 0
0 19.75 0.75 2 8 4 0.795 1 1 5 1 2 140 6 0
0 36.75 5.12 2 10 4 5 1 0 0 1 2 0 4001 1

