1 24.08 0.87 2 7 4 0.085 0 1 4 0 2 254 1951 0
1 39.83 0.5 2 7 4 0.25 1 0 0 0 1 288 1 0
1 23.17 0 2 13 4 0.085 1 0 0 0 2 0 1 1
1 16.92 0.33 1 4 4 0.29 0 0 0 0 1 200 1 0
0 44.17 6.66 2 11 4 7.375 1 1 3 1 2 0 1 1
1 18.25 0.16 2 2 4 0.25 0 0 0 1 1 280 1 0
0 58.67 4.46 2 11 8 3.04 1 1 6 0 2 43 561 1
1 34.42 1.33 2 3 5 0.125 0 0 0 1 2 440 4501 0
1 30.58 2.71 1 7 4 0.125 0 0 0 1 1 80 1 0
0 29.5 0.46 2 4 4 0.54 1 1 4 0 2 380 501 1
1 32.83 2.5 2 13 8 2.75 1 1 6 0 2 160 2073 1
1 38.42 0.7 2 8 4 0.375 0 1 2 0 2 225 501 0
1 25.83 12.83 2 13 4 0.5 0 0 0 0 2 0 3 0
1 43 0.28 1 13 8 1.75 1 1 8 0 2 100 376 1
1 41.75 0.96 2 14 4 2.5 1 0 0 0 2 510 601 1
1 31.67 0.83 2 14 4 1.335 1 1 8 1 2 303 3291 1
1 40 6.5 2 6 5 3.5 1 1 1 0 2 0 501 1
0 24.5 2.41 1 8 4 0 0 0 0 0 2 120 1 0
0 20.75 10.25 2 11 4 0.71 1 1 2 1 2 49 1 1
1 22.58 1.5 1 6 4 0.54 0 0 0 1 2 120 68 0
0 20.07 1.25 2 8 4 0 0 0 0 0 2 0 1 0
1 21.17 0.87 1 8 8 0.25 0 0 0 0 2 280 205 0
1 59.5 2.75 2 9 4 1.75 1 1 5 1 2 60 59 1
1 38.17 10.12 2 14 4 2.5 1 1 6 0 2 520 197 1
0 27.25 0.28 2 7 8 0.125 0 1 1 1 2 272 109 0
0 41 2.04 1 11 8 0.125 1 1 23 1 2 455 1237 1
1 37.33 6.5 2 7 8 4.25 1 1 12 1 2 93 1 1
1 20.25 9.96 2 10 2 0 1 0 0 0 2 0 1 1
1 49.17 2.29 2 1 1 0.29 0 0 0 0 2 200 4 0
0 28.58 1.66 2 11 4 2.415 1 0 0 1 2 440 1 0
1 23.33 11.62 1 9 4 0.835 1 0 0 1 2 160 301 1
0 19.17 8.58 2 13 8 0.75 1 1 7 0 2 96 1 1
0 46.67 0.46 2 13 8 0.415 1 1 11 1 2 440 7 1
1 43.25 25.21 2 11 8 0.21 1 1 1 0 2 760 91 0
0 18.92 9.25 1 8 4 1 1 1 4 1 2 80 501 1
1 25.75 0.5 2 8 4 1.46 1 1 5 1 2 312 1 1
1 19.5 9.58 2 6 4 0.79 0 0 0 0 2 80 351 0
1 60.08 14.5 2 1 1 18 1 1 15 1 2 0 1001 1
1 44.83 7 1 8 4 1.625 0 0 0 0 2 160 3 0
1 39.17 2.5 1 3 8 10 0 0 0 1 1 200 1 0
1 54.42 0.5 1 4 8 3.96 1 0 0 0 2 180 315 1
1 48.75 26.33 1 1 1 0 1 0 0 1 2 0 1 0
0 17.67 0 1 5 1 0 0 0 0 0 2 86 1 0
1 24.42 2 2 10 2 0.165 0 1 2 0 2 320 1301 0
0 56.83 4.25 1 1 1 5 0 0 0 1 2 0 5 0
1 42.83 4.62 2 11 4 4.58 1 0 0 0 1 0 1 1
1 33.5 1.75 2 14 8 4.5 1 1 4 1 2 253 858 1
1 47.33 6.5 2 8 4 1 0 0 0 1 2 0 229 0
1 36.5 4.25 2 11 4 3.5 0 0 0 0 2 454 51 0
1 31.57 4 2 14 4 5 1 1 3 1 2 290 2280 1
1 56.42 28 1 8 4 28.5 1 1 40 0 2 0 16 1
1 32.67 9 1 9 8 5.25 1 0 0 1 2 154 1 1
0 17.92 10.21 2 1 1 0 0 0 0 0 2 0 51 0
1 47.17 5.83 2 9 4 5.5 0 0 0 0 2 465 151 0
1 41.17 1.25 1 9 4 0.25 0 0 0 0 2 0 196 0

