0 24.08 0.5 2 11 8 1.25 1 1 1 0 2 0 679 1
1 23.33 11.62 1 9 4 0.835 1 0 0 1 2 160 301 1
1 20.67 5.29 2 11 4 0.375 1 1 1 0 2 160 1 0
1 31.25 1.12 2 1 1 0 0 1 1 0 2 96 20 0
1 34.92 2.5 2 9 4 0 1 0 0 1 2 239 201 1
1 43.17 2.25 2 3 5 0.75 1 0 0 0 2 560 1 0
1 41.33 0 2 8 5 15 1 0 0 0 2 0 1 1
1 76.75 22.29 2 10 9 12.75 1 1 1 1 2 0 110 1
0 47 13 2 3 5 5.165 1 1 9 1 2 0 1 1
0 20.42 0.83 2 11 4 1.585 1 1 1 0 2 0 1 1
1 31.67 16.16 2 2 4 3 1 1 9 0 2 250 731 1
1 22.92 3.16 1 8 4 0.165 0 0 0 0 2 160 1059 0
1 19.57 0.58 2 1 1 0 0 1 3 0 2 350 770 0
1 19.67 0.37 2 11 4 2 1 1 2 1 2 80 1 1
1 37.42 2.04 2 9 4 0.04 1 0 0 1 2 400 5801 1
1 54.42 0.5 1 4 8 3.96 1 0 0 0 2 180 315 1
0 20.83 0.5 1 10 2 1 0 0 0 0 2 260 1 0
0 24.33 2.5 1 3 5 4.5 0 0 0 0 2 200 457 0
1 48.58 0.2 1 4 4 0.25 1 1 11 0 2 380 2733 1
1 22.67 0.75 2 3 4 1.585 0 1 1 1 2 400 10 0
0 21.75 1.75 1 5 3 0 0 0 0 0 2 160 1 0
0 25 11 1 6 4 4.5 1 0 0 0 2 120 1 0
0 16.32 0.21 2 6 4 0.125 0 0 0 0 2 200 2 0
1 20.42 1.08 2 11 4 1.5 0 0 0 0 2 108 8 0
1 37.33 2.66 2 13 4 0.165 0 0 0 1 2 0 502 0
1 44.25 0.5 2 7 4 10.75 1 0 0 0 1 400 1 0
1 34.08 2.5 2 8 4 1 0 0 0 0 2 460 17 0
1 36.75 0.12 1 8 4 1.5 0 0 0 1 2 232 114 1
1 56.75 12.25 2 7 4 1.25 1 1 4 1 2 200 1 1
1 24.58 13.5 1 1 1 0 0 0 0 0 2 184 1 0
0 41 2.04 1 11 8 0.125 1 1 23 1 2 455 1237 1
0 20.07 1.25 2 8 4 0 0 0 0 0 2 0 1 0
1 35.17 4.5 2 14 8 5.75 0 0 0 1 1 711 1 1
1 34.83 2.5 1 9 4 3 0 0 0 0 1 200 1 0
1 23.75 12 2 8 4 2.085 0 0 0 0 1 80 1 0
1 56 12.5 2 4 8 8 1 0 0 1 2 24 2029 1
1 34 5.5 1 8 4 1.5 0 0 0 1 2 60 1 0
1 28.33 5 2 9 4 11 1 0 0 1 2 70 1 1
0 32.17 1.46 2 9 4 1.085 1 1 16 0 2 120 2080 1
1 35.17 25.12 2 14 8 1.625 1 1 1 1 2 515 501 1
1 33.58 0.25 2 3 5 4 0 0 0 1 1 420 1 0
1 30.08 1.04 1 3 5 0.5 1 1 10 1 2 132 29 0
1 21.5 11.5 2 3 4 0.5 1 0 0 1 2 100 69 0
0 35.75 0.91 2 6 4 0.75 1 1 4 0 2 0 1584 1
0 22.92 1.25 2 11 4 0.25 0 0 0 1 2 120 810 0
1 38.17 10.12 2 14 4 2.5 1 1 6 0 2 520 197 1
1 51.83 3 1 1 1 1.5 0 0 0 0 2 180 5 0
0 20.75 10.25 2 11 4 0.71 1 1 2 1 2 49 1 1
1 39.58 13.91 2 9 4 8.625 1 1 6 1 2 70 1 1
1 30.17 6.5 2 13 4 3.125 1 1 8 0 2 330 1201 1
1 31.57 4 2 14 4 5 1 1 3 1 2 290 2280 1
1 36.33 2.12 1 9 4 0.085 1 1 1 0 2 50 1188 1
1 20 7 2 8 4 0.5 0 0 0 0 2 0 1 0
1 17.07 3.29 2 3 4 0.335 0 0 0 1 2 140 3 0
0 41.58 1.04 2 6 4 0.665 0 0 0 0 2 240 238 0

