1 47.67 0.28 2 8 5 15 1 1 20 0 2 0 15001 1
1 27.42 12.5 2 6 5 0.25 0 0 0 1 2 720 1 0
1 23.42 1 2 8 4 0.5 0 0 0 1 1 280 1 0
1 27.83 1.5 2 9 4 2.25 0 1 1 1 2 100 4 0
0 40.83 10 2 11 8 1.75 1 0 0 0 2 29 838 1
1 49.17 2.29 2 1 1 0.29 0 0 0 0 2 200 4 0
1 60.08 14.5 2 1 1 18 1 1 15 1 2 0 1001 1
1 24.75 0.54 2 7 4 1 0 0 0 1 2 120 2 0
0 28.5 1 2 11 4 1 1 1 2 1 2 167 501 0
0 22.75 6.16 2 6 4 0.165 0 0 0 0 2 220 1001 0
1 29.42 1.25 2 8 8 0.25 0 1 2 1 2 400 109 0
1 19.42 6.5 2 9 8 1.46 1 1 7 0 2 80 2955 1
1 41.92 0.42 2 8 8 0.21 1 1 6 0 2 220 949 1
0 15.83 7.62 2 11 4 0.125 0 1 1 1 2 0 161 0
1 39.92 0.54 1 6 4 0.5 1 1 3 0 2 200 1001 1
1 39.83 0.5 2 7 4 0.25 1 0 0 0 1 288 1 0
1 30.75 1.58 2 2 4 0.585 0 0 0 1 1 0 1 0
1 40.92 2.25 1 14 8 10 1 0 0 1 2 176 1 0
1 28.58 3.62 2 6 4 0.25 0 0 0 1 2 100 1 0
1 22.58 1.5 1 6 4 0.54 0 0 0 1 2 120 68 0
1 20 7 2 8 4 0.5 0 0 0 0 2 0 1 0
1 31.57 0.5 2 8 5 0.835 1 0 0 1 1 320 1 0
0 27.17 1.25 2 1 1 0 0 1 1 0 2 92 301 0
1 25 12 2 4 4 2.25 1 1 2 1 2 120 6 0
0 21.5 6 2 6 4 2.5 1 1 3 0 2 80 919 1
0 47 13 2 3 5 5.165 1 1 9 1 2 0 1 1
1 33 2.5 1 9 4 7 0 0 0 1 2 280 1 0
1 30.17 0.5 2 8 4 1.75 1 1 11 0 2 32 541 1
1 34.92 5 2 14 8 7.5 1 1 6 1 2 0 1001 1
0 45.33 1 2 11 4 0.125 0 0 0 1 2 263 1 0
1 42.83 1.25 2 7 4 13.875 0 1 1 1 2 352 113 0
1 34 5.5 1 8 4 1.5 0 0 0 1 2 60 1 0
1 20 1.25 1 4 4 0.125 0 0 0 0 2 140 5 0
1 47.17 5.83 2 9 4 5.5 0 0 0 0 2 465 151 0
0 35.17 3.75 2 1 1 0 0 1 6 0 2 0 201 0
1 34.17 9.17 2 8 4 4.5 1 1 12 1 2 0 222 1
0 57.08 0.33 2 3 5 1 1 0 0 1 2 252 2198 0
1 43.17 5 2 3 5 2.25 0 0 0 1 2 141 1 0
0 48.17 1.33 2 3 7 0.335 0 0 0 0 2 0 121 0
0 29.5 2 1 10 8 2 0 0 0 0 2 256 18 0
1 29.83 1.25 1 4 4 0.25 0 0 0 0 2 224 1 0
1 21.67 1.16 1 4 4 2.5 1 1 1 0 2 180 21 0
1 22.17 2.25 2 3 4 0.125 0 0 0 0 2 160 11 0
1 21.42 0.75 1 12 7 0.75 0 0 0 1 2 132 3 0
1 21.5 11.5 2 3 4 0.5 1 0 0 1 2 100 69 0
0 15.75 0.37 2 8 4 1 0 0 0 0 2 120 19 0
0 20.42 0.83 2 11 4 1.585 1 1 1 0 2 0 1 1
0 28.58 3.75 2 8 4 0.25 0 1 1 1 2 40 155 0
1 31.57 10.5 2 14 4 6.5 1 0 0 0 2 0 1 1
0 20.83 3 2 6 4 0.04 1 0 0 0 2 100 1 1
0 32.33 0.54 2 13 4 0.04 1 0 0 0 2 440 11178 1
1 39.58 5 2 1 1 0 0 1 2 0 2 17 2 0
1 36.42 0.75 1 2 4 0.585 0 0 0 0 2 240 4 0
1 32.83 2.5 2 13 8 2.75 1 1 6 0 2 160 2073 1
0 25.33 2.08 2 8 8 2.75 1 0 0 1 2 360 2 0

