0 27.67 2.04 2 9 4 0.25 0 0 0 1 2 180 51 0
1 27.83 4 1 3 8 5.75 1 1 2 1 2 75 1 0
1 22.92 0.17 2 7 4 0.085 0 0 0 0 1 0 1 0
0 33.08 4.62 2 11 8 1.625 1 1 2 0 2 0 1 1
1 16.07 0.75 2 8 4 1.75 1 1 5 1 2 352 691 1
1 35.17 25.12 2 14 8 1.625 1 1 1 1 2 515 501 1
1 25 11.25 2 8 4 2.5 1 1 17 0 2 200 1209 1
0 52.83 15 2 8 4 5.5 1 1 14 0 2 0 2201 1
1 32.42 2.16 1 4 1 0 0 0 0 0 2 120 1 0
1 23.75 0.41 1 8 4 0.04 0 1 2 0 2 128 7 0
0 16.32 0.21 2 6 4 0.125 0 0 0 0 2 200 2 0
0 27.33 1.66 2 1 1 0 0 0 0 0 2 340 2 0
1 34.42 4.25 2 3 5 3.25 1 1 2 0 2 274 611 1
0 24.5 2.41 1 8 4 0 0 0 0 0 2 120 1 0
1 16.17 0.04 2 8 4 0.04 0 0 0 0 2 0 1 1
0 18.75 7.5 2 11 4 2.71 1 1 5 0 2 184 26727 1
1 31.83 0.04 1 7 4 0.04 0 0 0 0 2 0 1 0
0 24.08 0.5 2 11 8 1.25 1 1 1 0 2 0 679 1
1 34.42 1.33 2 3 5 0.125 0 0 0 1 2 440 4501 0
1 65.42 11 2 10 9 20 1 1 7 1 2 22 1 1
0 30 5.29 2 10 2 2.25 1 1 5 1 2 99 501 1
0 40.33 8.12 1 4 4 0.165 0 1 2 0 2 184 19 0
1 25.33 0.57 2 8 4 0.29 1 1 7 1 2 96 5125 1
1 25.08 1.71 2 14 4 1.665 1 1 1 1 2 395 21 1
0 47 13 2 3 5 5.165 1 1 9 1 2 0 1 1
1 59.5 2.75 2 9 4 1.75 1 1 5 1 2 60 59 1
1 18 0.16 2 11 7 0.21 0 0 0 0 2 200 41 1
1 23.08 11.5 2 9 8 2.125 1 1 11 1 2 290 285 1
0 27.17 1.25 2 1 1 0 0 1 1 0 2 92 301 0
0 16.92 0.5 2 3 4 0.165 0 1 6 1 2 240 36 0
1 18.07 6.75 1 7 4 0.04 0 0 0 0 2 140 1 0
1 23.17 11.12 2 14 8 0.46 1 1 1 0 2 100 1 1
1 51.58 15 2 8 4 8.5 1 1 9 0 2 0 1 1
1 27.67 13.75 2 9 4 5.75 1 0 0 1 2 487 501 1
1 19.57 0.58 2 1 1 0 0 1 3 0 2 350 770 0
1 39.17 1.62 2 8 4 1.5 1 1 10 0 2 186 4701 1
0 23.75 0.71 2 9 4 0.25 0 1 1 1 2 240 5 0
1 21.83 11 2 14 4 0.29 1 1 6 0 2 121 1 1
1 26.67 4.25 2 13 4 4.29 1 1 1 1 2 120 1 1
0 57.58 2 2 1 1 6.5 0 1 1 0 2 0 11 0
0 21.75 1.75 1 5 3 0 0 0 0 0 2 160 1 0
1 36.17 18.12 2 9 4 0.085 0 0 0 0 2 320 3553 0
1 27 1.5 1 9 4 0.375 1 0 0 1 2 260 1066 1
1 36.5 4.25 2 11 4 3.5 0 0 0 0 2 454 51 0
1 21.17 0.25 1 8 8 0.25 0 0 0 0 2 280 205 0
0 23.58 0.83 2 11 4 0.415 0 1 1 1 2 200 12 0
1 20.67 5.29 2 11 4 0.375 1 1 1 0 2 160 1 0
1 41.17 4.04 2 13 8 7 1 1 8 0 2 320 1 1
1 29.83 1.25 1 4 4 0.25 0 0 0 0 2 224 1 0
0 24.33 2.5 1 3 5 4.5 0 0 0 0 2 200 457 0
0 46.08 3 2 8 4 2.375 1 1 8 1 2 396 4160 1
0 21.75 11.75 2 8 4 0.25 0 0 0 1 2 180 1 0
1 47.17 5.83 2 9 4 5.5 0 0 0 0 2 465 151 0
1 36.67 4.41 1 4 4 0.25 1 1 10 1 2 320 1 1
1 28.25 5.12 2 14 4 4.75 1 1 2 0 2 420 8 1

