0 22.5 0.41 2 3 4 0.335 0 0 0 1 1 144 1 0
1 32.42 3 2 2 4 0.165 0 0 0 1 2 120 1 0
1 30.08 1.04 1 3 5 0.5 1 1 10 1 2 132 29 0
1 31.57 4 2 14 4 5 1 1 3 1 2 290 2280 1
0 52.83 15 2 8 4 5.5 1 1 14 0 2 0 2201 1
0 17.82 11 2 14 8 1 1 1 11 0 2 0 3001 1
1 19 0 1 1 1 0 0 1 4 0 2 45 2 0
1 16.92 0.33 1 4 4 0.29 0 0 0 0 1 200 1 0
1 23.25 12.62 2 8 4 0.125 0 1 2 0 2 0 5553 0
1 26.67 1.75 1 8 4 1 1 1 5 1 2 160 5778 1
0 30.42 1.37 2 9 8 0.04 0 1 3 0 2 0 34 0
1 32.25 0.16 1 8 8 3.25 1 1 1 1 2 432 8001 1
1 24.17 0.87 2 11 4 4.625 1 1 2 1 2 520 2001 1
0 38.33 4.41 2 8 4 0.125 0 0 0 0 2 160 1 0
0 18.92 9.25 1 8 4 1 1 1 4 1 2 80 501 1
1 34.83 2.5 1 9 4 3 0 0 0 0 1 200 1 0
1 49.58 19 2 1 1 0 1 1 1 0 2 94 1 0
1 36.25 5 2 8 5 2.5 1 1 6 0 2 0 368 1
1 76.75 22.29 2 10 9 12.75 1 1 1 1 2 0 110 1
1 31.57 4 1 3 4 0.085 0 0 0 1 2 411 1 0
1 22.92 0.17 2 7 4 0.085 0 0 0 0 1 0 1 0
0 31.57 3.5 2 2 4 3 1 0 0 1 2 300 1 0
1 34.17 5.25 2 9 4 0.085 0 0 0 1 2 290 7 1
1 18.17 10.25 2 8 8 1.085 0 0 0 0 2 320 14 0
1 42 9.78 2 14 8 7.96 1 1 8 0 2 0 1 1
1 27.25 1.58 2 13 8 1.835 1 1 12 1 2 583 714 1
0 56.83 4.25 1 1 1 5 0 0 0 1 2 0 5 0
0 21.67 11.5 1 5 3 0 1 1 11 1 2 0 1 1
0 36 1 2 8 4 2 1 1 11 0 2 0 457 1
1 33.17 1 2 14 4 0.75 1 1 7 1 2 340 4072 1
1 27.83 1.54 2 9 4 3.75 1 1 5 1 2 100 4 1
1 36.08 2.54 2 1 1 0 0 0 0 0 2 0 1001 0
1 38.17 10.12 2 14 4 2.5 1 1 6 0 2 520 197 1
1 74.83 19 1 1 1 0.04 0 1 2 0 2 0 352 0
0 24.5 1.04 1 1 1 0.5 1 1 3 0 2 180 148 0
1 21 3 1 2 4 1.085 1 1 8 1 2 160 2 1
0 22.67 0.75 2 8 4 2 0 1 2 1 2 200 395 0
0 22.75 6.16 2 6 4 0.165 0 0 0 0 2 220 1001 0
1 23.58 0.46 1 9 4 2.625 1 1 6 1 2 208 348 0
1 29.58 4.75 2 7 4 2 0 1 1 1 2 460 69 0
1 48.58 6.5 2 11 8 6 1 0 0 1 2 350 1 1
1 38.25 10.12 1 4 4 0.125 0 0 0 0 2 160 1 0
1 52.42 1.5 2 2 4 3.75 0 0 0 1 2 0 351 0
1 29.42 1.25 2 8 8 0.25 0 1 2 1 2 400 109 0
1 48.17 3.5 2 6 4 3.5 1 0 0 0 1 230 1 1
0 17.92 0.54 2 8 4 1.75 0 1 1 1 2 80 6 0
1 32.33 2.5 2 8 4 1.25 0 0 0 1 2 280 1 0
0 21.75 1.75 1 5 3 0 0 0 0 0 2 160 1 0
0 39.08 4 2 8 4 3 0 0 0 0 2 480 1 0
0 23 1.83 2 5 3 0 0 1 1 0 2 200 54 0
0 49 1.5 2 5 3 0 1 0 0 1 2 100 28 0
1 31.57 10.5 2 14 4 6.5 1 0 0 0 2 0 1 1
1 20.42 0 2 8 4 0 0 0 0 0 3 184 1 0
1 35.17 25.12 2 14 8 1.625 1 1 1 1 2 515 501 1
1 36.33 2.12 1 9 4 0.085 1 1 1 0 2 50 1188 1

