0 33.25 2.5 1 8 4 2.5 0 0 0 1 2 0 3 0
1 23.25 12.62 2 8 4 0.125 0 1 2 0 2 0 5553 0
0 22.5 8.46 1 14 4 2.46 0 0 0 0 2 164 1 1
1 48.08 6.04 2 4 4 0.04 0 0 0 0 2 0 2691 1
0 18.07 0.37 3 13 1 10 0 0 0 1 1 300 1 1
0 20.07 1.25 2 8 4 0 0 0 0 0 2 0 1 0
1 31.57 4 1 3 4 0.085 0 0 0 1 2 411 1 0
1 34.83 4 2 2 5 12.5 1 0 0 1 2 184 1 0
1 62.5 12.75 1 8 8 5 1 0 0 0 2 112 1 0
1 22 7.83 1 3 5 0.165 0 0 0 1 2 184 1 0
0 29.5 1.08 1 14 4 1 0 0 0 0 2 280 14 0
1 23.92 0.58 1 13 8 0.125 0 0 0 0 2 240 2 0
1 20.5 2.41 2 8 4 2 1 1 11 1 2 200 3001 1
1 34.17 5.25 2 9 4 0.085 0 0 0 1 2 290 7 1
1 22.67 0.75 2 3 4 1.585 0 1 1 1 2 400 10 0
1 34 5.08 1 3 5 1.085 0 0 0 1 2 480 1 0
0 22.92 11.58 2 13 4 0.04 1 0 0 0 2 80 1350 1
1 39.83 0.5 2 7 4 0.25 1 0 0 0 1 288 1 0
1 32.42 2.16 1 4 1 0 0 0 0 0 2 120 1 0
0 40.83 3.5 2 3 5 0.5 0 0 0 0 1 1160 1 0
0 19.17 8.58 2 13 8 0.75 1 1 7 0 2 96 1 1
1 44.33 0.5 2 3 8 5 1 0 0 1 2 320 1 1
1 34.42 1.33 2 3 5 0.125 0 0 0 1 2 440 4501 0
1 32.08 4 1 13 4 1.5 0 0 0 1 2 120 1 0
0 18.92 9 2 6 4 0.75 1 1 2 0 2 88 592 1
0 56.83 4.25 1 1 1 5 0 0 0 1 2 0 5 0
1 22.25 9 2 6 4 0.085 0 0 0 0 2 0 1 0
1 38.58 3.33 2 9 4 4 1 1 14 0 2 383 1345 1
0 31.92 3.12 2 1 1 3.04 0 1 2 1 2 200 5 0
0 47.25 0.75 2 11 8 2.75 1 1 1 0 2 333 893 1
1 22.5 11.5 1 7 4 1.5 0 0 0 1 2 0 4001 0
0 38.75 1.5 2 1 1 0 0 0 0 0 2 76 1 0
1 19.5 9.58 2 6 4 0.79 0 0 0 0 2 80 351 0
1 34.25 1.75 2 9 5 0.25 1 0 0 1 2 163 1 0
1 32.08 4 2 7 4 2.5 1 0 0 1 2 360 1 1
0 32.25 1.5 2 8 4 0.25 0 0 0 1 2 372 123 0
1 48.33 12 2 7 4 16 1 0 0 0 1 110 1 1
0 33.67 0.37 2 13 4 0.375 0 0 0 0 2 300 45 1
1 26.67 2.71 1 13 4 5.25 1 1 1 0 2 211 1 1
1 42.17 5.04 2 11 8 12.75 1 0 0 1 2 92 1 1
0 36 1 2 8 4 2 1 1 11 0 2 0 457 1
1 37.33 2.66 2 13 4 0.165 0 0 0 1 2 0 502 0
0 56.5 16 2 5 1 0 1 1 15 0 2 0 248 1
0 28.17 0.37 2 11 4 0.585 1 1 4 0 2 80 1 1
1 35.17 4.5 2 14 8 5.75 0 0 0 1 1 711 1 1
1 42.75 4.08 2 6 4 0.04 0 0 0 0 2 108 101 0
1 18.32 1.21 1 10 2 0 0 0 0 0 2 100 1 0
1 60.08 14.5 2 1 1 18 1 1 15 1 2 0 1001 1
1 18.5 2 2 3 4 1.5 1 1 2 0 2 120 301 1
1 21.58 0.79 1 13 4 0.665 0 0 0 0 2 160 1 0
0 60.58 16.5 2 11 4 11 1 0 0 1 2 21 10562 1
1 20.42 0 2 8 4 0 0 0 0 0 3 184 1 0
1 21.17 0.87 1 8 8 0.25 0 0 0 0 2 280 205 0
1 48.08 3.75 2 3 5 1 0 0 0 0 2 100 3 0
1 22.33 11 2 9 4 2 1 1 1 0 2 80 279 1

