0 25.33 2.08 2 8 8 2.75 1 0 0 1 2 360 2 0
1 22.75 11 2 11 4 2.5 1 1 7 1 2 100 810 1
1 59.5 2.75 2 9 4 1.75 1 1 5 1 2 60 59 1
1 31.57 10.5 2 14 4 6.5 1 0 0 0 2 0 1 1
1 25.33 0.57 2 8 4 0.29 1 1 7 1 2 96 5125 1
1 21 3 1 2 4 1.085 1 1 8 1 2 160 2 1
1 21.33 10.5 2 8 4 3 1 0 0 1 2 0 1 1
1 34.25 1.75 2 9 5 0.25 1 0 0 1 2 163 1 0
0 23.42 0.79 1 11 4 1.5 1 1 2 1 2 80 401 1
1 64.08 20 2 14 8 17.5 1 1 9 1 2 0 1001 1
1 33.67 2.16 2 8 4 1.5 0 0 0 0 3 120 1 0
1 38.25 10.12 1 4 4 0.125 0 0 0 0 2 160 1 0
0 23.25 5.87 2 11 4 3.17 1 1 10 0 2 120 246 1
1 20.5 2.41 2 8 4 2 1 1 11 1 2 200 3001 1
1 23.17 0 2 8 4 0 0 0 0 0 3 184 1 1
1 49.17 2.29 2 1 1 0.29 0 0 0 0 2 200 4 0
1 24.58 13.5 1 1 1 0 0 0 0 0 2 184 1 0
1 22.92 3.16 1 8 4 0.165 0 0 0 0 2 160 1059 0
0 20.83 0.5 1 10 2 1 0 0 0 0 2 260 1 0
0 20.67 3 2 11 4 0.165 1 1 3 0 2 100 7 1
0 22.75 6.16 2 6 4 0.165 0 0 0 0 2 220 1001 0
1 41.5 1.54 2 3 5 3.5 0 0 0 0 2 216 1 1
0 27.42 14.5 2 14 8 3.085 1 1 1 0 2 120 12 1
1 26.17 12.5 1 4 8 1.25 0 0 0 1 2 0 18 0
1 25.83 12.83 2 13 4 0.5 0 0 0 0 2 0 3 0
1 24.08 0.87 2 7 4 0.085 0 1 4 0 2 254 1951 0
1 27.83 4 1 3 8 5.75 1 1 2 1 2 75 1 0
0 20.75 9.53 2 3 4 0.04 0 0 0 0 2 200 1001 0
0 18.17 10 1 11 8 0.165 0 0 0 0 2 340 1 0
1 69.17 9 2 1 1 4 0 1 1 0 2 70 7 0
1 37.33 6.5 2 7 8 4.25 1 1 12 1 2 93 1 1
1 32.33 2.5 2 8 4 1.25 0 0 0 1 2 280 1 0
0 29.58 1.75 1 4 4 1.25 0 0 0 1 2 280 1 0
1 31.57 0.37 2 2 4 0.875 1 0 0 1 1 928 1 0
0 19.17 8.58 2 13 8 0.75 1 1 7 0 2 96 1 1
0 24.5 2.41 1 8 4 0 0 0 0 0 2 120 1 0
0 40.83 3.5 2 3 5 0.5 0 0 0 0 1 1160 1 0
1 80.25 5.5 2 8 4 0.54 1 0 0 0 2 0 341 0
0 22.92 1.25 2 11 4 0.25 0 0 0 1 2 120 810 0
0 24.5 0.5 2 11 8 1.5 1 0 0 0 2 280 825 1
1 29.58 4.5 2 9 4 7.5 1 1 2 1 2 330 1 1
0 31.57 11.25 2 1 1 0 0 0 0 0 2 184 5201 0
0 30.67 12 2 8 4 2 1 1 1 0 2 220 20 1
1 20.67 0.41 2 8 4 0.125 0 0 0 0 2 0 45 0
0 28.42 3.5 2 9 4 0.835 1 0 0 0 1 280 1 1
0 35.42 12 2 11 8 14 1 1 8 0 2 0 6591 1
0 30 5.29 2 10 2 2.25 1 1 5 1 2 99 501 1
1 44.33 0.5 2 3 8 5 1 0 0 1 2 320 1 1
1 65.42 11 2 10 9 20 1 1 7 1 2 22 1 1
1 27 1.5 1 9 4 0.375 1 0 0 1 2 260 1066 1
0 23.75 0.71 2 9 4 0.25 0 1 1 1 2 240 5 0
1 21 4.79 1 9 4 2.25 1 1 1 1 2 80 301 1
0 33.08 4.62 2 11 8 1.625 1 1 2 0 2 0 1 1
1 34.17 5.25 2 9 4 0.085 0 0 0 1 2 290 7 1
1 23.75 12 2 8 4 2.085 0 0 0 0 1 80 1 0

