1 24.58 12.5 2 9 4 0.875 1 0 0 1 2 260 1 0
1 42.83 4.62 2 11 4 4.58 1 0 0 0 1 0 1 1
0 20.67 1.83 2 11 4 2.085 1 1 5 0 2 220 2504 1
1 26.25 1.54 2 9 4 0.125 0 0 0 0 2 100 1 0
0 30.25 5.5 2 4 4 5.5 0 0 0 1 1 100 1 0
1 54.42 0.5 1 4 8 3.96 1 0 0 0 2 180 315 1
1 22.58 1.5 1 6 4 0.54 0 0 0 1 2 120 68 0
1 26.83 0.54 2 4 1 0 0 0 0 0 2 100 1 0
1 27.75 0.58 1 13 4 0.25 1 1 2 0 2 260 501 1
1 34.92 5 2 14 8 7.5 1 1 6 1 2 0 1001 1
1 16.32 2.75 2 6 4 0.665 0 1 1 0 2 80 22 0
1 34.5 4.04 1 3 5 8.5 1 1 7 1 2 195 1 1
1 31 2.08 2 8 4 0.085 0 0 0 0 2 300 1 0
1 25 11.25 2 8 4 2.5 1 1 17 0 2 200 1209 1
1 48.58 0.2 1 4 4 0.25 1 1 11 0 2 380 2733 1
0 33.25 2.5 1 8 4 2.5 0 0 0 1 2 0 3 0
1 15.17 7 2 10 4 1 0 0 0 0 2 600 1 0
0 21.75 11.75 2 8 4 0.25 0 0 0 1 2 180 1 0
1 17.25 3 2 4 4 0.04 0 0 0 1 2 160 41 0
0 20.67 3 2 11 4 0.165 1 1 3 0 2 100 7 1
0 22.83 2.29 2 11 8 2.29 1 1 7 1 2 140 2385 1
0 16.92 0.5 2 3 4 0.165 0 1 6 1 2 240 36 0
0 38.33 4.41 2 8 4 0.125 0 0 0 0 2 160 1 0
1 38.25 10.12 1 4 4 0.125 0 0 0 0 2 160 1 0
1 35 2.5 2 3 4 1 0 0 0 1 2 210 1 0
1 32.75 2.33 2 2 8 5.75 0 0 0 1 2 292 1 0
1 22.08 2.33 2 4 4 0.75 0 0 0 0 2 180 1 0
0 20.42 7.5 2 4 4 1.5 1 1 1 0 2 160 235 1
1 27.67 0.75 2 11 8 0.165 0 0 0 1 2 220 252 0
1 23.17 0 2 8 4 0 0 0 0 0 3 184 1 1
1 34.83 2.5 1 9 4 3 0 0 0 0 1 200 1 0
0 29.5 0.46 2 4 4 0.54 1 1 4 0 2 380 501 1
1 29.92 1.83 2 8 8 4.335 1 0 0 0 2 260 201 1
0 15.83 7.62 2 11 4 0.125 0 1 1 1 2 0 161 0
1 47.83 4.16 2 14 5 0.085 0 0 0 1 2 520 1 0
1 18.82 0.41 1 8 4 0.165 0 1 1 0 2 200 2 0
1 65.42 11 2 10 9 20 1 1 7 1 2 22 1 1
0 26.58 2.54 1 1 1 0 0 0 0 1 2 180 61 0
1 43 0.28 1 13 8 1.75 1 1 8 0 2 100 376 1
1 24.58 13.5 1 1 1 0 0 0 0 0 2 184 1 0
1 25.75 0.75 2 8 5 0.25 1 0 0 0 2 349 24 1
0 20.83 8.5 2 8 4 0.165 0 0 0 0 2 0 352 0
1 41.58 1.75 2 4 4 0.21 1 0 0 0 2 160 1 0
0 45.83 10.5 2 11 4 5 1 1 7 1 2 0 1 1
1 26.17 0.25 2 3 5 0 1 0 0 1 2 0 1 1
0 18.17 10 1 11 8 0.165 0 0 0 0 2 340 1 0
0 20.83 0.5 1 10 2 1 0 0 0 0 2 260 1 0
1 27.83 1.5 2 9 4 2.25 0 1 1 1 2 100 4 0
1 20.42 0 2 8 4 0 0 0 0 0 3 184 1 0
1 32.33 7.5 2 10 5 1.585 1 0 0 1 1 420 1 0
1 23.92 1.5 2 2 8 1.875 1 1 6 0 2 200 328 1
1 19 1.75 1 8 4 2.335 0 0 0 1 2 112 7 0
1 32.42 2.16 1 4 1 0 0 0 0 0 2 120 1 0
1 22.58 10.03 2 14 4 0.04 1 1 9 0 2 60 397 1
0 36.75 5.12 2 10 4 5 1 0 0 1 2 0 4001 1

