1 28.67 14.5 2 2 4 0.125 0 0 0 0 2 0 287 0
1 22.25 9 2 6 4 0.085 0 0 0 0 2 0 1 0
0 28.5 3.04 1 14 8 2.54 1 1 1 0 2 70 1 1
1 31.57 0.62 2 4 4 0.25 0 0 0 0 2 380 2011 0
0 22.58 10.75 2 11 4 0.415 1 1 5 1 2 0 561 1
0 24.75 3 2 11 8 1.835 1 1 19 0 2 0 501 1
1 20 1.25 1 4 4 0.125 0 0 0 0 2 140 5 0
1 48.58 0.2 1 4 4 0.25 1 1 11 0 2 380 2733 1
0 29.75 0.66 2 9 4 0.25 0 0 0 1 2 300 1 0
1 18.57 10.29 2 1 1 0.415 0 0 0 0 2 80 1 0
1 56.75 12.25 2 7 4 1.25 1 1 4 1 2 200 1 1
1 42.17 5.04 2 11 8 12.75 1 0 0 1 2 92 1 1
0 27.25 0.28 2 7 8 0.125 0 1 1 1 2 272 109 0
1 23.58 1.79 2 8 4 0.54 0 0 0 1 2 136 2 0
1 38.92 1.75 2 4 4 0.5 0 0 0 1 2 300 3 0
1 18.17 10.25 2 8 8 1.085 0 0 0 0 2 320 14 0
0 16.5 1.25 2 11 4 0.25 0 1 1 0 2 108 99 0
1 37.5 0.83 2 10 4 0.04 0 0 0 0 2 120 6 0
0 22.67 0.79 2 3 4 0.085 0 0 0 0 2 144 1 0
0 23.5 1.5 2 9 4 0.875 0 0 0 1 2 160 1 0
1 20.67 1.25 1 8 8 1.375 1 1 3 1 2 140 211 0
1 22 0.79 2 9 4 0.29 0 1 1 0 2 420 284 0
1 18.82 0 2 11 4 0.665 0 0 0 0 2 160 2 0
1 18.17 2.46 2 8 7 0.96 0 1 2 1 2 160 588 0
1 32.42 2.16 1 4 1 0 0 0 0 0 2 120 1 0
1 25 12 2 4 4 2.25 1 1 2 1 2 120 6 0
1 28 3 2 9 4 0.75 0 0 0 1 2 300 68 0
1 36.33 2.12 1 9 4 0.085 1 1 1 0 2 50 1188 1
1 16.25 0.83 2 7 4 0.085 1 0 0 0 1 200 1 0
1 19 0 1 1 1 0 0 1 4 0 2 45 2 0
1 17.07 0.25 2 11 4 0.335 0 1 4 0 2 160 9 0
1 47.67 2.5 2 7 5 2.5 1 1 12 1 2 410 2511 1
1 23 0.75 2 7 4 0.5 1 0 0 1 1 320 1 0
1 35.75 2.41 2 9 4 0.125 0 1 2 0 2 220 2 0
0 30.58 10.66 2 11 8 0.085 0 1 12 1 2 129 4 0
1 19.42 7.25 2 7 4 0.04 0 1 1 0 2 100 2 0
1 22.75 11.5 2 3 4 0.415 0 0 0 0 2 0 1 0
0 22.92 1.25 2 11 4 0.25 0 0 0 1 2 120 810 0
0 22.5 8.46 1 14 4 2.46 0 0 0 0 2 164 1 1
1 16.25 0 1 6 4 0.25 0 0 0 0 2 60 1 0
0 24.75 13.66 2 11 8 1.5 0 0 0 0 2 280 2 0
0 22.42 11.25 1 14 8 0.75 1 1 4 0 2 0 322 1
0 24.83 4.5 2 9 4 1 0 0 0 1 2 360 7 0
1 51.33 10 2 3 5 0 1 1 11 0 2 0 1250 1
0 26.5 2.71 1 8 4 0.085 0 0 0 0 1 80 1 0
0 21.92 11.66 2 4 8 0.085 0 0 0 0 2 320 6 0
1 35.17 25.12 2 14 8 1.625 1 1 1 1 2 515 501 1
0 50.08 12.54 2 6 4 2.29 1 1 3 1 2 156 1 1
1 22.75 11 2 11 4 2.5 1 1 7 1 2 100 810 1
1 24.58 12.5 2 9 4 0.875 1 0 0 1 2 260 1 0
1 32.25 14 1 1 1 0 0 1 2 0 2 160 2 0
0 24.5 1.75 1 8 4 0.165 0 0 0 0 2 132 1 0
1 23.58 0.83 2 3 8 0.085 0 0 0 1 2 220 6 0
1 33.17 3.16 1 14 4 3.165 1 1 3 1 2 380 1 1
0 27.17 1.25 2 1 1 0 0 1 1 0 2 92 301 0

