0 60.92 5 2 6 4 4 1 1 4 0 2 0 100 1
1 33.58 0.33 1 13 4 0.085 0 0 0 0 2 180 1 0
0 20.83 0.5 1 10 2 1 0 0 0 0 2 260 1 0
1 28.75 1.5 1 8 4 1.5 1 0 0 1 2 0 226 0
1 31.08 1.5 1 9 4 0.04 0 0 0 0 1 160 1 0
1 30.08 1.04 1 3 5 0.5 1 1 10 1 2 132 29 0
1 23 0.62 1 6 4 0.125 1 0 0 0 2 180 2 0
1 65.42 11 2 10 9 20 1 1 7 1 2 22 1 1
1 34 5.5 1 8 4 1.5 0 0 0 1 2 60 1 0
1 20 1.25 1 4 4 0.125 0 0 0 0 2 140 5 0
1 33.5 1.75 2 14 8 4.5 1 1 4 1 2 253 858 1
0 15.83 7.62 2 11 4 0.125 0 1 1 1 2 0 161 0
0 15.83 0.58 2 8 8 1.5 1 1 2 0 2 100 1 1
1 26.67 4.25 2 13 4 4.29 1 1 1 1 2 120 1 1
0 18.75 7.5 2 11 4 2.71 1 1 5 0 2 184 26727 1
1 63.33 0.54 2 8 4 0.585 1 1 3 1 2 180 1 0
1 25.17 3.5 2 13 4 0.625 1 1 7 0 2 0 7060 1
1 21.5 9.75 2 8 4 0.25 1 0 0 0 2 140 1 0
1 16.25 0 1 6 4 0.25 0 0 0 0 2 60 1 0
1 43.08 0.37 1 8 4 0.375 1 1 8 1 2 300 163 1
1 48.58 6.5 2 11 8 6 1 0 0 1 2 350 1 1
1 42.75 3 2 3 5 1 1 0 0 0 2 0 201 0
1 23.33 11.62 1 9 4 0.835 1 0 0 1 2 160 301 1
0 50.08 12.54 2 6 4 2.29 1 1 3 1 2 156 1 1
1 20.42 1.08 2 11 4 1.5 0 0 0 0 2 108 8 0
1 62.5 12.75 1 8 8 5 1 0 0 0 2 112 1 0
0 45.83 10.5 2 11 4 5 1 1 7 1 2 0 1 1
1 27.83 1.54 2 9 4 3.75 1 1 5 1 2 100 4 1
1 23.08 11.5 2 9 8 2.125 1 1 11 1 2 290 285 1
1 18.57 5.71 2 2 4 0.54 0 0 0 0 2 120 1 0
0 49 1.5 2 5 3 0 1 0 0 1 2 100 28 0
1 42.75 4.08 2 6 4 0.04 0 0 0 0 2 108 101 0
0 18.57 10 2 2 4 0.415 0 0 0 0 2 80 43 0
1 35.17 25.12 2 14 8 1.625 1 1 1 1 2 515 501 1
0 16.32 0.21 2 6 4 0.125 0 0 0 0 2 200 2 0
0 25 12.33 2 13 8 3.5 1 1 6 0 2 400 459 1
1 32.25 0.16 1 8 8 3.25 1 1 1 1 2 432 8001 1
1 25.75 0.5 2 8 4 1.46 1 1 5 1 2 312 1 1
0 17.92 10.21 2 1 1 0 0 0 0 0 2 0 51 0
1 26.75 4.5 1 8 5 2.5 0 0 0 0 2 200 1211 0
1 31.08 3.08 2 8 4 2.5 0 1 2 1 2 160 42 0
1 34.08 6.5 2 6 4 0.125 1 0 0 1 2 443 1 0
1 24.58 13.5 1 1 1 0 0 0 0 0 2 184 1 0
1 31.57 5 1 6 4 8.5 1 0 0 0 2 0 1 0
1 51.33 10 2 3 5 0 1 1 11 0 2 0 1250 1
1 24.08 0.87 2 7 4 0.085 0 1 4 0 2 254 1951 0
0 30.67 12 2 8 4 2 1 1 1 0 2 220 20 1
1 21.5 11.5 2 3 4 0.5 1 0 0 1 2 100 69 0
1 20.67 1.25 1 8 8 1.375 1 1 3 1 2 140 211 0
0 25.58 0 2 8 4 0 0 0 0 0 3 184 1 1
1 33.17 1.04 2 12 8 6.5 1 0 0 1 2 164 31286 1
1 34.17 9.17 2 8 4 4.5 1 1 12 1 2 0 222 1
1 57.83 7.04 2 7 4 14 1 1 6 1 2 360 1333 1
1 23.08 2.5 2 1 1 0.085 0 0 0 1 2 100 4209 0
0 36.75 4.71 2 1 1 0 0 0 0 0 2 160 1 0

