0 64.08 0.16 2 1 1 0 1 1 1 0 2 232 101 1
1 18.42 10.41 1 6 4 0.125 1 0 0 0 2 120 376 0
0 31.75 3 1 5 3 0 0 0 0 0 2 160 21 0
1 21.92 0.54 1 14 4 0.04 1 1 1 1 2 840 60 1
1 33.75 2.75 2 3 5 0 0 0 0 0 2 180 1 0
1 22.92 0.17 2 7 4 0.085 0 0 0 0 1 0 1 0
0 20.67 3 2 11 4 0.165 1 1 3 0 2 100 7 1
1 17.25 3 2 4 4 0.04 0 0 0 1 2 160 41 0
1 34.83 2.5 1 9 4 3 0 0 0 0 1 200 1 0
1 22.83 3 2 7 4 1.29 1 1 1 0 2 260 801 1
1 76.75 22.29 2 10 9 12.75 1 1 1 1 2 0 110 1
0 48.17 1.33 2 3 7 0.335 0 0 0 0 2 0 121 0
1 42.83 1.25 2 7 4 13.875 0 1 1 1 2 352 113 0
0 47.75 8 2 8 4 7.875 1 1 6 1 2 0 1261 1
1 17.57 10 2 9 8 0.165 0 1 1 0 2 120 2 0
0 22.92 11.58 2 13 4 0.04 1 0 0 0 2 80 1350 1
1 25.67 2.21 1 6 4 4 1 0 0 0 2 188 1 0
1 18.07 5.5 2 4 4 0.5 1 0 0 0 2 80 1 1
1 22.17 0.58 1 1 1 0 0 0 0 0 2 100 1 0
1 27.67 13.75 2 9 4 5.75 1 0 0 1 2 487 501 1
0 15.75 0.37 2 8 4 1 0 0 0 0 2 120 19 0
1 23.08 11.5 2 9 8 2.125 1 1 11 1 2 290 285 1
0 19.75 0.75 2 8 4 0.795 1 1 5 1 2 140 6 0
0 18.57 10 2 2 4 0.415 0 0 0 0 2 80 43 0
1 41.42 5 2 11 8 5 1 1 6 1 2 470 1 1
1 26.67 4.25 2 13 4 4.29 1 1 1 1 2 120 1 1
0 25.58 0 2 8 4 0 0 0 0 0 3 184 1 1
0 28.08 15 1 10 9 0 1 0 0 0 2 0 13213 1
1 30.17 1.08 1 8 4 0.04 0 0 0 0 2 170 180 0
0 22.67 0.33 2 11 4 0.75 0 0 0 0 1 160 1 0
0 23.58 0.83 2 11 4 0.415 0 1 1 1 2 200 12 0
0 45 4.58 2 4 8 1 0 0 0 1 1 240 1 0
1 28.58 3.62 2 6 4 0.25 0 0 0 1 2 100 1 0
1 54.33 6.75 2 8 8 2.625 1 1 11 1 2 0 285 1
0 40.83 10 2 11 8 1.75 1 0 0 0 2 29 838 1
1 59.67 1.54 2 11 4 0.125 1 0 0 1 2 260 1 1
1 21 3 1 2 4 1.085 1 1 8 1 2 160 2 1
1 17.42 6.5 2 3 4 0.125 0 0 0 0 2 60 101 0
1.234 22.08 11.46 2 4 4 1.585 0 0 0 1 2 100 1213 0
1 29.83 1.25 1 4 4 0.25 0 0 0 0 2 224 1 0
1 23 0.75 2 7 4 0.5 0 0 0 1 1 320 1 0
1 19.17 0 1 7 5 0 0 0 0 1 1 500 2 1
1 22.08 2.33 2 4 4 0.75 0 0 0 0 2 180 1 0
1 49.17 2.29 2 1 1 0.29 0 0 0 0 2 200 4 0
1 38.67 0.21 2 4 4 0.085 1 0 0 1 2 280 1 1
1 59.5 2.75 2 9 4 1.75 1 1 5 1 2 60 59 1
1 21.17 0.87 1 8 8 0.25 0 0 0 0 2 280 205 0
1 34.92 5 2 14 8 7.5 1 1 6 1 2 0 1001 1
0 24.08 0.5 2 11 8 1.25 1 1 1 0 2 0 679 1
0 23.5 1.5 2 9 4 0.875 0 0 0 1 2 160 1 0
1 22.25 0.46 2 4 4 0.125 0 0 0 1 2 280 56 0
1 23.17 11.12 2 14 8 0.46 1 1 1 0 2 100 1 1
0 17.82 11 2 14 8 1 1 1 11 0 2 0 3001 1
1 32.33 7.5 2 10 5 1.585 1 0 0 1 1 420 1 0
0 52.17 0 1 1 1 0 0 0 0 0 2 0 1 0

