1 23.33 1.5 2 8 8 1.415 1 0 0 0 2 422 201 1
1 34.17 5.25 2 9 4 0.085 0 0 0 1 2 290 7 1
0 22.67 0.75 2 8 4 2 0 1 2 1 2 200 395 0
1 16 3.12 2 9 4 0.085 0 1 1 0 2 0 7 0
1 39.25 9.5 2 7 4 6.5 1 1 14 0 2 240 4608 1
1 37.5 1.12 1 2 4 1.5 0 0 0 1 2 431 1 1
0 15.83 0.58 2 8 8 1.5 1 1 2 0 2 100 1 1
0 22.5 8.5 2 11 4 1.75 1 1 10 0 2 80 991 0
1 32.42 2.16 1 4 1 0 0 0 0 0 2 120 1 0
1 36.67 3.25 2 11 8 9 1 0 0 1 2 102 640 1
1 40.92 0.83 2 1 1 0 1 0 0 0 2 130 2 0
1 33.58 0.25 2 3 5 4 0 0 0 1 1 420 1 0
1 42.5 4.91 1 9 4 3.165 1 0 0 1 2 52 1443 1
1 28.17 0.12 1 4 4 0.085 0 0 0 0 2 216 2101 0
1 69.17 9 2 1 1 4 0 1 1 0 2 70 7 0
0 22.5 0.41 2 3 4 0.335 0 0 0 1 1 144 1 0
1 17.5 22 3 1 7 0 0 0 0 1 3 450 100001 1
1 20.17 9.25 2 8 4 1.665 1 1 3 1 2 40 29 1
1 50.75 0.58 2 1 1 0 0 0 0 0 2 145 1 0
1 21.83 1.54 2 4 4 0.085 0 0 0 1 2 356 1 0
1 49.58 19 2 1 1 0 1 1 1 0 2 94 1 0
1 38.92 1.75 2 4 4 0.5 0 0 0 1 2 300 3 0
1 28.33 5 2 9 4 11 1 0 0 1 2 70 1 1
1 25.75 0.5 2 8 4 1.46 1 1 5 1 2 312 1 1
0 68.67 15 2 10 9 0 1 1 14 0 2 0 3377 1
1 27 1.5 1 9 4 0.375 1 0 0 1 2 260 1066 1
1 26.25 1.54 2 9 4 0.125 0 0 0 0 2 100 1 0
1 48.17 7.62 2 9 8 15.5 1 1 12 0 2 0 791 1
0 21.25 2.33 2 3 5 0.5 1 1 4 0 1 80 1 1
0 24.33 2.5 1 3 5 4.5 0 0 0 0 2 200 457 0
1 35.75 2.41 2 9 4 0.125 0 1 2 0 2 220 2 0
1 24.08 0.87 2 7 4 0.085 0 1 4 0 2 254 1951 0
1 43.25 3 2 11 8 6 1 1 11 0 2 80 1 1
1 62.75 7 2 10 9 0 0 0 0 0 2 0 13 0
0 47.42 3 2 14 4 13.875 1 1 2 1 2 519 1705 1
1 34.92 2.5 2 9 4 0 1 0 0 1 2 239 201 1
0 25.75 0.5 2 8 8 0.875 1 0 0 1 2 491 1 1
1 41.92 0.42 2 8 8 0.21 1 1 6 0 2 220 949 1
1 48.33 12 2 7 4 16 1 0 0 0 1 110 1 1
1 26.92 2.25 2 3 5 0.5 0 0 0 1 2 640 4001 0
1 23.42 0.58 2 8 8 0.085 1 0 0 0 2 180 1 0
1 18.07 5.5 2 4 4 0.5 1 0 0 0 2 80 1 1
0 31.57 1.5 2 1 1 0 0 1 2 1 2 200 106 0
1 35.17 4.5 2 14 8 5.75 0 0 0 1 1 711 1 1
1 19.67 10 1 4 8 0.835 1 0 0 1 2 140 1 0
1 47.83 4.16 2 14 5 0.085 0 0 0 1 2 520 1 0
1 28.67 9.33 2 11 8 5.665 1 1 6 0 2 381 169 1
1 48.25 25.08 2 9 4 1.75 1 1 3 0 2 120 15 1
1 25.17 3 2 8 4 1.25 0 1 1 0 2 0 23 0
1 39.17 1.62 2 8 4 1.5 1 1 10 0 2 186 4701 1
1 18.82 3.54 1 1 1 0 0 0 0 1 2 180 2 0
1 31.83 2.5 2 6 4 7.5 1 0 0 1 2 523 1 0
1 41 0.04 2 10 4 0.04 0 1 1 0 1 560 1 1
0 71.58 0 2 8 4 0 0 0 0 0 3 184 1 1
1 19.67 0.37 2 11 4 2 1 1 2 1 2 80 1 1

