0 31.92 3.12 2 1 1 3.04 0 1 2 1 2 200 5 0
1 42.75 3 2 3 5 1 1 0 0 0 2 0 201 0
1 40.92 2.25 1 14 8 10 1 0 0 1 2 176 1 0
1 33.17 3.04 1 8 8 2.04 1 1 1 1 2 180 18028 1
1 33.67 1.25 2 9 4 1.165 0 0 0 0 2 120 1 0
0 45.33 1 2 11 4 0.125 0 0 0 1 2 263 1 0
1 21.92 0.54 1 14 4 0.04 1 1 1 1 2 840 60 1
0 18.82 4.41 1 8 8 3 1 0 0 0 2 240 1 1
1 20.17 9.25 2 8 4 1.665 1 1 3 1 2 40 29 1
1 25.83 12.83 2 13 4 0.5 0 0 0 0 2 0 3 0
1 25.67 3.25 2 8 8 2.29 0 1 1 1 2 416 22 0
1 35.17 4.5 2 14 8 5.75 0 0 0 1 1 711 1 1
1 22.67 2.54 1 8 8 2.585 1 0 0 0 2 0 1 1
1 35.58 0.75 2 4 4 1.5 0 0 0 1 2 231 1 0
1 23.75 12 2 8 4 2.085 0 0 0 0 1 80 1 0
1 19.42 7.25 2 7 4 0.04 0 1 1 0 2 100 2 0
1 33.75 2.75 2 3 5 0 0 0 0 0 2 180 1 0
1 17.42 6.5 2 3 4 0.125 0 0 0 0 2 60 101 0
0 24.33 2.5 1 3 5 4.5 0 0 0 0 2 200 457 0
1 34.08 2.5 2 8 4 1 0 0 0 0 2 460 17 0
0 22.5 0.41 2 3 4 0.335 0 0 0 1 1 144 1 0
0 30.25 5.5 2 4 4 5.5 0 0 0 1 1 100 1 0
1 31.57 5 1 6 4 8.5 1 0 0 0 2 0 1 0
0 33.75 0.75 2 4 5 1 1 1 3 1 2 212 1 0
1 21.08 4.12 1 3 8 0.04 0 0 0 0 2 140 101 0
1 59.5 2.75 2 9 4 1.75 1 1 5 1 2 60 59 1
1 24.83 2.75 2 8 4 2.25 1 1 6 0 2 184 601 1
0 57.08 19.5 2 8 4 5.5 1 1 7 0 2 0 3001 1
1 28.67 9.33 2 11 8 5.665 1 1 6 0 2 381 169 1
0 56.83 4.25 1 1 1 5 0 0 0 1 2 0 5 0
1 20.5 10 1 8 4 2.5 1 0 0 0 1 40 1 1
0 71.58 0 2 8 4 0 0 0 0 0 3 184 1 1
0 16.5 1.25 2 11 4 0.25 0 1 1 0 2 108 99 0
1 21.5 9.75 2 8 4 0.25 1 0 0 0 2 140 1 0
1 23.92 1.5 2 2 8 1.875 1 1 6 0 2 200 328 1
1 36.17 5.5 2 3 5 5 0 0 0 0 2 210 688 0
1 21.17 0.25 1 8 8 0.25 0 0 0 0 2 280 205 0
1 30.17 1.08 1 8 4 0.04 0 0 0 0 2 170 180 0
0 16.07 0.33 2 1 1 0 0 1 1 0 2 160 127 0
1 52.5 6.5 2 4 4 6.29 1 1 15 0 2 0 11203 1
1 29.83 1.25 1 4 4 0.25 0 0 0 0 2 224 1 0
1 22.92 0.17 2 7 4 0.085 0 0 0 0 1 0 1 0
1 26.33 13 2 10 2 0 0 0 0 1 2 140 1111 0
1 40.58 3.29 2 7 4 3.5 0 0 0 1 1 400 1 0
1 20 0 2 2 4 0.5 0 0 0 0 2 144 1 0
1 27.75 1.29 2 4 8 0.25 0 0 0 1 1 140 1 0
0 21.67 11.5 1 5 3 0 1 1 11 1 2 0 1 1
0 18.17 10 1 11 8 0.165 0 0 0 0 2 340 1 0
1 21.17 0.87 1 8 8 0.25 0 0 0 0 2 280 205 0
1 23.58 1.79 2 8 4 0.54 0 0 0 1 2 136 2 0
1 22.25 0.46 2 4 4 0.125 0 0 0 1 2 280 56 0
0 28.08 15 1 10 9 0 1 0 0 0 2 0 13213 1
0 44.33 0 2 8 4 2.5 1 0 0 0 2 0 1 1
0 58.42 21 2 3 5 10 1 1 13 0 2 0 6701 1
1 31.57 4 1 3 4 0.085 0 0 0 1 2 411 1 0

