1 36.75 0.12 1 8 4 1.5 0 0 0 1 2 232 114 1
1 22.5 11.5 1 7 4 1.5 0 0 0 1 2 0 4001 0
1 32.83 2.5 2 13 8 2.75 1 1 6 0 2 160 2073 1
0 40.83 10 2 11 8 1.75 1 0 0 0 2 29 838 1
1 26 1 2 11 4 1.75 1 0 0 1 2 280 1 1
1 48.17 7.62 2 9 8 15.5 1 1 12 0 2 0 791 1
0 22.42 5.66 2 11 4 2.585 1 1 7 0 2 129 3258 1
0 29.5 2 1 10 8 2 0 0 0 0 2 256 18 0
0 65.17 14 2 1 1 0 1 1 11 1 2 0 1401 1
1 25.42 0.54 2 9 4 0.165 0 1 1 0 2 272 445 0
1 41.75 0.96 2 14 4 2.5 1 0 0 0 2 510 601 1
0 24.75 12.5 2 6 4 1.5 1 1 12 1 2 120 568 1
1 16.07 0.75 2 8 4 1.75 1 1 5 1 2 352 691 1
1 21 4.79 1 9 4 2.25 1 1 1 1 2 80 301 1
1 43.17 5 2 3 5 2.25 0 0 0 1 2 141 1 0
1 54.83 15.5 2 10 9 0 1 1 20 0 2 152 131 0
1 34.75 2.5 2 13 5 0.5 0 0 0 0 2 348 1 0
1 29.42 1.25 2 8 8 0.25 0 1 2 1 2 400 109 0
1 33.58 0.25 2 3 5 4 0 0 0 1 1 420 1 0
1 29.58 4.5 2 9 4 7.5 1 1 2 1 2 330 1 1
1 41 0.04 2 10 4 0.04 0 1 1 0 1 560 1 1
1 22.75 11.5 2 3 4 0.415 0 0 0 0 2 0 1 0
1 51.83 2.04 1 1 1 1.5 0 0 0 0 2 120 2 0
1 27.67 2 2 14 8 1 1 1 4 0 2 140 7545 1
1 76.75 22.29 2 10 9 12.75 1 1 1 1 2 0 110 1
1 18.42 10.41 1 6 4 0.125 1 0 0 0 2 120 376 0
0 38.25 6 2 4 4 1 1 0 0 1 2 0 1 1
0 47.42 8 2 10 5 6.5 1 1 6 0 2 375 51101 1
1 25.67 3.25 2 8 8 2.29 0 1 1 1 2 416 22 0
1 20.75 5.08 1 5 4 0.29 0 0 0 0 2 140 185 0
1 40 6.5 2 6 5 3.5 1 1 1 0 2 0 501 1
0 23.75 0.71 2 9 4 0.25 0 1 1 1 2 240 5 0
0 24.75 13.66 2 11 8 1.5 0 0 0 0 2 280 2 0
1 27.75 0.58 1 13 4 0.25 1 1 2 0 2 260 501 1
1 21.42 0.75 1 12 7 0.75 0 0 0 1 2 132 3 0
1 27.67 13.75 2 9 4 5.75 1 0 0 1 2 487 501 1
1 54.33 6.75 2 8 8 2.625 1 1 11 1 2 0 285 1
1 37.5 1.75 1 8 5 0.25 1 0 0 1 2 164 401 0
0 23.5 9 2 11 4 8.5 1 1 5 1 2 120 1 1
0 21.67 11.5 1 5 3 0 1 1 11 1 2 0 1 1
0 46.67 0.46 2 13 8 0.415 1 1 11 1 2 440 7 1
0 33.92 1.58 1 1 1 0 1 0 0 0 2 320 1 0
0 41.33 1 2 3 5 2.25 1 0 0 1 2 0 301 1
0 25.17 2.87 2 14 8 0.875 1 0 0 0 2 360 1 1
0 64.08 0.16 2 1 1 0 1 1 1 0 2 232 101 1
0 21.75 11.75 2 8 4 0.25 0 0 0 1 2 180 1 0
1 22.67 0.75 2 3 4 1.585 0 1 1 1 2 400 10 0
1 20.67 1.25 1 8 8 1.375 1 1 3 1 2 140 211 0
0 22.67 0.33 2 11 4 0.75 0 0 0 0 1 160 1 0
1 20.17 5.62 2 9 4 1.71 1 0 0 0 1 120 1 1
1 33.67 1.25 2 9 4 1.165 0 0 0 0 2 120 1 0
1 20.5 10 1 8 4 2.5 1 0 0 0 1 40 1 1
1 29.83 2.04 1 14 8 0.04 0 0 0 0 2 128 2 0
0 18.92 9.25 1 8 4 1 1 1 4 1 2 80 501 1
0 49.83 13.58 2 4 8 8.5 1 0 0 1 2 0 1 1

