0 24.08 0.5 2 11 8 1.25 1 1 1 0 2 0 679 1
0 33.17 2.25 1 13 4 3.5 0 0 0 1 2 200 142 0
0 23.58 0.83 2 11 4 0.415 0 1 1 1 2 200 12 0
0 16.92 0.5 2 3 4 0.165 0 1 6 1 2 240 36 0
0 57.08 0.33 2 3 5 1 1 0 0 1 2 252 2198 0
0 47.42 3 2 14 4 13.875 1 1 2 1 2 519 1705 1
1 17.92 0.2 2 6 4 0.04 0 0 0 0 2 280 751 0
1 22 0.79 2 9 4 0.29 0 1 1 0 2 420 284 0
1 23.42 1 2 8 4 0.5 0 0 0 1 1 280 1 0
1 13.75 4 1 9 4 1.75 1 1 2 1 2 120 1001 1
0 16.5 1.25 2 11 4 0.25 0 1 1 0 2 108 99 0
1 22.92 3.16 1 8 4 0.165 0 0 0 0 2 160 1059 0
1 48.75 8.5 2 8 8 12.5 1 1 9 0 2 181 1656 1
1 19.67 10 1 4 8 0.835 1 0 0 1 2 140 1 0
1 19.67 0.37 2 11 4 2 1 1 2 1 2 80 1 1
1 21.33 7.5 2 6 4 1.415 1 1 1 0 2 80 9801 1
0 24.75 12.5 2 6 4 1.5 1 1 12 1 2 120 568 1
1 32.42 3 2 2 4 0.165 0 0 0 1 2 120 1 0
1 36.33 2.12 1 9 4 0.085 1 1 1 0 2 50 1188 1
1 18 0.16 2 11 7 0.21 0 0 0 0 2 200 41 1
0 30.58 10.66 2 11 8 0.085 0 1 12 1 2 129 4 0
1 25.75 0.5 2 8 4 1.46 1 1 5 1 2 312 1 1
1 22.67 10.5 2 11 8 1.335 1 0 0 0 2 100 1 1
0 18.82 4.41 1 8 8 3 1 0 0 0 2 240 1 1
1 54.42 0.5 1 4 8 3.96 1 0 0 0 2 180 315 1
1 31.92 4.46 2 13 8 6.04 1 1 3 0 2 311 301 1
1 32.33 2.5 2 8 4 1.25 0 0 0 1 2 280 1 0
1 18.17 10.25 2 8 8 1.085 0 0 0 0 2 320 14 0
1 23.58 0.83 2 3 8 0.085 0 0 0 1 2 220 6 0
0 20.07 0.12 2 11 4 1 0 1 1 0 2 240 769 1
1 16.07 0.75 2 8 4 1.75 1 1 5 1 2 352 691 1
0 24.75 3 2 11 8 1.835 1 1 19 0 2 0 501 1
1 52.42 1.5 2 2 4 3.75 0 0 0 1 2 0 351 0
1 31.57 4 2 14 4 5 1 1 3 1 2 290 2280 1
0 52.83 15 2 8 4 5.5 1 1 14 0 2 0 2201 1
1 33.58 0.33 1 13 4 0.085 0 0 0 0 2 180 1 0
1 18.82 0.41 1 8 4 0.165 0 1 1 0 2 200 2 0
0 22.42 11.25 1 14 8 0.75 1 1 4 0 2 0 322 1
1 20 7 2 8 4 0.5 0 0 0 0 2 0 1 0
1 60.08 14.5 2 1 1 18 1 1 15 1 2 0 1001 1
1 34 4.5 2 6 4 1 1 0 0 1 2 240 1 0
1 56.75 12.25 2 7 4 1.25 1 1 4 1 2 200 1 1
1 21.17 0.87 1 8 8 0.25 0 0 0 0 2 280 205 0
1 19.42 7.25 2 7 4 0.04 0 1 1 0 2 100 2 0
1 39.5 4.25 2 8 5 6.5 1 1 16 0 2 117 1211 1
1 34 5.5 1 8 4 1.5 0 0 0 1 2 60 1 0
0 20.67 1.83 2 11 4 2.085 1 1 5 0 2 220 2504 1
1 18.67 5 2 11 4 0.375 1 1 2 0 2 0 39 0
1 19.17 4 1 3 4 1 0 0 0 1 2 360 1001 0
1 29.25 14.79 2 6 4 5.04 1 1 5 1 2 168 1 1
1 24.08 9 2 6 4 0.25 0 0 0 1 2 0 1 0
0 23.58 11.5 1 4 8 3 0 0 0 1 2 20 17 0
1 30.17 0.5 2 8 4 1.75 1 1 11 0 2 32 541 1
1 35.25 16.5 1 8 4 4 1 0 0 0 2 80 1 0
1 27.83 4 1 3 8 5.75 1 1 2 1 2 75 1 0

