0 24.5 0.5 2 11 8 1.5 1 0 0 0 2 280 825 1
1 17.25 3 2 4 4 0.04 0 0 0 1 2 160 41 0
1 42.5 4.91 1 9 4 3.165 1 0 0 1 2 52 1443 1
0 15.83 7.62 2 11 4 0.125 0 1 1 1 2 0 161 0
1 30.17 0.5 2 8 4 1.75 1 1 11 0 2 32 541 1
1 27.83 1.5 2 9 4 2.25 0 1 1 1 2 100 4 0
1 23.25 12.62 2 8 4 0.125 0 1 2 0 2 0 5553 0
0 24.08 0.5 2 11 8 1.25 1 1 1 0 2 0 679 1
0 25 12.33 2 13 8 3.5 1 1 6 0 2 400 459 1
0 20.83 8.5 2 8 4 0.165 0 0 0 0 2 0 352 0
1 31.57 0.04 1 2 4 4.25 0 0 0 1 2 460 1 0
0 39.08 4 2 8 4 3 0 0 0 0 2 480 1 0
1 19.67 10 1 4 8 0.835 1 0 0 1 2 140 1 0
1 26.75 4.5 1 8 5 2.5 0 0 0 0 2 200 1211 0
1 19 0 1 1 1 0 0 1 4 0 2 45 2 0
1 63.33 0.54 2 8 4 0.585 1 1 3 1 2 180 1 0
1 24.08 0.87 2 7 4 0.085 0 1 4 0 2 254 1951 0
1 22.67 2.54 1 8 8 2.585 1 0 0 0 2 0 1 1
0 32.17 1.46 2 9 4 1.085 1 1 16 0 2 120 2080 1
1 51.58 15 2 8 4 8.5 1 1 9 0 2 0 1 1
0 23 11.75 2 14 8 0.5 1 1 2 1 2 300 552 1
1 32.33 7.5 2 10 5 1.585 1 0 0 1 1 420 1 0
1 21.83 1.54 2 4 4 0.085 0 0 0 1 2 356 1 0
0 25.08 2.54 1 6 4 0.25 1 0 0 1 2 370 1 1
1 23.33 1.5 2 8 8 1.415 1 0 0 0 2 422 201 1
1 20.17 9.25 2 8 4 1.665 1 1 3 1 2 40 29 1
0 35.17 3.75 2 1 1 0 0 1 6 0 2 0 201 0
1 30.67 2.5 2 13 8 2.25 0 0 0 1 1 340 1 0
1 21.17 0.25 1 8 8 0.25 0 0 0 0 2 280 205 0
1 56 12.5 2 4 8 8 1 0 0 1 2 24 2029 1
0 18.82 9.5 2 9 4 1.625 1 1 6 1 2 40 601 1
1 20 11.04 2 8 4 2 0 0 0 1 2 136 1 0
0 27.58 3 2 7 4 2.79 0 1 1 1 2 280 11 0
1 34.25 1.75 2 9 5 0.25 1 0 0 1 2 163 1 0
1 34.17 5.25 2 9 4 0.085 0 0 0 1 2 290 7 1
1 23.75 0.41 1 8 4 0.04 0 1 2 0 2 128 7 0
1 43.08 0.37 1 8 4 0.375 1 1 8 1 2 300 163 1
1 25.42 0.54 2 9 4 0.165 0 1 1 0 2 272 445 0
1 20.67 1.25 1 8 8 1.375 1 1 3 1 2 140 211 0
0 21.25 2.33 2 3 5 0.5 1 1 4 0 1 80 1 1
0 15.92 2.87 2 11 4 0.085 0 0 0 0 2 120 1 0
0 24.75 12.5 2 6 4 1.5 1 1 12 1 2 120 568 1
1 31.42 15.5 2 8 4 0.5 1 0 0 0 2 120 1 0
0 46.08 3 2 8 4 2.375 1 1 8 1 2 396 4160 1
1 30.17 1.08 1 8 4 0.04 0 0 0 0 2 170 180 0
0 20.5 11.83 2 8 8 6 1 0 0 0 2 340 1 1
0 26.58 2.54 1 1 1 0 0 0 0 1 2 180 61 0
0 68.67 15 2 10 9 0 1 1 14 0 2 0 3377 1
1 22.83 3 2 7 4 1.29 1 1 1 0 2 260 801 1
0 17.92 0.54 2 8 4 1.75 0 1 1 1 2 80 6 0
0 55.75 7.08 2 4 8 6.75 1 1 3 1 2 100 51 0
1 27.25 1.66 2 13 8 5.085 1 1 9 0 2 399 828 1
1 16.07 0.75 2 8 4 1.75 1 1 5 1 2 352 691 1
0 57.58 2 2 1 1 6.5 0 1 1 0 2 0 11 0
0 33.92 1.58 1 1 1 0 1 0 0 0 2 320 1 0

