1 31.83 0.04 1 7 4 0.04 0 0 0 0 2 0 1 0
0 22.75 6.16 2 6 4 0.165 0 0 0 0 2 220 1001 0
1 24.17 0.87 2 11 4 4.625 1 1 2 1 2 520 2001 1
1 24.08 9 2 6 4 0.25 0 0 0 1 2 0 1 0
1 23.92 0.58 1 13 8 0.125 0 0 0 0 2 240 2 0
0 24.58 0.67 2 6 8 1.75 1 0 0 0 2 400 1 0
1 37.75 7 2 11 8 11.5 1 1 7 1 2 300 6 0
0 22.58 10.75 2 11 4 0.415 1 1 5 1 2 0 561 1
0 17.57 9 2 6 4 1.375 1 0 0 1 2 0 1 1
1 24.33 6.62 1 2 4 5.5 1 0 0 1 1 100 1 1
0 38.25 6 2 4 4 1 1 0 0 1 2 0 1 1
1 35.17 2.5 2 4 4 4.5 1 1 7 0 2 150 1271 1
0 24.83 4.5 2 9 4 1 0 0 0 1 2 360 7 0
1 26.17 12.5 1 4 8 1.25 0 0 0 1 2 0 18 0
1 16.32 2.75 2 6 4 0.665 0 1 1 0 2 80 22 0
1 23.58 0.83 2 3 8 0.085 0 0 0 1 2 220 6 0
0 35.42 12 2 11 8 14 1 1 8 0 2 0 6591 1
1 23.17 11.12 2 14 8 0.46 1 1 1 0 2 100 1 1
1 27.83 1.5 2 9 4 2.25 0 1 1 1 2 100 4 0
1 23.25 1 2 8 4 0.835 1 0 0 0 1 300 1 1
1 26.25 1.54 2 9 4 0.125 0 0 0 0 2 100 1 0
0 57.58 2 2 1 1 6.5 0 1 1 0 2 0 11 0
0 27.58 3 2 7 4 2.79 0 1 1 1 2 280 11 0
1 37.58 0 2 8 4 0 0 0 0 0 3 184 1 1
0 36.75 5.12 2 10 4 5 1 0 0 1 2 0 4001 1
0 28.17 0.37 2 11 4 0.585 1 1 4 0 2 80 1 1
0 31.92 3.12 2 1 1 3.04 0 1 2 1 2 200 5 0
1 19.32 9.5 2 11 4 1 1 0 0 1 2 60 401 1
1 17.92 0.2 2 6 4 0.04 0 0 0 0 2 280 751 0
1 31.83 2.5 2 6 4 7.5 1 0 0 1 2 523 1 0
1 33.17 1 2 14 4 0.75 1 1 7 1 2 340 4072 1
0 28.67 1.04 2 8 4 2.5 1 1 5 1 2 300 1431 1
0 23.25 5.87 2 11 4 3.17 1 1 10 0 2 120 246 1
1 27.58 3.25 1 11 8 5.085 0 1 2 1 2 369 2 0
0 21.67 11.5 1 5 3 0 1 1 11 1 2 0 1 1
0 19.17 0.58 1 6 4 0.585 1 0 0 1 2 160 1 0
1 17.07 3.29 2 3 4 0.335 0 0 0 1 2 140 3 0
1 39.5 1.62 2 8 4 1.5 0 0 0 0 2 0 317 0
1 27.67 0.75 2 11 8 0.165 0 0 0 1 2 220 252 0
1 28.75 1.16 2 4 4 0.5 1 0 0 0 1 280 1 0
1 74.83 19 1 1 1 0.04 0 1 2 0 2 0 352 0
1 33.17 3.04 1 8 8 2.04 1 1 1 1 2 180 18028 1
1 51.83 2.04 1 1 1 1.5 0 0 0 0 2 120 2 0
1 33.17 1.04 2 12 8 6.5 1 0 0 1 2 164 31286 1
0 31.57 1.5 2 1 1 0 0 1 2 1 2 200 106 0
0 22.5 8.46 1 14 4 2.46 0 0 0 0 2 164 1 1
1 39.58 5 2 1 1 0 0 1 2 0 2 17 2 0
0 47.25 0.75 2 11 8 2.75 1 1 1 0 2 333 893 1
1 34 5.5 1 8 4 1.5 0 0 0 1 2 60 1 0
1 23.75 0.41 1 8 4 0.04 0 1 2 0 2 128 7 0
1 31.67 0.83 2 14 4 1.335 1 1 8 1 2 303 3291 1
1 32 1.75 1 10 8 0.04 1 0 0 1 2 393 1 1
1 31.33 19.5 2 8 4 7 1 1 16 0 2 0 5001 1
1 18.42 10.41 1 6 4 0.125 1 0 0 0 2 120 376 0
1 37.33 6.5 2 7 8 4.25 1 1 12 1 2 93 1 1

