0 17.32 9.5 2 6 4 1.75 0 1 10 1 2 0 11 0
1 34.25 3 2 13 8 7.415 1 0 0 1 2 0 1 1
1 34.08 2.5 2 8 4 1 0 0 0 0 2 460 17 0
1 18.07 5.5 2 4 4 0.5 1 0 0 0 2 80 1 1
1 33.75 2.75 2 3 5 0 0 0 0 0 2 180 1 0
1 19.32 9.5 2 11 4 1 1 0 0 1 2 60 401 1
1 33.17 1 2 14 4 0.75 1 1 7 1 2 340 4072 1
1 51.58 15 2 8 4 8.5 1 1 9 0 2 0 1 1
1 19.5 0.28 2 4 4 0.29 0 0 0 0 2 280 365 0
0 25 12.33 2 13 8 3.5 1 1 6 0 2 400 459 1
1 41.42 5 2 11 8 5 1 1 6 1 2 470 1 1
1 21.92 0.5 2 8 4 0.125 0 0 0 0 2 360 1 0
1 32.75 2.33 2 2 8 5.75 0 0 0 1 2 292 1 0
1 26.17 0.83 2 13 4 1.165 0 0 0 0 2 100 1 0
1 18.82 0 2 11 4 0.665 0 0 0 0 2 160 2 0
0 28.5 3.04 1 14 8 2.54 1 1 1 0 2 70 1 1
1 28.67 9.33 2 11 8 5.665 1 1 6 0 2 381 169 1
1 20.42 1.83 2 8 4 2.25 1 1 1 0 2 100 151 1
1 36.67 4.41 1 4 4 0.25 1 1 10 1 2 320 1 1
1 34.5 4.04 1 3 5 8.5 1 1 7 1 2 195 1 1
1 19.32 10.91 2 8 5 0.585 0 1 2 1 2 200 8 0
1 27.75 0.58 1 13 4 0.25 1 1 2 0 2 260 501 1
1 69.17 9 2 1 1 4 0 1 1 0 2 70 7 0
1 42 0.2 2 3 8 5.125 1 0 0 0 2 400 1 1
0 20.83 3 2 6 4 0.04 1 0 0 0 2 100 1 1
1 25.08 1.71 2 14 4 1.665 1 1 1 1 2 395 21 1
0 38.33 4.41 2 8 4 0.125 0 0 0 0 2 160 1 0
1 34.17 5.25 2 9 4 0.085 0 0 0 1 2 290 7 1
0 35.42 12 2 11 8 14 1 1 8 0 2 0 6591 1
1 54.58 9.41 2 1 1 14.415 1 1 11 1 2 30 301 1
1 28.25 0.87 2 7 4 0.96 1 1 3 1 2 396 1 1
1 39.17 1.62 2 8 4 1.5 1 1 10 0 2 186 4701 1
1 39 5 2 13 4 3.5 1 1 10 1 2 0 1 1
1 37.5 0.83 2 10 4 0.04 0 0 0 0 2 120 6 0
0 26.08 8.66 2 6 4 1.415 1 0 0 0 2 160 151 1
0 58.67 4.46 2 11 8 3.04 1 1 6 0 2 43 561 1
1 30.33 0.5 2 2 8 0.085 0 0 0 1 1 252 1 0
0 40.83 10 2 11 8 1.75 1 0 0 0 2 29 838 1
1 27.25 1.66 2 13 8 5.085 1 1 9 0 2 399 828 1
1 18.67 5 2 11 4 0.375 1 1 2 0 2 0 39 0
0 18.82 9.5 2 9 4 1.625 1 1 6 1 2 40 601 1
1 36.67 2 2 3 4 0.25 0 0 0 1 2 221 1 0
0 48.17 1.33 2 3 7 0.335 0 0 0 0 2 0 121 0
0 22.67 0.75 2 8 4 2 0 1 2 1 2 200 395 0
1 20.42 7 2 8 4 1.625 1 1 3 0 2 200 1392 1
1 39.5 4.25 2 8 5 6.5 1 1 16 0 2 117 1211 1
1 30.17 0.5 2 8 4 1.75 1 1 11 0 2 32 541 1
0 18.17 10 1 11 8 0.165 0 0 0 0 2 340 1 0
0 24.5 2.41 1 8 4 0 0 0 0 0 2 120 1 0
0 31.75 3 1 5 3 0 0 0 0 0 2 160 21 0
0 29.5 0.46 2 4 4 0.54 1 1 4 0 2 380 501 1
1 23.08 11.5 2 9 8 2.125 1 1 11 1 2 290 285 1
1 18.07 6.75 1 7 4 0.04 0 0 0 0 2 140 1 0
1 37.42 2.04 2 9 4 0.04 1 0 0 1 2 400 5801 1
1 63.33 0.54 2 8 4 0.585 1 1 3 1 2 180 1 0

