1 27 0.75 2 8 8 4.25 1 1 3 1 2 312 151 1
1 16.17 0.04 2 8 4 0.04 0 0 0 0 2 0 1 1
1 39.5 1.62 2 8 4 1.5 0 0 0 0 2 0 317 0
0 20.07 1.25 2 8 4 0 0 0 0 0 2 0 1 0
1 19.5 0.28 2 4 4 0.29 0 0 0 0 2 280 365 0
1 48.25 25.08 2 9 4 1.75 1 1 3 0 2 120 15 1
0 24.75 13.66 2 11 8 1.5 0 0 0 0 2 280 2 0
1 22.67 10.5 2 11 8 1.335 1 0 0 0 2 100 1 1
1 19.42 6.5 2 9 8 1.46 1 1 7 0 2 80 2955 1
1 33.67 2.16 2 8 4 1.5 0 0 0 0 3 120 1 0
0 27.58 3 2 7 4 2.79 0 1 1 1 2 280 11 0
1 25.08 1.71 2 14 4 1.665 1 1 1 1 2 395 21 1
1 33.58 0.25 2 3 5 4 0 0 0 1 1 420 1 0
1 43 0.28 1 13 8 1.75 1 1 8 0 2 100 376 1
1 44 2 2 7 4 1.75 1 1 2 1 2 0 16 1
1 26.25 1.54 2 9 4 0.125 0 0 0 0 2 100 1 0
1 39 5 2 13 4 3.5 1 1 10 1 2 0 1 1
0 47.42 3 2 14 4 13.875 1 1 2 1 2 519 1705 1
1 49.17 2.29 2 1 1 0.29 0 0 0 0 2 200 4 0
1 28.25 5.04 1 8 5 1.5 1 1 8 1 2 144 8 1
1 23.92 0.58 1 13 8 0.125 0 0 0 0 2 240 2 0
1 27.75 1.29 2 4 8 0.25 0 0 0 1 1 140 1 0
1 28.75 1.16 2 4 4 0.5 1 0 0 0 1 280 1 0
0 24.58 0.67 2 6 8 1.75 1 0 0 0 2 400 1 0
1 23 0.62 1 6 4 0.125 1 0 0 0 2 180 2 0
0 36 1 2 8 4 2 1 1 11 0 2 0 457 1
1 13.75 4 1 9 4 1.75 1 1 2 1 2 120 1001 1
1 32.42 2.16 1 4 1 0 0 0 0 0 2 120 1 0
1 22.17 0.58 1 1 1 0 0 0 0 0 2 100 1 0
1 19.57 0.58 2 1 1 0 0 1 3 0 2 350 770 0
1 21.83 0.25 2 2 8 0.665 1 0 0 1 2 0 1 1
1 25.67 2.21 1 6 4 4 1 0 0 0 2 188 1 0
1 23 0.75 2 7 4 0.5 1 0 0 1 1 320 1 0
0 31.25 3.75 2 13 8 0.625 1 1 9 1 2 181 1 1
1 34.67 1.08 2 7 4 1.165 0 0 0 0 1 28 1 0
0 56.5 16 2 5 1 0 1 1 15 0 2 0 248 1
0 28.58 3.75 2 8 4 0.25 0 1 1 1 2 40 155 0
1 27.25 1.58 2 13 8 1.835 1 1 12 1 2 583 714 1
1 42 0.2 2 3 8 5.125 1 0 0 0 2 400 1 1
1 36.25 5 2 8 5 2.5 1 1 6 0 2 0 368 1
0 68.67 15 2 10 9 0 1 1 14 0 2 0 3377 1
0 29.5 1.08 1 14 4 1 0 0 0 0 2 280 14 0
1 47.33 6.5 2 8 4 1 0 0 0 1 2 0 229 0
0 40.33 8.12 1 4 4 0.165 0 1 2 0 2 184 19 0
0 16.5 1.25 2 11 4 0.25 0 1 1 0 2 108 99 0
1 29.67 0.75 1 8 4 0.04 0 0 0 0 2 240 1 0
1 16.32 2.75 2 6 4 0.665 0 1 1 0 2 80 22 0
1 33.17 1 2 14 4 0.75 1 1 7 1 2 340 4072 1
1 18.07 6.75 1 7 4 0.04 0 0 0 0 2 140 1 0
1 42.75 4.08 2 6 4 0.04 0 0 0 0 2 108 101 0
0 23.58 0.83 2 11 4 0.415 0 1 1 1 2 200 12 0
1 27.67 2 2 14 8 1 1 1 4 0 2 140 7545 1
1 23.92 0.66 2 8 4 0.165 0 0 0 0 2 100 1 1
0 24.5 0.5 2 11 8 1.5 1 0 0 0 2 280 825 1
1 32 1.75 1 10 8 0.04 1 0 0 1 2 393 1 1

