1 22.83 3 2 7 4 1.29 1 1 1 0 2 260 801 1
0 22.92 1.25 2 11 4 0.25 0 0 0 1 2 120 810 0
1 23.75 12 2 8 4 2.085 0 0 0 0 1 80 1 0
1 24.08 9 2 6 4 0.25 0 0 0 1 2 0 1 0
0 20.83 3 2 6 4 0.04 1 0 0 0 2 100 1 1
0 30.67 12 2 8 4 2 1 1 1 0 2 220 20 1
0 27.33 1.66 2 1 1 0 0 0 0 0 2 340 2 0
1 43.25 25.21 2 11 8 0.21 1 1 1 0 2 760 91 0
1 19 0 1 1 1 0 0 1 4 0 2 45 2 0
1 36.25 5 2 8 5 2.5 1 1 6 0 2 0 368 1
1 43.17 2.25 2 3 5 0.75 1 0 0 0 2 560 1 0
0 68.67 15 2 10 9 0 1 1 14 0 2 0 3377 1
0 25.75 0.5 2 8 8 0.875 1 0 0 1 2 491 1 1
0 22.5 8.5 2 11 4 1.75 1 1 10 0 2 80 991 0
1 22.92 3.16 1 8 4 0.165 0 0 0 0 2 160 1059 0
1 31.57 0.04 1 2 4 4.25 0 0 0 1 2 460 1 0
0 38.25 6 2 4 4 1 1 0 0 1 2 0 1 1
1 30.17 6.5 2 13 4 3.125 1 1 8 0 2 330 1201 1
1 26 1 2 11 4 1.75 1 0 0 1 2 280 1 1
1 38.25 10.12 1 4 4 0.125 0 0 0 0 2 160 1 0
1 29.5 0.57 2 9 4 0.29 0 1 1 0 2 340 2804 0
1 33.75 2.75 2 3 5 0 0 0 0 0 2 180 1 0
1 23.17 0 2 13 4 0.085 1 0 0 0 2 0 1 1
1 25.33 0.57 2 8 4 0.29 1 1 7 1 2 96 5125 1
1 47.83 4.16 2 14 5 0.085 0 0 0 1 2 520 1 0
1 47.33 6.5 2 8 4 1 0 0 0 1 2 0 229 0
1 39.92 6.21 2 11 4 0.04 1 1 1 0 2 200 301 1
1 27.67 2 2 14 8 1 1 1 4 0 2 140 7545 1
1 27 1.5 1 9 4 0.375 1 0 0 1 2 260 1066 1
0 35.75 0.91 2 6 4 0.75 1 1 4 0 2 0 1584 1
1 17.67 4.46 2 8 4 0.25 0 0 0 0 1 80 1 0
1 23.25 1 2 8 4 0.835 1 0 0 0 1 300 1 1
1 28 2 2 4 8 4.165 1 1 2 1 2 181 1 1
1 39 5 2 13 4 3.5 1 1 10 1 2 0 1 1
1 22.25 9 2 6 4 0.085 0 0 0 0 2 0 1 0
0 20.07 0.12 2 11 4 1 0 1 1 0 2 240 769 1
1 23.25 4 2 8 5 0.25 1 0 0 1 2 160 1 1
1 36.42 0.75 1 2 4 0.585 0 0 0 0 2 240 4 0
1 31.83 0.04 1 7 4 0.04 0 0 0 0 2 0 1 0
0 24.75 3 2 11 8 1.835 1 1 19 0 2 0 501 1
0 28.75 3.75 2 8 4 1.085 1 1 1 1 2 371 1 1
1 28.92 15 2 8 8 5.335 1 1 11 0 2 0 2284 1
1 21.92 0.54 1 14 4 0.04 1 1 1 1 2 840 60 1
1 41.75 0.96 2 14 4 2.5 1 0 0 0 2 510 601 1
1 19.32 9.5 2 11 4 1 1 0 0 1 2 60 401 1
1 19.57 0.58 2 1 1 0 0 1 3 0 2 350 770 0
0 20.83 0.5 1 10 2 1 0 0 0 0 2 260 1 0
0 18.57 10 2 2 4 0.415 0 0 0 0 2 80 43 0
1 31.67 0.83 2 14 4 1.335 1 1 8 1 2 303 3291 1
1 35.25 3.16 2 14 8 3.75 1 0 0 1 2 680 1 0
1 29.92 1.83 2 8 8 4.335 1 0 0 0 2 260 201 1
1 34.58 0 2 8 4 0 0 0 0 0 3 184 1 0
1 18.82 0 2 11 4 0.665 0 0 0 0 2 160 2 0
1 52.42 1.5 2 2 4 3.75 0 0 0 1 2 0 351 0
1 25.75 0.75 2 8 5 0.25 1 0 0 0 2 349 24 1

