1 44.33 0.5 2 3 8 5 1 0 0 1 2 320 1 1
0 23.5 9 2 11 4 8.5 1 1 5 1 2 120 1 1
0 60.58 16.5 2 11 4 11 1 0 0 1 2 21 10562 1
1 16.25 0 1 6 4 0.25 0 0 0 0 2 60 1 0
1 21.42 0.75 1 12 7 0.75 0 0 0 1 2 132 3 0
1 32.83 2.5 2 13 8 2.75 1 1 6 0 2 160 2073 1
1 26.92 2.25 2 3 5 0.5 0 0 0 1 2 640 4001 0
1 41.5 1.54 2 3 5 3.5 0 0 0 0 2 216 1 1
0 20.67 3 2 11 4 0.165 1 1 3 0 2 100 7 1
0 38.25 6 2 4 4 1 1 0 0 1 2 0 1 1
0 33.08 4.62 2 11 8 1.625 1 1 2 0 2 0 1 1
0 25.58 0 2 8 4 0 0 0 0 0 3 184 1 1
1 40.92 0.83 2 1 1 0 1 0 0 0 2 130 2 0
1 34.83 4 2 2 5 12.5 1 0 0 1 2 184 1 0
1 23.75 12 2 8 4 2.085 0 0 0 0 1 80 1 0
1 32.33 2.5 2 8 4 1.25 0 0 0 1 2 280 1 0
1 27 1.5 1 9 4 0.375 1 0 0 1 2 260 1066 1
1 22.75 11 2 11 4 2.5 1 1 7 1 2 100 810 1
1 43.25 3 2 11 8 6 1 1 11 0 2 80 1 1
1 25.75 0.75 2 8 5 0.25 1 0 0 0 2 349 24 1
1 36.75 0.12 1 8 4 1.5 0 0 0 1 2 232 114 1
1 45 8.5 2 13 8 14 1 1 1 1 2 88 2001 1
0 21.25 2.33 2 3 5 0.5 1 1 4 0 1 80 1 1
0 49 1.5 2 5 3 0 1 0 0 1 2 100 28 0
1 31.57 0.62 2 4 4 0.25 0 0 0 0 2 380 2011 0
0 18.92 9.25 1 8 4 1 1 1 4 1 2 80 501 1
0 24.92 1.25 2 1 1 0 1 0 0 0 2 80 1 0
1 35.25 3.16 2 14 8 3.75 1 0 0 1 2 680 1 0
1 32 1.75 1 10 8 0.04 1 0 0 1 2 393 1 1
1 21.25 1.5 2 9 4 1.5 0 0 0 0 2 150 9 1
1 19 1.75 1 8 4 2.335 0 0 0 1 2 112 7 0
1 23.08 2.5 2 8 4 1.085 1 1 11 1 2 60 2185 1
1 25.58 0.33 2 4 8 3.5 0 0 0 1 2 340 1 0
1 35.17 2.5 2 4 4 4.5 1 1 7 0 2 150 1271 1
1 34.92 5 2 14 8 7.5 1 1 6 1 2 0 1001 1
1 25.17 3.5 2 13 4 0.625 1 1 7 0 2 0 7060 1
1 26.17 0.25 2 3 5 0 1 0 0 1 2 0 1 1
1 20.17 5.62 2 9 4 1.71 1 0 0 0 1 120 1 1
0 27.67 2.04 2 9 4 0.25 0 0 0 1 2 180 51 0
0 18.82 4.41 1 8 8 3 1 0 0 0 2 240 1 1
1 34.42 4.25 2 3 5 3.25 1 1 2 0 2 274 611 1
1 19.67 10 1 4 8 0.835 1 0 0 1 2 140 1 0
1 16.5 0.12 2 8 4 0.165 0 0 0 0 2 132 1 0
0 27.58 3 2 7 4 2.79 0 1 1 1 2 280 11 0
0 58.33 10 2 11 4 4 1 1 14 0 2 0 1603 1
0 24.5 2.41 1 8 4 0 0 0 0 0 2 120 1 0
1 32.08 4 2 7 4 2.5 1 0 0 1 2 360 1 1
1 28.25 5.12 2 14 4 4.75 1 1 2 0 2 420 8 1
1 44 2 2 7 4 1.75 1 1 2 1 2 0 16 1
1 36.25 5 2 8 5 2.5 1 1 6 0 2 0 368 1
1 26.67 14.58 2 3 5 0 0 0 0 1 2 178 1 0
1 33.58 0.25 2 3 5 4 0 0 0 1 1 420 1 0
1 41 0.04 2 10 4 0.04 0 1 1 0 1 560 1 1
0 30 5.29 2 10 2 2.25 1 1 5 1 2 99 501 1
1 20.25 9.96 2 10 2 0 1 0 0 0 2 0 1 1

