1 49.17 2.29 2 1 1 0.29 0 0 0 0 2 200 4 0
1 39.17 1.62 2 8 4 1.5 1 1 10 0 2 186 4701 1
0 22.83 2.29 2 11 8 2.29 1 1 7 1 2 140 2385 1
0 23.5 9 2 11 4 8.5 1 1 5 1 2 120 1 1
1 20.42 1.83 2 8 4 2.25 1 1 1 0 2 100 151 1
1 36.25 5 2 8 5 2.5 1 1 6 0 2 0 368 1
0 25 0.87 2 14 8 1.04 1 0 0 1 2 160 5861 1
0 45.33 1 2 11 4 0.125 0 0 0 1 2 263 1 0
0 21.08 5 1 1 1 0 0 0 0 0 2 0 1 0
0 24.5 12.75 2 8 5 4.75 1 1 2 0 2 73 445 1
0 19.17 0.58 1 6 4 0.585 1 0 0 1 2 160 1 0
1 23.08 2.5 2 1 1 0.085 0 0 0 1 2 100 4209 0
1 45.17 1.5 2 8 4 2.5 1 0 0 1 2 140 1 0
0 31.92 3.12 2 1 1 3.04 0 1 2 1 2 200 5 0
1 42.5 4.91 1 9 4 3.165 1 0 0 1 2 52 1443 1
1 56.75 12.25 2 7 4 1.25 1 1 4 1 2 200 1 1
1 23.92 1.5 2 2 8 1.875 1 1 6 0 2 200 328 1
1 28.17 0.12 1 4 4 0.085 0 0 0 0 2 216 2101 0
0 24.75 12.5 2 6 4 1.5 1 1 12 1 2 120 568 1
1 22 7.83 1 3 5 0.165 0 0 0 1 2 184 1 0
1 63.33 0.54 2 8 4 0.585 1 1 3 1 2 180 1 0
1 32.33 3.5 2 4 4 0.5 0 0 0 1 2 232 1 0
1 27.42 12.5 2 6 5 0.25 0 0 0 1 2 720 1 0
1 28.25 0.87 2 7 4 0.96 1 1 3 1 2 396 1 1
1 27.83 1 1 2 8 3 0 0 0 0 2 176 538 0
1 34.67 1.08 2 7 4 1.165 0 0 0 0 1 28 1 0
0 21.92 11.66 2 4 8 0.085 0 0 0 0 2 320 6 0
1 23.25 4 2 8 5 0.25 1 0 0 1 2 160 1 1
1 28 3 2 9 4 0.75 0 0 0 1 2 300 68 0
0 16 0.16 2 6 4 1 0 1 2 1 2 320 2 0
1 29.17 3.5 2 9 4 3.5 1 1 3 1 2 329 1 0
1 18.57 10.29 2 1 1 0.415 0 0 0 0 2 80 1 0
0 38.25 6 2 4 4 1 1 0 0 1 2 0 1 1
1 23.17 11.12 2 14 8 0.46 1 1 1 0 2 100 1 1
1 19.32 10.91 2 8 5 0.585 0 1 2 1 2 200 8 0
1 31.57 0.37 2 2 4 0.875 1 0 0 1 1 928 1 0
1 25.58 0.33 2 4 8 3.5 0 0 0 1 2 340 1 0
0 18.57 10 2 2 4 0.415 0 0 0 0 2 80 43 0
0 52.17 0 1 1 1 0 0 0 0 0 2 0 1 0
1 27.83 1.54 2 9 4 3.75 1 1 5 1 2 100 4 1
1 48.25 25.08 2 9 4 1.75 1 1 3 0 2 120 15 1
1 31.83 0.04 1 7 4 0.04 0 0 0 0 2 0 1 0
1 34.42 1.33 2 3 5 0.125 0 0 0 1 2 440 4501 0
0 40.83 10 2 11 8 1.75 1 0 0 0 2 29 838 1
0 41.17 6.5 2 11 4 0.5 1 1 3 1 2 145 1 1
1 28.92 0.37 2 8 4 0.29 0 0 0 0 2 220 141 0
0 22.25 1.25 1 1 1 3.25 0 0 0 0 2 280 1 0
1 42.75 4.08 2 6 4 0.04 0 0 0 0 2 108 101 0
1 58.58 2.71 2 8 4 2.415 0 0 0 1 2 320 1 0
1 23.25 1.5 2 11 4 2.375 1 1 3 1 2 0 583 1
1 38.92 1.75 2 4 4 0.5 0 0 0 1 2 300 3 0
1 54.58 9.41 2 1 1 14.415 1 1 11 1 2 30 301 1
0 18.42 9.25 2 11 4 1.21 1 1 4 0 2 60 541 1
1 54.33 6.75 2 8 8 2.625 1 1 11 1 2 0 285 1
0 33.67 0.37 2 13 4 0.375 0 0 0 0 2 300 45 1

