0 22.5 8.46 1 14 4 2.46 0 0 0 0 2 164 1 1
1 17.42 6.5 2 3 4 0.125 0 0 0 0 2 60 101 0
1 27.25 0.62 2 6 4 0.455 1 0 0 1 2 200 1 0
1 39 5 2 13 4 3.5 1 1 10 1 2 0 1 1
1 19.67 0.37 2 11 4 2 1 1 2 1 2 80 1 1
1 25.67 3.25 2 8 8 2.29 0 1 1 1 2 416 22 0
0 38.33 4.41 2 8 4 0.125 0 0 0 0 2 160 1 0
1 29.67 1.41 2 9 8 0.75 1 1 1 0 2 240 101 1
1 30.67 2.5 2 13 8 2.25 0 0 0 1 1 340 1 0
0 15.75 0.37 2 8 4 1 0 0 0 0 2 120 19 0
0 28.5 3.04 1 14 8 2.54 1 1 1 0 2 70 1 1
1 40.92 0.83 2 1 1 0 1 0 0 0 2 130 2 0
1 37.33 2.66 2 13 4 0.165 0 0 0 1 2 0 502 0
0 30.67 12 2 8 4 2 1 1 1 0 2 220 20 1
0 60.58 16.5 2 11 4 11 1 0 0 1 2 21 10562 1
0 20.83 8.5 2 8 4 0.165 0 0 0 0 2 0 352 0
1 35.17 25.12 2 14 8 1.625 1 1 1 1 2 515 501 1
1 37.5 0.83 2 10 4 0.04 0 0 0 0 2 120 6 0
1 58.58 2.71 2 8 4 2.415 0 0 0 1 2 320 1 0
0 47 13 2 3 5 5.165 1 1 9 1 2 0 1 1
0 16.92 0.5 2 3 4 0.165 0 1 6 1 2 240 36 0
0 41.17 6.5 2 11 4 0.5 1 1 3 1 2 145 1 1
1 24.08 9 2 6 4 0.25 0 0 0 1 2 0 1 0
0 15.83 7.62 2 11 4 0.125 0 1 1 1 2 0 161 0
1 23.42 1 2 8 4 0.5 0 0 0 1 1 280 1 0
0 22.67 3.8 2 8 4 0.165 0 0 0 0 2 160 1 0
1 33.17 1.04 2 12 8 6.5 1 0 0 1 2 164 31286 1
0 52.17 0 1 1 1 0 0 0 0 0 2 0 1 0
1 25.58 0.33 2 4 8 3.5 0 0 0 1 2 340 1 0
1 34.17 9.17 2 8 4 4.5 1 1 12 1 2 0 222 1
1 23.58 0.46 1 9 4 2.625 1 1 6 1 2 208 348 0
0 22.5 8.5 2 11 4 1.75 1 1 10 0 2 80 991 0
0 26.92 13.5 2 11 8 5 1 1 2 0 2 0 5001 1
1 39.17 2.5 1 3 8 10 0 0 0 1 1 200 1 0
1 35.25 16.5 1 8 4 4 1 0 0 0 2 80 1 0
0 22.67 0.75 2 8 4 2 0 1 2 1 2 200 395 0
1 32.08 4 2 7 4 2.5 1 0 0 1 2 360 1 1
1 31.83 0.04 1 7 4 0.04 0 0 0 0 2 0 1 0
0 15.83 0.58 2 8 8 1.5 1 1 2 0 2 100 1 1
0 24.83 4.5 2 9 4 1 0 0 0 1 2 360 7 0
1 32.08 4 1 13 4 1.5 0 0 0 1 2 120 1 0
0 18.07 0.37 3 13 1 10 0 0 0 1 1 300 1 1
0 26.08 8.66 2 6 4 1.415 1 0 0 0 2 160 151 1
1 40.58 3.29 2 7 4 3.5 0 0 0 1 1 400 1 0
1 23.08 2.5 2 8 4 1.085 1 1 11 1 2 60 2185 1
1 22.75 11.5 2 3 4 0.415 0 0 0 0 2 0 1 0
0 40.83 3.5 2 3 5 0.5 0 0 0 0 1 1160 1 0
1 43.08 0.37 1 8 4 0.375 1 1 8 1 2 300 163 1
1 34.67 1.08 2 7 4 1.165 0 0 0 0 1 28 1 0
1 20.17 5.62 2 9 4 1.71 1 0 0 0 1 120 1 1
0 46.08 3 2 8 4 2.375 1 1 8 1 2 396 4160 1
0 39.08 4 2 8 4 3 0 0 0 0 2 480 1 0
1 23.25 1.5 2 11 4 2.375 1 1 3 1 2 0 583 1
1 74.83 19 1 1 1 0.04 0 1 2 0 2 0 352 0
1 33.67 2.16 2 8 4 1.5 0 0 0 0 3 120 1 0

