1 29.83 1.25 1 4 4 0.25 0 0 0 0 2 224 1 0
0 29.5 0.46 2 4 4 0.54 1 1 4 0 2 380 501 1
1 21.92 0.5 2 8 4 0.125 0 0 0 0 2 360 1 0
0 30.67 12 2 8 4 2 1 1 1 0 2 220 20 1
1 48.17 3.5 2 6 4 3.5 1 0 0 0 1 230 1 1
1 31.57 0.37 2 2 4 0.875 1 0 0 1 1 928 1 0
1 34.17 9.17 2 8 4 4.5 1 1 12 1 2 0 222 1
1 20.42 1.08 2 11 4 1.5 0 0 0 0 2 108 8 0
1 33.58 0.25 2 3 5 4 0 0 0 1 1 420 1 0
0 22.5 11 1 11 4 3 1 0 0 1 2 268 1 0
1 40.25 21.5 2 10 9 20 1 1 11 0 2 0 1201 1
0 18.92 9.25 1 8 4 1 1 1 4 1 2 80 501 1
1 26.75 1.12 2 14 8 1.25 1 0 0 0 2 0 5299 1
1 49.58 19 2 1 1 0 1 1 1 0 2 94 1 0
1 28.25 5.12 2 14 4 4.75 1 1 2 0 2 420 8 1
1 54.58 9.41 2 1 1 14.415 1 1 11 1 2 30 301 1
1 16 3.12 2 9 4 0.085 0 1 1 0 2 0 7 0
1 29.67 1.41 2 9 8 0.75 1 1 1 0 2 240 101 1
1 34.5 4.04 1 3 5 8.5 1 1 7 1 2 195 1 1
0 36.58 0.28 2 1 1 0 0 1 10 0 2 200 19 0
0 39.08 4 2 8 4 3 0 0 0 0 2 480 1 0
1 22.67 2.54 1 8 8 2.585 1 0 0 0 2 0 1 1
1 45.17 1.5 2 8 4 2.5 1 0 0 1 2 140 1 0
1 23.58 1.79 2 8 4 0.54 0 0 0 1 2 136 2 0
1 17.07 3.29 2 3 4 0.335 0 0 0 1 2 140 3 0
1 17.57 10 2 9 8 0.165 0 1 1 0 2 120 2 0
1 23.92 0.66 2 8 4 0.165 0 0 0 0 2 100 1 1
1 42.75 4.08 2 6 4 0.04 0 0 0 0 2 108 101 0
1 30.33 0.5 2 2 8 0.085 0 0 0 1 1 252 1 0
0 22.92 11.58 2 13 4 0.04 1 0 0 0 2 80 1350 1
1 17.67 4.46 2 8 4 0.25 0 0 0 0 1 80 1 0
1 16.17 0.04 2 8 4 0.04 0 0 0 0 2 0 1 1
1 22.75 11 2 11 4 2.5 1 1 7 1 2 100 810 1
0 27.67 2.04 2 9 4 0.25 0 0 0 1 2 180 51 0
1 39.92 0.54 1 6 4 0.5 1 1 3 0 2 200 1001 1
1 43.25 25.21 2 11 8 0.21 1 1 1 0 2 760 91 0
0 22.67 0.75 2 8 4 2 0 1 2 1 2 200 395 0
1 17.25 3 2 4 4 0.04 0 0 0 1 2 160 41 0
1 23.08 11.5 2 3 4 3.5 1 1 9 0 2 56 743 1
1 39.92 5 2 3 5 0.21 0 0 0 0 2 550 1 0
0 22.75 6.16 2 6 4 0.165 0 0 0 0 2 220 1001 0
1 21.25 1.5 2 9 4 1.5 0 0 0 0 2 150 9 1
1 21.42 0.75 1 12 7 0.75 0 0 0 1 2 132 3 0
0 22.67 0.33 2 11 4 0.75 0 0 0 0 1 160 1 0
0 28.17 0.58 2 6 4 0.04 0 0 0 0 2 260 1005 0
1 19.5 0.28 2 4 4 0.29 0 0 0 0 2 280 365 0
1 51.42 0.04 2 14 8 0.04 1 0 0 0 2 0 3001 1
1 25.83 12.83 2 13 4 0.5 0 0 0 0 2 0 3 0
0 23 11.75 2 14 8 0.5 1 1 2 1 2 300 552 1
1 22.08 11 2 13 4 0.665 1 0 0 0 2 100 1 1
1 45 8.5 2 13 8 14 1 1 1 1 2 88 2001 1
0 23.58 0.83 2 11 4 0.415 0 1 1 1 2 200 12 0
0 18.17 10 1 11 8 0.165 0 0 0 0 2 340 1 0
0 16.5 1.25 2 11 4 0.25 0 1 1 0 2 108 99 0
1 24.58 13.5 1 1 1 0 0 0 0 0 2 184 1 0

