1 30.17 1.08 1 8 4 0.04 0 0 0 0 2 170 180 0
1 23.08 2.5 2 1 1 0.085 0 0 0 1 2 100 4209 0
0 56.5 16 2 5 1 0 1 1 15 0 2 0 248 1
1 16.25 0.83 2 7 4 0.085 1 0 0 0 1 200 1 0
1 20.42 1.08 2 11 4 1.5 0 0 0 0 2 108 8 0
1 48.08 6.04 2 4 4 0.04 0 0 0 0 2 0 2691 1
1 18.25 0.16 2 2 4 0.25 0 0 0 1 1 280 1 0
1 17.5 22 3 1 7 0 0 0 0 1 3 450 100001 1
1 29.83 3.5 2 8 4 0.165 0 0 0 0 2 216 1 0
1 28.58 3.62 2 6 4 0.25 0 0 0 1 2 100 1 0
1 21.17 0.25 1 8 8 0.25 0 0 0 0 2 280 205 0
0 25.42 1.12 2 11 4 1.29 1 1 2 0 2 200 1 0
1 36.25 5 2 8 5 2.5 1 1 6 0 2 0 368 1
0 17.92 10.21 2 1 1 0 0 0 0 0 2 0 51 0
1 39.58 5 2 1 1 0 0 1 2 0 2 17 2 0
1 39.25 9.5 2 7 4 6.5 1 1 14 0 2 240 4608 1
0 26.17 2 2 5 3 0 0 0 0 1 2 276 2 0
0 38.58 5 2 13 4 13.5 1 0 0 1 2 980 1 0
1 21.67 1.16 1 4 4 2.5 1 1 1 0 2 180 21 0
1 44.25 0.5 2 7 4 10.75 1 0 0 0 1 400 1 0
0 38.92 1.66 2 6 4 0.25 0 0 0 0 2 0 391 0
1 35.25 16.5 1 8 4 4 1 0 0 0 2 80 1 0
1 27.67 0.75 2 11 8 0.165 0 0 0 1 2 220 252 0
1 73.42 17.75 2 1 1 0 1 0 0 1 2 0 1 1
0 20.5 11.83 2 8 8 6 1 0 0 0 2 340 1 1
0 15.75 0.37 2 8 4 1 0 0 0 0 2 120 19 0
1 23.17 0 2 13 4 0.085 1 0 0 0 2 0 1 1
1 54.33 6.75 2 8 8 2.625 1 1 11 1 2 0 285 1
1 37.17 4 2 8 5 5 1 0 0 1 1 280 1 0
1 20.67 1.25 1 8 8 1.375 1 1 3 1 2 140 211 0
0 29.5 0.46 2 4 4 0.54 1 1 4 0 2 380 501 1
1 42 0.2 2 3 8 5.125 1 0 0 0 2 400 1 1
1 34.92 2.5 2 9 4 0 1 0 0 1 2 239 201 1
1 23.25 12.62 2 8 4 0.125 0 1 2 0 2 0 5553 0
1 29.58 4.75 2 7 4 2 0 1 1 1 2 460 69 0
1 39.17 2.5 1 3 8 10 0 0 0 1 1 200 1 0
0 28.58 3.54 2 3 5 0.5 1 0 0 1 2 171 1 0
1 18 0.16 2 11 7 0.21 0 0 0 0 2 200 41 1
1 17.57 10 2 9 8 0.165 0 1 1 0 2 120 2 0
0 18.57 10 2 2 4 0.415 0 0 0 0 2 80 43 0
1 21.92 0.54 1 14 4 0.04 1 1 1 1 2 840 60 1
1 20.07 0.25 2 11 4 0.125 0 0 0 0 2 200 1 0
1 21.33 10.5 2 8 4 3 1 0 0 1 2 0 1 1
1 22.92 0.17 2 7 4 0.085 0 0 0 0 1 0 1 0
0 33.25 3 1 6 4 2 0 0 0 0 2 180 1 0
0 25.33 2.08 2 8 8 2.75 1 0 0 1 2 360 2 0
1 39.5 4.25 2 8 5 6.5 1 1 16 0 2 117 1211 1
1 39.83 0.5 2 7 4 0.25 1 0 0 0 1 288 1 0
1 30.67 2.5 2 13 8 2.25 0 0 0 1 1 340 1 0
0 22.42 11.25 1 14 8 0.75 1 1 4 0 2 0 322 1
1 56.75 12.25 2 7 4 1.25 1 1 4 1 2 200 1 1
0 18.92 9 2 6 4 0.75 1 1 2 0 2 88 592 1
1 25 12 2 4 4 2.25 1 1 2 1 2 120 6 0
1 47.83 4.16 2 14 5 0.085 0 0 0 1 2 520 1 0
1 25.5 0.37 2 7 4 0.25 1 1 3 0 2 260 15109 1

