0 31.92 3.12 2 1 1 3.04 0 1 2 1 2 200 5 0
1 36.75 0.12 1 8 4 1.5 0 0 0 1 2 232 114 1
0 47.42 8 2 10 5 6.5 1 1 6 0 2 375 51101 1
1 31.57 10.5 2 14 4 6.5 1 0 0 0 2 0 1 1
0 20.83 3 2 6 4 0.04 1 0 0 0 2 100 1 1
1 40.58 5 2 8 4 5 1 1 7 0 2 0 3066 1
1 28 2 2 4 8 4.165 1 1 2 1 2 181 1 1
1 21.83 11 2 14 4 0.29 1 1 6 0 2 121 1 1
1 42 0.2 2 3 8 5.125 1 0 0 0 2 400 1 1
1 76.75 22.29 2 10 9 12.75 1 1 1 1 2 0 110 1
1 30.58 2.71 1 7 4 0.125 0 0 0 1 1 80 1 0
1 35.17 4.5 2 14 8 5.75 0 0 0 1 1 711 1 1
0 21.67 11.5 1 5 3 0 1 1 11 1 2 0 1 1
1 26.83 0.54 2 4 1 0 0 0 0 0 2 100 1 0
1 36.67 3.25 2 11 8 9 1 0 0 1 2 102 640 1
1 31.83 2.5 2 6 4 7.5 1 0 0 1 2 523 1 0
1 31.57 4 2 14 4 5 1 1 3 1 2 290 2280 1
1 47.33 6.5 2 8 4 1 0 0 0 1 2 0 229 0
1 32.08 4 1 13 4 1.5 0 0 0 1 2 120 1 0
1 31.57 0.37 2 2 4 0.875 1 0 0 1 1 928 1 0
1 38.42 0.7 2 8 4 0.375 0 1 2 0 2 225 501 0
1 18.82 3.54 1 1 1 0 0 0 0 1 2 180 2 0
1 33.5 1.75 2 14 8 4.5 1 1 4 1 2 253 858 1
1 23.92 1.5 2 2 8 1.875 1 1 6 0 2 200 328 1
0 47.42 3 2 14 4 13.875 1 1 2 1 2 519 1705 1
1 23.58 0.83 2 3 8 0.085 0 0 0 1 2 220 6 0
0 20.75 10.33 2 13 8 0.335 1 1 1 1 2 80 51 1
0 44.17 6.66 2 11 4 7.375 1 1 3 1 2 0 1 1
0 47 13 2 3 5 5.165 1 1 9 1 2 0 1 1
1 33.58 2.75 2 7 4 4.25 1 1 6 0 2 204 1 1
1 17.42 6.5 2 3 4 0.125 0 0 0 0 2 60 101 0
1 34.17 5.25 2 9 4 0.085 0 0 0 1 2 290 7 1
1 21.5 9.75 2 8 4 0.25 1 0 0 0 2 140 1 0
1 37.33 2.66 2 13 4 0.165 0 0 0 1 2 0 502 0
0 20.67 3 2 11 4 0.165 1 1 3 0 2 100 7 1
0 40.33 7.54 1 11 8 8 1 1 14 0 2 0 2301 1
1 38.92 1.75 2 4 4 0.5 0 0 0 1 2 300 3 0
0 64.08 0.16 2 1 1 0 1 1 1 0 2 232 101 1
1 36.42 0.75 1 2 4 0.585 0 0 0 0 2 240 4 0
1 50.75 0.58 2 1 1 0 0 0 0 0 2 145 1 0
1 19.32 9.5 2 11 4 1 1 0 0 1 2 60 401 1
0 16.32 0.21 2 6 4 0.125 0 0 0 0 2 200 2 0
0 35.42 12 2 11 8 14 1 1 8 0 2 0 6591 1
0 41 2.04 1 11 8 0.125 1 1 23 1 2 455 1237 1
1 23.17 0 2 8 4 0 0 0 0 0 3 184 1 1
1 39.83 0.5 2 7 4 0.25 1 0 0 0 1 288 1 0
1 27.75 0.58 1 13 4 0.25 1 1 2 0 2 260 501 1
0 26.92 13.5 2 11 8 5 1 1 2 0 2 0 5001 1
1 49.17 2.29 2 1 1 0.29 0 0 0 0 2 200 4 0
0 25.08 2.54 1 6 4 0.25 1 0 0 1 2 370 1 1
1 27.83 1.5 2 9 4 2 1 1 11 1 2 434 36 1
1 23.58 0.46 1 9 4 2.625 1 1 6 1 2 208 348 0
1 43 0.28 1 13 8 1.75 1 1 8 0 2 100 376 1
1 48.25 25.08 2 9 4 1.75 1 1 3 0 2 120 15 1
1 25.75 0.5 2 8 4 1.46 1 1 5 1 2 312 1 1

