0 18.82 9.5 2 9 4 1.625 1 1 6 1 2 40 601 1
1 33.67 1.25 2 9 4 1.165 0 0 0 0 2 120 1 0
1 26.75 4.5 1 8 5 2.5 0 0 0 0 2 200 1211 0
0 24.5 12.75 2 8 5 4.75 1 1 2 0 2 73 445 1
1 38.58 3.33 2 9 4 4 1 1 14 0 2 383 1345 1
0 15.75 0.37 2 8 4 1 0 0 0 0 2 120 19 0
1 22.08 11 2 13 4 0.665 1 0 0 0 2 100 1 1
1 42.75 4.08 2 6 4 0.04 0 0 0 0 2 108 101 0
1 40.58 3.29 2 7 4 3.5 0 0 0 1 1 400 1 0
0 35.42 12 2 11 8 14 1 1 8 0 2 0 6591 1
1 24.83 2.75 2 8 4 2.25 1 1 6 0 2 184 601 1
0 25.42 1.12 2 11 4 1.29 1 1 2 0 2 200 1 0
0 68.67 15 2 10 9 0 1 1 14 0 2 0 3377 1
0 28.17 0.58 2 6 4 0.04 0 0 0 0 2 260 1005 0
1 22 7.83 1 3 5 0.165 0 0 0 1 2 184 1 0
1 20.67 5.29 2 11 4 0.375 1 1 1 0 2 160 1 0
0 32.25 1.5 2 8 4 0.25 0 0 0 1 2 372 123 0
0 28.08 15 1 10 9 0 1 0 0 0 2 0 13213 1
1 40.92 0.5 1 7 4 0.5 0 0 0 1 2 130 1 0
1 42.75 3 2 3 5 1 1 0 0 0 2 0 201 0
1 23 0.62 1 6 4 0.125 1 0 0 0 2 180 2 0
1 22.17 0.58 1 1 1 0 0 0 0 0 2 100 1 0
0 22.5 0.41 2 3 4 0.335 0 0 0 1 1 144 1 0
0 29.58 1.75 1 4 4 1.25 0 0 0 1 2 280 1 0
0 42.25 1.75 1 8 4 0 0 0 0 1 2 150 2 0
1 48.08 6.04 2 4 4 0.04 0 0 0 0 2 0 2691 1
1 28.75 1.16 2 4 4 0.5 1 0 0 0 1 280 1 0
1 16.92 0.33 1 4 4 0.29 0 0 0 0 1 200 1 0
0 20.75 10.25 2 11 4 0.71 1 1 2 1 2 49 1 1
0 18.92 9 2 6 4 0.75 1 1 2 0 2 88 592 1
0 50.08 12.54 2 6 4 2.29 1 1 3 1 2 156 1 1
1 27.25 1.66 2 13 8 5.085 1 1 9 0 2 399 828 1
0 25.17 2.87 2 14 8 0.875 1 0 0 0 2 360 1 1
1 41.17 1.33 2 2 4 0.165 0 0 0 0 2 168 1 0
0 58.42 21 2 3 5 10 1 1 13 0 2 0 6701 1
1 27.83 1.5 2 9 4 2 1 1 11 1 2 434 36 1
0 17.67 0 1 5 1 0 0 0 0 0 2 86 1 0
1 26.17 0.25 2 3 5 0 1 0 0 1 2 0 1 1
0 40.83 3.5 2 3 5 0.5 0 0 0 0 1 1160 1 0
1 30.83 0 2 9 4 1.25 1 1 1 0 2 202 1 1
0 49.83 13.58 2 4 8 8.5 1 0 0 1 2 0 1 1
1 41.33 0 2 8 5 15 1 0 0 0 2 0 1 1
0 28.67 1.04 2 8 4 2.5 1 1 5 1 2 300 1431 1
1 18.07 5.5 2 4 4 0.5 1 0 0 0 2 80 1 1
0 21.75 1.75 1 5 3 0 0 0 0 0 2 160 1 0
1 23.58 1.79 2 8 4 0.54 0 0 0 1 2 136 2 0
1 28.25 0.87 2 7 4 0.96 1 1 3 1 2 396 1 1
1 40.92 2.25 1 14 8 10 1 0 0 1 2 176 1 0
1 21.25 1.5 2 9 4 1.5 0 0 0 0 2 150 9 1
1 29.42 1.25 2 8 8 0.25 0 1 2 1 2 400 109 0
1 29.92 1.83 2 8 8 4.335 1 0 0 0 2 260 201 1
1 34.25 1.75 2 9 5 0.25 1 0 0 1 2 163 1 0
0 49 1.5 2 5 3 0 1 0 0 1 2 100 28 0
1 35.25 3.16 2 14 8 3.75 1 0 0 1 2 680 1 0
0 23 1.83 2 5 3 0 0 1 1 0 2 200 54 0

