0 19.17 0.58 1 6 4 0.585 1 0 0 1 2 160 1 0
0 41.58 1.04 2 6 4 0.665 0 0 0 0 2 240 238 0
0 16.5 1.25 2 11 4 0.25 0 1 1 0 2 108 99 0
1 20 0 2 2 4 0.5 0 0 0 0 2 144 1 0
0 21.75 1.75 1 5 3 0 0 0 0 0 2 160 1 0
0 19.67 0.21 2 11 8 0.29 1 1 11 0 2 80 100 1
1 42 9.78 2 14 8 7.96 1 1 8 0 2 0 1 1
1 42.5 4.91 1 9 4 3.165 1 0 0 1 2 52 1443 1
1 26.67 2.71 1 13 4 5.25 1 1 1 0 2 211 1 1
1 22.67 2.54 1 8 8 2.585 1 0 0 0 2 0 1 1
1 28.92 15 2 8 8 5.335 1 1 11 0 2 0 2284 1
0 16.32 0.21 2 6 4 0.125 0 0 0 0 2 200 2 0
1 36.75 0.12 1 8 4 1.5 0 0 0 1 2 232 114 1
1 18.57 10.29 2 1 1 0.415 0 0 0 0 2 80 1 0
0 20.67 3 2 11 4 0.165 1 1 3 0 2 100 7 1
1 20.42 7 2 8 4 1.625 1 1 3 0 2 200 1392 1
1 49.58 19 2 1 1 0 1 1 1 0 2 94 1 0
1 48.58 0.2 1 4 4 0.25 1 1 11 0 2 380 2733 1
0 22.58 10.75 2 11 4 0.415 1 1 5 1 2 0 561 1
0 23.58 0.83 2 11 4 0.415 0 1 1 1 2 200 12 0
1 41.58 1.75 2 4 4 0.21 1 0 0 0 2 160 1 0
1 24.42 12.33 2 11 8 1.585 1 0 0 1 2 120 1 1
1 54.42 0.5 1 4 8 3.96 1 0 0 0 2 180 315 1
0 22.92 1.25 2 11 4 0.25 0 0 0 1 2 120 810 0
1 35.17 2.5 2 4 4 4.5 1 1 7 0 2 150 1271 1
0 18.92 9 2 6 4 0.75 1 1 2 0 2 88 592 1
1.234 22.08 11.46 2 4 4 1.585 0 0 0 1 2 100 1213 0
1 30.08 1.04 1 3 5 0.5 1 1 10 1 2 132 29 0
1 45.17 1.5 2 8 4 2.5 1 0 0 1 2 140 1 0
1 24.58 12.5 2 9 4 0.875 1 0 0 1 2 260 1 0
0 41.17 6.5 2 11 4 0.5 1 1 3 1 2 145 1 1
1 35.58 0.75 2 4 4 1.5 0 0 0 1 2 231 1 0
0 18.82 9.5 2 9 4 1.625 1 1 6 1 2 40 601 1
1 22.08 11 2 13 4 0.665 1 0 0 0 2 100 1 1
0 27.67 1.5 2 7 4 2 1 0 0 0 1 368 1 0
1 21.92 0.54 1 14 4 0.04 1 1 1 1 2 840 60 1
0 27.25 0.28 2 7 8 0.125 0 1 1 1 2 272 109 0
1 22.25 9 2 6 4 0.085 0 0 0 0 2 0 1 0
1 42.75 4.08 2 6 4 0.04 0 0 0 0 2 108 101 0
0 24.75 12.5 2 6 4 1.5 1 1 12 1 2 120 568 1
1 49.5 7.58 2 3 5 7.585 1 1 15 1 2 0 5001 1
1 51.33 10 2 3 5 0 1 1 11 0 2 0 1250 1
1 20 7 2 8 4 0.5 0 0 0 0 2 0 1 0
1 28.75 1.16 2 4 4 0.5 1 0 0 0 1 280 1 0
1 23.17 0 2 13 4 0.085 1 0 0 0 2 0 1 1
0 26.58 2.54 1 1 1 0 0 0 0 1 2 180 61 0
1 20.17 8.17 2 6 4 1.96 1 1 14 0 2 60 159 1
1 24.08 9 2 6 4 0.25 0 0 0 1 2 0 1 0
1 18.82 0.41 1 8 4 0.165 0 1 1 0 2 200 2 0
1 29.58 4.75 2 7 4 2 0 1 1 1 2 460 69 0
0 21.92 11.66 2 4 8 0.085 0 0 0 0 2 320 6 0
0 53.33 0.16 2 1 1 0 0 0 0 1 1 62 28 0
0 21.75 11.75 2 8 4 0.25 0 0 0 1 2 180 1 0
0 47.75 8 2 8 4 7.875 1 1 6 1 2 0 1261 1
1 19.42 1.5 1 13 4 2 1 0 0 1 2 100 21 0

