1 37.17 4 2 8 5 5 1 0 0 1 1 280 1 0
0 28.58 3.54 2 3 5 0.5 1 0 0 1 2 171 1 0
1 23.75 12 2 8 4 2.085 0 0 0 0 1 80 1 0
1 21 3 1 2 4 1.085 1 1 8 1 2 160 2 1
1 34.75 15 2 12 7 5.375 1 1 9 1 2 0 135 1
1 20.75 5.08 1 5 4 0.29 0 0 0 0 2 140 185 0
1 18.82 0 2 11 4 0.665 0 0 0 0 2 160 2 0
1 25.17 6 2 8 4 1 1 1 3 0 2 0 1 1
1 25 12 2 4 4 2.25 1 1 2 1 2 120 6 0
1 26.17 0.25 2 3 5 0 1 0 0 1 2 0 1 1
0 44.17 6.66 2 11 4 7.375 1 1 3 1 2 0 1 1
1 24.58 12.5 2 9 4 0.875 1 0 0 1 2 260 1 0
1 33.67 1.25 2 9 4 1.165 0 0 0 0 2 120 1 0
1 31.57 0.5 2 8 5 0.835 1 0 0 1 1 320 1 0
1 39.92 6.21 2 11 4 0.04 1 1 1 0 2 200 301 1
1 27 1.5 1 9 4 0.375 1 0 0 1 2 260 1066 1
0 35.75 0.91 2 6 4 0.75 1 1 4 0 2 0 1584 1
1 17.5 22 3 1 7 0 0 0 0 1 3 450 100001 1
1 28.17 0.12 1 4 4 0.085 0 0 0 0 2 216 2101 0
0 45.33 1 2 11 4 0.125 0 0 0 1 2 263 1 0
1 20 0 2 2 4 0.5 0 0 0 0 2 144 1 0
0 28.58 3.75 2 8 4 0.25 0 1 1 1 2 40 155 0
1 26.67 1.75 1 8 4 1 1 1 5 1 2 160 5778 1
1 31.08 1.5 1 9 4 0.04 0 0 0 0 1 160 1 0
0 19.17 0.58 1 6 4 0.585 1 0 0 1 2 160 1 0
1 39 5 2 13 4 3.5 1 1 10 1 2 0 1 1
0 39.08 4 2 8 4 3 0 0 0 0 2 480 1 0
0 24.58 0.67 2 6 8 1.75 1 0 0 0 2 400 1 0
1 33.58 0.25 2 3 5 4 0 0 0 1 1 420 1 0
1 65.42 11 2 10 9 20 1 1 7 1 2 22 1 1
1 16.92 0.33 1 4 4 0.29 0 0 0 0 1 200 1 0
1 47.83 4.16 2 14 5 0.085 0 0 0 1 2 520 1 0
1 26.75 4.5 1 8 5 2.5 0 0 0 0 2 200 1211 0
1 20.25 9.96 2 10 2 0 1 0 0 0 2 0 1 1
1 24.58 1.25 2 8 4 0.25 0 0 0 0 2 110 1 0
0 30.67 12 2 8 4 2 1 1 1 0 2 220 20 1
1 33.75 2.75 2 3 5 0 0 0 0 0 2 180 1 0
1 27.67 13.75 2 9 4 5.75 1 0 0 1 2 487 501 1
1 76.75 22.29 2 10 9 12.75 1 1 1 1 2 0 110 1
1 23.17 11.12 2 14 8 0.46 1 1 1 0 2 100 1 1
1 27.75 1.29 2 4 8 0.25 0 0 0 1 1 140 1 0
1 34 5.08 1 3 5 1.085 0 0 0 1 2 480 1 0
0 22.75 6.16 2 6 4 0.165 0 0 0 0 2 220 1001 0
1 15.17 7 2 10 4 1 0 0 0 0 2 600 1 0
1 21 4.79 1 9 4 2.25 1 1 1 1 2 80 301 1
0 16.32 0.21 2 6 4 0.125 0 0 0 0 2 200 2 0
0 47.75 8 2 8 4 7.875 1 1 6 1 2 0 1261 1
1 44.25 11 1 2 4 1.5 1 0 0 0 1 0 1 0
1 23.33 11.62 1 9 4 0.835 1 0 0 1 2 160 301 1
0 25 12.33 2 13 8 3.5 1 1 6 0 2 400 459 1
1 50.75 0.58 2 1 1 0 0 0 0 0 2 145 1 0
1 31.08 3.08 2 8 4 2.5 0 1 2 1 2 160 42 0
0 69.5 6 2 1 1 0 0 0 0 0 1 0 1 0
1 34 5.5 1 8 4 1.5 0 0 0 1 2 60 1 0
0 27.58 3 2 7 4 2.79 0 1 1 1 2 280 11 0

