1 17.42 6.5 2 3 4 0.125 0 0 0 0 2 60 101 0
0 28.42 3.5 2 9 4 0.835 1 0 0 0 1 280 1 1
1 28.92 0.37 2 8 4 0.29 0 0 0 0 2 220 141 0
0 20.5 11.83 2 8 8 6 1 0 0 0 2 340 1 1
1 20.5 2.41 2 8 4 2 1 1 11 1 2 200 3001 1
1 23.17 0 2 13 4 0.085 1 0 0 0 2 0 1 1
1 20.17 5.62 2 9 4 1.71 1 0 0 0 1 120 1 1
1 26.17 12.5 1 4 8 1.25 0 0 0 1 2 0 18 0
0 29.5 0.46 2 4 4 0.54 1 1 4 0 2 380 501 1
0 30.42 1.37 2 9 8 0.04 0 1 3 0 2 0 34 0
1 35.25 16.5 1 8 4 4 1 0 0 0 2 80 1 0
0 27.17 1.25 2 1 1 0 0 1 1 0 2 92 301 0
1 41.17 4.04 2 13 8 7 1 1 8 0 2 320 1 1
1 36.17 0.42 1 9 4 0.29 0 0 0 1 2 309 3 0
1 19.5 9.58 2 6 4 0.79 0 0 0 0 2 80 351 0
1 27.58 3.25 1 11 8 5.085 0 1 2 1 2 369 2 0
1 36.25 5 2 8 5 2.5 1 1 6 0 2 0 368 1
1 28 2 2 4 8 4.165 1 1 2 1 2 181 1 1
0 31.75 3 1 5 3 0 0 0 0 0 2 160 21 0
1 22.67 2.54 1 8 8 2.585 1 0 0 0 2 0 1 1
0 25.58 0 2 8 4 0 0 0 0 0 3 184 1 1
1 16.92 0.33 1 4 4 0.29 0 0 0 0 1 200 1 0
1 31.67 0.83 2 14 4 1.335 1 1 8 1 2 303 3291 1
1 21.83 11 2 14 4 0.29 1 1 6 0 2 121 1 1
0 58.33 10 2 11 4 4 1 1 14 0 2 0 1603 1
1 25.75 0.5 2 8 4 1.46 1 1 5 1 2 312 1 1
0 19.17 0.58 1 6 4 0.585 1 0 0 1 2 160 1 0
0 60.92 5 2 6 4 4 1 1 4 0 2 0 100 1
0 36.75 4.71 2 1 1 0 0 0 0 0 2 160 1 0
1 31.57 4 2 14 4 5 1 1 3 1 2 290 2280 1
1 15.17 7 2 10 4 1 0 0 0 0 2 600 1 0
0 33.08 4.62 2 11 8 1.625 1 1 2 0 2 0 1 1
0 19.75 0.75 2 8 4 0.795 1 1 5 1 2 140 6 0
0 19.17 5.41 2 3 8 0.29 0 0 0 0 2 80 485 0
0 28.67 1.04 2 8 4 2.5 1 1 5 1 2 300 1431 1
1 22.08 2.33 2 4 4 0.75 0 0 0 0 2 180 1 0
0 52.83 15 2 8 4 5.5 1 1 14 0 2 0 2201 1
1 28.25 5.04 1 8 5 1.5 1 1 8 1 2 144 8 1
1 19.57 0.58 2 1 1 0 0 1 3 0 2 350 770 0
0 18.57 10 2 2 4 0.415 0 0 0 0 2 80 43 0
1 21.83 1.54 2 4 4 0.085 0 0 0 1 2 356 1 0
0 42.25 1.75 1 8 4 0 0 0 0 1 2 150 2 0
1 36.08 2.54 2 1 1 0 0 0 0 0 2 0 1001 0
1 23.33 1.5 2 8 8 1.415 1 0 0 0 2 422 201 1
1 30.08 1.04 1 3 5 0.5 1 1 10 1 2 132 29 0
1 38.42 0.7 2 8 4 0.375 0 1 2 0 2 225 501 0
0 18.92 9.25 1 8 4 1 1 1 4 1 2 80 501 1
0 26.08 8.66 2 6 4 1.415 1 0 0 0 2 160 151 1
0 29.58 1.75 1 4 4 1.25 0 0 0 1 2 280 1 0
1 19.42 7.25 2 7 4 0.04 0 1 1 0 2 100 2 0
1 40.58 5 2 8 4 5 1 1 7 0 2 0 3066 1
1 24.17 0.87 2 11 4 4.625 1 1 2 1 2 520 2001 1
1 42.5 4.91 1 9 4 3.165 1 0 0 1 2 52 1443 1
1 24.83 2.75 2 8 4 2.25 1 1 6 0 2 184 601 1
1 31.25 1.12 2 1 1 0 0 1 1 0 2 96 20 0

