0 22.42 5.66 2 11 4 2.585 1 1 7 0 2 129 3258 1
1.234 22.08 11.46 2 4 4 1.585 0 0 0 1 2 100 1213 0
0 26.17 2 2 5 3 0 0 0 0 1 2 276 2 0
0 34.83 1.25 1 3 8 0.5 0 0 0 1 2 160 1 0
1 19.17 9.5 2 9 4 1.5 1 0 0 0 2 120 2207 1
1 59.67 1.54 2 11 4 0.125 1 0 0 1 2 260 1 1
1 24.58 12.5 2 9 4 0.875 1 0 0 1 2 260 1 0
1 32.33 3.5 2 4 4 0.5 0 0 0 1 2 232 1 0
1 40.58 3.29 2 7 4 3.5 0 0 0 1 1 400 1 0
1 20.07 0.25 2 11 4 0.125 0 0 0 0 2 200 1 0
1 60.08 14.5 2 1 1 18 1 1 15 1 2 0 1001 1
0 24.83 4.5 2 9 4 1 0 0 0 1 2 360 7 0
1 32.92 2.5 2 6 4 1.75 0 1 2 1 2 720 1 0
0 15.83 7.62 2 11 4 0.125 0 1 1 1 2 0 161 0
1 31.83 2.5 2 6 4 7.5 1 0 0 1 2 523 1 0
1 20.67 5.29 2 11 4 0.375 1 1 1 0 2 160 1 0
0 23.5 1.5 2 9 4 0.875 0 0 0 1 2 160 1 0
1 17.25 3 2 4 4 0.04 0 0 0 1 2 160 41 0
1 29.58 4.75 2 7 4 2 0 1 1 1 2 460 69 0
0 19.17 5.41 2 3 8 0.29 0 0 0 0 2 80 485 0
0 38.58 5 2 13 4 13.5 1 0 0 1 2 980 1 0
1 49.58 19 2 1 1 0 1 1 1 0 2 94 1 0
1 35.25 16.5 1 8 4 4 1 0 0 0 2 80 1 0
1 41.17 1.25 1 9 4 0.25 0 0 0 0 2 0 196 0
1 42.17 5.04 2 11 8 12.75 1 0 0 1 2 92 1 1
1 34 5.5 1 8 4 1.5 0 0 0 1 2 60 1 0
1 40.25 21.5 2 10 9 20 1 1 11 0 2 0 1201 1
1 17.42 6.5 2 3 4 0.125 0 0 0 0 2 60 101 0
1 22.08 2.33 2 4 4 0.75 0 0 0 0 2 180 1 0
1 54.42 0.5 1 4 8 3.96 1 0 0 0 2 180 315 1
0 24.75 3 2 11 8 1.835 1 1 19 0 2 0 501 1
1 42 9.78 2 14 8 7.96 1 1 8 0 2 0 1 1
1 31.58 0.75 1 6 4 3.5 0 0 0 1 2 320 1 0
1 27.58 3.25 1 11 8 5.085 0 1 2 1 2 369 2 0
1 19.57 0.58 2 1 1 0 0 1 3 0 2 350 770 0
1 28.92 15 2 8 8 5.335 1 1 11 0 2 0 2284 1
0 20.75 10.25 2 11 4 0.71 1 1 2 1 2 49 1 1
0 33.25 3 1 6 4 2 0 0 0 0 2 180 1 0
1 47.67 0.28 2 8 5 15 1 1 20 0 2 0 15001 1
1 19.17 0 1 7 5 0 0 0 0 1 1 500 2 1
1 17.57 10 2 9 8 0.165 0 1 1 0 2 120 2 0
1 24.58 1.25 2 8 4 0.25 0 0 0 0 2 110 1 0
1 41.58 1.75 2 4 4 0.21 1 0 0 0 2 160 1 0
0 52.83 15 2 8 4 5.5 1 1 14 0 2 0 2201 1
0 30.58 10.66 2 11 8 0.085 0 1 12 1 2 129 4 0
0 57.58 2 2 1 1 6.5 0 1 1 0 2 0 11 0
1 25.17 6 2 8 4 1 1 1 3 0 2 0 1 1
1 25 12.5 2 6 4 3 1 0 0 1 1 20 1 1
0 18.07 0.37 3 13 1 10 0 0 0 1 1 300 1 1
0 36 1 2 8 4 2 1 1 11 0 2 0 457 1
1 17.5 22 3 1 7 0 0 0 0 1 3 450 100001 1
1 27.67 13.75 2 9 4 5.75 1 0 0 1 2 487 501 1
0 24.5 0.5 2 11 8 1.5 1 0 0 0 2 280 825 1
1 23.33 11.62 1 9 4 0.835 1 0 0 1 2 160 301 1
0 27.17 1.25 2 1 1 0 0 1 1 0 2 92 301 0

