1 44.25 0.5 2 7 4 10.75 1 0 0 0 1 400 1 0
0 26.08 8.66 2 6 4 1.415 1 0 0 0 2 160 151 1
0 25.75 0.5 2 8 8 0.875 1 0 0 1 2 491 1 1
1 50.75 0.58 2 1 1 0 0 0 0 0 2 145 1 0
1 36.25 5 2 8 5 2.5 1 1 6 0 2 0 368 1
0 20.67 1.83 2 11 4 2.085 1 1 5 0 2 220 2504 1
0 24.5 1.75 1 8 4 0.165 0 0 0 0 2 132 1 0
1 32.08 4 1 13 4 1.5 0 0 0 1 2 120 1 0
0 30.5 6.5 2 8 5 4 1 1 7 1 2 0 3066 1
1 28.33 5 2 9 4 11 1 0 0 1 2 70 1 1
1 20.25 9.96 2 10 2 0 1 0 0 0 2 0 1 1
0 57.08 19.5 2 8 4 5.5 1 1 7 0 2 0 3001 1
1 23.58 0.83 2 3 8 0.085 0 0 0 1 2 220 6 0
1 31.92 4.46 2 13 8 6.04 1 1 3 0 2 311 301 1
1 39.92 6.21 2 11 4 0.04 1 1 1 0 2 200 301 1
1 40 6.5 2 6 5 3.5 1 1 1 0 2 0 501 1
0 56.83 4.25 1 1 1 5 0 0 0 1 2 0 5 0
0 21.67 11.5 1 5 3 0 1 1 11 1 2 0 1 1
1 34 5.08 1 3 5 1.085 0 0 0 1 2 480 1 0
1 18.32 1.21 1 10 2 0 0 0 0 0 2 100 1 0
1 39.58 5 2 1 1 0 0 1 2 0 2 17 2 0
1 30.17 6.5 2 13 4 3.125 1 1 8 0 2 330 1201 1
1 27 1.5 1 9 4 0.375 1 0 0 1 2 260 1066 1
1 22.17 2.25 2 3 4 0.125 0 0 0 0 2 160 11 0
0 22.92 11.58 2 13 4 0.04 1 0 0 0 2 80 1350 1
1 39.08 6 2 7 4 1.29 1 1 5 1 2 108 1098 1
1 32.67 9 1 9 8 5.25 1 0 0 1 2 154 1 1
0 25.08 2.54 1 6 4 0.25 1 0 0 1 2 370 1 1
1 41.75 0.96 2 14 4 2.5 1 0 0 0 2 510 601 1
1 35.25 3.16 2 14 8 3.75 1 0 0 1 2 680 1 0
0 21.5 6 2 6 4 2.5 1 1 3 0 2 80 919 1
1 27.75 0.58 1 13 4 0.25 1 1 2 0 2 260 501 1
1 31.67 16.16 2 2 4 3 1 1 9 0 2 250 731 1
1 31.57 10.5 2 14 4 6.5 1 0 0 0 2 0 1 1
1 22.92 3.16 1 8 4 0.165 0 0 0 0 2 160 1059 0
1 17.07 3.29 2 3 4 0.335 0 0 0 1 2 140 3 0
1 27.83 4 1 3 8 5.75 1 1 2 1 2 75 1 0
0 28.08 15 1 10 9 0 1 0 0 0 2 0 13213 1
0 19.5 0.16 2 11 4 0.04 0 0 0 1 2 380 1 0
1 34.17 1.54 2 13 4 1.54 1 1 1 1 2 520 50001 1
1 31.57 0.04 1 2 4 4.25 0 0 0 1 2 460 1 0
1 33.67 1.25 2 9 4 1.165 0 0 0 0 2 120 1 0
0 38.25 6 2 4 4 1 1 0 0 1 2 0 1 1
0 16 0.16 2 6 4 1 0 1 2 1 2 320 2 0
1 19.17 4 1 3 4 1 0 0 0 1 2 360 1001 0
1 38.58 3.33 2 9 4 4 1 1 14 0 2 383 1345 1
1 22.5 11.5 1 7 4 1.5 0 0 0 1 2 0 4001 0
0 22.67 0.75 2 8 4 2 0 1 2 1 2 200 395 0
1 48.75 8.5 2 8 8 12.5 1 1 9 0 2 181 1656 1
0 26.92 13.5 2 11 8 5 1 1 2 0 2 0 5001 1
1 35.25 16.5 1 8 4 4 1 0 0 0 2 80 1 0
1 21.67 1.16 1 4 4 2.5 1 1 1 0 2 180 21 0
0 18.92 9.25 1 8 4 1 1 1 4 1 2 80 501 1
0 20.07 0.12 2 11 4 1 0 1 1 0 2 240 769 1
1 63.33 0.54 2 8 4 0.585 1 1 3 1 2 180 1 0

