0 40.33 7.54 1 11 8 8 1 1 14 0 2 0 2301 1
1 19.32 9.5 2 11 4 1 1 0 0 1 2 60 401 1
1 36.42 0.75 1 2 4 0.585 0 0 0 0 2 240 4 0
1 17.42 6.5 2 3 4 0.125 0 0 0 0 2 60 101 0
1 44.33 0.5 2 3 8 5 1 0 0 1 2 320 1 1
0 25.42 1.12 2 11 4 1.29 1 1 2 0 2 200 1 0
1 48.33 12 2 7 4 16 1 0 0 0 1 110 1 1
1 20.75 5.08 1 5 4 0.29 0 0 0 0 2 140 185 0
1 34.08 2.5 2 8 4 1 0 0 0 0 2 460 17 0
1 32 1.75 1 10 8 0.04 1 0 0 1 2 393 1 1
1 17.5 22 3 1 7 0 0 0 0 1 3 450 100001 1
1 23 0.75 2 7 4 0.5 1 0 0 1 1 320 1 0
1 62.5 12.75 1 8 8 5 1 0 0 0 2 112 1 0
1 26.83 0.54 2 4 1 0 0 0 0 0 2 100 1 0
1 23.42 0.58 2 8 8 0.085 1 0 0 0 2 180 1 0
1 69.17 9 2 1 1 4 0 1 1 0 2 70 7 0
0 49 1.5 2 5 3 0 1 0 0 1 2 100 28 0
1 23.92 1.5 2 2 8 1.875 1 1 6 0 2 200 328 1
1 38.42 0.7 2 8 4 0.375 0 1 2 0 2 225 501 0
0 19.17 0.58 1 6 4 0.585 1 0 0 1 2 160 1 0
0 22.83 2.29 2 11 8 2.29 1 1 7 1 2 140 2385 1
1 39.33 5.87 2 13 8 10 1 1 14 1 2 399 1 1
1 59.5 2.75 2 9 4 1.75 1 1 5 1 2 60 59 1
1 23.92 0.58 1 13 8 0.125 0 0 0 0 2 240 2 0
1 28.67 9.33 2 11 8 5.665 1 1 6 0 2 381 169 1
1 39.83 0.5 2 7 4 0.25 1 0 0 0 1 288 1 0
1 26.33 13 2 10 2 0 0 0 0 1 2 140 1111 0
0 20.07 1.25 2 8 4 0 0 0 0 0 2 0 1 0
1 40.25 21.5 2 10 9 20 1 1 11 0 2 0 1201 1
0 36.58 0.28 2 1 1 0 0 1 10 0 2 200 19 0
1 40.58 5 2 8 4 5 1 1 7 0 2 0 3066 1
0 17.57 9 2 6 4 1.375 1 0 0 1 2 0 1 1
0 16.92 0.5 2 3 4 0.165 0 1 6 1 2 240 36 0
1 27 0.75 2 8 8 4.25 1 1 3 1 2 312 151 1
0 32.17 1.46 2 9 4 1.085 1 1 16 0 2 120 2080 1
1 34.75 2.5 2 13 5 0.5 0 0 0 0 2 348 1 0
1 23.08 11.5 2 3 4 3.5 1 1 9 0 2 56 743 1
1 56.42 28 1 8 4 28.5 1 1 40 0 2 0 16 1
1 20.67 0.41 2 8 4 0.125 0 0 0 0 2 0 45 0
1 22.67 2.54 1 8 8 2.585 1 0 0 0 2 0 1 1
1 50.75 0.58 2 1 1 0 0 0 0 0 2 145 1 0
1 27.83 1.5 2 9 4 2.25 0 1 1 1 2 100 4 0
1 26.67 2.71 1 13 4 5.25 1 1 1 0 2 211 1 1
1 27.58 2.04 1 6 4 2 1 1 3 1 2 370 561 1
0 24.08 0.5 2 11 8 1.25 1 1 1 0 2 0 679 1
1 29.42 1.25 2 9 4 1.75 0 0 0 0 2 200 1 0
1 22.17 0.58 1 1 1 0 0 0 0 0 2 100 1 0
0 58.42 21 2 3 5 10 1 1 13 0 2 0 6701 1
1 27.83 4 1 3 8 5.75 1 1 2 1 2 75 1 0
1 34.08 6.5 2 6 4 0.125 1 0 0 1 2 443 1 0
1 48.25 25.08 2 9 4 1.75 1 1 3 0 2 120 15 1
1 24.42 12.33 2 11 8 1.585 1 0 0 1 2 120 1 1
1 76.75 22.29 2 10 9 12.75 1 1 1 1 2 0 110 1
1 21.08 10.08 1 10 8 1.25 0 0 0 0 2 260 1 0
1 26.75 1.12 2 14 8 1.25 1 0 0 0 2 0 5299 1

