1 56.58 18.5 2 2 5 15 1 1 17 1 2 0 1 1
1 80.25 5.5 2 8 4 0.54 1 0 0 0 2 0 341 0
0 19.67 0.21 2 11 8 0.29 1 1 11 0 2 80 100 1
0 18.92 9 2 6 4 0.75 1 1 2 0 2 88 592 1
0 22.5 8.5 2 11 4 1.75 1 1 10 0 2 80 991 0
1 32.25 14 1 1 1 0 0 1 2 0 2 160 2 0
1 16.92 0.33 1 4 4 0.29 0 0 0 0 1 200 1 0
0 64.08 0.16 2 1 1 0 1 1 1 0 2 232 101 1
1 22.25 9 2 6 4 0.085 0 0 0 0 2 0 1 0
0 49.83 13.58 2 4 8 8.5 1 0 0 1 2 0 1 1
1 39.5 1.62 2 8 4 1.5 0 0 0 0 2 0 317 0
1 32.92 2.5 2 6 4 1.75 0 1 2 1 2 720 1 0
1 31.58 0.75 1 6 4 3.5 0 0 0 1 2 320 1 0
1 20.42 0 2 8 4 0 0 0 0 0 3 184 1 0
1 40.58 1.5 2 3 5 0 0 0 0 0 1 300 1 0
0 22.83 2.29 2 11 8 2.29 1 1 7 1 2 140 2385 1
1 21.5 11.5 2 3 4 0.5 1 0 0 1 2 100 69 0
0 26.58 2.54 1 1 1 0 0 0 0 1 2 180 61 0
1 48.5 4.25 2 7 4 0.125 1 0 0 1 2 225 1 1
0 30.5 6.5 2 8 5 4 1 1 7 1 2 0 3066 1
0 22.67 3.8 2 8 4 0.165 0 0 0 0 2 160 1 0
1 63.33 0.54 2 8 4 0.585 1 1 3 1 2 180 1 0
1 20.5 2.41 2 8 4 2 1 1 11 1 2 200 3001 1
1 24.5 13.33 1 6 4 0.04 0 0 0 1 2 120 476 0
0 30 5.29 2 10 2 2.25 1 1 5 1 2 99 501 1
1 64.08 20 2 14 8 17.5 1 1 9 1 2 0 1001 1
0 28.67 1.04 2 8 4 2.5 1 1 5 1 2 300 1431 1
1 37.5 0.83 2 10 4 0.04 0 0 0 0 2 120 6 0
1 22.08 0.83 2 8 8 2.165 0 0 0 1 2 128 1 1
0 60.58 16.5 2 11 4 11 1 0 0 1 2 21 10562 1
0 20.83 8.5 2 8 4 0.165 0 0 0 0 2 0 352 0
0 44.33 0 2 8 4 2.5 1 0 0 0 2 0 1 1
1 41.75 0.96 2 14 4 2.5 1 0 0 0 2 510 601 1
1 16.07 0.75 2 8 4 1.75 1 1 5 1 2 352 691 1
0 23 1.83 2 5 3 0 0 1 1 0 2 200 54 0
1.234 22.08 11.46 2 4 4 1.585 0 0 0 1 2 100 1213 0
1 23.42 1 2 8 4 0.5 0 0 0 1 1 280 1 0
0 24.5 1.75 1 8 4 0.165 0 0 0 0 2 132 1 0
1 25.67 3.25 2 8 8 2.29 0 1 1 1 2 416 22 0
1 21.67 1.16 1 4 4 2.5 1 1 1 0 2 180 21 0
1 49.5 7.58 2 3 5 7.585 1 1 15 1 2 0 5001 1
1 34 4.5 2 6 4 1 1 0 0 1 2 240 1 0
1 21.83 11 2 14 4 0.29 1 1 6 0 2 121 1 1
1 36.33 3.79 2 9 4 1.165 1 0 0 1 2 200 1 0
1 19.42 6.5 2 9 8 1.46 1 1 7 0 2 80 2955 1
1 37.5 1.12 1 2 4 1.5 0 0 0 1 2 431 1 1
1 22.67 0.75 2 3 4 1.585 0 1 1 1 2 400 10 0
1 29.67 0.75 1 8 4 0.04 0 0 0 0 2 240 1 0
1 28 3 2 9 4 0.75 0 0 0 1 2 300 68 0
0 18.25 10 2 9 4 1 0 1 1 0 2 120 2 0
1 33.67 1.25 2 9 4 1.165 0 0 0 0 2 120 1 0
1 29.83 1.25 1 4 4 0.25 0 0 0 0 2 224 1 0
1 22.75 11 2 11 4 2.5 1 1 7 1 2 100 810 1
1 42.08 1.04 2 9 4 5 1 1 6 1 2 500 10001 1
1 27.25 0.62 2 6 4 0.455 1 0 0 1 2 200 1 0

