1 33.58 0.33 1 13 4 0.085 0 0 0 0 2 180 1 0
1 29.5 0.57 2 9 4 0.29 0 1 1 0 2 340 2804 0
1 23 0.75 2 7 4 0.5 1 0 0 1 1 320 1 0
1 28 3 2 9 4 0.75 0 0 0 1 2 300 68 0
1 52.33 1.37 1 8 8 9.46 1 0 0 1 2 200 101 0
1 20.17 8.17 2 6 4 1.96 1 1 14 0 2 60 159 1
0 31.25 3.75 2 13 8 0.625 1 1 9 1 2 181 1 1
0 31.75 3 1 5 3 0 0 0 0 0 2 160 21 0
0 18.17 10 1 11 8 0.165 0 0 0 0 2 340 1 0
1 31.57 5 1 6 4 8.5 1 0 0 0 2 0 1 0
0 38.92 1.66 2 6 4 0.25 0 0 0 0 2 0 391 0
1 22.67 1.58 1 9 4 3.085 1 1 6 0 2 80 1 1
0 47.75 8 2 8 4 7.875 1 1 6 1 2 0 1261 1
1 20.67 1.25 1 8 8 1.375 1 1 3 1 2 140 211 0
0 24.5 1.75 1 8 4 0.165 0 0 0 0 2 132 1 0
1 35.58 0.75 2 4 4 1.5 0 0 0 1 2 231 1 0
1 42 9.78 2 14 8 7.96 1 1 8 0 2 0 1 1
1 49.5 7.58 2 3 5 7.585 1 1 15 1 2 0 5001 1
1 26.92 2.25 2 3 5 0.5 0 0 0 1 2 640 4001 0
1 18.5 2 2 3 4 1.5 1 1 2 0 2 120 301 1
1 53.92 9.62 2 10 4 8.665 1 1 5 0 2 0 1 1
0 31.57 1.5 2 1 1 0 0 1 2 1 2 200 106 0
1 20.75 5.08 1 5 4 0.29 0 0 0 0 2 140 185 0
1 20 0 2 2 4 0.5 0 0 0 0 2 144 1 0
0 15.83 7.62 2 11 4 0.125 0 1 1 1 2 0 161 0
0 20.42 10.5 1 14 8 0 0 0 0 1 2 154 33 0
1 21.25 1.5 2 9 4 1.5 0 0 0 0 2 150 9 1
0 33.67 0.37 2 13 4 0.375 0 0 0 0 2 300 45 1
1 22.25 9 2 6 4 0.085 0 0 0 0 2 0 1 0
0 27.17 1.25 2 1 1 0 0 1 1 0 2 92 301 0
1 18.57 10.29 2 1 1 0.415 0 0 0 0 2 80 1 0
1 32.67 9 1 9 8 5.25 1 0 0 1 2 154 1 1
1 34.75 15 2 12 7 5.375 1 1 9 1 2 0 135 1
1 20.67 5.29 2 11 4 0.375 1 1 1 0 2 160 1 0
1 29.92 1.83 2 8 8 4.335 1 0 0 0 2 260 201 1
1 23.17 11.12 2 14 8 0.46 1 1 1 0 2 100 1 1
1 23 0.62 1 6 4 0.125 1 0 0 0 2 180 2 0
1 22.67 10.5 2 11 8 1.335 1 0 0 0 2 100 1 1
0 25 0.87 2 14 8 1.04 1 0 0 1 2 160 5861 1
1 42.83 1.25 2 7 4 13.875 0 1 1 1 2 352 113 0
0 21.08 5 1 1 1 0 0 0 0 0 2 0 1 0
0 30 5.29 2 10 2 2.25 1 1 5 1 2 99 501 1
0 24.5 1.04 1 1 1 0.5 1 1 3 0 2 180 148 0
1 63.33 0.54 2 8 4 0.585 1 1 3 1 2 180 1 0
1 43.25 3 2 11 8 6 1 1 11 0 2 80 1 1
1 21 3 1 2 4 1.085 1 1 8 1 2 160 2 1
0 24.75 3 2 11 8 1.835 1 1 19 0 2 0 501 1
0 46 4 2 5 3 0 1 0 0 0 2 100 961 1
0 33.08 1.62 2 2 4 0.54 0 0 0 1 2 0 1 0
0 29.5 1.08 1 14 4 1 0 0 0 0 2 280 14 0
1 27.83 1.54 2 9 4 3.75 1 1 5 1 2 100 4 1
1 23.5 2.75 2 1 1 4.5 0 0 0 0 2 160 26 0
0 53.33 0.16 2 1 1 0 0 0 0 1 1 62 28 0
1 80.25 5.5 2 8 4 0.54 1 0 0 0 2 0 341 0
1 29.42 1.25 2 8 8 0.25 0 1 2 1 2 400 109 0

