1 29.17 3.5 2 9 4 3.5 1 1 3 1 2 329 1 0
1 74.83 19 1 1 1 0.04 0 1 2 0 2 0 352 0
1 18.17 2.46 2 8 7 0.96 0 1 2 1 2 160 588 0
0 25.58 0 2 8 4 0 0 0 0 0 3 184 1 1
1 20.17 8.17 2 6 4 1.96 1 1 14 0 2 60 159 1
0 36.58 0.28 2 1 1 0 0 1 10 0 2 200 19 0
1 22.17 2.25 2 3 4 0.125 0 0 0 0 2 160 11 0
1 18.17 10.25 2 8 8 1.085 0 0 0 0 2 320 14 0
1 21.17 0.87 1 8 8 0.25 0 0 0 0 2 280 205 0
0 20.42 0.83 2 11 4 1.585 1 1 1 0 2 0 1 1
1 56.42 28 1 8 4 28.5 1 1 40 0 2 0 16 1
1 32.67 5.5 2 11 8 5.5 1 1 12 1 2 408 1001 1
1 21.17 0.25 1 8 8 0.25 0 0 0 0 2 280 205 0
1 23.58 0.46 1 9 4 2.625 1 1 6 1 2 208 348 0
1 34.08 2.5 2 8 4 1 0 0 0 0 2 460 17 0
1 19.17 4 1 3 4 1 0 0 0 1 2 360 1001 0
1 25.83 12.83 2 13 4 0.5 0 0 0 0 2 0 3 0
1 23.08 0 2 4 4 1 0 1 11 0 1 0 1 0
1 18.82 0 2 11 4 0.665 0 0 0 0 2 160 2 0
0 23.58 11.5 1 4 8 3 0 0 0 1 2 20 17 0
1 25.67 12.5 2 13 4 1.21 1 1 67 1 2 140 259 1
1 22.92 0.17 2 7 4 0.085 0 0 0 0 1 0 1 0
1 48.75 8.5 2 8 8 12.5 1 1 9 0 2 181 1656 1
0 36 1 2 8 4 2 1 1 11 0 2 0 457 1
1 40.92 0.83 2 1 1 0 1 0 0 0 2 130 2 0
0 18.92 9 2 6 4 0.75 1 1 2 0 2 88 592 1
1 80.25 5.5 2 8 4 0.54 1 0 0 0 2 0 341 0
1 34.17 2.75 2 3 5 2.5 0 0 0 1 2 232 201 0
1 52.42 1.5 2 2 4 3.75 0 0 0 1 2 0 351 0
0 22.75 6.16 2 6 4 0.165 0 0 0 0 2 220 1001 0
0 28.67 1.04 2 8 4 2.5 1 1 5 1 2 300 1431 1
1 36.08 2.54 2 1 1 0 0 0 0 0 2 0 1001 0
1 39.83 0.5 2 7 4 0.25 1 0 0 0 1 288 1 0
0 41 2.04 1 11 8 0.125 1 1 23 1 2 455 1237 1
1 35.25 3.16 2 14 8 3.75 1 0 0 1 2 680 1 0
1 26.67 4.25 2 13 4 4.29 1 1 1 1 2 120 1 1
0 57.58 2 2 1 1 6.5 0 1 1 0 2 0 11 0
0 30.58 10.66 2 11 8 0.085 0 1 12 1 2 129 4 0
0 37.75 5.5 2 11 4 0.125 1 0 0 1 2 228 1 1
1 17.57 10 2 9 8 0.165 0 1 1 0 2 120 2 0
1 21.83 0.25 2 2 8 0.665 1 0 0 1 2 0 1 1
0 22.67 0.79 2 3 4 0.085 0 0 0 0 2 144 1 0
1 51.83 3 1 1 1 1.5 0 0 0 0 2 180 5 0
0 27.25 0.28 2 7 8 0.125 0 1 1 1 2 272 109 0
1 30.08 1.04 1 3 5 0.5 1 1 10 1 2 132 29 0
1 23.08 2.5 2 8 4 1.085 1 1 11 1 2 60 2185 1
1 51.42 0.04 2 14 8 0.04 1 0 0 0 2 0 3001 1
1 49.5 7.58 2 3 5 7.585 1 1 15 1 2 0 5001 1
1 35.75 2.41 2 9 4 0.125 0 1 2 0 2 220 2 0
0 69.5 6 2 1 1 0 0 0 0 0 1 0 1 0
1 42.83 4.62 2 11 4 4.58 1 0 0 0 1 0 1 1
0 20.75 10.25 2 11 4 0.71 1 1 2 1 2 49 1 1
1 23.5 3.16 1 4 4 0.415 0 1 1 1 2 280 81 0
1 39.17 2.5 1 3 8 10 0 0 0 1 1 200 1 0
1 26.33 13 2 10 2 0 0 0 0 1 2 140 1111 0

