0 47.25 0.75 2 11 8 2.75 1 1 1 0 2 333 893 1
0 57.58 2 2 1 1 6.5 0 1 1 0 2 0 11 0
0 21.08 5 1 1 1 0 0 0 0 0 2 0 1 0
0 17.67 0 1 5 1 0 0 0 0 0 2 86 1 0
1 31.08 3.08 2 8 4 2.5 0 1 2 1 2 160 42 0
0 57.08 0.33 2 3 5 1 1 0 0 1 2 252 2198 0
0 35.75 0.91 2 6 4 0.75 1 1 4 0 2 0 1584 1
1 31.57 0.62 2 4 4 0.25 0 0 0 0 2 380 2011 0
1 18.07 6.75 1 7 4 0.04 0 0 0 0 2 140 1 0
1 20.42 1.83 2 8 4 2.25 1 1 1 0 2 100 151 1
1 19.67 10 1 4 8 0.835 1 0 0 1 2 140 1 0
0 29.5 0.46 2 4 4 0.54 1 1 4 0 2 380 501 1
0 15.75 0.37 2 8 4 1 0 0 0 0 2 120 19 0
1 34 5.5 1 8 4 1.5 0 0 0 1 2 60 1 0
0 27.58 3 2 7 4 2.79 0 1 1 1 2 280 11 0
1 28.58 3.62 2 6 4 0.25 0 0 0 1 2 100 1 0
0 29.58 1.75 1 4 4 1.25 0 0 0 1 2 280 1 0
1 22.17 0.58 1 1 1 0 0 0 0 0 2 100 1 0
1 34.08 6.5 2 6 4 0.125 1 0 0 1 2 443 1 0
0 47 13 2 3 5 5.165 1 1 9 1 2 0 1 1
1 23.92 1.5 2 2 8 1.875 1 1 6 0 2 200 328 1
1 24.33 6.62 1 2 4 5.5 1 0 0 1 1 100 1 1
1 49.5 7.58 2 3 5 7.585 1 1 15 1 2 0 5001 1
1 22.75 11 2 11 4 2.5 1 1 7 1 2 100 810 1
1 27.83 1 1 2 8 3 0 0 0 0 2 176 538 0
0 17.57 9 2 6 4 1.375 1 0 0 1 2 0 1 1
0 28.58 3.54 2 3 5 0.5 1 0 0 1 2 171 1 0
0 20.83 3 2 6 4 0.04 1 0 0 0 2 100 1 1
0 20.75 10.25 2 11 4 0.71 1 1 2 1 2 49 1 1
1 31.08 1.5 1 9 4 0.04 0 0 0 0 1 160 1 0
1 31.33 19.5 2 8 4 7 1 1 16 0 2 0 5001 1
1 34.92 2.5 2 9 4 0 1 0 0 1 2 239 201 1
0 52.83 15 2 8 4 5.5 1 1 14 0 2 0 2201 1
0 31.75 3 1 5 3 0 0 0 0 0 2 160 21 0
1 19.32 10.91 2 8 5 0.585 0 1 2 1 2 200 8 0
1 24.75 0.54 2 7 4 1 0 0 0 1 2 120 2 0
1 21.25 1.5 2 9 4 1.5 0 0 0 0 2 150 9 1
1 34.17 9.17 2 8 4 4.5 1 1 12 1 2 0 222 1
1 26.67 1.75 1 8 4 1 1 1 5 1 2 160 5778 1
0 65.17 14 2 1 1 0 1 1 11 1 2 0 1401 1
1 41 0.04 2 10 4 0.04 0 1 1 0 1 560 1 1
0 17.82 11 2 14 8 1 1 1 11 0 2 0 3001 1
1 20 7 2 8 4 0.5 0 0 0 0 2 0 1 0
0 25.42 1.12 2 11 4 1.29 1 1 2 0 2 200 1 0
0 27.17 1.25 2 1 1 0 0 1 1 0 2 92 301 0
0 20.75 9.53 2 3 4 0.04 0 0 0 0 2 200 1001 0
1 20 11.04 2 8 4 2 0 0 0 1 2 136 1 0
0 16 0.16 2 6 4 1 0 1 2 1 2 320 2 0
1 18.82 0 2 11 4 0.665 0 0 0 0 2 160 2 0
1 30.58 2.71 1 7 4 0.125 0 0 0 1 1 80 1 0
0 37.75 5.5 2 11 4 0.125 1 0 0 1 2 228 1 1
1 31.57 4 1 3 4 0.085 0 0 0 1 2 411 1 0
0 55.75 7.08 2 4 8 6.75 1 1 3 1 2 100 51 0
1 18.32 1.21 1 10 2 0 0 0 0 0 2 100 1 0
1 17.92 0.2 2 6 4 0.04 0 0 0 0 2 280 751 0

